Seconds,ChildArea,Child Observation Distance,Robot bounds proximity
1623585528.46252823,0,0.00000000,0.00000000
1623585528.56244373,0,0.00000000,0.00000000
1623585528.66249299,0,0.00000000,0.00000000
1623585528.76248837,0,0.00000000,0.00000000
1623585528.86248350,0,0.00000000,0.00000000
1623585528.96249080,0,0.00000000,0.00000000
1623585529.06244278,0,0.00000000,0.00000000
1623585529.16241288,0,0.00000000,0.00000000
1623585529.26243281,0,0.00000000,0.00000000
1623585529.36248636,0,0.00000000,0.00000000
1623585529.46244526,0,0.00000000,0.00000000
1623585529.56249309,0,0.00000000,0.00000000
1623585529.66250610,0,0.00000000,0.00000000
1623585529.76249862,0,0.00000000,0.00000000
1623585529.86248779,0,0.00000000,0.00000000
1623585529.96251297,0,0.00000000,0.00000000
1623585530.06246972,0,0.00000000,0.00000000
1623585530.16249847,0,0.00000000,0.00000000
1623585530.26243520,0,0.00000000,0.00000000
1623585530.36244297,0,0.00000000,0.00000000
1623585530.46243668,0,0.00000000,0.00000000
1623585530.56243205,0,0.00000000,0.00000000
1623585530.66249204,0,0.00000000,0.00000000
1623585530.76249361,0,0.00000000,0.00000000
1623585530.86249638,0,0.00000000,0.00000000
1623585530.96249580,0,0.00000000,0.00000000
1623585530.96272826,2,0.00000000,0.00000000
1623585531.06245160,2,0.00000000,0.00000000
1623585531.06267691,2,0.00000000,0.00000000
1623585531.16248608,2,0.00000000,0.00000000
1623585531.16278315,2,0.00000000,0.00000000
1623585531.26249027,2,0.00000000,0.00000000
1623585531.26272011,2,0.00000000,0.00000000
1623585531.36246824,2,0.00000000,0.00000000
1623585531.36285210,2,0.00000000,0.00000000
1623585531.46249652,2,0.00000000,0.00000000
1623585531.46272039,2,0.00000000,0.00000000
1623585531.56249619,2,0.00000000,0.00000000
1623585531.56272149,2,0.00000000,0.00000000
1623585531.66250396,2,0.00000000,0.00000000
1623585531.66280293,2,0.00000000,0.00000000
1623585531.76249504,2,0.00000000,0.00000000
1623585531.76279926,2,0.00000000,0.00000000
1623585531.86249065,2,0.00000000,0.00000000
1623585531.86272478,2,0.00000000,0.00000000
1623585531.96248651,2,0.00000000,0.00000000
1623585531.96272349,2,0.00000000,0.00000000
1623585532.06270266,2,0.00000000,0.00000000
1623585532.06297135,2,0.00000000,0.00000000
1623585532.16248846,2,0.00000000,0.00000000
1623585532.16281843,2,0.00000000,0.00000000
1623585532.26249814,2,0.00000000,0.00000000
1623585532.26279330,2,0.00000000,0.00000000
1623585532.36249185,2,0.00000000,0.00000000
1623585532.36283088,2,0.00000000,0.00000000
1623585532.46241021,2,0.00000000,0.00000000
1623585532.46248817,2,0.00000000,0.00000000
1623585532.56243300,2,0.00000000,0.00000000
1623585532.56251240,2,0.00000000,0.00000000
1623585532.66243219,2,0.00000000,0.00000000
1623585532.66250205,2,0.00000000,0.00000000
1623585532.76248360,2,0.00000000,0.00000000
1623585532.76272535,2,0.00000000,0.00000000
1623585532.86246824,2,0.00000000,0.00000000
1623585532.86256051,2,0.00000000,0.00000000
1623585532.96246195,2,0.00000000,0.00000000
1623585532.96263099,2,0.00000000,0.00000000
1623585533.06249428,2,0.00000000,0.00000000
1623585533.06283140,2,0.00000000,0.00000000
1623585533.16250110,2,0.00000000,0.00000000
1623585533.16274834,2,0.00000000,0.00000000
1623585533.26249218,2,0.00000000,0.00000000
1623585533.26288009,2,0.00000000,0.00000000
1623585533.36242914,2,0.00000000,0.00000000
1623585533.36259389,2,0.00000000,0.00000000
1623585533.46241355,2,0.00000000,0.00000000
1623585533.46251869,2,0.00000000,0.00000000
1623585533.56243920,2,0.00000000,0.00000000
1623585533.56271100,2,0.00000000,0.00000000
1623585533.66243339,2,0.00000000,0.00000000
1623585533.66259408,2,0.00000000,0.00000000
1623585533.76246166,2,0.00000000,0.00000000
1623585533.76278543,2,0.00000000,0.00000000
1623585533.86249256,2,0.00000000,0.00000000
1623585533.86293221,2,0.00000000,0.00000000
1623585533.96248984,2,0.00000000,0.00000000
1623585533.96285868,2,0.00000000,0.00000000
1623585534.06246281,2,0.00000000,0.00000000
1623585534.06285214,2,0.00000000,0.00000000
1623585534.16245794,2,0.00000000,0.00000000
1623585534.16260004,2,0.00000000,0.00000000
1623585534.26243925,2,0.00000000,0.00000000
1623585534.26257133,2,0.00000000,0.00000000
1623585534.36245513,2,0.00000000,0.00000000
1623585534.36284280,2,0.00000000,0.00000000
1623585534.46245599,2,0.00000000,0.00000000
1623585534.46278334,2,0.00000000,0.00000000
1623585534.56245780,2,0.00000000,0.00000000
1623585534.56281972,2,0.00000000,0.00000000
1623585534.66243362,2,0.00000000,0.00000000
1623585534.66250443,2,0.00000000,0.00000000
1623585534.76240206,2,0.00000000,0.00000000
1623585534.76249266,2,0.00000000,0.00000000
1623585534.86240315,2,0.00000000,0.00000000
1623585534.86247468,2,0.00000000,0.00000000
1623585534.96245909,2,0.00000000,0.00000000
1623585534.96281862,2,0.00000000,0.00000000
1623585535.06245351,2,0.00000000,0.00000000
1623585535.06282139,2,0.00000000,0.00000000
1623585535.16246057,2,0.00000000,0.00000000
1623585535.16280723,2,0.00000000,0.00000000
1623585535.26249957,2,0.00000000,0.00000000
1623585535.26281762,2,0.00000000,0.00000000
1623585535.36245871,2,0.00000000,0.00000000
1623585535.36276603,2,0.00000000,0.00000000
1623585535.46248055,2,0.00000000,0.00000000
1623585535.46276259,2,0.00000000,0.00000000
1623585535.56248450,2,0.00000000,0.00000000
1623585535.56272554,2,0.00000000,0.00000000
1623585535.66247773,2,0.00000000,0.00000000
1623585535.66272068,2,0.00000000,0.00000000
1623585535.76246142,2,0.00000000,0.00000000
1623585535.76277637,2,0.00000000,0.00000000
1623585535.86248469,2,0.00000000,0.00000000
1623585535.86277127,2,0.00000000,0.00000000
1623585535.96245527,2,0.00000000,0.00000000
1623585535.96279263,2,0.00000000,0.00000000
1623585536.06248450,2,0.00000000,0.00000000
1623585536.06274390,2,0.00000000,0.00000000
1623585536.16244888,2,0.00000000,0.00000000
1623585536.16258955,2,0.00000000,0.00000000
1623585536.26248431,2,0.00000000,0.00000000
1623585536.26278090,2,0.00000000,0.00000000
1623585536.36245036,2,0.00000000,0.00000000
1623585536.36261320,2,0.00000000,0.00000000
1623585536.46247959,2,0.00000000,0.00000000
1623585536.46278715,2,0.00000000,0.00000000
1623585536.56245255,2,0.00000000,0.00000000
1623585536.56266713,2,0.00000000,0.00000000
1623585536.66248798,2,0.00000000,0.00000000
1623585536.66278744,2,0.00000000,0.00000000
1623585536.76245618,2,0.00000000,0.00000000
1623585536.76277876,2,0.00000000,0.00000000
1623585536.86245799,2,0.00000000,0.00000000
1623585536.86263657,2,0.00000000,0.00000000
1623585536.96240211,2,0.00000000,0.00000000
1623585536.96246362,2,0.00000000,0.00000000
1623585537.06248283,2,0.00000000,0.00000000
1623585537.06275272,2,0.00000000,0.00000000
1623585537.16248202,2,0.00000000,0.00000000
1623585537.16271949,2,0.00000000,0.00000000
1623585537.26247787,2,0.00000000,0.00000000
1623585537.26271343,2,0.00000000,0.00000000
1623585537.36244774,2,0.00000000,0.00000000
1623585537.36272693,2,0.00000000,0.00000000
1623585537.46248055,2,0.00000000,0.00000000
1623585537.46271300,2,0.00000000,0.00000000
1623585537.56246257,2,0.00000000,0.00000000
1623585537.56278086,2,0.00000000,0.00000000
1623585537.66241431,2,0.00000000,0.00000000
1623585537.66250944,2,0.00000000,0.00000000
1623585537.76241541,2,0.00000000,0.00000000
1623585537.76255488,2,0.00000000,0.00000000
1623585537.86244273,2,0.00000000,0.00000000
1623585537.86276150,2,0.00000000,0.00000000
1623585537.96246290,2,0.00000000,0.00000000
1623585537.96263027,2,0.00000000,0.00000000
1623585538.06243348,2,0.00000000,0.00000000
1623585538.06267476,2,0.00000000,0.00000000
1623585538.16244102,2,0.00000000,0.00000000
1623585538.16250777,2,0.00000000,0.00000000
1623585538.26244092,2,0.00000000,0.00000000
1623585538.36249161,2,0.00000000,0.00000000
1623585538.36271477,2,0.00000000,0.00000000
1623585538.46247077,2,0.00000000,0.00000000
1623585538.46276331,2,0.00000000,0.00000000
1623585538.56247091,2,0.00000000,0.00000000
1623585538.56278014,2,0.00000000,0.00000000
1623585538.66244745,2,0.00000000,0.00000000
1623585538.66268682,2,0.00000000,0.00000000
1623585538.76249361,2,0.00000000,0.00000000
1623585538.76273084,2,0.00000000,0.00000000
1623585538.86250162,2,0.00000000,0.00000000
1623585538.86273718,2,0.00000000,0.00000000
1623585538.96248889,2,0.00000000,0.00000000
1623585538.96277809,2,0.00000000,0.00000000
1623585539.06245065,2,0.00000000,0.00000000
1623585539.06278372,2,0.00000000,0.00000000
1623585539.16245031,2,0.00000000,0.00000000
1623585539.16274452,2,0.00000000,0.00000000
1623585539.26250243,2,0.00000000,0.00000000
1623585539.26275015,2,0.00000000,0.00000000
1623585539.36247301,2,0.00000000,0.00000000
1623585539.36284995,2,0.00000000,0.00000000
1623585539.46249175,2,0.00000000,0.00000000
1623585539.46279550,2,0.00000000,0.00000000
1623585539.56250763,2,0.00000000,0.00000000
1623585539.56288195,2,0.00000000,0.00000000
1623585539.66249776,2,0.00000000,0.00000000
1623585539.66279268,2,0.00000000,0.00000000
1623585539.76249051,2,0.00000000,0.00000000
1623585539.76272011,2,0.00000000,0.00000000
1623585539.86249256,2,0.00000000,0.00000000
1623585539.86282039,2,0.00000000,0.00000000
1623585539.96249485,2,0.00000000,0.00000000
1623585539.96276212,2,0.00000000,0.00000000
1623585540.06249666,2,0.00000000,0.00000000
1623585540.06276417,2,0.00000000,0.00000000
1623585540.16244531,2,0.00000000,0.00000000
1623585540.16270852,2,0.00000000,0.00000000
1623585540.26249146,2,0.00000000,0.00000000
1623585540.26284432,2,0.00000000,0.00000000
1623585540.36248732,2,0.00000000,0.00000000
1623585540.36271572,2,0.00000000,0.00000000
1623585540.46249461,2,0.00000000,0.00000000
1623585540.46272469,2,0.00000000,0.00000000
1623585540.56249237,2,0.00000000,0.00000000
1623585540.56281662,2,0.00000000,0.00000000
1623585540.66248727,2,0.00000000,0.00000000
1623585540.66271496,2,0.00000000,0.00000000
1623585540.76249623,2,0.00000000,0.00000000
1623585540.76272655,2,0.00000000,0.00000000
1623585540.86248660,2,0.00000000,0.00000000
1623585540.86270976,2,0.00000000,0.00000000
1623585540.96247339,2,0.00000000,0.00000000
1623585540.96269441,2,0.00000000,0.00000000
1623585541.06249022,2,0.00000000,0.00000000
1623585541.06276441,2,0.00000000,0.00000000
1623585541.16249990,2,0.00000000,0.00000000
1623585541.16272664,2,0.00000000,0.00000000
1623585541.26248884,2,0.00000000,0.00000000
1623585541.26271486,2,0.00000000,0.00000000
1623585541.36248684,2,0.00000000,0.00000000
1623585541.36271238,2,0.00000000,0.00000000
1623585541.46248794,2,0.00000000,0.00000000
1623585541.46271610,2,0.00000000,0.00000000
1623585541.56248665,2,0.00000000,0.00000000
1623585541.56271553,2,0.00000000,0.00000000
1623585541.66248584,2,0.00000000,0.00000000
1623585541.66271687,2,0.00000000,0.00000000
1623585541.76249480,2,0.00000000,0.00000000
1623585541.76272535,2,0.00000000,0.00000000
1623585541.86248922,2,0.00000000,0.00000000
1623585541.86274624,2,0.00000000,0.00000000
1623585541.96249294,2,0.00000000,0.00000000
1623585541.96272135,2,0.00000000,0.00000000
1623585542.06248593,2,0.00000000,0.00000000
1623585542.06271243,2,0.00000000,0.00000000
1623585542.16248703,2,0.00000000,0.00000000
1623585542.16271305,2,0.00000000,0.00000000
1623585542.26244330,2,0.00000000,0.00000000
1623585542.26266551,2,0.00000000,0.00000000
1623585542.36249280,2,0.00000000,0.00000000
1623585542.36271620,2,0.00000000,0.00000000
1623585542.46249104,2,0.00000000,0.00000000
1623585542.46271467,2,0.00000000,0.00000000
1623585542.56248474,2,0.00000000,0.00000000
1623585542.56270647,2,0.00000000,0.00000000
1623585542.66248488,2,0.00000000,0.00000000
1623585542.66270685,2,0.00000000,0.00000000
1623585542.76249433,2,0.00000000,0.00000000
1623585542.76272130,2,0.00000000,0.00000000
1623585542.86248612,2,0.00000000,0.00000000
1623585542.86270928,2,0.00000000,0.00000000
1623585542.96248436,2,0.00000000,0.00000000
1623585542.96270895,2,0.00000000,0.00000000
1623585543.06248879,2,0.00000000,0.00000000
1623585543.06281614,2,0.00000000,0.00000000
1623585543.16248631,2,0.00000000,0.00000000
1623585543.16271639,2,0.00000000,0.00000000
1623585543.26244354,2,0.00000000,0.00000000
1623585543.26265979,2,0.00000000,0.00000000
1623585543.36248732,2,0.00000000,0.00000000
1623585543.36271453,2,0.00000000,0.00000000
1623585543.46248507,2,0.00000000,0.00000000
1623585543.46270990,2,0.00000000,0.00000000
1623585543.56248569,2,0.00000000,0.00000000
1623585543.56275320,2,0.00000000,0.00000000
1623585543.66248536,2,0.00000000,0.00000000
1623585543.66271591,2,0.00000000,0.00000000
1623585543.76248550,2,0.00000000,0.00000000
1623585543.76270866,2,0.00000000,0.00000000
1623585543.86245608,2,0.00000000,0.00000000
1623585543.86256886,2,0.00000000,0.00000000
1623585543.96248746,2,0.00000000,0.00000000
1623585543.96271110,2,0.00000000,0.00000000
1623585544.06248689,2,0.00000000,0.00000000
1623585544.06271195,2,0.00000000,0.00000000
1623585544.16248631,2,0.00000000,0.00000000
1623585544.16272926,2,0.00000000,0.00000000
1623585544.26248765,2,0.00000000,0.00000000
1623585544.26280308,2,0.00000000,0.00000000
1623585544.36249185,2,0.00000000,0.00000000
1623585544.36282539,2,0.00000000,0.00000000
1623585544.46248937,2,0.00000000,0.00000000
1623585544.46271586,2,0.00000000,0.00000000
1623585544.56248522,2,0.00000000,0.00000000
1623585544.56273270,2,0.00000000,0.00000000
1623585544.66248560,2,0.00000000,0.00000000
1623585544.66270995,2,0.00000000,0.00000000
1623585544.76248598,2,0.00000000,0.00000000
1623585544.76271558,2,0.00000000,0.00000000
1623585544.86248565,2,0.00000000,0.00000000
1623585544.86271453,2,0.00000000,0.00000000
1623585544.96248555,2,0.00000000,0.00000000
1623585544.96271062,2,0.00000000,0.00000000
1623585545.06248665,2,0.00000000,0.00000000
1623585545.06271648,2,0.00000000,0.00000000
1623585545.16249561,2,0.00000000,0.00000000
1623585545.16272020,2,0.00000000,0.00000000
1623585545.26248550,2,0.00000000,0.00000000
1623585545.26275039,2,0.00000000,0.00000000
1623585545.36249065,2,0.00000000,0.00000000
1623585545.36277556,2,0.00000000,0.00000000
1623585545.46248651,2,0.00000000,0.00000000
1623585545.46276879,2,0.00000000,0.00000000
1623585545.56244874,2,0.00000000,0.00000000
1623585545.56268215,2,0.00000000,0.00000000
1623585545.66248584,2,0.00000000,0.00000000
1623585545.66270804,2,0.00000000,0.00000000
1623585545.76244760,2,0.00000000,0.00000000
1623585545.76271200,2,0.00000000,0.00000000
1623585545.86249447,2,0.00000000,0.00000000
1623585545.86279035,2,0.00000000,0.00000000
1623585545.96249318,2,0.00000000,0.00000000
1623585545.96279263,2,0.00000000,0.00000000
1623585546.06249571,2,0.00000000,0.00000000
1623585546.06272078,2,0.00000000,0.00000000
1623585546.16244817,2,0.00000000,0.00000000
1623585546.16267467,2,0.00000000,0.00000000
1623585546.26243114,2,0.00000000,0.00000000
1623585546.26254535,2,0.00000000,0.00000000
1623585546.36245751,2,0.00000000,0.00000000
1623585546.36277223,2,0.00000000,0.00000000
1623585546.46248603,2,0.00000000,0.00000000
1623585546.46273589,2,0.00000000,0.00000000
1623585546.56248665,2,0.00000000,0.00000000
1623585546.56271076,2,0.00000000,0.00000000
1623585546.66249371,2,0.00000000,0.00000000
1623585546.66275311,2,0.00000000,0.00000000
1623585546.76248598,2,0.00000000,0.00000000
1623585546.76271439,2,0.00000000,0.00000000
1623585546.86248732,2,0.00000000,0.00000000
1623585546.86271548,2,0.00000000,0.00000000
1623585546.96248484,2,0.00000000,0.00000000
1623585546.96271205,2,0.00000000,0.00000000
1623585547.06249046,2,0.00000000,0.00000000
1623585547.06277990,2,0.00000000,0.00000000
1623585547.16248846,2,0.00000000,0.00000000
1623585547.16271496,2,0.00000000,0.00000000
1623585547.26244378,2,0.00000000,0.00000000
1623585547.26266575,2,0.00000000,0.00000000
1623585547.36248541,2,0.00000000,0.00000000
1623585547.36271143,2,0.00000000,0.00000000
1623585547.46252108,2,0.00000000,0.00000000
1623585547.46275187,2,0.00000000,0.00000000
1623585547.56249619,2,0.00000000,0.00000000
1623585547.56280589,2,0.00000000,0.00000000
1623585547.66249061,2,0.00000000,0.00000000
1623585547.66280079,2,0.00000000,0.00000000
1623585547.76250172,2,0.00000000,0.00000000
1623585547.76272655,2,0.00000000,0.00000000
1623585547.86248660,2,0.00000000,0.00000000
1623585547.86276960,2,0.00000000,0.00000000
1623585547.96249032,2,0.00000000,0.00000000
1623585547.96272397,2,0.00000000,0.00000000
1623585548.06249166,2,0.00000000,0.00000000
1623585548.06272650,2,0.00000000,0.00000000
1623585548.16248178,2,0.00000000,0.00000000
1623585548.16281271,2,0.00000000,0.00000000
1623585548.26244831,2,0.00000000,0.00000000
1623585548.26257372,2,0.00000000,0.00000000
1623585548.36244822,2,0.00000000,0.00000000
1623585548.36263490,2,0.00000000,0.00000000
1623585548.46248484,2,0.00000000,0.00000000
1623585548.46275234,2,0.00000000,0.00000000
1623585548.56249428,2,0.00000000,0.00000000
1623585548.56276155,2,0.00000000,0.00000000
1623585548.66249084,2,0.00000000,0.00000000
1623585548.66275859,2,0.00000000,0.00000000
1623585548.76249003,2,0.00000000,0.00000000
1623585548.76276088,2,0.00000000,0.00000000
1623585548.86249447,2,0.00000000,0.00000000
1623585548.86276460,2,0.00000000,0.00000000
1623585548.96249342,2,0.00000000,0.00000000
1623585548.96278524,2,0.00000000,0.00000000
1623585549.06249428,2,0.00000000,0.00000000
1623585549.06276870,2,0.00000000,0.00000000
1623585549.16244221,2,0.00000000,0.00000000
1623585549.16254330,2,0.00000000,0.00000000
1623585549.26249003,2,0.00000000,0.00000000
1623585549.26278138,2,0.00000000,0.00000000
1623585549.36249542,2,0.00000000,0.00000000
1623585549.36276841,2,0.00000000,0.00000000
1623585549.46249962,2,0.00000000,0.00000000
1623585549.46277809,2,0.00000000,0.00000000
1623585549.56248689,2,0.00000000,0.00000000
1623585549.56276083,2,0.00000000,0.00000000
1623585549.66249061,2,0.00000000,0.00000000
1623585549.66277528,2,0.00000000,0.00000000
1623585549.76246166,2,0.00000000,0.00000000
1623585549.76269150,2,0.00000000,0.00000000
1623585549.86249137,2,0.00000000,0.00000000
1623585549.86274433,2,0.00000000,0.00000000
1623585549.96249413,2,0.00000000,0.00000000
1623585549.96272469,2,0.00000000,0.00000000
1623585550.06248665,2,0.00000000,0.00000000
1623585550.06273723,2,0.00000000,0.00000000
1623585550.16248775,2,0.00000000,0.00000000
1623585550.16278601,2,0.00000000,0.00000000
1623585550.26248741,2,0.00000000,0.00000000
1623585550.26282620,2,0.00000000,0.00000000
1623585550.36249471,2,0.00000000,0.00000000
1623585550.36274815,2,0.00000000,0.00000000
1623585550.46249938,2,0.00000000,0.00000000
1623585550.46272993,2,0.00000000,0.00000000
1623585550.56249619,2,0.00000000,0.00000000
1623585550.56272459,2,0.00000000,0.00000000
1623585550.66249204,2,0.00000000,0.00000000
1623585550.66276431,2,0.00000000,0.00000000
1623585550.76248765,2,0.00000000,0.00000000
1623585550.76274371,2,0.00000000,0.00000000
1623585550.86249375,2,0.00000000,0.00000000
1623585550.86274242,2,0.00000000,0.00000000
1623585550.96248579,2,0.00000000,0.00000000
1623585550.96271539,2,0.00000000,0.00000000
1623585551.06248808,2,0.00000000,0.00000000
1623585551.06271887,2,0.00000000,0.00000000
1623585551.16248536,2,0.00000000,0.00000000
1623585551.16278982,2,0.00000000,0.00000000
1623585551.26249003,2,0.00000000,0.00000000
1623585551.26278925,2,0.00000000,0.00000000
1623585551.36248636,2,0.00000000,0.00000000
1623585551.36277771,2,0.00000000,0.00000000
1623585551.46245480,2,0.00000000,0.00000000
1623585551.46256614,2,0.00000000,0.00000000
1623585551.56248832,2,0.00000000,0.00000000
1623585551.56274247,2,0.00000000,0.00000000
1623585551.66248751,2,0.00000000,0.00000000
1623585551.66274476,2,0.00000000,0.00000000
1623585551.76248813,2,0.00000000,0.00000000
1623585551.76271653,2,0.00000000,0.00000000
1623585551.86249018,2,0.00000000,0.00000000
1623585551.86271858,2,0.00000000,0.00000000
1623585551.96249223,2,0.00000000,0.00000000
1623585551.96272159,2,0.00000000,0.00000000
1623585552.06249237,2,0.00000000,0.00000000
1623585552.06272388,2,0.00000000,0.00000000
1623585552.16249013,2,0.00000000,0.00000000
1623585552.16271973,2,0.00000000,0.00000000
1623585552.26249290,2,0.00000000,0.00000000
1623585552.26272106,2,0.00000000,0.00000000
1623585552.36249566,2,0.00000000,0.00000000
1623585552.36272645,2,0.00000000,0.00000000
1623585552.46246505,2,0.00000000,0.00000000
1623585552.46281028,2,0.00000000,0.00000000
1623585552.56249380,2,0.00000000,0.00000000
1623585552.56276536,2,0.00000000,0.00000000
1623585552.66249919,2,0.00000000,0.00000000
1623585552.66279197,2,0.00000000,0.00000000
1623585552.76248908,2,0.00000000,0.00000000
1623585552.76271772,2,0.00000000,0.00000000
1623585552.86249447,2,0.00000000,0.00000000
1623585552.86274219,2,0.00000000,0.00000000
1623585552.96248627,2,0.00000000,0.00000000
1623585552.96277499,2,0.00000000,0.00000000
1623585553.06249976,2,0.00000000,0.00000000
1623585553.06273174,2,0.00000000,0.00000000
1623585553.16248775,2,0.00000000,0.00000000
1623585553.16273761,2,0.00000000,0.00000000
1623585553.26244450,2,0.00000000,0.00000000
1623585553.26268530,2,0.00000000,0.00000000
1623585553.36248636,2,0.00000000,0.00000000
1623585553.36273599,2,0.00000000,0.00000000
1623585553.46248722,2,0.00000000,0.00000000
1623585553.46279001,2,0.00000000,0.00000000
1623585553.56248784,2,0.00000000,0.00000000
1623585553.56271267,2,0.00000000,0.00000000
1623585553.66248727,2,0.00000000,0.00000000
1623585553.66271234,2,0.00000000,0.00000000
1623585553.76244283,2,0.00000000,0.00000000
1623585553.76272464,2,0.00000000,0.00000000
1623585553.86244297,2,0.00000000,0.00000000
1623585553.86272407,2,0.00000000,0.00000000
1623585553.96248627,2,0.00000000,0.00000000
1623585553.96277142,2,0.00000000,0.00000000
1623585554.06248951,2,0.00000000,0.00000000
1623585554.06271768,2,0.00000000,0.00000000
1623585554.16249204,2,0.00000000,0.00000000
1623585554.16271901,2,0.00000000,0.00000000
1623585554.26248598,2,0.00000000,0.00000000
1623585554.26277018,2,0.00000000,0.00000000
1623585554.36249614,2,0.00000000,0.00000000
1623585554.36272120,2,0.00000000,0.00000000
1623585554.46248674,2,0.00000000,0.00000000
1623585554.46271276,2,0.00000000,0.00000000
1623585554.56248569,2,0.00000000,0.00000000
1623585554.56271148,2,0.00000000,0.00000000
1623585554.66249394,2,0.00000000,0.00000000
1623585554.66272402,2,0.00000000,0.00000000
1623585554.76249480,2,0.00000000,0.00000000
1623585554.76272058,2,0.00000000,0.00000000
1623585554.86249399,2,0.00000000,0.00000000
1623585554.86272144,2,0.00000000,0.00000000
1623585554.96248960,2,0.00000000,0.00000000
1623585554.96277761,2,0.00000000,0.00000000
1623585555.06248498,2,0.00000000,0.00000000
1623585555.06277561,2,0.00000000,0.00000000
1623585555.16248488,2,0.00000000,0.00000000
1623585555.16271448,2,0.00000000,0.00000000
1623585555.26248693,2,0.00000000,0.00000000
1623585555.26271510,2,0.00000000,0.00000000
1623585555.36248612,2,0.00000000,0.00000000
1623585555.36271262,2,0.00000000,0.00000000
1623585555.46249151,2,0.00000000,0.00000000
1623585555.46272612,2,0.00000000,0.00000000
1623585555.56245255,2,0.00000000,0.00000000
1623585555.56266952,2,0.00000000,0.00000000
1623585555.66248703,2,0.00000000,0.00000000
1623585555.66273642,2,0.00000000,0.00000000
1623585555.76248503,2,0.00000000,0.00000000
1623585555.76271391,2,0.00000000,0.00000000
1623585555.86249375,2,0.00000000,0.00000000
1623585555.86275220,2,0.00000000,0.00000000
1623585555.96248794,2,0.00000000,0.00000000
1623585555.96277666,2,0.00000000,0.00000000
1623585556.06249213,2,0.00000000,0.00000000
1623585556.06271935,2,0.00000000,0.00000000
1623585556.16248941,2,0.00000000,0.00000000
1623585556.16271424,2,0.00000000,0.00000000
1623585556.26249766,2,0.00000000,0.00000000
1623585556.26272655,2,0.00000000,0.00000000
1623585556.36246133,2,0.00000000,0.00000000
1623585556.36278272,2,0.00000000,0.00000000
1623585556.46248651,2,0.00000000,0.00000000
1623585556.46271276,2,0.00000000,0.00000000
1623585556.56246448,2,0.00000000,0.00000000
1623585556.56261778,2,0.00000000,0.00000000
1623585556.66248322,2,0.00000000,0.00000000
1623585556.66270709,2,0.00000000,0.00000000
1623585556.76244283,2,0.00000000,0.00000000
1623585556.76272082,2,0.00000000,0.00000000
1623585556.86248517,2,0.00000000,0.00000000
1623585556.86273742,2,0.00000000,0.00000000
1623585556.96248579,2,0.00000000,0.00000000
1623585556.96285272,2,0.00000000,0.00000000
1623585557.06249452,2,0.00000000,0.00000000
1623585557.06273651,2,0.00000000,0.00000000
1623585557.16248918,2,0.00000000,0.00000000
1623585557.16277027,2,0.00000000,0.00000000
1623585557.26244020,2,0.00000000,0.00000000
1623585557.26269960,2,0.00000000,0.00000000
1623585557.36248589,2,0.00000000,0.00000000
1623585557.36276317,2,0.00000000,0.00000000
1623585557.46248603,2,0.00000000,0.00000000
1623585557.46277595,2,0.00000000,0.00000000
1623585557.56248498,2,0.00000000,0.00000000
1623585557.56271291,2,0.00000000,0.00000000
1623585557.66248584,2,0.00000000,0.00000000
1623585557.66271257,2,0.00000000,0.00000000
1623585557.76248598,2,0.00000000,0.00000000
1623585557.76277399,2,0.00000000,0.00000000
1623585557.86249018,2,0.00000000,0.00000000
1623585557.86271691,2,0.00000000,0.00000000
1623585557.96249270,2,0.00000000,0.00000000
1623585557.96274304,2,0.00000000,0.00000000
1623585558.06248665,2,0.00000000,0.00000000
1623585558.06271553,2,0.00000000,0.00000000
1623585558.16248965,2,0.00000000,0.00000000
1623585558.16281319,2,0.00000000,0.00000000
1623585558.26249242,2,0.00000000,0.00000000
1623585558.26272440,2,0.00000000,0.00000000
1623585558.36248541,2,0.00000000,0.00000000
1623585558.36271262,2,0.00000000,0.00000000
1623585558.46248746,2,0.00000000,0.00000000
1623585558.46273613,2,0.00000000,0.00000000
1623585558.56249475,2,0.00000000,0.00000000
1623585558.56272721,2,0.00000000,0.00000000
1623585558.66244411,2,0.00000000,0.00000000
1623585558.66268468,2,0.00000000,0.00000000
1623585558.76249528,2,0.00000000,0.00000000
1623585558.76272607,2,0.00000000,0.00000000
1623585558.86249614,2,0.00000000,0.00000000
1623585558.86272788,2,0.00000000,0.00000000
1623585558.96244335,2,0.00000000,0.00000000
1623585558.96267700,2,0.00000000,0.00000000
1623585559.06249309,2,0.00000000,0.00000000
1623585559.06271887,2,0.00000000,0.00000000
1623585559.16248703,2,0.00000000,0.00000000
1623585559.16271496,2,0.00000000,0.00000000
1623585559.26248479,2,0.00000000,0.00000000
1623585559.26273084,2,0.00000000,0.00000000
1623585559.36248589,2,0.00000000,0.00000000
1623585559.36278081,2,0.00000000,0.00000000
1623585559.46248651,2,0.00000000,0.00000000
1623585559.46271229,2,0.00000000,0.00000000
1623585559.56247544,2,0.00000000,0.00000000
1623585559.56267405,2,0.00000000,0.00000000
1623585559.66248965,2,0.00000000,0.00000000
1623585559.66271663,2,0.00000000,0.00000000
1623585559.76248908,2,0.00000000,0.00000000
1623585559.76277852,2,0.00000000,0.00000000
1623585559.86248851,2,0.00000000,0.00000000
1623585559.86270571,2,0.00000000,0.00000000
1623585559.96248698,2,0.00000000,0.00000000
1623585559.96280456,2,0.00000000,0.00000000
1623585560.06249547,2,0.00000000,0.00000000
1623585560.06273270,2,0.00000000,0.00000000
1623585560.16249418,2,0.00000000,0.00000000
1623585560.16272402,2,0.00000000,0.00000000
1623585560.26242328,2,0.00000000,0.00000000
1623585560.26252866,2,0.00000000,0.00000000
1623585560.36249280,2,0.00000000,0.00000000
1623585560.36272597,2,0.00000000,0.00000000
1623585560.46249819,2,0.00000000,0.00000000
1623585560.46277690,2,0.00000000,0.00000000
1623585560.56248641,2,0.00000000,0.00000000
1623585560.56277990,2,0.00000000,0.00000000
1623585560.66248727,2,0.00000000,0.00000000
1623585560.66277528,2,0.00000000,0.00000000
1623585560.76249242,2,0.00000000,0.00000000
1623585560.76276016,2,0.00000000,0.00000000
1623585560.86248612,2,0.00000000,0.00000000
1623585560.86275315,2,0.00000000,0.00000000
1623585560.96248746,2,0.00000000,0.00000000
1623585560.96273828,2,0.00000000,0.00000000
1623585561.06248665,2,0.00000000,0.00000000
1623585561.06275678,2,0.00000000,0.00000000
1623585561.16248512,2,0.00000000,0.00000000
1623585561.16275668,2,0.00000000,0.00000000
1623585561.26248431,2,0.00000000,0.00000000
1623585561.26272011,2,0.00000000,0.00000000
1623585561.36248612,2,0.00000000,0.00000000
1623585561.36271715,2,0.00000000,0.00000000
1623585561.46248698,2,0.00000000,0.00000000
1623585561.46271682,2,0.00000000,0.00000000
1623585561.56249261,2,0.00000000,0.00000000
1623585561.56284213,2,0.00000000,0.00000000
1623585561.66249990,2,0.00000000,0.00000000
1623585561.66274118,2,0.00000000,0.00000000
1623585561.76248741,2,0.00000000,0.00000000
1623585561.76275039,2,0.00000000,0.00000000
1623585561.86248803,2,0.00000000,0.00000000
1623585561.86272812,2,0.00000000,0.00000000
1623585561.96248817,2,0.00000000,0.00000000
1623585561.96272850,2,0.00000000,0.00000000
1623585562.06249356,2,0.00000000,0.00000000
1623585562.06273603,2,0.00000000,0.00000000
1623585562.16249323,2,0.00000000,0.00000000
1623585562.16273427,2,0.00000000,0.00000000
1623585562.26248646,2,0.00000000,0.00000000
1623585562.26273227,2,0.00000000,0.00000000
1623585562.36248946,2,0.00000000,0.00000000
1623585562.36272526,2,0.00000000,0.00000000
1623585562.46249390,2,0.00000000,0.00000000
1623585562.46273541,2,0.00000000,0.00000000
1623585562.56248736,2,0.00000000,0.00000000
1623585562.56273341,2,0.00000000,0.00000000
1623585562.66248846,2,0.00000000,0.00000000
1623585562.66272354,2,0.00000000,0.00000000
1623585562.76248717,2,0.00000000,0.00000000
1623585562.76276684,2,0.00000000,0.00000000
1623585562.86248755,2,0.00000000,0.00000000
1623585562.86272359,2,0.00000000,0.00000000
1623585562.96248817,2,0.00000000,0.00000000
1623585562.96272731,2,0.00000000,0.00000000
1623585563.06248689,2,0.00000000,0.00000000
1623585563.06273031,2,0.00000000,0.00000000
1623585563.16248798,2,0.00000000,0.00000000
1623585563.16272378,2,0.00000000,0.00000000
1623585563.26248765,2,0.00000000,0.00000000
1623585563.26271081,2,0.00000000,0.00000000
1623585563.36248612,2,0.00000000,0.00000000
1623585563.36280131,2,0.00000000,0.00000000
1623585563.46249151,2,0.00000000,0.00000000
1623585563.46271896,2,0.00000000,0.00000000
1623585563.56248736,2,0.00000000,0.00000000
1623585563.56277061,2,0.00000000,0.00000000
1623585563.66248751,2,0.00000000,0.00000000
1623585563.66273379,2,0.00000000,0.00000000
1623585563.76248717,2,0.00000000,0.00000000
1623585563.76271296,2,0.00000000,0.00000000
1623585563.86250830,2,0.00000000,0.00000000
1623585563.86285186,2,0.00000000,0.00000000
1623585563.96249509,2,0.00000000,0.00000000
1623585563.96272016,2,0.00000000,0.00000000
1623585564.06248474,2,0.00000000,0.00000000
1623585564.06273317,2,0.00000000,0.00000000
1623585564.16248727,2,0.00000000,0.00000000
1623585564.16275930,2,0.00000000,0.00000000
1623585564.26248860,2,0.00000000,0.00000000
1623585564.26276469,2,0.00000000,0.00000000
1623585564.36244512,2,0.00000000,0.00000000
1623585564.36250162,2,0.00000000,0.00000000
1623585564.46248245,2,0.00000000,0.00000000
1623585564.46272635,2,0.00000000,0.00000000
1623585564.56248569,2,0.00000000,0.00000000
1623585564.56271100,2,0.00000000,0.00000000
1623585564.66244578,2,0.00000000,0.00000000
1623585564.66267228,2,0.00000000,0.00000000
1623585564.76248598,2,0.00000000,0.00000000
1623585564.76271224,2,0.00000000,0.00000000
1623585564.86248589,2,0.00000000,0.00000000
1623585564.86271071,2,0.00000000,0.00000000
1623585564.96248913,2,0.00000000,0.00000000
1623585564.96280384,2,0.00000000,0.00000000
1623585565.06248665,2,0.00000000,0.00000000
1623585565.06283092,2,0.00000000,0.00000000
1623585565.16248703,2,0.00000000,0.00000000
1623585565.16271281,2,0.00000000,0.00000000
1623585565.26248789,2,0.00000000,0.00000000
1623585565.26271439,2,0.00000000,0.00000000
1623585565.36250257,2,0.00000000,0.00000000
1623585565.36272955,2,0.00000000,0.00000000
1623585565.46248889,2,0.00000000,0.00000000
1623585565.46272111,2,0.00000000,0.00000000
1623585565.56249046,2,0.00000000,0.00000000
1623585565.56272221,2,0.00000000,0.00000000
1623585565.66249132,2,0.00000000,0.00000000
1623585565.66278934,2,0.00000000,0.00000000
1623585565.76248860,2,0.00000000,0.00000000
1623585565.76271582,2,0.00000000,0.00000000
1623585565.86248970,2,0.00000000,0.00000000
1623585565.86271858,2,0.00000000,0.00000000
1623585565.96248722,2,0.00000000,0.00000000
1623585565.96271443,2,0.00000000,0.00000000
1623585566.06248617,2,0.00000000,0.00000000
1623585566.06277037,2,0.00000000,0.00000000
1623585566.16249895,2,0.00000000,0.00000000
1623585566.16276336,2,0.00000000,0.00000000
1623585566.26249003,2,0.00000000,0.00000000
1623585566.26273990,2,0.00000000,0.00000000
1623585566.36246228,2,0.00000000,0.00000000
1623585566.36262107,2,0.00000000,0.00000000
1623585566.46249199,2,0.00000000,0.00000000
1623585566.46271944,2,0.00000000,0.00000000
1623585566.56248736,2,0.00000000,0.00000000
1623585566.56271887,2,0.00000000,0.00000000
1623585566.66249609,2,0.00000000,0.00000000
1623585566.66272926,2,0.00000000,0.00000000
1623585566.76249290,2,0.00000000,0.00000000
1623585566.76271415,2,0.00000000,0.00000000
1623585566.86248827,2,0.00000000,0.00000000
1623585566.86271477,2,0.00000000,0.00000000
1623585566.96248651,2,0.00000000,0.00000000
1623585566.96271086,2,0.00000000,0.00000000
1623585567.06248713,2,0.00000000,0.00000000
1623585567.06271386,2,0.00000000,0.00000000
1623585567.16248703,2,0.00000000,0.00000000
1623585567.16271329,2,0.00000000,0.00000000
1623585567.26248550,2,0.00000000,0.00000000
1623585567.26270962,2,0.00000000,0.00000000
1623585567.36248565,2,0.00000000,0.00000000
1623585567.36270928,2,0.00000000,0.00000000
1623585567.46248555,2,0.00000000,0.00000000
1623585567.46272826,2,0.00000000,0.00000000
1623585567.56248593,2,0.00000000,0.00000000
1623585567.56270933,2,0.00000000,0.00000000
1623585567.66248918,2,0.00000000,0.00000000
1623585567.66283202,2,0.00000000,0.00000000
1623585567.76248860,2,0.00000000,0.00000000
1623585567.76271725,2,0.00000000,0.00000000
1623585567.86248994,2,0.00000000,0.00000000
1623585567.86273432,2,0.00000000,0.00000000
1623585567.96246219,2,0.00000000,0.00000000
1623585567.96278930,2,0.00000000,0.00000000
1623585568.06246281,2,0.00000000,0.00000000
1623585568.06280589,2,0.00000000,0.00000000
1623585568.16246295,2,0.00000000,0.00000000
1623585568.16279554,2,0.00000000,0.00000000
1623585568.26246238,2,0.00000000,0.00000000
1623585568.26279497,2,0.00000000,0.00000000
1623585568.36246467,2,0.00000000,0.00000000
1623585568.36278653,2,0.00000000,0.00000000
1623585568.46248698,2,0.00000000,0.00000000
1623585568.46281147,2,0.00000000,0.00000000
1623585568.56249356,2,0.00000000,0.00000000
1623585568.56272149,2,0.00000000,0.00000000
1623585568.66246295,2,0.00000000,0.00000000
1623585568.66281176,2,0.00000000,0.00000000
1623585568.76246285,2,0.00000000,0.00000000
1623585568.76278472,2,0.00000000,0.00000000
1623585568.86246300,2,0.00000000,0.00000000
1623585568.86279464,2,0.00000000,0.00000000
1623585568.96246433,2,0.00000000,0.00000000
1623585568.96279645,2,0.00000000,0.00000000
1623585569.06246257,2,0.00000000,0.00000000
1623585569.06278253,2,0.00000000,0.00000000
1623585569.16246581,2,0.00000000,0.00000000
1623585569.16278362,2,0.00000000,0.00000000
1623585569.26247358,2,0.00000000,0.00000000
1623585569.26279378,2,0.00000000,0.00000000
1623585569.36246443,2,0.00000000,0.00000000
1623585569.36279893,2,0.00000000,0.00000000
1623585569.46246457,2,0.00000000,0.00000000
1623585569.46278048,2,0.00000000,0.00000000
1623585569.56246448,2,0.00000000,0.00000000
1623585569.56277609,2,0.00000000,0.00000000
1623585569.66246247,2,0.00000000,0.00000000
1623585569.66278529,2,0.00000000,0.00000000
1623585569.76249003,2,0.00000000,0.00000000
1623585569.76276326,2,0.00000000,0.00000000
1623585569.86249137,2,0.00000000,0.00000000
1623585569.86277199,2,0.00000000,0.00000000
1623585569.96248722,2,0.00000000,0.00000000
1623585569.96278620,2,0.00000000,0.00000000
1623585570.06248617,2,0.00000000,0.00000000
1623585570.06277609,2,0.00000000,0.00000000
1623585570.16249084,2,0.00000000,0.00000000
1623585570.16279340,2,0.00000000,0.00000000
1623585570.26248407,2,0.00000000,0.00000000
1623585570.26274323,2,0.00000000,0.00000000
1623585570.36248684,2,0.00000000,0.00000000
1623585570.36273885,2,0.00000000,0.00000000
1623585570.46249032,2,0.00000000,0.00000000
1623585570.46273756,2,0.00000000,0.00000000
1623585570.56248522,2,0.00000000,0.00000000
1623585570.56270838,2,0.00000000,0.00000000
1623585570.66248441,2,0.00000000,0.00000000
1623585570.66270685,2,0.00000000,0.00000000
1623585570.76248598,2,0.00000000,0.00000000
1623585570.76270771,2,0.00000000,0.00000000
1623585570.86248612,2,0.00000000,0.00000000
1623585570.86272240,2,0.00000000,0.00000000
1623585570.96248746,2,0.00000000,0.00000000
1623585570.96271276,2,0.00000000,0.00000000
1623585571.06248498,2,0.00000000,0.00000000
1623585571.06271148,2,0.00000000,0.00000000
1623585571.16248488,2,0.00000000,0.00000000
1623585571.16271043,2,0.00000000,0.00000000
1623585571.26248765,2,0.00000000,0.00000000
1623585571.26271462,2,0.00000000,0.00000000
1623585571.36249089,2,0.00000000,0.00000000
1623585571.36272979,2,0.00000000,0.00000000
1623585571.46248651,2,0.00000000,0.00000000
1623585571.46271276,2,0.00000000,0.00000000
1623585571.56248856,2,0.00000000,0.00000000
1623585571.56275463,2,0.00000000,0.00000000
1623585571.66248512,2,0.00000000,0.00000000
1623585571.66281199,2,0.00000000,0.00000000
1623585571.76249266,2,0.00000000,0.00000000
1623585571.76277304,2,0.00000000,0.00000000
1623585571.86248493,2,0.00000000,0.00000000
1623585571.86271453,2,0.00000000,0.00000000
1623585571.96248484,2,0.00000000,0.00000000
1623585571.96271229,2,0.00000000,0.00000000
1623585572.06249022,2,0.00000000,0.00000000
1623585572.06271696,2,0.00000000,0.00000000
1623585572.16244960,2,0.00000000,0.00000000
1623585572.16268563,2,0.00000000,0.00000000
1623585572.26248550,2,0.00000000,0.00000000
1623585572.26270986,2,0.00000000,0.00000000
1623585572.36244893,2,0.00000000,0.00000000
1623585572.36273026,2,0.00000000,0.00000000
1623585572.46248174,2,0.00000000,0.00000000
1623585572.46276283,2,0.00000000,0.00000000
1623585572.56248379,2,0.00000000,0.00000000
1623585572.56280637,2,0.00000000,0.00000000
1623585572.66248655,2,0.00000000,0.00000000
1623585572.66271114,2,0.00000000,0.00000000
1623585572.76248455,2,0.00000000,0.00000000
1623585572.76270866,2,0.00000000,0.00000000
1623585572.86249352,2,0.00000000,0.00000000
1623585572.86272144,2,0.00000000,0.00000000
1623585572.96248865,2,0.00000000,0.00000000
1623585572.96272039,2,0.00000000,0.00000000
1623585573.06248426,2,0.00000000,0.00000000
1623585573.06270885,2,0.00000000,0.00000000
1623585573.16249347,2,0.00000000,0.00000000
1623585573.16278553,2,0.00000000,0.00000000
1623585573.26248693,2,0.00000000,0.00000000
1623585573.26272345,2,0.00000000,0.00000000
1623585573.36248732,2,0.00000000,0.00000000
1623585573.36271930,2,0.00000000,0.00000000
1623585573.46249104,2,0.00000000,0.00000000
1623585573.46278954,2,0.00000000,0.00000000
1623585573.56248546,2,0.00000000,0.00000000
1623585573.56270742,2,0.00000000,0.00000000
1623585573.66248465,2,0.00000000,0.00000000
1623585573.66270924,2,0.00000000,0.00000000
1623585573.76249218,2,0.00000000,0.00000000
1623585573.76277614,2,0.00000000,0.00000000
1623585573.86249399,2,0.00000000,0.00000000
1623585573.86271787,2,0.00000000,0.00000000
1623585573.96248412,2,0.00000000,0.00000000
1623585573.96276927,2,0.00000000,0.00000000
1623585574.06246090,2,0.00000000,0.00000000
1623585574.06281829,2,0.00000000,0.00000000
1623585574.16244555,2,0.00000000,0.00000000
1623585574.16280174,2,0.00000000,0.00000000
1623585574.26249003,2,0.00000000,0.00000000
1623585574.26279807,2,0.00000000,0.00000000
1623585574.36248541,2,0.00000000,0.00000000
1623585574.36278486,2,0.00000000,0.00000000
1623585574.46248531,2,0.00000000,0.00000000
1623585574.46271515,2,0.00000000,0.00000000
1623585574.56248617,2,0.00000000,0.00000000
1623585574.56272388,2,0.00000000,0.00000000
1623585574.66248775,2,0.00000000,0.00000000
1623585574.66277051,2,0.00000000,0.00000000
1623585574.76249528,2,0.00000000,0.00000000
1623585574.76273060,2,0.00000000,0.00000000
1623585574.86248922,2,0.00000000,0.00000000
1623585574.86272502,2,0.00000000,0.00000000
1623585574.96249557,2,0.00000000,0.00000000
1623585574.96273851,2,0.00000000,0.00000000
1623585575.06248999,2,0.00000000,0.00000000
1623585575.06272697,2,0.00000000,0.00000000
1623585575.16249108,2,0.00000000,0.00000000
1623585575.16280460,2,0.00000000,0.00000000
1623585575.26249099,2,0.00000000,0.00000000
1623585575.26272297,2,0.00000000,0.00000000
1623585575.36248827,2,0.00000000,0.00000000
1623585575.36273646,2,0.00000000,0.00000000
1623585575.46248746,2,0.00000000,0.00000000
1623585575.46271276,2,0.00000000,0.00000000
1623585575.56249332,2,0.00000000,0.00000000
1623585575.56281924,2,0.00000000,0.00000000
1623585575.66248584,2,0.00000000,0.00000000
1623585575.66270995,2,0.00000000,0.00000000
1623585575.76248336,2,0.00000000,0.00000000
1623585575.76281214,2,0.00000000,0.00000000
1623585575.86249280,2,0.00000000,0.00000000
1623585575.86271644,2,0.00000000,0.00000000
1623585575.96248436,2,0.00000000,0.00000000
1623585575.96282005,2,0.00000000,0.00000000
1623585576.06248927,2,0.00000000,0.00000000
1623585576.06281257,2,0.00000000,0.00000000
1623585576.16248393,2,0.00000000,0.00000000
1623585576.16277909,2,0.00000000,0.00000000
1623585576.26248479,2,0.00000000,0.00000000
1623585576.26277161,2,0.00000000,0.00000000
1623585576.36249495,2,0.00000000,0.00000000
1623585576.36276269,2,0.00000000,0.00000000
1623585576.46243024,2,0.00000000,0.00000000
1623585576.46249986,2,0.00000000,0.00000000
1623585576.56248140,2,0.00000000,0.00000000
1623585576.56275201,2,0.00000000,0.00000000
1623585576.66247034,2,0.00000000,0.00000000
1623585576.66277361,2,0.00000000,0.00000000
1623585576.76246810,2,0.00000000,0.00000000
1623585576.76278090,2,0.00000000,0.00000000
1623585576.86247182,2,0.00000000,0.00000000
1623585576.86281133,2,0.00000000,0.00000000
1623585576.96246409,2,0.00000000,0.00000000
1623585576.96281338,2,0.00000000,0.00000000
1623585577.06246424,2,0.00000000,0.00000000
1623585577.06276369,2,0.00000000,0.00000000
1623585577.16246343,2,0.00000000,0.00000000
1623585577.16276765,2,0.00000000,0.00000000
1623585577.26246262,2,0.00000000,0.00000000
1623585577.26280117,2,0.00000000,0.00000000
1623585577.36248684,2,0.00000000,0.00000000
1623585577.36272931,2,0.00000000,0.00000000
1623585577.46248674,2,0.00000000,0.00000000
1623585577.46271968,2,0.00000000,0.00000000
1623585577.56248641,2,0.00000000,0.00000000
1623585577.56271029,2,0.00000000,0.00000000
1623585577.66248512,2,0.00000000,0.00000000
1623585577.66270900,2,0.00000000,0.00000000
1623585577.76246333,2,0.00000000,0.00000000
1623585577.76278782,2,0.00000000,0.00000000
1623585577.86246371,2,0.00000000,0.00000000
1623585577.86279392,2,0.00000000,0.00000000
1623585577.96248746,2,0.00000000,0.00000000
1623585577.96271491,2,0.00000000,0.00000000
1623585578.06248569,2,0.00000000,0.00000000
1623585578.06270838,2,0.00000000,0.00000000
1623585578.16249180,2,0.00000000,0.00000000
1623585578.16271567,2,0.00000000,0.00000000
1623585578.26248789,2,0.00000000,0.00000000
1623585578.26274228,2,0.00000000,0.00000000
1623585578.36248517,2,0.00000000,0.00000000
1623585578.36271358,2,0.00000000,0.00000000
1623585578.46246195,2,0.00000000,0.00000000
1623585578.46278071,2,0.00000000,0.00000000
1623585578.56246209,2,0.00000000,0.00000000
1623585578.56279373,2,0.00000000,0.00000000
1623585578.66249204,2,0.00000000,0.00000000
1623585578.66274238,2,0.00000000,0.00000000
1623585578.76248527,2,0.00000000,0.00000000
1623585578.76281095,2,0.00000000,0.00000000
1623585578.86248660,2,0.00000000,0.00000000
1623585578.86272836,2,0.00000000,0.00000000
1623585578.96248746,2,0.00000000,0.00000000
1623585578.96271133,2,0.00000000,0.00000000
1623585579.06248713,2,0.00000000,0.00000000
1623585579.06276584,2,0.00000000,0.00000000
1623585579.16246200,2,0.00000000,0.00000000
1623585579.16273141,2,0.00000000,0.00000000
1623585579.26248360,2,0.00000000,0.00000000
1623585579.26270485,2,0.00000000,0.00000000
1623585579.36249089,2,0.00000000,0.00000000
1623585579.36271167,2,0.00000000,0.00000000
1623585579.46248555,2,0.00000000,0.00000000
1623585579.46270585,2,0.00000000,0.00000000
1623585579.56245995,2,0.00000000,0.00000000
1623585579.56277299,2,0.00000000,0.00000000
1623585579.66248918,2,0.00000000,0.00000000
1623585579.66271305,2,0.00000000,0.00000000
1623585579.76249313,2,0.00000000,0.00000000
1623585579.76271749,2,0.00000000,0.00000000
1623585579.86248517,2,0.00000000,0.00000000
1623585579.86271143,2,0.00000000,0.00000000
1623585579.96248388,2,0.00000000,0.00000000
1623585579.96271300,2,0.00000000,0.00000000
1623585580.06248832,2,0.00000000,0.00000000
1623585580.06273270,2,0.00000000,0.00000000
1623585580.16249132,2,0.00000000,0.00000000
1623585580.16271234,2,0.00000000,0.00000000
1623585580.26249075,2,0.00000000,0.00000000
1623585580.26276541,2,0.00000000,0.00000000
1623585580.36249542,2,0.00000000,0.00000000
1623585580.36272669,2,0.00000000,0.00000000
1623585580.46246290,2,0.00000000,0.00000000
1623585580.46277881,2,0.00000000,0.00000000
1623585580.56246185,2,0.00000000,0.00000000
1623585580.56279540,2,0.00000000,0.00000000
1623585580.66246438,2,0.00000000,0.00000000
1623585580.66278148,2,0.00000000,0.00000000
1623585580.76246285,2,0.00000000,0.00000000
1623585580.76278210,2,0.00000000,0.00000000
1623585580.86248612,2,0.00000000,0.00000000
1623585580.86277246,2,0.00000000,0.00000000
1623585580.96249247,2,0.00000000,0.00000000
1623585580.96272421,2,0.00000000,0.00000000
1623585581.06249356,2,0.00000000,0.00000000
1623585581.06281281,2,0.00000000,0.00000000
1623585581.16246700,2,0.00000000,0.00000000
1623585581.16269684,2,0.00000000,0.00000000
1623585581.26249361,2,0.00000000,0.00000000
1623585581.26271987,2,0.00000000,0.00000000
1623585581.36248469,2,0.00000000,0.00000000
1623585581.36270833,2,0.00000000,0.00000000
1623585581.46248436,2,0.00000000,0.00000000
1623585581.46271086,2,0.00000000,0.00000000
1623585581.56248975,2,0.00000000,0.00000000
1623585581.56271744,2,0.00000000,0.00000000
1623585581.66248465,2,0.00000000,0.00000000
1623585581.66270900,2,0.00000000,0.00000000
1623585581.76248574,2,0.00000000,0.00000000
1623585581.76270652,2,0.00000000,0.00000000
1623585581.86248732,2,0.00000000,0.00000000
1623585581.86272097,2,0.00000000,0.00000000
1623585581.96248817,2,0.00000000,0.00000000
1623585581.96271777,2,0.00000000,0.00000000
1623585582.06248474,2,0.00000000,0.00000000
1623585582.06270766,2,0.00000000,0.00000000
1623585582.16248536,2,0.00000000,0.00000000
1623585582.16270971,2,0.00000000,0.00000000
1623585582.26248741,2,0.00000000,0.00000000
1623585582.26271152,2,0.00000000,0.00000000
1623585582.36249352,2,0.00000000,0.00000000
1623585582.36272430,2,0.00000000,0.00000000
1623585582.46249676,2,0.00000000,0.00000000
1623585582.46272230,2,0.00000000,0.00000000
1623585582.56250644,2,0.00000000,0.00000000
1623585582.56273103,2,0.00000000,0.00000000
1623585582.66249037,2,0.00000000,0.00000000
1623585582.66271305,2,0.00000000,0.00000000
1623585582.76248932,2,0.00000000,0.00000000
1623585582.76273870,2,0.00000000,0.00000000
1623585582.86248517,2,0.00000000,0.00000000
1623585582.86271167,2,0.00000000,0.00000000
1623585582.96248674,2,0.00000000,0.00000000
1623585582.96270680,2,0.00000000,0.00000000
1623585583.06246185,2,0.00000000,0.00000000
1623585583.06277990,2,0.00000000,0.00000000
1623585583.16248727,2,0.00000000,0.00000000
1623585583.16271496,2,0.00000000,0.00000000
1623585583.26247668,2,0.00000000,0.00000000
1623585583.26270270,2,0.00000000,0.00000000
1623585583.36248875,2,0.00000000,0.00000000
1623585583.36277008,2,0.00000000,0.00000000
1623585583.46248674,2,0.00000000,0.00000000
1623585583.46281767,2,0.00000000,0.00000000
1623585583.56248426,2,0.00000000,0.00000000
1623585583.56276512,2,0.00000000,0.00000000
1623585583.66249061,2,0.00000000,0.00000000
1623585583.66270518,2,0.00000000,0.00000000
1623585583.76248550,2,0.00000000,0.00000000
1623585583.76268411,2,0.00000000,0.00000000
1623585583.86248732,2,0.00000000,0.00000000
1623585583.86272836,2,0.00000000,0.00000000
1623585583.96244669,2,0.00000000,0.00000000
1623585583.96269989,2,0.00000000,0.00000000
1623585584.06248808,2,0.00000000,0.00000000
1623585584.06271243,2,0.00000000,0.00000000
1623585584.16248703,2,0.00000000,0.00000000
1623585584.16271520,2,0.00000000,0.00000000
1623585584.26248527,2,0.00000000,0.00000000
1623585584.26275969,2,0.00000000,0.00000000
1623585584.36249304,2,0.00000000,0.00000000
1623585584.36272120,2,0.00000000,0.00000000
1623585584.46249318,2,0.00000000,0.00000000
1623585584.46271968,2,0.00000000,0.00000000
1623585584.56248426,2,0.00000000,0.00000000
1623585584.56271577,2,0.00000000,0.00000000
1623585584.66248870,2,0.00000000,0.00000000
1623585584.66276741,2,0.00000000,0.00000000
1623585584.76248360,2,0.00000000,0.00000000
1623585584.76272917,2,0.00000000,0.00000000
1623585584.86248565,2,0.00000000,0.00000000
1623585584.86270881,2,0.00000000,0.00000000
1623585584.96248507,2,0.00000000,0.00000000
1623585584.96271014,2,0.00000000,0.00000000
1623585585.06248569,2,0.00000000,0.00000000
1623585585.06271219,2,0.00000000,0.00000000
1623585585.16248584,2,0.00000000,0.00000000
1623585585.16271067,2,0.00000000,0.00000000
1623585585.26248479,2,0.00000000,0.00000000
1623585585.26270771,2,0.00000000,0.00000000
1623585585.36249375,2,0.00000000,0.00000000
1623585585.36272359,2,0.00000000,0.00000000
1623585585.46249247,2,0.00000000,0.00000000
1623585585.46271706,2,0.00000000,0.00000000
1623585585.56248522,2,0.00000000,0.00000000
1623585585.56271100,2,0.00000000,0.00000000
1623585585.66248608,2,0.00000000,0.00000000
1623585585.66271210,2,0.00000000,0.00000000
1623585585.76248360,2,0.00000000,0.00000000
1623585585.76270771,2,0.00000000,0.00000000
1623585585.86248469,2,0.00000000,0.00000000
1623585585.86271143,2,0.00000000,0.00000000
1623585585.96248722,2,0.00000000,0.00000000
1623585585.96271110,2,0.00000000,0.00000000
1623585586.06248569,2,0.00000000,0.00000000
1623585586.06271029,2,0.00000000,0.00000000
1623585586.16248560,2,0.00000000,0.00000000
1623585586.16271043,2,0.00000000,0.00000000
1623585586.26249218,2,0.00000000,0.00000000
1623585586.26271534,2,0.00000000,0.00000000
1623585586.36246395,2,0.00000000,0.00000000
1623585586.36261487,2,0.00000000,0.00000000
1623585586.46248364,2,0.00000000,0.00000000
1623585586.46270537,2,0.00000000,0.00000000
1623585586.56244493,2,0.00000000,0.00000000
1623585586.56266856,2,0.00000000,0.00000000
1623585586.66248679,2,0.00000000,0.00000000
1623585586.66271019,2,0.00000000,0.00000000
1623585586.76248550,2,0.00000000,0.00000000
1623585586.76273155,2,0.00000000,0.00000000
1623585586.86249018,2,0.00000000,0.00000000
1623585586.86272383,2,0.00000000,0.00000000
1623585586.96248484,2,0.00000000,0.00000000
1623585586.96270800,2,0.00000000,0.00000000
1623585587.06246257,2,0.00000000,0.00000000
1623585587.06277823,2,0.00000000,0.00000000
1623585587.16246295,2,0.00000000,0.00000000
1623585587.16276836,2,0.00000000,0.00000000
1623585587.26246166,2,0.00000000,0.00000000
1623585587.26279545,2,0.00000000,0.00000000
1623585587.36246109,2,0.00000000,0.00000000
1623585587.36279464,2,0.00000000,0.00000000
1623585587.46248651,2,0.00000000,0.00000000
1623585587.46271157,2,0.00000000,0.00000000
1623585587.56248689,2,0.00000000,0.00000000
1623585587.56275225,2,0.00000000,0.00000000
1623585587.66249728,2,0.00000000,0.00000000
1623585587.66275239,2,0.00000000,0.00000000
1623585587.76248574,2,0.00000000,0.00000000
1623585587.76271796,2,0.00000000,0.00000000
1623585587.86248374,2,0.00000000,0.00000000
1623585587.86271811,2,0.00000000,0.00000000
1623585587.96244645,2,0.00000000,0.00000000
1623585587.96267509,2,0.00000000,0.00000000
1623585588.06248784,2,0.00000000,0.00000000
1623585588.06271958,2,0.00000000,0.00000000
1623585588.16245222,2,0.00000000,0.00000000
1623585588.16272736,2,0.00000000,0.00000000
1623585588.26249313,2,0.00000000,0.00000000
1623585588.26271343,2,0.00000000,0.00000000
1623585588.36249185,2,0.00000000,0.00000000
1623585588.36272597,2,0.00000000,0.00000000
1623585588.46248674,2,0.00000000,0.00000000
1623585588.46271634,2,0.00000000,0.00000000
1623585588.56248808,2,0.00000000,0.00000000
1623585588.56271625,2,0.00000000,0.00000000
1623585588.66248846,2,0.00000000,0.00000000
1623585588.66271591,2,0.00000000,0.00000000
1623585588.76246357,2,0.00000000,0.00000000
1623585588.76278591,2,0.00000000,0.00000000
1623585588.86248827,2,0.00000000,0.00000000
1623585588.86271691,2,0.00000000,0.00000000
1623585588.96249056,2,0.00000000,0.00000000
1623585588.96272135,2,0.00000000,0.00000000
1623585589.06249046,2,0.00000000,0.00000000
1623585589.06272888,2,0.00000000,0.00000000
1623585589.16249132,2,0.00000000,0.00000000
1623585589.16271996,2,0.00000000,0.00000000
1623585589.26249695,2,0.00000000,0.00000000
1623585589.26273274,2,0.00000000,0.00000000
1623585589.36248851,2,0.00000000,0.00000000
1623585589.36279202,2,0.00000000,0.00000000
1623585589.46248817,2,0.00000000,0.00000000
1623585589.46272874,2,0.00000000,0.00000000
1623585589.56249237,2,0.00000000,0.00000000
1623585589.56272531,2,0.00000000,0.00000000
1623585589.66248989,2,0.00000000,0.00000000
1623585589.66272092,2,0.00000000,0.00000000
1623585589.76249361,2,0.00000000,0.00000000
1623585589.76275110,2,0.00000000,0.00000000
1623585589.86247563,2,0.00000000,0.00000000
1623585589.86281300,2,0.00000000,0.00000000
1623585589.96245170,2,0.00000000,0.00000000
1623585589.96279502,2,0.00000000,0.00000000
1623585590.06249356,2,0.00000000,0.00000000
1623585590.06278229,2,0.00000000,0.00000000
1623585590.16247177,2,0.00000000,0.00000000
1623585590.16269898,2,0.00000000,0.00000000
1623585590.26248622,2,0.00000000,0.00000000
1623585590.26273084,2,0.00000000,0.00000000
1623585590.36248589,2,0.00000000,0.00000000
1623585590.36271191,2,0.00000000,0.00000000
1623585590.46248579,2,0.00000000,0.00000000
1623585590.46271682,2,0.00000000,0.00000000
1623585590.56250572,2,0.00000000,0.00000000
1623585590.56275439,2,0.00000000,0.00000000
1623585590.66249180,2,0.00000000,0.00000000
1623585590.66270828,2,0.00000000,0.00000000
1623585590.76248741,2,0.00000000,0.00000000
1623585590.76274490,2,0.00000000,0.00000000
1623585590.86248732,2,0.00000000,0.00000000
1623585590.86271262,2,0.00000000,0.00000000
1623585590.96244431,2,0.00000000,0.00000000
1623585590.96265650,2,0.00000000,0.00000000
1623585591.06248522,2,0.00000000,0.00000000
1623585591.06271124,2,0.00000000,0.00000000
1623585591.16248846,2,0.00000000,0.00000000
1623585591.16271257,2,0.00000000,0.00000000
1623585591.26249290,2,0.00000000,0.00000000
1623585591.26272035,2,0.00000000,0.00000000
1623585591.36248469,2,0.00000000,0.00000000
1623585591.36270571,2,0.00000000,0.00000000
1623585591.46248579,2,0.00000000,0.00000000
1623585591.46271086,2,0.00000000,0.00000000
1623585591.56248617,2,0.00000000,0.00000000
1623585591.56270981,2,0.00000000,0.00000000
1623585591.66248655,2,0.00000000,0.00000000
1623585591.66271067,2,0.00000000,0.00000000
1623585591.76244378,2,0.00000000,0.00000000
1623585591.76266575,2,0.00000000,0.00000000
1623585591.86248565,2,0.00000000,0.00000000
1623585591.86273599,2,0.00000000,0.00000000
1623585591.96248817,2,0.00000000,0.00000000
1623585591.96271300,2,0.00000000,0.00000000
1623585592.06248927,2,0.00000000,0.00000000
1623585592.06271696,2,0.00000000,0.00000000
1623585592.16248584,2,0.00000000,0.00000000
1623585592.16271186,2,0.00000000,0.00000000
1623585592.26249528,2,0.00000000,0.00000000
1623585592.26272368,2,0.00000000,0.00000000
1623585592.36248779,2,0.00000000,0.00000000
1623585592.36271358,2,0.00000000,0.00000000
1623585592.46248651,2,0.00000000,0.00000000
1623585592.46271563,2,0.00000000,0.00000000
1623585592.56248856,2,0.00000000,0.00000000
1623585592.56282949,2,0.00000000,0.00000000
1623585592.66248560,2,0.00000000,0.00000000
1623585592.66277719,2,0.00000000,0.00000000
1623585592.76249337,2,0.00000000,0.00000000
1623585592.76272154,2,0.00000000,0.00000000
1623585592.86246562,2,0.00000000,0.00000000
1623585592.86276913,2,0.00000000,0.00000000
1623585592.96246362,2,0.00000000,0.00000000
1623585592.96280575,2,0.00000000,0.00000000
1623585593.06249809,2,0.00000000,0.00000000
1623585593.06272650,2,0.00000000,0.00000000
1623585593.16248560,2,0.00000000,0.00000000
1623585593.16272378,2,0.00000000,0.00000000
1623585593.26248908,2,0.00000000,0.00000000
1623585593.26272082,2,0.00000000,0.00000000
1623585593.36248755,2,0.00000000,0.00000000
1623585593.36271381,2,0.00000000,0.00000000
1623585593.46249032,2,0.00000000,0.00000000
1623585593.46278071,2,0.00000000,0.00000000
1623585593.56249142,2,0.00000000,0.00000000
1623585593.56284618,2,0.00000000,0.00000000
1623585593.66249442,2,0.00000000,0.00000000
1623585593.66271949,2,0.00000000,0.00000000
1623585593.76248908,2,0.00000000,0.00000000
1623585593.76271415,2,0.00000000,0.00000000
1623585593.86248994,2,0.00000000,0.00000000
1623585593.86273909,2,0.00000000,0.00000000
1623585593.96248817,2,0.00000000,0.00000000
1623585593.96271372,2,0.00000000,0.00000000
1623585594.06249094,2,0.00000000,0.00000000
1623585594.06274104,2,0.00000000,0.00000000
1623585594.16249657,2,0.00000000,0.00000000
1623585594.16277909,2,0.00000000,0.00000000
1623585594.26248622,2,0.00000000,0.00000000
1623585594.26273251,2,0.00000000,0.00000000
1623585594.36248565,2,0.00000000,0.00000000
1623585594.36271334,2,0.00000000,0.00000000
1623585594.46248674,2,0.00000000,0.00000000
1623585594.46271086,2,0.00000000,0.00000000
1623585594.56248951,2,0.00000000,0.00000000
1623585594.56271911,2,0.00000000,0.00000000
1623585594.66248584,2,0.00000000,0.00000000
1623585594.66271615,2,0.00000000,0.00000000
1623585594.76248693,2,0.00000000,0.00000000
1623585594.76271892,2,0.00000000,0.00000000
1623585594.86249566,2,0.00000000,0.00000000
1623585594.86272144,2,0.00000000,0.00000000
1623585594.96248651,2,0.00000000,0.00000000
1623585594.96273661,2,0.00000000,0.00000000
1623585595.06244850,2,0.00000000,0.00000000
1623585595.06270027,2,0.00000000,0.00000000
1623585595.16249371,2,0.00000000,0.00000000
1623585595.16274261,2,0.00000000,0.00000000
1623585595.26248717,2,0.00000000,0.00000000
1623585595.26276135,2,0.00000000,0.00000000
1623585595.36248589,2,0.00000000,0.00000000
1623585595.36273289,2,0.00000000,0.00000000
1623585595.46248913,2,0.00000000,0.00000000
1623585595.46271777,2,0.00000000,0.00000000
1623585595.56249499,2,0.00000000,0.00000000
1623585595.56272364,2,0.00000000,0.00000000
1623585595.66245008,2,0.00000000,0.00000000
1623585595.66267920,2,0.00000000,0.00000000
1623585595.76248837,2,0.00000000,0.00000000
1623585595.76271772,2,0.00000000,0.00000000
1623585595.86249542,2,0.00000000,0.00000000
1623585595.86272597,2,0.00000000,0.00000000
1623585595.96249604,2,0.00000000,0.00000000
1623585595.96274495,2,0.00000000,0.00000000
1623585596.06246829,2,0.00000000,0.00000000
1623585596.06278086,2,0.00000000,0.00000000
1623585596.16244936,2,0.00000000,0.00000000
1623585596.16254592,2,0.00000000,0.00000000
1623585596.26246572,2,0.00000000,0.00000000
1623585596.26277614,2,0.00000000,0.00000000
1623585596.36243820,2,0.00000000,0.00000000
1623585596.36256790,2,0.00000000,0.00000000
1623585596.46244884,2,0.00000000,0.00000000
1623585596.46267605,2,0.00000000,0.00000000
1623585596.56245875,2,0.00000000,0.00000000
1623585596.56261539,2,0.00000000,0.00000000
1623585596.66248679,2,0.00000000,0.00000000
1623585596.66270638,2,0.00000000,0.00000000
1623585596.76248765,2,0.00000000,0.00000000
1623585596.76285434,2,0.00000000,0.00000000
1623585596.86249280,2,0.00000000,0.00000000
1623585596.86272001,2,0.00000000,0.00000000
1623585596.96244812,2,0.00000000,0.00000000
1623585596.96267772,2,0.00000000,0.00000000
1623585597.06249475,2,0.00000000,0.00000000
1623585597.06272340,2,0.00000000,0.00000000
1623585597.16248655,2,0.00000000,0.00000000
1623585597.16276836,2,0.00000000,0.00000000
1623585597.26248932,2,0.00000000,0.00000000
1623585597.26271296,2,0.00000000,0.00000000
1623585597.36249089,2,0.00000000,0.00000000
1623585597.36273479,2,0.00000000,0.00000000
1623585597.46247673,2,0.00000000,0.00000000
1623585597.46266246,2,0.00000000,0.00000000
1623585597.56249094,2,0.00000000,0.00000000
1623585597.56281114,2,0.00000000,0.00000000
1623585597.66249371,2,0.00000000,0.00000000
1623585597.66271830,2,0.00000000,0.00000000
1623585597.76248741,2,0.00000000,0.00000000
1623585597.76271129,2,0.00000000,0.00000000
1623585597.86249685,2,0.00000000,0.00000000
1623585597.86272335,2,0.00000000,0.00000000
1623585597.96249866,2,0.00000000,0.00000000
1623585597.96281719,2,0.00000000,0.00000000
1623585598.06258035,2,0.00000000,0.00000000
1623585598.06274080,2,0.00000000,0.00000000
1623585598.16248798,2,0.00000000,0.00000000
1623585598.16271663,2,0.00000000,0.00000000
1623585598.26245356,2,0.00000000,0.00000000
1623585598.26257420,2,0.00000000,0.00000000
1623585598.36248565,2,0.00000000,0.00000000
1623585598.36272550,2,0.00000000,0.00000000
1623585598.46246576,2,0.00000000,0.00000000
1623585598.46269608,2,0.00000000,0.00000000
1623585598.56248569,2,0.00000000,0.00000000
1623585598.56270456,2,0.00000000,0.00000000
1623585598.66248751,2,0.00000000,0.00000000
1623585598.66279721,2,0.00000000,0.00000000
1623585598.76248932,2,0.00000000,0.00000000
1623585598.76276946,2,0.00000000,0.00000000
1623585598.86249042,2,0.00000000,0.00000000
1623585598.96249437,2,0.00000000,0.00000000
1623585599.06249809,2,0.00000000,0.00000000
1623585599.16251278,2,0.00000000,0.00000000
1623585599.26250052,2,0.00000000,0.00000000
1623585599.36249542,2,0.00000000,0.00000000
1623585599.46242547,2,0.00000000,0.00000000
1623585599.56248093,2,0.00000000,0.00000000
1623585599.66245484,2,0.00000000,0.00000000
1623585599.76245618,2,0.00000000,0.00000000
1623585599.86249399,2,0.00000000,0.00000000
1623585599.96249270,2,0.00000000,0.00000000
1623585600.06249070,2,0.00000000,0.00000000
1623585600.16249681,2,0.00000000,0.00000000
1623585600.26249671,2,0.00000000,0.00000000
1623585600.36249566,2,0.00000000,0.00000000
1623585600.46250176,2,0.00000000,0.00000000
1623585600.56249809,2,0.00000000,0.00000000
1623585600.66248679,2,0.00000000,0.00000000
1623585600.76248956,2,0.00000000,0.00000000
1623585600.86249542,2,0.00000000,0.00000000
1623585600.96246052,2,0.00000000,0.00000000
1623585601.06250167,2,0.00000000,0.00000000
1623585601.16249299,2,0.00000000,0.00000000
