Seconds,Detected,Distance,Angle,Child.X,Child.Y,Child.Angle
1623585530.95755672,1,2.00000000,0.00000000,2.00000000,0.00000000,0.00000000
1623585531.05753160,1,2.00000000,0.00000000,2.00000000,0.00000000,0.00000000
1623585531.15753531,1,2.00000000,0.00000000,2.00000000,0.00000000,0.00000000
1623585531.25751829,1,2.00000000,0.00000000,2.00000000,0.00000000,0.00000000
1623585531.35756779,1,2.00000000,0.00000000,2.00000000,0.00000000,0.00000000
1623585531.45756006,1,2.00000000,0.00000000,2.00000000,0.00000000,0.00000000
1623585531.55755520,1,2.00000000,0.00000000,2.00000000,0.00000000,0.00000000
1623585531.65753865,1,2.00000000,0.00000000,2.00000000,0.00000000,0.00000000
1623585531.75751615,1,2.00000000,0.00000000,2.00000000,0.00000000,0.00000000
1623585531.85751891,1,2.00000000,0.00000000,2.00000000,0.00000000,0.00000000
1623585531.95752645,1,2.00000000,0.00000000,2.00000000,0.00000000,0.00000000
1623585532.05752897,1,2.00000000,0.00000000,2.00000000,0.00000000,0.00000000
1623585532.15755677,1,2.00000000,0.00000000,2.00000000,0.00000000,0.00000000
1623585532.25756311,1,2.00000000,0.00000000,2.00000000,0.00000000,0.00000000
1623585532.35756946,1,2.00000000,0.00000000,2.00000000,0.00000000,0.00000000
1623585532.45749950,1,2.00000000,0.00000000,2.00000000,0.00000000,0.00000000
1623585532.55746984,1,2.00000000,0.00000000,2.00000000,0.00000000,0.00000000
1623585532.65749669,1,2.00000000,0.00000000,2.00000000,0.00000000,0.00000000
1623585532.75755048,1,2.00000000,0.00000000,2.00000000,0.00000000,0.00000000
1623585532.85754204,1,2.00000000,0.00000000,2.00000000,0.00000000,0.00000000
1623585532.95755887,1,2.00000000,0.00000000,2.00000000,0.00000000,0.00000000
1623585533.05752254,1,2.00000000,0.00000000,2.00000000,0.00000000,0.00000000
1623585533.15752029,1,2.00000000,0.00000000,2.00000000,0.00000000,0.00000000
1623585533.25751901,1,2.00000000,0.00000000,2.00000000,0.00000000,0.00000000
1623585533.35751843,1,2.00000000,0.00000000,2.00000000,0.00000000,0.00000000
1623585533.45755744,1,2.00000000,0.00000000,2.00000000,0.00000000,0.00000000
1623585533.55750632,1,2.00000000,0.00000000,2.00000000,0.00000000,0.00000000
1623585533.65754318,1,2.00000000,0.00000000,2.00291000,0.00000000,0.00000000
1623585533.75751877,1,1.99708998,0.00000000,2.00581998,0.00000000,0.00000000
1623585533.85758471,1,1.99126995,0.00000000,2.00921495,0.00000000,0.00000000
1623585533.95757365,1,1.98205495,0.00000000,2.01163995,0.00000000,0.00000000
1623585534.05754852,1,1.97041500,0.00000000,2.01503500,0.00000000,0.00000000
1623585534.15756774,1,1.95537996,0.00000000,2.01794496,0.00000000,0.00000000
1623585534.25751638,1,1.93743503,0.00000000,2.02037003,0.00000000,0.00000000
1623585534.35756350,1,1.91706502,0.00000000,2.01988502,0.00000000,0.00000000
1623585534.45754862,1,1.89717996,0.00000000,2.01891496,0.00000000,0.00000000
1623585534.55758834,1,1.87826502,0.00000000,2.01988502,0.00000000,0.00000000
1623585534.65750933,1,1.85837996,0.00000000,2.01891496,0.00000000,0.00000000
1623585534.75747633,1,1.83946502,0.00000000,2.02037002,0.00000000,0.00000000
1623585534.85750723,1,1.81909502,0.00000000,2.01891502,0.00000000,0.00000000
1623585534.95757699,1,1.80017996,0.00000000,2.01891496,0.00000000,0.00000000
1623585535.05756593,1,1.78126502,0.00000000,2.01891502,0.00000000,0.00000000
1623585535.15755486,1,1.76234996,0.00000000,2.01794496,0.00000000,0.00000000
1623585535.25755358,1,1.74440503,0.00000000,2.01940003,0.00000000,0.00000000
1623585535.35758400,1,1.72500503,0.00000000,2.01794503,0.00000000,0.00000000
1623585535.45758462,1,1.70705998,0.00000000,2.01794498,0.00000000,0.00000000
1623585535.55759001,1,1.68911505,0.00000000,2.01794505,0.00000000,0.00000000
1623585535.65758491,1,1.67117000,0.00000000,2.01697500,0.00000000,0.00000000
1623585535.75754952,1,1.65419495,0.00000000,2.01794495,0.00000000,0.00000000
1623585535.85757256,1,1.63625002,0.00000000,2.01697502,0.00000000,0.00000000
1623585535.95754695,1,1.61927497,0.00000000,2.01697497,0.00000000,0.00000000
1623585536.05754733,1,1.60230005,0.00000000,2.01697505,0.00000000,0.00000000
1623585536.15753531,1,1.58532500,0.00000000,2.01697500,0.00000000,0.00000000
1623585536.25754905,1,1.56834996,0.00000000,2.01697496,0.00000000,0.00000000
1623585536.35754561,1,1.55137503,0.00000000,2.01600503,0.00000000,0.00000000
1623585536.45754480,1,1.53536999,0.00000000,2.01600499,0.00000000,0.00000000
1623585536.55754876,1,1.51936495,0.00000000,2.01600495,0.00000000,0.00000000
1623585536.65758681,1,1.50336003,0.00000000,2.01600503,0.00000000,0.00000000
1623585536.75759315,1,1.48735499,0.00000000,2.01600499,0.00000000,0.00000000
1623585536.85755610,1,1.47134995,0.00000000,2.01503495,0.00000000,0.00000000
1623585536.95758390,1,1.45631504,0.00000000,2.01600504,0.00000000,0.00000000
1623585537.05758405,1,1.44031000,0.00000000,2.01503500,0.00000000,0.00000000
1623585537.15755343,1,1.42527497,0.00000000,2.01503497,0.00000000,0.00000000
1623585537.25753927,1,1.41024005,0.00000000,2.00000005,0.00000000,0.00000000
1623585537.35756302,1,1.41024005,0.00000000,2.01503505,0.00000000,0.00000000
1623585537.45754719,1,1.39520502,0.00000000,2.02910002,0.00000000,0.00000000
1623585537.55752635,1,1.36610496,0.00000000,1.99999996,0.00000000,0.00000000
1623585537.65758514,1,1.36610496,0.00000000,2.02909996,0.00000000,0.00000000
1623585537.75749254,1,1.33700502,0.00000000,2.01358002,0.00000000,0.00000000
1623585537.85759187,1,1.32342505,0.00000000,2.01406505,0.00000000,0.00000000
1623585537.95751977,1,1.30936003,0.00000000,2.00000003,0.00000000,0.00000000
1623585538.05754685,1,1.30936003,0.00000000,2.01406503,0.00000000,0.00000000
1623585538.15756965,1,1.29529500,0.00000000,2.01406500,0.00000000,0.00000000
1623585538.25752020,1,1.28122997,0.00000000,2.01309497,0.00000000,0.00000000
1623585538.35752606,1,1.26813495,0.00000000,2.01406495,0.00000000,0.00000000
1623585538.45753932,1,1.25407004,0.00000000,2.01261004,0.00000000,0.00000000
1623585538.55753970,1,1.24145997,0.00000000,2.01309497,0.00000000,0.00000000
1623585538.65753460,1,1.22836494,0.00000000,2.01309494,0.00000000,0.00000000
1623585538.75754023,1,1.21527004,0.00000000,2.01309504,0.00000000,0.00000000
1623585538.85752559,1,1.20217502,0.00000000,2.01309502,0.00000000,0.00000000
1623585538.95752430,1,1.18908000,0.00000000,2.01261000,0.00000000,0.00000000
1623585539.05753589,1,1.17647004,0.00000000,2.01212504,0.00000000,0.00000000
1623585539.15753841,1,1.16434503,0.00000000,2.01309503,0.00000000,0.00000000
1623585539.25753427,1,1.15125000,0.00000000,2.01212500,0.00000000,0.00000000
1623585539.35753036,1,1.13912499,0.00000000,2.01163999,0.00000000,0.00000000
1623585539.45756221,1,1.12748504,0.00000000,2.01212504,0.00000000,0.00000000
1623585539.55754018,1,1.11536002,0.00000000,2.01212502,0.00000000,0.00000000
1623585539.65752769,1,1.10323501,0.00000000,2.01212501,0.00000000,0.00000000
1623585539.75752163,1,1.09110999,0.00000000,2.01163999,0.00000000,0.00000000
1623585539.85752749,1,1.07947004,0.00000000,2.01115504,0.00000000,0.00000000
1623585539.95756531,1,1.06831503,0.00000000,2.01115503,0.00000000,0.00000000
1623585540.05754280,1,1.05716002,0.00000000,2.01212502,0.00000000,0.00000000
1623585540.15753031,1,1.04503500,0.00000000,2.01067000,0.00000000,0.00000000
1623585540.25753713,1,1.03436506,0.00000000,2.01115506,0.00000000,0.00000000
1623585540.35752797,1,1.02321005,0.00000000,2.01115505,0.00000000,0.00000000
1623585540.45752764,1,1.01205504,0.00000000,2.01067004,0.00000000,0.00000000
1623585540.55753565,1,1.00138497,0.00000000,2.01018497,0.00000000,0.00000000
1623585540.65752935,1,0.99119997,0.00000000,2.01115497,0.00000000,0.00000000
1623585540.75753188,1,0.98004502,0.00000000,2.00970002,0.00000000,0.00000000
1623585540.85756564,1,0.97034502,0.00000000,2.01115502,0.00000000,0.00000000
1623585540.95755982,1,0.95919001,0.00000000,2.01018501,0.00000000,0.00000000
1623585541.05756593,1,0.94900501,0.00000000,2.00970001,0.00000000,0.00000000
1623585541.15753198,1,0.93930501,0.00000000,2.01018501,0.00000000,0.00000000
1623585541.25754333,1,0.92912000,0.00000000,2.00970000,0.00000000,0.00000000
1623585541.35753059,1,0.91942000,0.00000000,2.01018500,0.00000000,0.00000000
1623585541.45752168,1,0.90923500,0.00000000,2.00921500,0.00000000,0.00000000
1623585541.55752277,1,0.90002000,0.00000000,2.00970000,0.00000000,0.00000000
1623585541.65752268,1,0.89032000,0.00000000,2.00921500,0.00000000,0.00000000
1623585541.75752211,1,0.88110501,0.00000000,2.00970001,0.00000000,0.00000000
1623585541.85752296,1,0.87140501,0.00000000,2.00921501,0.00000000,0.00000000
1623585541.95752215,1,0.86219001,0.00000000,2.00873001,0.00000000,0.00000000
1623585542.05752110,1,0.85346001,0.00000000,2.00921501,0.00000000,0.00000000
1623585542.15752172,1,0.84424502,0.00000000,2.01018502,0.00000000,0.00000000
1623585542.25752187,1,0.83406001,0.00000000,2.00776001,0.00000000,0.00000000
1623585542.35752058,1,0.82630002,0.00000000,2.00921502,0.00000000,0.00000000
1623585542.45752239,1,0.81708503,0.00000000,2.00873003,0.00000000,0.00000000
1623585542.55752230,1,0.80835497,0.00000000,2.00921497,0.00000000,0.00000000
1623585542.65752077,1,0.79913998,0.00000000,2.00775998,0.00000000,0.00000000
1623585542.75752378,1,0.79137999,0.00000000,2.00921499,0.00000000,0.00000000
1623585542.85752296,1,0.78216499,0.00000000,2.00775999,0.00000000,0.00000000
1623585542.95752263,1,0.77440500,0.00000000,2.00824500,0.00000000,0.00000000
1623585543.05752373,1,0.76616001,0.00000000,2.00776001,0.00000000,0.00000000
1623585543.15751982,1,0.75840002,0.00000000,2.00824502,0.00000000,0.00000000
1623585543.25751901,1,0.75015497,0.00000000,2.00775997,0.00000000,0.00000000
1623585543.35751820,1,0.74239498,0.00000000,2.00824498,0.00000000,0.00000000
1623585543.45752048,1,0.73414999,0.00000000,2.00775999,0.00000000,0.00000000
1623585543.55752015,1,0.72639000,0.00000000,2.00824500,0.00000000,0.00000000
1623585543.65753865,1,0.71814501,0.00000000,2.00679001,0.00000000,0.00000000
1623585543.75753570,1,0.71135497,0.00000000,2.00824497,0.00000000,0.00000000
1623585543.85754156,1,0.70310998,0.00000000,2.00775998,0.00000000,0.00000000
1623585543.95753336,1,0.69534999,0.00000000,2.00727499,0.00000000,0.00000000
1623585544.05753493,1,0.68807501,0.00000000,2.00679001,0.00000000,0.00000000
1623585544.15753698,1,0.68128502,0.00000000,2.00824502,0.00000000,0.00000000
1623585544.25753951,1,0.67303997,0.00000000,2.00678997,0.00000000,0.00000000
1623585544.35752273,1,0.66624999,0.00000000,2.00678999,0.00000000,0.00000000
1623585544.45752287,1,0.65946001,0.00000000,2.00727501,0.00000000,0.00000000
1623585544.55752563,1,0.65218502,0.00000000,2.00679002,0.00000000,0.00000000
1623585544.65752459,1,0.64539498,0.00000000,2.00727498,0.00000000,0.00000000
1623585544.75754595,1,0.63812000,0.00000000,2.00679000,0.00000000,0.00000000
1623585544.85754371,1,0.63133001,0.00000000,2.00630501,0.00000000,0.00000000
1623585544.95754099,1,0.62502497,0.00000000,2.00678997,0.00000000,0.00000000
1623585545.05754256,1,0.61823499,0.00000000,2.00678999,0.00000000,0.00000000
1623585545.15755129,1,0.61144501,0.00000000,2.00630501,0.00000000,0.00000000
1623585545.25754881,1,0.60513997,0.00000000,2.00581997,0.00000000,0.00000000
1623585545.35753703,1,0.59931999,0.00000000,2.00727499,0.00000000,0.00000000
1623585545.45754838,1,0.59204501,0.00000000,2.00582001,0.00000000,0.00000000
1623585545.55754161,1,0.58622497,0.00000000,2.00581997,0.00000000,0.00000000
1623585545.65754342,1,0.58040500,0.00000000,2.00727500,0.00000000,0.00000000
1623585545.75752258,1,0.57313001,0.00000000,2.00582001,0.00000000,0.00000000
1623585545.85752082,1,0.56730998,0.00000000,2.00630498,0.00000000,0.00000000
1623585545.95752716,1,0.56100500,0.00000000,2.00582000,0.00000000,0.00000000
1623585546.05752444,1,0.55518502,0.00000000,2.00582002,0.00000000,0.00000000
1623585546.15752029,1,0.54936498,0.00000000,2.00630498,0.00000000,0.00000000
1623585546.25753522,1,0.54306000,0.00000000,2.00485000,0.00000000,0.00000000
1623585546.35756135,1,0.53820997,0.00000000,2.00581997,0.00000000,0.00000000
1623585546.45752382,1,0.53239000,0.00000000,2.00630500,0.00000000,0.00000000
1623585546.55752277,1,0.52608502,0.00000000,2.00485002,0.00000000,0.00000000
1623585546.65753675,1,0.52123499,0.00000000,2.00581999,0.00000000,0.00000000
1623585546.75752306,1,0.51541501,0.00000000,2.00533501,0.00000000,0.00000000
1623585546.85752153,1,0.51007998,0.00000000,2.00581998,0.00000000,0.00000000
1623585546.95752048,1,0.50426000,0.00000000,2.00485000,0.00000000,0.00000000
1623585547.05756879,1,0.49941000,0.00000000,2.00630500,0.00000000,0.00000000
1623585547.15752244,1,0.49310499,0.00000000,2.00484999,0.00000000,0.00000000
1623585547.25752401,1,0.48825499,0.00000000,2.00484999,0.00000000,0.00000000
1623585547.35752106,1,0.48340499,0.00000000,2.00533499,0.00000000,0.00000000
1623585547.45753384,1,0.47806999,0.00000000,2.00484999,0.00000000,0.00000000
1623585547.55757380,1,0.47321999,0.00000000,2.00484999,0.00000000,0.00000000
1623585547.65754795,1,0.46836999,0.00000000,2.00533499,0.00000000,0.00000000
1623585547.75757670,1,0.46303499,0.00000000,2.00484999,0.00000000,0.00000000
1623585547.85753751,1,0.45818499,0.00000000,2.00484999,0.00000000,0.00000000
1623585547.95753837,1,0.45333499,0.00000000,2.00484999,0.00000000,0.00000000
1623585548.05752492,1,0.44848499,0.00000000,2.00533499,0.00000000,0.00000000
1623585548.15754652,1,0.44315001,0.00000000,2.00388001,0.00000000,0.00000000
1623585548.25752616,1,0.43926999,0.00000000,2.00484999,0.00000000,0.00000000
1623585548.35755563,1,0.43441999,0.00000000,2.00533499,0.00000000,0.00000000
1623585548.45752716,1,0.42908499,0.00000000,2.00387999,0.00000000,0.00000000
1623585548.55752659,1,0.42520499,0.00000000,2.00484999,0.00000000,0.00000000
1623585548.65752792,1,0.42035499,0.00000000,2.00533499,0.00000000,0.00000000
1623585548.75752783,1,0.41501999,0.00000000,2.00387999,0.00000000,0.00000000
1623585548.85752606,1,0.41113999,0.00000000,2.00387999,0.00000000,0.00000000
1623585548.95752740,1,0.40726000,0.00000000,2.00485000,0.00000000,0.00000000
1623585549.05754447,1,0.40241000,0.00000000,2.00436500,0.00000000,0.00000000
1623585549.15755558,1,0.39804500,0.00000000,2.00388000,0.00000000,0.00000000
1623585549.25752497,1,0.39416501,0.00000000,2.00388001,0.00000000,0.00000000
1623585549.35755014,1,0.39028499,0.00000000,2.00484999,0.00000000,0.00000000
1623585549.45753956,1,0.38543499,0.00000000,2.00436499,0.00000000,0.00000000
1623585549.55754352,1,0.38106999,0.00000000,2.00387999,0.00000000,0.00000000
1623585549.65752292,1,0.37718999,0.00000000,2.00387999,0.00000000,0.00000000
1623585549.75752640,1,0.37331000,0.00000000,2.00388000,0.00000000,0.00000000
1623585549.85754943,1,0.36943001,0.00000000,2.00436501,0.00000000,0.00000000
1623585549.95752335,1,0.36506501,0.00000000,2.00388001,0.00000000,0.00000000
1623585550.05754399,1,0.36118501,0.00000000,2.00291001,0.00000000,0.00000000
1623585550.15754175,1,0.35827500,0.00000000,2.00388000,0.00000000,0.00000000
1623585550.25752306,1,0.35439500,0.00000000,2.00436500,0.00000000,0.00000000
1623585550.35752463,1,0.35003000,0.00000000,2.00388000,0.00000000,0.00000000
1623585550.45752478,1,0.34615001,0.00000000,2.00291001,0.00000000,0.00000000
1623585550.55753303,1,0.34323999,0.00000000,2.00387999,0.00000000,0.00000000
1623585550.65752792,1,0.33936000,0.00000000,2.00388000,0.00000000,0.00000000
1623585550.75752521,1,0.33548000,0.00000000,2.00339500,0.00000000,0.00000000
1623585550.85752916,1,0.33208501,0.00000000,2.00388001,0.00000000,0.00000000
1623585550.95752954,1,0.32820499,0.00000000,2.00290999,0.00000000,0.00000000
1623585551.05752611,1,0.32529500,0.00000000,2.00388000,0.00000000,0.00000000
1623585551.15752697,1,0.32141501,0.00000000,2.00339501,0.00000000,0.00000000
1623585551.25752854,1,0.31801999,0.00000000,2.00387999,0.00000000,0.00000000
1623585551.35752749,1,0.31413999,0.00000000,2.00290999,0.00000000,0.00000000
1623585551.45751929,1,0.31123000,0.00000000,2.00291000,0.00000000,0.00000000
1623585551.55754209,1,0.30831999,0.00000000,2.00387999,0.00000000,0.00000000
1623585551.65752006,1,0.30443999,0.00000000,2.00339499,0.00000000,0.00000000
1623585551.75752687,1,0.30104500,0.00000000,2.00291000,0.00000000,0.00000000
1623585551.85752654,1,0.29813501,0.00000000,2.00291001,0.00000000,0.00000000
1623585551.95752954,1,0.29522499,0.00000000,2.00290999,0.00000000,0.00000000
1623585552.05752826,1,0.29231501,0.00000000,2.00291001,0.00000000,0.00000000
1623585552.15752792,1,0.28940499,0.00000000,2.00339499,0.00000000,0.00000000
1623585552.25752783,1,0.28601000,0.00000000,2.00291000,0.00000000,0.00000000
1623585552.35752821,1,0.28310001,0.00000000,2.00291001,0.00000000,0.00000000
1623585552.45752430,1,0.28018999,0.00000000,2.00290999,0.00000000,0.00000000
1623585552.55753827,1,0.27728000,0.00000000,2.00388000,0.00000000,0.00000000
1623585552.65753078,1,0.27340001,0.00000000,2.00194001,0.00000000,0.00000000
1623585552.75753188,1,0.27146000,0.00000000,2.00339500,0.00000000,0.00000000
1623585552.85753465,1,0.26806501,0.00000000,2.00291001,0.00000000,0.00000000
1623585552.95754361,1,0.26515499,0.00000000,2.00290999,0.00000000,0.00000000
1623585553.05754352,1,0.26224500,0.00000000,2.00291000,0.00000000,0.00000000
1623585553.15757298,1,0.25933501,0.00000000,2.00291001,0.00000000,0.00000000
1623585553.25756931,1,0.25642499,0.00000000,2.00193999,0.00000000,0.00000000
1623585553.35755181,1,0.25448501,0.00000000,2.00339501,0.00000000,0.00000000
1623585553.45755506,1,0.25108999,0.00000000,2.00290999,0.00000000,0.00000000
1623585553.55755734,1,0.24818000,0.00000000,2.00194000,0.00000000,0.00000000
1623585553.65755653,1,0.24624000,0.00000000,2.00291000,0.00000000,0.00000000
1623585553.75754929,1,0.24333000,0.00000000,2.00291000,0.00000000,0.00000000
1623585553.85754776,1,0.24042000,0.00000000,2.00194000,0.00000000,0.00000000
1623585553.95754766,1,0.23848000,0.00000000,2.00339500,0.00000000,0.00000000
1623585554.05754614,1,0.23508500,0.00000000,2.00194000,0.00000000,0.00000000
1623585554.15754771,1,0.23314500,0.00000000,2.00291000,0.00000000,0.00000000
1623585554.25755286,1,0.23023500,0.00000000,2.00194000,0.00000000,0.00000000
1623585554.35754085,1,0.22829500,0.00000000,2.00291000,0.00000000,0.00000000
1623585554.45754480,1,0.22538500,0.00000000,2.00194000,0.00000000,0.00000000
1623585554.55754256,1,0.22344500,0.00000000,2.00242500,0.00000000,0.00000000
1623585554.65753746,1,0.22102000,0.00000000,2.00291000,0.00000000,0.00000000
1623585554.75752306,1,0.21811000,0.00000000,2.00194000,0.00000000,0.00000000
1623585554.85752344,1,0.21617000,0.00000000,2.00194000,0.00000000,0.00000000
1623585554.95754218,1,0.21423000,0.00000000,2.00291000,0.00000000,0.00000000
1623585555.05754924,1,0.21132000,0.00000000,2.00194000,0.00000000,0.00000000
1623585555.15754724,1,0.20938000,0.00000000,2.00194000,0.00000000,0.00000000
1623585555.25752521,1,0.20744000,0.00000000,2.00242500,0.00000000,0.00000000
1623585555.35752535,1,0.20501500,0.00000000,2.00291000,0.00000000,0.00000000
1623585555.45752382,1,0.20210500,0.00000000,2.00194000,0.00000000,0.00000000
1623585555.55752563,1,0.20016500,0.00000000,2.00194000,0.00000000,0.00000000
1623585555.65753794,1,0.19822501,0.00000000,2.00194001,0.00000000,0.00000000
1623585555.75754833,1,0.19628499,0.00000000,2.00193999,0.00000000,0.00000000
1623585555.85754800,1,0.19434500,0.00000000,2.00194000,0.00000000,0.00000000
1623585555.95752454,1,0.19240500,0.00000000,2.00194000,0.00000000,0.00000000
1623585556.05752683,1,0.19046500,0.00000000,2.00242500,0.00000000,0.00000000
1623585556.15752435,1,0.18804000,0.00000000,2.00194000,0.00000000,0.00000000
1623585556.25752878,1,0.18610001,0.00000000,2.00194001,0.00000000,0.00000000
1623585556.35753703,1,0.18415999,0.00000000,2.00193999,0.00000000,0.00000000
1623585556.45754027,1,0.18222000,0.00000000,2.00194000,0.00000000,0.00000000
1623585556.55750418,1,0.18028000,0.00000000,2.00194000,0.00000000,0.00000000
1623585556.65757251,1,0.17834000,0.00000000,2.00194000,0.00000000,0.00000000
1623585556.75756717,1,0.17640001,0.00000000,2.00194001,0.00000000,0.00000000
1623585556.85752416,1,0.17445999,0.00000000,2.00242499,0.00000000,0.00000000
1623585556.95753479,1,0.17203499,0.00000000,2.00096999,0.00000000,0.00000000
1623585557.05753970,1,0.17106500,0.00000000,2.00194000,0.00000000,0.00000000
1623585557.15753460,1,0.16912501,0.00000000,2.00194001,0.00000000,0.00000000
1623585557.25753355,1,0.16718499,0.00000000,2.00193999,0.00000000,0.00000000
1623585557.35753560,1,0.16524500,0.00000000,2.00194000,0.00000000,0.00000000
1623585557.45753455,1,0.16330500,0.00000000,2.00097000,0.00000000,0.00000000
1623585557.55753732,1,0.16233499,0.00000000,2.00193999,0.00000000,0.00000000
1623585557.65753412,1,0.16039500,0.00000000,2.00194000,0.00000000,0.00000000
1623585557.75753045,1,0.15845500,0.00000000,2.00097000,0.00000000,0.00000000
1623585557.85756111,1,0.15748499,0.00000000,2.00242499,0.00000000,0.00000000
1623585557.95755816,1,0.15505999,0.00000000,2.00193999,0.00000000,0.00000000
1623585558.05752754,1,0.15312000,0.00000000,2.00097000,0.00000000,0.00000000
1623585558.15756059,1,0.15215001,0.00000000,2.00194001,0.00000000,0.00000000
1623585558.25756097,1,0.15020999,0.00000000,2.00193999,0.00000000,0.00000000
1623585558.35752344,1,0.14827000,0.00000000,2.00097000,0.00000000,0.00000000
1623585558.45751929,1,0.14730000,0.00000000,2.00194000,0.00000000,0.00000000
1623585558.55752349,1,0.14535999,0.00000000,2.00096999,0.00000000,0.00000000
1623585558.65753150,1,0.14439000,0.00000000,2.00194000,0.00000000,0.00000000
1623585558.75752091,1,0.14245000,0.00000000,2.00097000,0.00000000,0.00000000
1623585558.85751939,1,0.14148000,0.00000000,2.00242500,0.00000000,0.00000000
1623585558.95751977,1,0.13905500,0.00000000,2.00097000,0.00000000,0.00000000
1623585559.05752039,1,0.13808499,0.00000000,2.00193999,0.00000000,0.00000000
1623585559.15752029,1,0.13614500,0.00000000,2.00097000,0.00000000,0.00000000
1623585559.25751925,1,0.13517500,0.00000000,2.00194000,0.00000000,0.00000000
1623585559.35752034,1,0.13323499,0.00000000,2.00096999,0.00000000,0.00000000
1623585559.45751929,1,0.13226500,0.00000000,2.00194000,0.00000000,0.00000000
1623585559.55750036,1,0.13032500,0.00000000,2.00097000,0.00000000,0.00000000
1623585559.65751886,1,0.12935500,0.00000000,2.00097000,0.00000000,0.00000000
1623585559.75751972,1,0.12838501,0.00000000,2.00194001,0.00000000,0.00000000
1623585559.85752797,1,0.12644500,0.00000000,2.00097000,0.00000000,0.00000000
1623585559.95756054,1,0.12547500,0.00000000,2.00145500,0.00000000,0.00000000
1623585560.05755043,1,0.12402000,0.00000000,2.00194000,0.00000000,0.00000000
1623585560.15752459,1,0.12208000,0.00000000,2.00097000,0.00000000,0.00000000
1623585560.25749326,1,0.12111000,0.00000000,2.00097000,0.00000000,0.00000000
1623585560.35756207,1,0.12014000,0.00000000,2.00194000,0.00000000,0.00000000
1623585560.45756865,1,0.11820000,0.00000000,2.00097000,0.00000000,0.00000000
1623585560.55756903,1,0.11723000,0.00000000,2.00097000,0.00000000,0.00000000
1623585560.65756345,1,0.11626000,0.00000000,2.00097000,0.00000000,0.00000000
1623585560.75757265,1,0.11529000,0.00000000,2.00194000,0.00000000,0.00000000
1623585560.85756087,1,0.11335000,0.00000000,2.00097000,0.00000000,0.00000000
1623585560.95756030,1,0.11238000,0.00000000,2.00097000,0.00000000,0.00000000
1623585561.05756283,1,0.11141000,0.00000000,2.00097000,0.00000000,0.00000000
1623585561.15756202,1,0.11044000,0.00000000,2.00097000,0.00000000,0.00000000
1623585561.25752616,1,0.10947000,0.00000000,2.00242500,0.00000000,0.00000000
1623585561.35752034,1,0.10704500,0.00000000,2.00097000,0.00000000,0.00000000
1623585561.45751905,1,0.10607500,0.00000000,2.00097000,0.00000000,0.00000000
1623585561.55754089,1,0.10510500,0.00000000,2.00097000,0.00000000,0.00000000
1623585561.65752149,1,0.10413500,0.00000000,2.00097000,0.00000000,0.00000000
1623585561.75751925,1,0.10316500,0.00000000,2.00097000,0.00000000,0.00000000
1623585561.85754395,1,0.10219500,0.00000000,2.00097000,0.00000000,0.00000000
1623585561.95752692,1,0.10122500,0.00000000,2.00097000,0.00000000,0.00000000
1623585562.05756116,1,0.10025500,0.00000000,2.00194000,0.00000000,0.00000000
1623585562.15752053,1,0.09831500,0.00000000,2.00097000,0.00000000,0.00000000
1623585562.25752068,1,0.09734500,0.00000000,2.00097000,0.00000000,0.00000000
1623585562.35752225,1,0.09637500,0.00000000,2.00097000,0.00000000,0.00000000
1623585562.45752215,1,0.09540500,0.00000000,2.00097000,0.00000000,0.00000000
1623585562.55752087,1,0.09443500,0.00000000,2.00097000,0.00000000,0.00000000
1623585562.65751886,1,0.09346500,0.00000000,2.00145500,0.00000000,0.00000000
1623585562.75752068,1,0.09201000,0.00000000,2.00097000,0.00000000,0.00000000
1623585562.85752153,1,0.09104000,0.00000000,2.00097000,0.00000000,0.00000000
1623585562.95752025,1,0.09007000,0.00000000,2.00097000,0.00000000,0.00000000
1623585563.05752110,1,0.08910000,0.00000000,2.00097000,0.00000000,0.00000000
1623585563.15752220,1,0.08813000,0.00000000,2.00097000,0.00000000,0.00000000
1623585563.25752211,1,0.08716000,0.00000000,2.00000000,0.00000000,0.00000000
1623585563.35752225,1,0.08716000,0.00000000,2.00097000,0.00000000,0.00000000
1623585563.45752168,1,0.08619000,0.00000000,2.00097000,0.00000000,0.00000000
1623585563.55756092,1,0.08522000,0.00000000,2.00097000,0.00000000,0.00000000
1623585563.65755844,1,0.08425000,0.00000000,2.00097000,0.00000000,0.00000000
1623585563.75755858,1,0.08328000,0.00000000,2.00097000,0.00000000,0.00000000
1623585563.85755515,1,0.08231000,0.00000000,2.00097000,0.00000000,0.00000000
1623585563.95753074,1,0.08134000,0.00000000,2.00097000,0.00000000,0.00000000
1623585564.05756617,1,0.08037000,0.00000000,2.00097000,0.00000000,0.00000000
1623585564.15753269,1,0.07940000,0.00000000,2.00097000,0.00000000,0.00000000
1623585564.25756764,1,0.07843000,0.00000000,2.00000000,0.00000000,0.00000000
1623585564.35750294,1,0.07843000,0.00000000,2.00097000,0.00000000,0.00000000
1623585564.45752430,1,0.07746000,0.00000000,2.00145500,0.00000000,0.00000000
1623585564.55752730,1,0.07600500,0.00000000,2.00097000,0.00000000,0.00000000
1623585564.65752792,1,0.07503500,0.00000000,2.00097000,0.00000000,0.00000000
1623585564.75752616,1,0.07406500,0.00000000,2.00000000,0.00000000,0.00000000
1623585564.85756350,1,0.07406500,0.00000000,2.00097000,0.00000000,0.00000000
1623585564.95752406,1,0.07309500,0.00000000,2.00097000,0.00000000,0.00000000
1623585565.05752254,1,0.07212500,0.00000000,2.00097000,0.00000000,0.00000000
1623585565.15755081,1,0.07115500,0.00000000,2.00097000,0.00000000,0.00000000
1623585565.25755906,1,0.07018500,0.00000000,2.00000000,0.00000000,0.00000000
1623585565.35755801,1,0.07018500,0.00000000,2.00097000,0.00000000,0.00000000
1623585565.45752954,1,0.06921500,0.00000000,2.00097000,0.00000000,0.00000000
1623585565.55756545,1,0.06824500,0.00000000,2.00000000,0.00000000,0.00000000
1623585565.65751863,1,0.06824500,0.00000000,2.00097000,0.00000000,0.00000000
1623585565.75751710,1,0.06727500,0.00000000,2.00097000,0.00000000,0.00000000
1623585565.85751891,1,0.06630500,0.00000000,2.00000000,0.00000000,0.00000000
1623585565.95751858,1,0.06630500,0.00000000,2.00097000,0.00000000,0.00000000
1623585566.05751777,1,0.06533500,0.00000000,2.00097000,0.00000000,0.00000000
1623585566.15751815,1,0.06436500,0.00000000,2.00097000,0.00000000,0.00000000
1623585566.25751925,1,0.06339500,0.00000000,2.00000000,0.00000000,0.00000000
1623585566.35753846,1,0.06339500,0.00000000,2.00097000,0.00000000,0.00000000
1623585566.45754266,1,0.06242500,0.00000000,2.00097000,0.00000000,0.00000000
1623585566.55754495,1,0.06145500,0.00000000,2.00000000,0.00000000,0.00000000
1623585566.65754247,1,0.06145500,0.00000000,2.00097000,0.00000000,0.00000000
1623585566.75754118,1,0.06048500,0.00000000,2.00145500,0.00000000,0.00000000
1623585566.85756421,1,0.05903000,0.00000000,2.00000000,0.00000000,0.00000000
1623585566.95752096,1,0.05903000,0.00000000,2.00097000,0.00000000,0.00000000
1623585567.05752206,1,0.05806000,0.00000000,2.00000000,0.00000000,0.00000000
1623585567.15752244,1,0.05806000,0.00000000,2.00097000,0.00000000,0.00000000
1623585567.25752354,1,0.05709000,0.00000000,2.00097000,0.00000000,0.00000000
1623585567.35752082,1,0.05612000,0.00000000,2.00000000,0.00000000,0.00000000
1623585567.45752215,1,0.05612000,0.00000000,2.00097000,0.00000000,0.00000000
1623585567.55752254,1,0.05515000,0.00000000,2.00000000,0.00000000,0.00000000
1623585567.65752101,1,0.05515000,0.00000000,2.00097000,0.00000000,0.00000000
1623585567.75752640,1,0.05418000,0.00000000,2.00097000,0.00000000,0.00000000
1623585567.85753298,1,0.05321000,0.00000000,2.00000000,0.00000000,0.00000000
1623585567.95756650,1,0.05321000,0.00000000,2.00097000,0.00000000,0.00000000
1623585568.05752826,1,0.05224000,0.00000000,2.00000000,0.00000000,0.00000000
1623585568.15756011,1,0.05224000,0.00000000,2.00097000,0.00000000,0.00000000
1623585568.25752950,1,0.05127000,0.00000000,2.00097000,0.00000000,0.00000000
1623585568.35753393,1,0.05030000,0.00000000,2.00000000,0.00000000,0.00000000
1623585568.45753312,1,0.05030000,0.00000000,2.00097000,0.00000000,0.00000000
1623585568.55752230,1,0.04933000,0.00000000,2.00000000,0.00000000,0.00000000
1623585568.65753961,1,0.04933000,0.00000000,2.00097000,0.00000000,0.00000000
1623585568.75754309,1,0.04836000,0.00000000,2.00000000,0.00000000,0.00000000
1623585568.85753369,1,0.04836000,0.00000000,2.00097000,0.00000000,0.00000000
1623585568.95754480,1,0.04739000,0.00000000,2.00000000,0.00000000,0.00000000
1623585569.05754256,1,0.04739000,0.00000000,2.00097000,0.00000000,0.00000000
1623585569.15754199,1,0.04642000,0.00000000,2.00000000,0.00000000,0.00000000
1623585569.25754595,1,0.04642000,0.00000000,2.00097000,0.00000000,0.00000000
1623585569.35754824,1,0.04545000,0.00000000,2.00000000,0.00000000,0.00000000
1623585569.45753264,1,0.04545000,0.00000000,2.00097000,0.00000000,0.00000000
1623585569.55754399,1,0.04448000,0.00000000,2.00000000,0.00000000,0.00000000
1623585569.65754175,1,0.04448000,0.00000000,2.00145500,0.00000000,0.00000000
1623585569.75753617,1,0.04302500,0.00000000,2.00000000,0.00000000,0.00000000
1623585569.85752392,1,0.04302500,0.00000000,2.00097000,0.00000000,0.00000000
1623585569.95756149,1,0.04205500,0.00000000,2.00000000,0.00000000,0.00000000
1623585570.05756116,1,0.04205500,0.00000000,2.00097000,0.00000000,0.00000000
1623585570.15752220,1,0.04108500,0.00000000,2.00000000,0.00000000,0.00000000
1623585570.25752711,1,0.04108500,0.00000000,2.00000000,0.00000000,0.00000000
1623585570.35757232,1,0.04108500,0.00000000,2.00097000,0.00000000,0.00000000
1623585570.45752931,1,0.04011500,0.00000000,2.00000000,0.00000000,0.00000000
1623585570.55756521,1,0.04011500,0.00000000,2.00097000,0.00000000,0.00000000
1623585570.65756106,1,0.03914500,0.00000000,2.00000000,0.00000000,0.00000000
1623585570.75755787,1,0.03914500,0.00000000,2.00000000,0.00000000,0.00000000
1623585570.85756350,1,0.03914500,0.00000000,2.00097000,0.00000000,0.00000000
1623585570.95755720,1,0.03817500,0.00000000,2.00000000,0.00000000,0.00000000
1623585571.05753970,1,0.03817500,0.00000000,2.00097000,0.00000000,0.00000000
1623585571.15751886,1,0.03720500,0.00000000,2.00000000,0.00000000,0.00000000
1623585571.25752258,1,0.03720500,0.00000000,2.00000000,0.00000000,0.00000000
1623585571.35752511,1,0.03720500,0.00000000,2.00097000,0.00000000,0.00000000
1623585571.45754218,1,0.03623500,0.00000000,2.00000000,0.00000000,0.00000000
1623585571.55753016,1,0.03623500,0.00000000,2.00097000,0.00000000,0.00000000
1623585571.65753555,1,0.03526500,0.00000000,2.00000000,0.00000000,0.00000000
1623585571.75754952,1,0.03526500,0.00000000,2.00000000,0.00000000,0.00000000
1623585571.85754466,1,0.03526500,0.00000000,2.00097000,0.00000000,0.00000000
1623585571.95756650,1,0.03429500,0.00000000,2.00000000,0.00000000,0.00000000
1623585572.05756044,1,0.03429500,0.00000000,2.00097000,0.00000000,0.00000000
1623585572.15754271,1,0.03332500,0.00000000,2.00000000,0.00000000,0.00000000
1623585572.25753951,1,0.03332500,0.00000000,2.00000000,0.00000000,0.00000000
1623585572.35753942,1,0.03332500,0.00000000,2.00097000,0.00000000,0.00000000
1623585572.45754218,1,0.03235500,0.00000000,2.00000000,0.00000000,0.00000000
1623585572.55753112,1,0.03235500,0.00000000,2.00000000,0.00000000,0.00000000
1623585572.65754080,1,0.03235500,0.00000000,2.00097000,0.00000000,0.00000000
1623585572.75753736,1,0.03138500,0.00000000,2.00000000,0.00000000,0.00000000
1623585572.85753989,1,0.03138500,0.00000000,2.00000000,0.00000000,0.00000000
1623585572.95753837,1,0.03138500,0.00000000,2.00097000,0.00000000,0.00000000
1623585573.05753374,1,0.03041500,0.00000000,2.00000000,0.00000000,0.00000000
1623585573.15753555,1,0.03041500,0.00000000,2.00000000,0.00000000,0.00000000
1623585573.25754094,1,0.03041500,0.00000000,2.00097000,0.00000000,0.00000000
1623585573.35752535,1,0.02944500,0.00000000,2.00000000,0.00000000,0.00000000
1623585573.45753646,1,0.02944500,0.00000000,2.00000000,0.00000000,0.00000000
1623585573.55752134,1,0.02944500,0.00000000,2.00000000,0.00000000,0.00000000
1623585573.65753126,1,0.02944500,0.00000000,2.00097000,0.00000000,0.00000000
1623585573.75752449,1,0.02847500,0.00000000,2.00000000,0.00000000,0.00000000
1623585573.85752535,1,0.02847500,0.00000000,2.00000000,0.00000000,0.00000000
1623585573.95756745,1,0.02847500,0.00000000,2.00145500,0.00000000,0.00000000
1623585574.05752373,1,0.02702000,0.00000000,2.00000000,0.00000000,0.00000000
1623585574.15752053,1,0.02702000,0.00000000,2.00000000,0.00000000,0.00000000
1623585574.25754142,1,0.02702000,0.00000000,2.00097000,0.00000000,0.00000000
1623585574.35752344,1,0.02605000,0.00000000,2.00000000,0.00000000,0.00000000
1623585574.45757174,1,0.02605000,0.00000000,2.00000000,0.00000000,0.00000000
1623585574.55756116,1,0.02605000,0.00000000,2.00000000,0.00000000,0.00000000
1623585574.65752029,1,0.02605000,0.00000000,2.00097000,0.00000000,0.00000000
1623585574.75752091,1,0.02508000,0.00000000,2.00000000,0.00000000,0.00000000
1623585574.85752201,1,0.02508000,0.00000000,2.00000000,0.00000000,0.00000000
1623585574.95752072,1,0.02508000,0.00000000,2.00097000,0.00000000,0.00000000
1623585575.05752110,1,0.02411000,0.00000000,2.00000000,0.00000000,0.00000000
1623585575.15752101,1,0.02411000,0.00000000,2.00000000,0.00000000,0.00000000
1623585575.25752258,1,0.02411000,0.00000000,2.00097000,0.00000000,0.00000000
1623585575.35752130,1,0.02314000,0.00000000,2.00000000,0.00000000,0.00000000
1623585575.45752144,1,0.02314000,0.00000000,2.00000000,0.00000000,0.00000000
1623585575.55752134,1,0.02314000,0.00000000,2.00000000,0.00000000,0.00000000
1623585575.65752244,1,0.02314000,0.00000000,2.00000000,0.00000000,0.00000000
1623585575.75752068,1,0.02314000,0.00000000,2.00097000,0.00000000,0.00000000
1623585575.85754657,1,0.02217000,0.00000000,2.00000000,0.00000000,0.00000000
1623585575.95756888,1,0.02217000,0.00000000,2.00000000,0.00000000,0.00000000
1623585576.05756736,1,0.02217000,0.00000000,2.00000000,0.00000000,0.00000000
1623585576.15752959,1,0.02217000,0.00000000,2.00000000,0.00000000,0.00000000
1623585576.25753188,1,0.02217000,0.00000000,2.00097000,0.00000000,0.00000000
1623585576.35753274,1,0.02120000,0.00000000,2.00000000,0.00000000,0.00000000
1623585576.45757580,1,0.02120000,0.00000000,2.00000000,0.00000000,0.00000000
1623585576.55752110,1,0.02120000,0.00000000,2.00000000,0.00000000,0.00000000
1623585576.65752268,1,0.02120000,0.00000000,2.00000000,0.00000000,0.00000000
1623585576.75752401,1,0.02120000,0.00000000,2.00097000,0.00000000,0.00000000
1623585576.85752392,1,0.02023000,0.00000000,2.00000000,0.00000000,0.00000000
1623585576.95752263,1,0.02023000,0.00000000,2.00000000,0.00000000,0.00000000
1623585577.05752373,1,0.02023000,0.00000000,2.00000000,0.00000000,0.00000000
1623585577.15753770,1,0.02023000,0.00000000,2.00000000,0.00000000,0.00000000
1623585577.25754642,1,0.02023000,0.00000000,2.00097000,0.00000000,0.00000000
1623585577.35753775,1,0.01926000,0.00000000,2.00000000,0.00000000,0.00000000
1623585577.45756125,1,0.01926000,0.00000000,2.00000000,0.00000000,0.00000000
1623585577.55752301,1,0.01926000,0.00000000,2.00000000,0.00000000,0.00000000
1623585577.65752292,1,0.01926000,0.00000000,2.00000000,0.00000000,0.00000000
1623585577.75757122,1,0.01926000,0.00000000,2.00097000,0.00000000,0.00000000
1623585577.85757375,1,0.01829000,0.00000000,2.00000000,0.00000000,0.00000000
1623585577.95754814,1,0.01829000,0.00000000,2.00000000,0.00000000,0.00000000
1623585578.05756640,1,0.01829000,0.00000000,2.00000000,0.00000000,0.00000000
1623585578.15756655,1,0.01829000,0.00000000,2.00000000,0.00000000,0.00000000
1623585578.25756741,1,0.01829000,0.00000000,2.00097000,0.00000000,0.00000000
1623585578.35754085,1,0.01732000,0.00000000,2.00000000,0.00000000,0.00000000
1623585578.45752549,1,0.01732000,0.00000000,2.00000000,0.00000000,0.00000000
1623585578.55752516,1,0.01732000,0.00000000,2.00000000,0.00000000,0.00000000
1623585578.65752244,1,0.01732000,0.00000000,2.00000000,0.00000000,0.00000000
1623585578.75752664,1,0.01732000,0.00000000,2.00097000,0.00000000,0.00000000
1623585578.85752797,1,0.01635000,0.00000000,2.00000000,0.00000000,0.00000000
1623585578.95752954,1,0.01635000,0.00000000,2.00000000,0.00000000,0.00000000
1623585579.05756545,1,0.01635000,0.00000000,2.00000000,0.00000000,0.00000000
1623585579.15756702,1,0.01635000,0.00000000,2.00000000,0.00000000,0.00000000
1623585579.25752449,1,0.01635000,0.00000000,2.00097000,0.00000000,0.00000000
1623585579.35752273,1,0.01538000,0.00000000,2.00000000,0.00000000,0.00000000
1623585579.45752263,1,0.01538000,0.00000000,2.00000000,0.00000000,0.00000000
1623585579.55752301,1,0.01538000,0.00000000,2.00000000,0.00000000,0.00000000
1623585579.65753746,1,0.01538000,0.00000000,2.00000000,0.00000000,0.00000000
1623585579.75757337,1,0.01538000,0.00000000,2.00097000,0.00000000,0.00000000
1623585579.85752201,1,0.01441000,0.00000000,2.00000000,0.00000000,0.00000000
1623585579.95752215,1,0.01441000,0.00000000,2.00000000,0.00000000,0.00000000
1623585580.05752778,1,0.01441000,0.00000000,2.00000000,0.00000000,0.00000000
1623585580.15752172,1,0.01441000,0.00000000,2.00000000,0.00000000,0.00000000
1623585580.25752497,1,0.01441000,0.00000000,2.00097000,0.00000000,0.00000000
1623585580.35752177,1,0.01344000,0.00000000,2.00000000,0.00000000,0.00000000
1623585580.45752716,1,0.01344000,0.00000000,2.00000000,0.00000000,0.00000000
1623585580.55752254,1,0.01344000,0.00000000,2.00000000,0.00000000,0.00000000
1623585580.65752172,1,0.01344000,0.00000000,2.00000000,0.00000000,0.00000000
1623585580.75752330,1,0.01344000,0.00000000,2.00000000,0.00000000,0.00000000
1623585580.85753798,1,0.01344000,0.00000000,2.00000000,0.00000000,0.00000000
1623585580.95753837,1,0.01344000,0.00000000,2.00000000,0.00000000,0.00000000
1623585581.05752850,1,0.01344000,0.00000000,2.00000000,0.00000000,0.00000000
1623585581.15753889,1,0.01344000,0.00000000,2.00097000,0.00000000,0.00000000
1623585581.25756145,1,0.01247000,0.00000000,2.00000000,0.00000000,0.00000000
1623585581.35752225,1,0.01247000,0.00000000,2.00000000,0.00000000,0.00000000
1623585581.45754290,1,0.01247000,0.00000000,2.00000000,0.00000000,0.00000000
1623585581.55752492,1,0.01247000,0.00000000,2.00000000,0.00000000,0.00000000
1623585581.65752482,1,0.01247000,0.00000000,2.00000000,0.00000000,0.00000000
1623585581.75752163,1,0.01247000,0.00000000,2.00000000,0.00000000,0.00000000
1623585581.85752344,1,0.01247000,0.00000000,2.00000000,0.00000000,0.00000000
1623585581.95752120,1,0.01247000,0.00000000,2.00000000,0.00000000,0.00000000
1623585582.05752420,1,0.01247000,0.00000000,2.00000000,0.00000000,0.00000000
1623585582.15752220,1,0.01247000,0.00000000,2.00145500,0.00000000,0.00000000
1623585582.25752234,1,0.01101500,0.00000000,2.00000000,0.00000000,0.00000000
1623585582.35752296,1,0.01101500,0.00000000,2.00000000,0.00000000,0.00000000
1623585582.45752263,1,0.01101500,0.00000000,2.00000000,0.00000000,0.00000000
1623585582.55752563,1,0.01101500,0.00000000,2.00000000,0.00000000,0.00000000
1623585582.65752292,1,0.01101500,0.00000000,2.00000000,0.00000000,0.00000000
1623585582.75752258,1,0.01101500,0.00000000,2.00000000,0.00000000,0.00000000
1623585582.85752511,1,0.01101500,0.00000000,2.00000000,0.00000000,0.00000000
1623585582.95752811,1,0.01101500,0.00000000,2.00000000,0.00000000,0.00000000
1623585583.05753374,1,0.01101500,0.00000000,2.00000000,0.00000000,0.00000000
1623585583.15753198,1,0.01101500,0.00000000,2.00097000,0.00000000,0.00000000
1623585583.25753021,1,0.01004500,0.00000000,2.00000000,0.00000000,0.00000000
1623585583.35754561,1,0.01004500,0.00000000,2.00000000,0.00000000,0.00000000
1623585583.45757127,1,0.01004500,0.00000000,2.00000000,0.00000000,0.00000000
1623585583.55757022,1,0.01004500,0.00000000,2.00000000,0.00000000,0.00000000
1623585583.65756631,1,0.01004500,0.00000000,2.00000000,0.00000000,0.00000000
1623585583.75751925,1,0.01004500,0.00000000,2.00000000,0.00000000,0.00000000
1623585583.85753965,1,0.01004500,0.00000000,2.00000000,0.00000000,0.00000000
1623585583.95754313,1,0.01004500,0.00000000,2.00000000,0.00000000,0.00000000
1623585584.05753946,1,0.01004500,0.00000000,2.00000000,0.00000000,0.00000000
1623585584.15753198,1,0.01004500,0.00000000,2.00097000,0.00000000,0.00000000
1623585584.25753975,1,0.00907500,0.00000000,2.00000000,0.00000000,0.00000000
1623585584.35756302,1,0.00907500,0.00000000,2.00000000,0.00000000,0.00000000
1623585584.45754242,1,0.00907500,0.00000000,2.00000000,0.00000000,0.00000000
1623585584.55754924,1,0.00907500,0.00000000,2.00000000,0.00000000,0.00000000
1623585584.65753651,1,0.00907500,0.00000000,2.00000000,0.00000000,0.00000000
1623585584.75754046,1,0.00907500,0.00000000,2.00000000,0.00000000,0.00000000
1623585584.85753655,1,0.00907500,0.00000000,2.00000000,0.00000000,0.00000000
1623585584.95752144,1,0.00907500,0.00000000,2.00000000,0.00000000,0.00000000
1623585585.05752325,1,0.00907500,0.00000000,2.00000000,0.00000000,0.00000000
1623585585.15752268,1,0.00907500,0.00000000,2.00097000,0.00000000,0.00000000
1623585585.25754189,1,0.00810500,0.00000000,2.00000000,0.00000000,0.00000000
1623585585.35752606,1,0.00810500,0.00000000,2.00000000,0.00000000,0.00000000
1623585585.45752525,1,0.00810500,0.00000000,2.00000000,0.00000000,0.00000000
1623585585.55754519,1,0.00810500,0.00000000,2.00000000,0.00000000,0.00000000
1623585585.65754580,1,0.00810500,0.00000000,2.00000000,0.00000000,0.00000000
1623585585.75752354,1,0.00810500,0.00000000,2.00000000,0.00000000,0.00000000
1623585585.85752177,1,0.00810500,0.00000000,2.00000000,0.00000000,0.00000000
1623585585.95752311,1,0.00810500,0.00000000,2.00000000,0.00000000,0.00000000
1623585586.05752826,1,0.00810500,0.00000000,2.00000000,0.00000000,0.00000000
1623585586.15752864,1,0.00810500,0.00000000,2.00097000,0.00000000,0.00000000
1623585586.25753975,1,0.00713500,0.00000000,2.00000000,0.00000000,0.00000000
1623585586.35754156,1,0.00713500,0.00000000,2.00000000,0.00000000,0.00000000
1623585586.45752192,1,0.00713500,0.00000000,2.00000000,0.00000000,0.00000000
1623585586.55752325,1,0.00713500,0.00000000,2.00000000,0.00000000,0.00000000
1623585586.65752840,1,0.00713500,0.00000000,2.00000000,0.00000000,0.00000000
1623585586.75754428,1,0.00713500,0.00000000,2.00000000,0.00000000,0.00000000
1623585586.85756207,1,0.00713500,0.00000000,2.00000000,0.00000000,0.00000000
1623585586.95756292,1,0.00713500,0.00000000,2.00000000,0.00000000,0.00000000
1623585587.05752492,1,0.00713500,0.00000000,2.00000000,0.00000000,0.00000000
1623585587.15752411,1,0.00713500,0.00000000,2.00097000,0.00000000,0.00000000
1623585587.25756192,1,0.00616500,0.00000000,2.00000000,0.00000000,0.00000000
1623585587.35754275,1,0.00616500,0.00000000,2.00000000,0.00000000,0.00000000
1623585587.45753765,1,0.00616500,0.00000000,2.00000000,0.00000000,0.00000000
1623585587.55756283,1,0.00616500,0.00000000,2.00000000,0.00000000,0.00000000
1623585587.65752840,1,0.00616500,0.00000000,2.00000000,0.00000000,0.00000000
1623585587.75752807,1,0.00616500,0.00000000,2.00000000,0.00000000,0.00000000
1623585587.85752583,1,0.00616500,0.00000000,2.00000000,0.00000000,0.00000000
1623585587.95756698,1,0.00616500,0.00000000,2.00000000,0.00000000,0.00000000
1623585588.05753827,1,0.00616500,0.00000000,2.00000000,0.00000000,0.00000000
1623585588.15752339,1,0.00616500,0.00000000,2.00097000,0.00000000,0.00000000
1623585588.25752449,1,0.00519500,0.00000000,2.00000000,0.00000000,0.00000000
1623585588.35752416,1,0.00519500,0.00000000,2.00000000,0.00000000,0.00000000
1623585588.45755816,1,0.00519500,0.00000000,2.00000000,0.00000000,0.00000000
1623585588.55756021,1,0.00519500,0.00000000,2.00000000,0.00000000,0.00000000
1623585588.65752172,1,0.00519500,0.00000000,2.00000000,0.00000000,0.00000000
1623585588.75754189,1,0.00519500,0.00000000,2.00000000,0.00000000,0.00000000
1623585588.85751653,1,0.00519500,0.00000000,2.00000000,0.00000000,0.00000000
1623585588.95753956,1,0.00519500,0.00000000,2.00000000,0.00000000,0.00000000
1623585589.05752420,1,0.00519500,0.00000000,2.00000000,0.00000000,0.00000000
1623585589.15754390,1,0.00519500,0.00000000,2.00097000,0.00000000,0.00000000
1623585589.25752711,1,0.00422500,0.00000000,2.00000000,0.00000000,0.00000000
1623585589.35752392,1,0.00422500,0.00000000,2.00000000,0.00000000,0.00000000
1623585589.45756865,1,0.00422500,0.00000000,2.00000000,0.00000000,0.00000000
1623585589.55756974,1,0.00422500,0.00000000,2.00000000,0.00000000,0.00000000
1623585589.65757084,1,0.00422500,0.00000000,2.00000000,0.00000000,0.00000000
1623585589.75756812,1,0.00422500,0.00000000,2.00000000,0.00000000,0.00000000
1623585589.85754514,1,0.00422500,0.00000000,2.00000000,0.00000000,0.00000000
1623585589.95753193,1,0.00422500,0.00000000,2.00000000,0.00000000,0.00000000
1623585590.05757117,1,0.00422500,0.00000000,2.00000000,0.00000000,0.00000000
1623585590.15756011,1,0.00422500,0.00000000,2.00000000,0.00000000,0.00000000
1623585590.25756931,1,0.00422500,0.00000000,2.00000000,0.00000000,0.00000000
1623585590.35756135,1,0.00422500,0.00000000,2.00000000,0.00000000,0.00000000
1623585590.45755267,1,0.00422500,0.00000000,2.00000000,0.00000000,0.00000000
1623585590.55756640,1,0.00422500,0.00000000,2.00000000,0.00000000,0.00000000
1623585590.65754104,1,0.00422500,0.00000000,2.00000000,0.00000000,0.00000000
1623585590.75756073,1,0.00422500,0.00000000,2.00000000,0.00000000,0.00000000
1623585590.85755920,1,0.00422500,0.00000000,2.00000000,0.00000000,0.00000000
1623585590.95752430,1,0.00422500,0.00000000,2.00000000,0.00000000,0.00000000
1623585591.05756307,1,0.00422500,0.00000000,2.00000000,0.00000000,0.00000000
1623585591.15753746,1,0.00422500,0.00000000,2.00000000,0.00000000,0.00000000
1623585591.25753689,1,0.00422500,0.00000000,2.00000000,0.00000000,0.00000000
1623585591.35753560,1,0.00422500,0.00000000,2.00000000,0.00000000,0.00000000
1623585591.45753956,1,0.00422500,0.00000000,2.00000000,0.00000000,0.00000000
1623585591.55753779,1,0.00422500,0.00000000,2.00000000,0.00000000,0.00000000
1623585591.65754414,1,0.00422500,0.00000000,2.00000000,0.00000000,0.00000000
1623585591.75753903,1,0.00422500,0.00000000,2.00000000,0.00000000,0.00000000
1623585591.85753632,1,0.00422500,0.00000000,2.00000000,0.00000000,0.00000000
1623585591.95757318,1,0.00422500,0.00000000,2.00000000,0.00000000,0.00000000
1623585592.05752754,1,0.00422500,0.00000000,2.00000000,0.00000000,0.00000000
1623585592.15753222,1,0.00422500,0.00000000,2.00000000,0.00000000,0.00000000
1623585592.25755906,1,0.00422500,0.00000000,2.00000000,0.00000000,0.00000000
1623585592.35756207,1,0.00422500,0.00000000,2.00000000,0.00000000,0.00000000
1623585592.45752883,1,0.00422500,0.00000000,2.00000000,0.00000000,0.00000000
1623585592.55753183,1,0.00422500,0.00000000,2.00000000,0.00000000,0.00000000
1623585592.65753150,1,0.00422500,0.00000000,2.00000000,0.00000000,0.00000000
1623585592.75753689,1,0.00422500,0.00000000,2.00000000,0.00000000,0.00000000
1623585592.85753226,1,0.00422500,0.00000000,2.00000000,0.00000000,0.00000000
1623585592.95753169,1,0.00422500,0.00000000,2.00000000,0.00000000,0.00000000
1623585593.05753064,1,0.00422500,0.00000000,2.00000000,0.00000000,0.00000000
1623585593.15756154,1,0.00422500,0.00000000,2.00000000,0.00000000,0.00000000
1623585593.25756001,1,0.00422500,0.00000000,2.00000000,0.00000000,0.00000000
1623585593.35755992,1,0.00422500,0.00000000,2.00000000,0.00000000,0.00000000
1623585593.45756030,1,0.00422500,0.00000000,2.00000000,0.00000000,0.00000000
1623585593.55757093,1,0.00422500,0.00000000,2.00000000,0.00000000,0.00000000
1623585593.65752554,1,0.00422500,0.00000000,2.00000000,0.00000000,0.00000000
1623585593.75752568,1,0.00422500,0.00000000,2.00000000,0.00000000,0.00000000
1623585593.85752702,1,0.00422500,0.00000000,2.00000000,0.00000000,0.00000000
1623585593.95752811,1,0.00422500,0.00000000,2.00000000,0.00000000,0.00000000
1623585594.05756330,1,0.00422500,0.00000000,2.00000000,0.00000000,0.00000000
1623585594.15754676,1,0.00422500,0.00000000,2.00000000,0.00000000,0.00000000
1623585594.25756049,1,0.00422500,0.00000000,2.00000000,0.00000000,0.00000000
1623585594.35752869,1,0.00422500,0.00000000,2.00000000,0.00000000,0.00000000
1623585594.45752382,1,0.00422500,0.00000000,2.00000000,0.00000000,0.00000000
1623585594.55753088,1,0.00422500,0.00000000,2.00000000,0.00000000,0.00000000
1623585594.65753365,1,0.00422500,0.00000000,2.00000000,0.00000000,0.00000000
1623585594.75752401,1,0.00422500,0.00000000,2.00000000,0.00000000,0.00000000
1623585594.85752392,1,0.00422500,0.00000000,2.00000000,0.00000000,0.00000000
1623585594.95752358,1,0.00422500,0.00000000,2.00000000,0.00000000,0.00000000
1623585595.05757046,1,0.00422500,0.00000000,2.00000000,0.00000000,0.00000000
1623585595.15756536,1,0.00422500,0.00000000,2.00000000,0.00000000,0.00000000
1623585595.25755978,1,0.00422500,0.00000000,2.00000000,0.00000000,0.00000000
1623585595.35756564,1,0.00422500,0.00000000,2.00000000,0.00000000,0.00000000
1623585595.45756316,1,0.00422500,0.00000000,2.00000000,0.00000000,0.00000000
1623585595.55756211,1,0.00422500,0.00000000,2.00000000,0.00000000,0.00000000
1623585595.65756631,1,0.00422500,0.00000000,2.00000000,0.00000000,0.00000000
1623585595.75754309,1,0.00422500,0.00000000,2.00000000,0.00000000,0.00000000
1623585595.85752916,1,0.00422500,0.00000000,2.00000000,0.00000000,0.00000000
1623585595.95756245,1,0.00422500,0.00000000,2.00000000,0.00000000,0.00000000
1623585596.05753875,1,0.00422500,0.00000000,2.00000000,0.00000000,0.00000000
1623585596.15756083,1,0.00422500,0.00000000,2.00000000,0.00000000,0.00000000
1623585596.25752687,1,0.00422500,0.00000000,2.00000000,0.00000000,0.00000000
1623585596.35753274,1,0.00422500,0.00000000,2.00000000,0.00000000,0.00000000
1623585596.45752621,1,0.00422500,0.00000000,2.00000000,0.00000000,0.00000000
1623585596.55754685,1,0.00422500,0.00000000,2.00000000,0.00000000,0.00000000
1623585596.65756464,1,0.00422500,0.00000000,2.00000000,0.00000000,0.00000000
1623585596.75752711,1,0.00422500,0.00000000,2.00000000,0.00000000,0.00000000
1623585596.85756588,1,0.00422500,0.00000000,2.00000000,0.00000000,0.00000000
1623585596.95757079,1,0.00422500,0.00000000,2.00000000,0.00000000,0.00000000
1623585597.05757213,1,0.00422500,0.00000000,2.00000000,0.00000000,0.00000000
1623585597.15751982,1,0.00422500,0.00000000,2.00000000,0.00000000,0.00000000
1623585597.25756502,1,0.00422500,0.00000000,2.00000000,0.00000000,0.00000000
1623585597.35757017,1,0.00422500,0.00000000,2.00000000,0.00000000,0.00000000
1623585597.45754910,1,0.00422500,0.00000000,2.00000000,0.00000000,0.00000000
1623585597.55754733,1,0.00422500,0.00000000,2.00000000,0.00000000,0.00000000
1623585597.65754580,1,0.00422500,0.00000000,2.00000000,0.00000000,0.00000000
1623585597.75754213,1,0.00422500,0.00000000,2.00000000,0.00000000,0.00000000
1623585597.85754585,1,0.00422500,0.00000000,2.00000000,0.00000000,0.00000000
1623585597.95753074,1,0.00422500,0.00000000,2.00000000,0.00000000,0.00000000
1623585598.05754757,1,0.00422500,0.00000000,2.00000000,0.00000000,0.00000000
1623585598.15752339,1,0.00422500,0.00000000,2.00000000,0.00000000,0.00000000
1623585598.25750947,1,0.00422500,0.00000000,2.00000000,0.00000000,0.00000000
1623585598.35752559,1,0.00422500,0.00000000,2.00000000,0.00000000,0.00000000
1623585598.45753360,1,0.00422500,0.00000000,2.00000000,0.00000000,0.00000000
1623585598.55753255,1,0.00422500,0.00000000,2.00000000,0.00000000,0.00000000
1623585598.65756941,1,0.00422500,0.00000000,2.00000000,0.00000000,0.00000000
1623585598.75754690,1,0.00422500,0.00000000,2.00000000,0.00000000,0.00000000
