Seconds,Desired Distance
1623585531.05744791,3.50000000
1623585531.15699697,3.50000000
1623585531.25709176,3.50000000
1623585531.35714912,3.50000000
1623585531.45697618,3.50000000
1623585531.55698800,3.50000000
1623585531.65700150,3.50000000
1623585531.75702500,3.50000000
1623585531.85704422,3.50000000
1623585531.95698357,3.50000000
1623585532.05710125,3.50000000
1623585532.15715528,3.50000000
1623585532.25708795,3.50000000
1623585532.35712647,3.50000000
1623585532.45675611,3.50000000
1623585532.55681062,3.50000000
1623585532.65680218,3.50000000
1623585532.75677204,3.50000000
1623585532.85687351,3.50000000
1623585532.95691657,3.50000000
1623585533.05719709,3.50000000
1623585533.15705681,3.50000000
1623585533.25701237,3.50000000
1623585533.35683084,3.50000000
1623585533.45686197,3.50000000
1623585533.55699134,3.50000000
1623585533.65691948,3.50000000
1623585533.75709438,3.50000000
1623585533.85701823,3.50000000
1623585533.95707178,3.50000000
1623585534.05703425,3.50000000
1623585534.15690255,3.50000000
1623585534.25694799,3.50000000
1623585534.35702276,3.50000000
1623585534.45702648,3.50000000
1623585534.55712962,3.50000000
1623585534.65678573,3.50000000
1623585534.75676107,3.50000000
1623585534.85677862,3.50000000
1623585534.95701432,3.50000000
1623585535.05703640,3.50000000
1623585535.15703034,3.50000000
1623585535.25702929,3.50000000
1623585535.35702467,3.50000000
1623585535.45702243,3.50000000
1623585535.55702734,3.50000000
1623585535.65707111,3.50000000
1623585535.75703120,3.50000000
1623585535.85704112,3.50000000
1623585535.95700312,3.50000000
1623585536.05705500,3.50000000
1623585536.15696764,0.50000000
1623585536.25691962,0.50000000
1623585536.35691357,0.50000000
1623585536.45702291,0.50000000
1623585536.55692697,0.50000000
1623585536.65701795,0.50000000
1623585536.75711799,0.50000000
1623585536.85692763,0.50000000
1623585536.95677829,0.50000000
1623585537.05700827,0.50000000
1623585537.15708542,0.50000000
1623585537.25702691,0.50000000
1623585537.35701489,0.50000000
1623585537.45711040,0.50000000
1623585537.55709291,0.50000000
1623585537.65686607,0.50000000
1623585537.75684619,0.50000000
1623585537.85706377,0.50000000
1623585537.95690942,0.50000000
1623585538.05692935,0.50000000
1623585538.15685177,0.50000000
1623585538.25704288,0.50000000
1623585538.35705733,0.50000000
1623585538.45702267,0.50000000
1623585538.55703497,0.50000000
1623585538.65701365,0.50000000
1623585538.75702572,0.50000000
1623585538.85702801,0.50000000
1623585538.95707321,0.50000000
1623585539.05713606,0.50000000
1623585539.15702701,0.50000000
1623585539.25701714,0.50000000
1623585539.35705781,0.50000000
1623585539.45701075,0.50000000
1623585539.55702257,0.50000000
1623585539.65710950,0.50000000
1623585539.75709128,0.50000000
1623585539.85701537,0.50000000
1623585539.95700693,0.50000000
1623585540.05701351,0.50000000
1623585540.15702701,0.50000000
1623585540.25702834,0.50000000
1623585540.35702038,0.50000000
1623585540.45703125,0.50000000
1623585540.55702901,0.50000000
1623585540.65701342,0.50000000
1623585540.75708961,0.50000000
1623585540.85708427,0.50000000
1623585540.95706868,0.50000000
1623585541.05703187,0.50000000
1623585541.15701127,0.50000000
1623585541.25701189,0.50000000
1623585541.35702705,0.50000000
1623585541.45702553,0.50000000
1623585541.55701065,0.50000000
1623585541.65702271,0.50000000
1623585541.75699019,0.50000000
1623585541.85703015,0.50000000
1623585541.95702004,0.50000000
1623585542.05700493,0.50000000
1623585542.15702438,0.50000000
1623585542.25702405,0.50000000
1623585542.35703802,0.50000000
1623585542.45702744,0.50000000
1623585542.55702114,0.50000000
1623585542.65702152,0.50000000
1623585542.75702381,0.50000000
1623585542.85702586,0.50000000
1623585542.95701814,0.50000000
1623585543.05700564,0.50000000
1623585543.15700555,0.50000000
1623585543.25702691,0.50000000
1623585543.35702515,0.50000000
1623585543.45703912,0.50000000
1623585543.55701947,0.50000000
1623585543.65701985,0.50000000
1623585543.75701880,0.50000000
1623585543.85688901,0.50000000
1623585543.95701337,0.50000000
1623585544.05702186,0.50000000
1623585544.15702581,0.50000000
1623585544.25702357,0.50000000
1623585544.35703444,0.50000000
1623585544.45703053,0.50000000
1623585544.55701947,0.50000000
1623585544.65701556,0.50000000
1623585544.75701571,0.50000000
1623585544.85700631,0.50000000
1623585544.95701575,0.50000000
1623585545.05698323,0.50000000
1623585545.15701771,0.50000000
1623585545.25697947,0.50000000
1623585545.35698438,0.50000000
1623585545.45703387,0.50000000
1623585545.55704188,0.50000000
1623585545.65706205,0.50000000
1623585545.75703764,0.50000000
1623585545.85702133,0.50000000
1623585545.95701766,0.50000000
1623585546.05702066,0.50000000
1623585546.15704417,0.50000000
1623585546.25685954,0.50000000
1623585546.35700607,0.50000000
1623585546.45702219,0.50000000
1623585546.55701518,0.50000000
1623585546.65710759,0.50000000
1623585546.75702381,0.50000000
1623585546.85702348,0.50000000
1623585546.95701861,0.50000000
1623585547.05703068,0.50000000
1623585547.15702868,0.50000000
1623585547.25705409,0.50000000
1623585547.35703206,0.50000000
1623585547.45698166,0.50000000
1623585547.55712080,0.50000000
1623585547.65713978,0.50000000
1623585547.75710225,0.50000000
1623585547.85702944,0.50000000
1623585547.95704317,0.50000000
1623585548.05701518,0.50000000
1623585548.15714359,0.50000000
1623585548.25688171,0.50000000
1623585548.35687685,0.50000000
1623585548.45701098,0.50000000
1623585548.55703640,0.50000000
1623585548.65706348,0.50000000
1623585548.75702477,0.50000000
1623585548.85703230,0.50000000
1623585548.95702934,0.50000000
1623585549.05702543,0.50000000
1623585549.15681529,0.50000000
1623585549.25700879,0.50000000
1623585549.35701632,0.50000000
1623585549.45707679,0.50000000
1623585549.55704832,0.50000000
1623585549.65703082,0.50000000
1623585549.75700021,0.50000000
1623585549.85705304,0.50000000
1623585549.95703268,0.50000000
1623585550.05704641,0.50000000
1623585550.15700674,0.50000000
1623585550.25709605,0.50000000
1623585550.35711336,0.50000000
1623585550.45700431,0.50000000
1623585550.55703616,0.50000000
1623585550.65708399,0.50000000
1623585550.75709581,0.50000000
1623585550.85709071,0.50000000
1623585550.95705199,0.50000000
1623585551.05703950,0.50000000
1623585551.15710115,0.50000000
1623585551.25700474,0.50000000
1623585551.35701036,0.50000000
1623585551.45688438,0.50000000
1623585551.55706215,0.50000000
1623585551.65706897,0.50000000
1623585551.75702024,0.50000000
1623585551.85701156,0.50000000
1623585551.95703506,0.50000000
1623585552.05701160,0.50000000
1623585552.15700841,0.50000000
1623585552.25702477,0.50000000
1623585552.35703468,0.50000000
1623585552.45701170,0.50000000
1623585552.55700493,0.50000000
1623585552.65700293,0.50000000
1623585552.75700521,0.50000000
1623585552.85710311,0.50000000
1623585552.95710635,0.50000000
1623585553.05701351,0.50000000
1623585553.15700459,0.50000000
1623585553.25700927,0.50000000
1623585553.35702515,0.50000000
1623585553.45702004,0.50000000
1623585553.55702186,0.50000000
1623585553.65701485,0.50000000
1623585553.75706220,0.50000000
1623585553.85705709,0.50000000
1623585553.95702386,0.50000000
1623585554.05703568,0.50000000
1623585554.15702820,0.50000000
1623585554.25702119,0.50000000
1623585554.35702205,0.50000000
1623585554.45701742,0.50000000
1623585554.55698514,0.50000000
1623585554.65702844,0.50000000
1623585554.75703406,0.50000000
1623585554.85703063,0.50000000
1623585554.95702124,0.50000000
1623585555.05702543,0.50000000
1623585555.15702844,0.50000000
1623585555.25702739,0.50000000
1623585555.35701895,0.50000000
1623585555.45698333,0.50000000
1623585555.55701804,0.50000000
1623585555.65713215,0.50000000
1623585555.75702953,0.50000000
1623585555.85701728,0.50000000
1623585555.95702600,0.50000000
1623585556.05702233,0.50000000
1623585556.15701628,0.50000000
1623585556.25703263,0.50000000
1623585556.35712409,0.50000000
1623585556.45700836,0.50000000
1623585556.55692244,0.50000000
1623585556.65704107,0.50000000
1623585556.75700045,0.50000000
1623585556.85701895,0.50000000
1623585556.95701551,0.50000000
1623585557.05701447,0.50000000
1623585557.15710640,0.50000000
1623585557.25701666,0.50000000
1623585557.35705495,0.50000000
1623585557.45704961,0.50000000
1623585557.55703545,0.50000000
1623585557.65704679,0.50000000
1623585557.75703311,0.50000000
1623585557.85703826,0.50000000
1623585557.95703053,0.50000000
1623585558.05703664,0.50000000
1623585558.15708137,0.50000000
1623585558.25703692,0.50000000
1623585558.35704470,0.50000000
1623585558.45700479,0.50000000
1623585558.55700159,0.50000000
1623585558.65707779,0.50000000
1623585558.75701523,0.50000000
1623585558.85700846,0.50000000
1623585558.95706153,0.50000000
1623585559.05701637,0.50000000
1623585559.15705562,0.50000000
1623585559.25700378,0.50000000
1623585559.35705423,0.50000000
1623585559.45700836,0.50000000
1623585559.55693483,0.50000000
1623585559.65702319,0.50000000
1623585559.75700402,0.50000000
1623585559.85706162,0.50000000
1623585559.95721126,0.50000000
1623585560.05711174,0.50000000
1623585560.15707970,0.50000000
1623585560.25692058,0.50000000
1623585560.35711265,0.50000000
1623585560.45710897,0.50000000
1623585560.55710793,0.50000000
1623585560.65710449,0.50000000
1623585560.75712037,0.50000000
1623585560.85702515,0.50000000
1623585560.95706177,0.50000000
1623585561.05701470,0.50000000
1623585561.15702033,0.50000000
1623585561.25701594,0.50000000
1623585561.35702801,0.50000000
1623585561.45700455,0.50000000
1623585561.55702591,0.50000000
1623585561.65702534,0.50000000
1623585561.75701904,0.50000000
1623585561.85704136,0.50000000
1623585561.95704389,0.50000000
1623585562.05704474,0.50000000
1623585562.15701914,0.50000000
1623585562.25700879,0.50000000
1623585562.35702705,0.50000000
1623585562.45700693,0.50000000
1623585562.55700207,0.50000000
1623585562.65702367,0.50000000
1623585562.75700521,0.50000000
1623585562.85700226,0.50000000
1623585562.95702410,0.50000000
1623585563.05702829,0.50000000
1623585563.15700364,0.50000000
1623585563.25700521,0.50000000
1623585563.35700274,0.50000000
1623585563.45700264,0.50000000
1623585563.55700231,0.50000000
1623585563.65700221,0.50000000
1623585563.75700331,0.50000000
1623585563.85715556,0.50000000
1623585563.95702124,0.50000000
1623585564.05700660,0.50000000
1623585564.15701079,0.50000000
1623585564.25702715,0.50000000
1623585564.35686731,0.50000000
1623585564.45701051,0.50000000
1623585564.55700469,0.50000000
1623585564.65701270,0.50000000
1623585564.75701618,0.50000000
1623585564.85702825,0.50000000
1623585564.95703292,0.50000000
1623585565.05701923,0.50000000
1623585565.15702724,0.50000000
1623585565.25700617,0.50000000
1623585565.35702491,0.50000000
1623585565.45697522,0.50000000
1623585565.55700445,0.50000000
1623585565.65705442,0.50000000
1623585565.75703692,0.50000000
1623585565.85704398,0.50000000
1623585565.95705748,0.50000000
1623585566.05705619,0.50000000
1623585566.15704846,0.50000000
1623585566.25703454,0.50000000
1623585566.35702348,0.50000000
1623585566.45701742,0.50000000
1623585566.55702782,0.50000000
1623585566.65700483,0.50000000
1623585566.75700307,0.50000000
1623585566.85700774,0.50000000
1623585566.95700336,0.50000000
1623585567.05700946,0.50000000
1623585567.15700245,0.50000000
1623585567.25700116,0.50000000
1623585567.35700202,0.50000000
1623585567.45700669,0.50000000
1623585567.55702591,0.50000000
1623585567.65700412,0.50000000
1623585567.75700235,0.50000000
1623585567.85700202,0.50000000
1623585567.95701313,0.50000000
1623585568.05701900,0.50000000
1623585568.15700603,0.50000000
1623585568.25700688,0.50000000
1623585568.35701990,0.50000000
1623585568.45702362,0.50000000
1623585568.55700016,0.50000000
1623585568.65701866,0.50000000
1623585568.75702333,0.50000000
1623585568.85700774,0.50000000
1623585568.95701218,0.50000000
1623585569.05700564,0.50000000
1623585569.15700960,0.50000000
1623585569.25701261,0.50000000
1623585569.35700965,0.50000000
1623585569.45701671,0.50000000
1623585569.55701566,0.50000000
1623585569.65701556,0.50000000
1623585569.75702929,0.50000000
1623585569.85703540,0.50000000
1623585569.95703602,0.50000000
1623585570.05700827,0.50000000
1623585570.15704298,0.50000000
1623585570.25703216,0.50000000
1623585570.35703468,0.50000000
1623585570.45703912,0.50000000
1623585570.55701208,0.50000000
1623585570.65702319,0.50000000
1623585570.75702047,0.50000000
1623585570.85702705,0.50000000
1623585570.95702672,0.50000000
1623585571.05701423,0.50000000
1623585571.15702510,0.50000000
1623585571.25700879,0.50000000
1623585571.35707927,0.50000000
1623585571.45703220,0.50000000
1623585571.55703115,0.50000000
1623585571.65703416,0.50000000
1623585571.75702095,0.50000000
1623585571.85703564,0.50000000
1623585571.95702386,0.50000000
1623585572.05702138,0.50000000
1623585572.15701938,0.50000000
1623585572.25702524,0.50000000
1623585572.35702085,0.50000000
1623585572.45703292,0.50000000
1623585572.55704021,0.50000000
1623585572.65701437,0.50000000
1623585572.75701952,0.50000000
1623585572.85703015,0.50000000
1623585572.95702505,0.50000000
1623585573.05703259,0.50000000
1623585573.15704012,0.50000000
1623585573.25712347,0.50000000
1623585573.35712218,0.50000000
1623585573.45708060,0.50000000
1623585573.55702639,0.50000000
1623585573.65706754,0.50000000
1623585573.75698733,0.50000000
1623585573.85706735,0.50000000
1623585573.95706415,0.50000000
1623585574.05705953,0.50000000
1623585574.15709305,0.50000000
1623585574.25701785,0.50000000
1623585574.35702872,0.50000000
1623585574.45702553,0.50000000
1623585574.55699372,0.50000000
1623585574.65703678,0.50000000
1623585574.75701404,0.50000000
1623585574.85701108,0.50000000
1623585574.95703220,0.50000000
1623585575.05704188,0.50000000
1623585575.15703726,0.50000000
1623585575.25703979,0.50000000
1623585575.35701656,0.50000000
1623585575.45701146,0.50000000
1623585575.55703163,0.50000000
1623585575.65701270,0.50000000
1623585575.75703740,0.50000000
1623585575.85703993,0.50000000
1623585575.95705080,0.50000000
1623585576.05702043,0.50000000
1623585576.15701079,0.50000000
1623585576.25697565,0.50000000
1623585576.35705209,0.50000000
1623585576.45685506,0.50000000
1623585576.55703783,0.50000000
1623585576.65703607,0.50000000
1623585576.75701451,0.50000000
1623585576.85701823,0.50000000
1623585576.95701861,0.50000000
1623585577.05704427,0.50000000
1623585577.15701532,0.50000000
1623585577.25702333,0.50000000
1623585577.35703254,0.50000000
1623585577.45703506,0.50000000
1623585577.55700541,0.50000000
1623585577.65702987,0.50000000
1623585577.75711513,0.50000000
1623585577.85711145,0.50000000
1623585577.95702815,0.50000000
1623585578.05702782,0.50000000
1623585578.15702200,0.50000000
1623585578.25703311,0.50000000
1623585578.35701227,0.50000000
1623585578.45707178,0.50000000
1623585578.55700636,0.50000000
1623585578.65700102,0.50000000
1623585578.75697088,0.50000000
1623585578.85707521,0.50000000
1623585578.95704937,0.50000000
1623585579.05701876,0.50000000
1623585579.15707588,0.50000000
1623585579.25707722,0.50000000
1623585579.35703826,0.50000000
1623585579.45704412,0.50000000
1623585579.55709505,0.50000000
1623585579.65703201,0.50000000
1623585579.75700521,0.50000000
1623585579.85701990,0.50000000
1623585579.95701647,0.50000000
1623585580.05708265,0.50000000
1623585580.15703487,0.50000000
1623585580.25707221,0.50000000
1623585580.35706353,0.50000000
1623585580.45711565,0.50000000
1623585580.55711937,0.50000000
1623585580.65711427,0.50000000
1623585580.75708199,0.50000000
1623585580.85708046,0.50000000
1623585580.95702004,0.50000000
1623585581.05704522,0.50000000
1623585581.15701866,0.50000000
1623585581.25702357,0.50000000
1623585581.35701013,0.50000000
1623585581.45701647,0.50000000
1623585581.55702376,0.50000000
1623585581.65700555,0.50000000
1623585581.75702643,0.50000000
1623585581.85703707,0.50000000
1623585581.95702410,0.50000000
1623585582.05701065,0.50000000
1623585582.15703321,0.50000000
1623585582.25703931,0.50000000
1623585582.35700631,0.50000000
1623585582.45701075,0.50000000
1623585582.55703187,0.50000000
1623585582.65700746,0.50000000
1623585582.75700498,0.50000000
1623585582.85702848,0.50000000
1623585582.95701313,0.50000000
1623585583.05709338,0.50000000
1623585583.15702891,0.50000000
1623585583.25702238,0.50000000
1623585583.35702324,0.50000000
1623585583.45700693,0.50000000
1623585583.55703187,0.50000000
1623585583.65702367,0.50000000
1623585583.75699592,0.50000000
1623585583.85703301,0.50000000
1623585583.95702004,0.50000000
1623585584.05702925,0.50000000
1623585584.15703487,0.50000000
1623585584.25702357,0.50000000
1623585584.35702372,0.50000000
1623585584.45702338,0.50000000
1623585584.55701566,0.50000000
1623585584.65702343,0.50000000
1623585584.75702310,0.50000000
1623585584.85701752,0.50000000
1623585584.95700598,0.50000000
1623585585.05701113,0.50000000
1623585585.15702438,0.50000000
1623585585.25708246,0.50000000
1623585585.35708499,0.50000000
1623585585.45703006,0.50000000
1623585585.55702853,0.50000000
1623585585.65702033,0.50000000
1623585585.75702405,0.50000000
1623585585.85703206,0.50000000
1623585585.95703244,0.50000000
1623585586.05700874,0.50000000
1623585586.15702152,0.50000000
1623585586.25705814,0.50000000
1623585586.35702085,0.50000000
1623585586.45702481,0.50000000
1623585586.55707073,0.50000000
1623585586.65700746,0.50000000
1623585586.75700521,0.50000000
1623585586.85700321,0.50000000
1623585586.95703530,0.50000000
1623585587.05708146,0.50000000
1623585587.15708780,0.50000000
1623585587.25708771,0.50000000
1623585587.35709715,0.50000000
1623585587.45700836,0.50000000
1623585587.55698419,0.50000000
1623585587.65703702,0.50000000
1623585587.75703573,0.50000000
1623585587.85703826,0.50000000
1623585587.95703459,0.50000000
1623585588.05702424,0.50000000
1623585588.15699029,0.50000000
1623585588.25696802,0.50000000
1623585588.35701227,0.50000000
1623585588.45703292,0.50000000
1623585588.55701375,0.50000000
1623585588.65702820,0.50000000
1623585588.75701284,0.50000000
1623585588.85702395,0.50000000
1623585588.95700741,0.50000000
1623585589.05703187,0.50000000
1623585589.15702963,0.50000000
1623585589.25703001,0.50000000
1623585589.35702634,0.50000000
1623585589.45702243,0.50000000
1623585589.55710673,0.50000000
1623585589.65709901,0.50000000
1623585589.75702977,0.50000000
1623585589.85700846,0.50000000
1623585589.95702195,0.50000000
1623585590.05703020,0.50000000
1623585590.15708017,0.50000000
1623585590.25708580,0.50000000
1623585590.35707664,0.50000000
1623585590.45706248,0.50000000
1623585590.55709314,0.50000000
1623585590.65702677,0.50000000
1623585590.75701976,0.50000000
1623585590.85703874,0.50000000
1623585590.95704079,0.50000000
1623585591.05705881,0.50000000
1623585591.15706420,0.50000000
1623585591.25704789,0.50000000
1623585591.35705280,0.50000000
1623585591.45705295,0.50000000
1623585591.55706620,0.50000000
1623585591.65705419,0.50000000
1623585591.75704885,0.50000000
1623585591.85704494,0.50000000
1623585591.95706654,0.50000000
1623585592.05704331,0.50000000
1623585592.15704417,0.50000000
1623585592.25709200,0.50000000
1623585592.35705924,0.50000000
1623585592.45711303,0.50000000
1623585592.55700970,0.50000000
1623585592.65701246,0.50000000
1623585592.75700903,0.50000000
1623585592.85706401,0.50000000
1623585592.95707083,0.50000000
1623585593.05707049,0.50000000
1623585593.15703249,0.50000000
1623585593.25702620,0.50000000
1623585593.35702443,0.50000000
1623585593.45698690,0.50000000
1623585593.55701470,0.50000000
1623585593.65700579,0.50000000
1623585593.75702429,0.50000000
1623585593.85700989,0.50000000
1623585593.95701480,0.50000000
1623585594.05700970,0.50000000
1623585594.15700984,0.50000000
1623585594.25701284,0.50000000
1623585594.35700893,0.50000000
1623585594.45701194,0.50000000
1623585594.55702734,0.50000000
1623585594.65702558,0.50000000
1623585594.75707340,0.50000000
1623585594.85701418,0.50000000
1623585594.95705128,0.50000000
1623585595.05706882,0.50000000
1623585595.15702820,0.50000000
1623585595.25700712,0.50000000
1623585595.35700798,0.50000000
1623585595.45707798,0.50000000
1623585595.55705237,0.50000000
1623585595.65707970,0.50000000
1623585595.75702357,0.50000000
1623585595.85701299,0.50000000
1623585595.95706391,0.50000000
1623585596.05703950,0.50000000
1623585596.15686083,0.50000000
1623585596.25703502,0.50000000
1623585596.35691857,0.50000000
1623585596.45701647,0.50000000
1623585596.55693173,0.50000000
1623585596.65704536,0.50000000
1623585596.75706673,0.50000000
1623585596.85706353,0.50000000
1623585596.95703578,0.50000000
1623585597.05702996,0.50000000
1623585597.15703630,0.50000000
1623585597.25709486,0.50000000
1623585597.35702872,0.50000000
1623585597.45688748,0.50000000
1623585597.55692792,0.50000000
1623585597.65710664,0.50000000
1623585597.75706387,0.50000000
1623585597.85705519,0.50000000
1623585597.95703816,0.50000000
1623585598.05694556,0.50000000
1623585598.15704966,0.50000000
1623585598.25705600,0.50000000
1623585598.35693359,0.50000000
1623585598.45706892,0.50000000
1623585598.55703783,0.50000000
1623585598.65705681,0.50000000
1623585598.75708365,0.50000000
1623585598.85710311,0.50000000
