Seconds, Linear Velocity, Angular Velocitiy,X,Y
1623585524.64941263,0.00000000,0.00000000,0.00000000,0.00000000
1623585524.74933147,0.00000000,0.00000000,0.00000000,0.00000000
1623585524.85021400,0.00000000,0.00000000,0.00000000,0.00000000
1623585524.95079970,0.00000000,0.00000000,0.00000000,0.00000000
1623585525.05031490,0.00000000,0.00000000,0.00000000,0.00000000
1623585525.15090990,0.00000000,0.00000000,0.00000000,0.00000000
1623585525.25052977,0.00000000,0.00000000,0.00000000,0.00000000
1623585525.35115719,0.00000000,0.00000000,0.00000000,0.00000000
1623585525.45183706,0.00000000,0.00000000,0.00000000,0.00000000
1623585525.55142450,0.00000000,0.00000000,0.00000000,0.00000000
1623585525.65204239,0.00000000,0.00000000,0.00000000,0.00000000
1623585525.75166917,0.00000000,0.00000000,0.00000000,0.00000000
1623585525.85128832,0.00000000,0.00000000,0.00000000,0.00000000
1623585525.95193934,0.00000000,0.00000000,0.00000000,0.00000000
1623585526.05123544,0.00000000,0.00000000,0.00000000,0.00000000
1623585526.15200901,0.00000000,0.00000000,0.00000000,0.00000000
1623585526.25161099,0.00000000,0.00000000,0.00000000,0.00000000
1623585526.35132003,0.00000000,0.00000000,0.00000000,0.00000000
1623585526.45200658,0.00000000,0.00000000,0.00000000,0.00000000
1623585526.55147839,0.00000000,0.00000000,0.00000000,0.00000000
1623585526.65185547,0.00000000,0.00000000,0.00000000,0.00000000
1623585526.75162458,0.00000000,0.00000000,0.00000000,0.00000000
1623585526.85124111,0.00000000,0.00000000,0.00000000,0.00000000
1623585526.95170426,0.00000000,0.00000000,0.00000000,0.00000000
1623585527.05137420,0.00000000,0.00000000,0.00000000,0.00000000
1623585527.15139461,0.00000000,0.00000000,0.00000000,0.00000000
1623585527.25178885,0.00000000,0.00000000,0.00000000,0.00000000
1623585527.35148096,0.00000000,0.00000000,0.00000000,0.00000000
1623585527.45198727,0.00000000,0.00000000,0.00000000,0.00000000
1623585527.55127430,0.00000000,0.00000000,0.00000000,0.00000000
1623585527.65196085,0.00000000,0.00000000,0.00000000,0.00000000
1623585527.75169301,0.00000000,0.00000000,0.00000000,0.00000000
1623585527.85115361,0.00000000,0.00000000,0.00000000,0.00000000
1623585527.95169091,0.00000000,0.00000000,0.00000000,0.00000000
1623585528.05131650,0.00000000,0.00000000,0.00000000,0.00000000
1623585528.15183640,0.00000000,0.00000000,0.00000000,0.00000000
1623585528.25173616,0.00000000,0.00000000,0.00000000,0.00000000
1623585528.35131621,0.00000000,0.00000000,0.00000000,0.00000000
1623585528.45183873,0.00000000,0.00000000,0.00000000,0.00000000
1623585528.55156493,0.00000000,0.00000000,0.00000000,0.00000000
1623585528.65131021,0.00000000,0.00000000,0.00000000,0.00000000
1623585528.75219679,0.00000000,0.00000000,0.00000000,0.00000000
1623585528.85299683,0.00000000,0.00000000,0.00000000,0.00000000
1623585528.95276809,0.00000000,0.00000000,0.00000000,0.00000000
1623585529.05220366,0.00000000,0.00000000,0.00000000,0.00000000
1623585529.15280771,0.00000000,0.00000000,0.00000000,0.00000000
1623585529.25232577,0.00000000,0.00000000,0.00000000,0.00000000
1623585529.35293365,0.00000000,0.00000000,0.00000000,0.00000000
1623585529.45376325,0.00000000,0.00000000,0.00000000,0.00000000
1623585529.55342793,0.00000000,0.00000000,0.00000000,0.00000000
1623585529.65411544,0.00000000,0.00000000,0.00000000,0.00000000
1623585529.75383782,0.00000000,0.00000000,0.00000000,0.00000000
1623585529.85419846,0.00000000,0.00000000,0.00000000,0.00000000
1623585529.95499301,0.00000000,0.00000000,0.00000000,0.00000000
1623585530.05465245,0.00000000,0.00000000,0.00000000,0.00000000
1623585530.15439320,0.00000000,0.00000000,0.00000000,0.00000000
1623585530.25405598,0.00000000,0.00000000,0.00000000,0.00000000
1623585530.35467982,0.00000000,0.00000000,0.00000000,0.00000000
1623585530.45438290,0.00000000,0.00000000,0.00000000,0.00000000
1623585530.55498123,0.00000000,0.00000000,0.00000000,0.00000000
1623585530.65578794,0.00000000,0.00000000,0.00000000,0.00000000
1623585530.75553679,0.00000000,0.00000000,0.00000000,0.00000000
1623585530.85533214,0.00000000,0.00000000,0.00000000,0.00000000
1623585530.95610332,0.00000000,0.00000000,0.00000000,0.00000000
1623585531.05588508,0.00000000,0.00000000,0.00000000,0.00000000
1623585531.15602875,0.00000000,0.00000000,0.00000000,0.00000000
1623585531.25604916,0.00000000,0.00000000,0.00000000,0.00000000
1623585531.35598063,0.00000000,0.00000000,0.00000000,0.00000000
1623585531.45610356,0.00000000,0.00000000,0.00000000,0.00000000
1623585531.55530739,0.00000000,0.00000000,0.00000000,0.00000000
1623585531.65604591,0.00000000,0.00000000,0.00000000,0.00000000
1623585531.75576878,0.00000000,0.00000000,0.00000000,0.00000000
1623585531.85550213,0.00000000,0.00000000,0.00000000,0.00000000
1623585531.95624518,0.00000000,0.00000000,0.00000000,0.00000000
1623585532.05693102,0.00000000,0.00000000,0.00000000,0.00000000
1623585532.15664458,0.00000000,0.00000000,0.00000000,0.00000000
1623585532.25629830,0.00000000,0.00000000,0.00000000,0.00000000
1623585532.35708332,0.00000000,0.00000000,0.00000000,0.00000000
1623585532.45652461,0.00000000,0.00000000,0.00000000,0.00000000
1623585532.55609369,0.00000000,0.00000000,0.00000000,0.00000000
1623585532.65688753,0.00000000,0.00000000,0.00000000,0.00000000
1623585532.75648355,0.00000000,0.00000000,0.00000000,0.00000000
1623585532.85625625,0.00000000,0.00000000,0.00000000,0.00000000
1623585532.95618153,0.00000000,0.00000000,0.00000000,0.00000000
1623585533.05662346,0.00000000,0.00000000,0.00000000,0.00000000
1623585533.15706348,0.00000000,0.00000000,0.00000000,0.00000000
1623585533.25702167,0.00000000,0.00000000,0.00000000,0.00000000
1623585533.35638642,0.00000000,0.00000000,0.00000000,0.00000000
1623585533.45635176,0.00000000,0.00000000,0.00000000,0.00000000
1623585533.55619860,0.03000000,0.00000000,0.00291000,0.00000000
1623585533.65629864,0.06000000,0.00000000,0.00873000,0.00000000
1623585533.75727415,0.09000000,0.00000000,0.01794500,0.00000000
1623585533.85771680,0.12000000,0.00000000,0.02958500,0.00000000
1623585533.95745921,0.15000000,0.00000000,0.04462000,0.00000000
1623585534.05822420,0.18000000,0.00000000,0.06256500,0.00000000
1623585534.15862608,0.20000000,0.00000000,0.08293500,0.00000000
1623585534.25828695,0.19900000,0.00000000,0.10282000,0.00000000
1623585534.35839009,0.19800000,0.00000000,0.12173500,0.00000000
1623585534.45909667,0.19700000,0.00000000,0.14162000,0.00000000
1623585534.55981016,0.19600000,0.00000000,0.16053500,0.00000000
1623585534.65947628,0.19400000,0.00000000,0.18090500,0.00000000
1623585534.75915909,0.19200000,0.00000000,0.19982000,0.00000000
1623585534.85932136,0.19000000,0.00000000,0.21873500,0.00000000
1623585534.96006775,0.18800000,0.00000000,0.23765000,0.00000000
1623585535.05927777,0.18600000,0.00000000,0.25559500,0.00000000
1623585535.15995693,0.18400000,0.00000000,0.27499500,0.00000000
1623585535.25967216,0.18200000,0.00000000,0.29294000,0.00000000
1623585535.35917783,0.18000000,0.00000000,0.31088500,0.00000000
1623585535.45985317,0.17800000,0.00000000,0.32883000,0.00000000
1623585535.55953121,0.17600000,0.00000000,0.34580500,0.00000000
1623585535.65953827,0.17400000,0.00000000,0.36375000,0.00000000
1623585535.75932169,0.17200000,0.00000000,0.38072500,0.00000000
1623585535.85993648,0.17100000,0.00000000,0.39770000,0.00000000
1623585535.95930648,0.16900000,0.00000000,0.41467500,0.00000000
1623585536.05977869,0.16700000,0.00000000,0.43165000,0.00000000
1623585536.15938139,0.16500000,0.00000000,0.44862500,0.00000000
1623585536.26004481,0.16400000,0.00000000,0.46463000,0.00000000
1623585536.35918427,0.16200000,0.00000000,0.48063500,0.00000000
1623585536.45954561,0.16000000,0.00000000,0.49664000,0.00000000
1623585536.55990028,0.15900000,0.00000000,0.51264500,0.00000000
1623585536.65984559,0.15700000,0.00000000,0.52865000,0.00000000
1623585536.75939488,0.15500000,0.00000000,0.54368500,0.00000000
1623585536.85954165,0.15400000,0.00000000,0.55969000,0.00000000
1623585536.95974231,0.15200000,0.00000000,0.57472500,0.00000000
1623585537.06017756,0.15000000,0.00000000,0.58976000,0.00000000
1623585537.16101384,0.14900000,0.00000000,0.60479500,0.00000000
1623585537.26100421,0.14700000,0.00000000,0.61886000,0.00000000
1623585537.36035824,0.14600000,0.00000000,0.63389500,0.00000000
1623585537.46091437,0.14400000,0.00000000,0.64796000,0.00000000
1623585537.56026578,0.14300000,0.00000000,0.66299500,0.00000000
1623585537.66037011,0.14100000,0.00000000,0.67657500,0.00000000
1623585537.76009035,0.14100000,0.00000000,0.69064000,0.00000000
1623585537.86127067,0.14000000,0.00000000,0.70470500,0.00000000
1623585537.96173286,0.13700000,0.00000000,0.71877000,0.00000000
1623585538.06177878,0.13700000,0.00000000,0.73186500,0.00000000
1623585538.16167402,0.13400000,0.00000000,0.74593000,0.00000000
1623585538.26214194,0.13200000,0.00000000,0.75854000,0.00000000
1623585538.36271262,0.13100000,0.00000000,0.77163500,0.00000000
1623585538.46222925,0.13100000,0.00000000,0.78473000,0.00000000
1623585538.56257510,0.13000000,0.00000000,0.79782500,0.00000000
1623585538.66311765,0.12800000,0.00000000,0.81092000,0.00000000
1623585538.76252961,0.12700000,0.00000000,0.82353000,0.00000000
1623585538.86303020,0.12500000,0.00000000,0.83565500,0.00000000
1623585538.96268654,0.12400000,0.00000000,0.84875000,0.00000000
1623585539.06243682,0.12300000,0.00000000,0.86087500,0.00000000
1623585539.16248322,0.12200000,0.00000000,0.87251500,0.00000000
1623585539.26300263,0.12000000,0.00000000,0.88464000,0.00000000
1623585539.36231542,0.11900000,0.00000000,0.89676500,0.00000000
1623585539.46263266,0.11800000,0.00000000,0.90889000,0.00000000
1623585539.56234074,0.11600000,0.00000000,0.92053000,0.00000000
1623585539.66258001,0.11500000,0.00000000,0.93168500,0.00000000
1623585539.76286817,0.11400000,0.00000000,0.94284000,0.00000000
1623585539.86319280,0.11300000,0.00000000,0.95496500,0.00000000
1623585539.96351504,0.11200000,0.00000000,0.96563500,0.00000000
1623585540.06391788,0.11000000,0.00000000,0.97679000,0.00000000
1623585540.16330457,0.10900000,0.00000000,0.98794500,0.00000000
1623585540.26354814,0.10800000,0.00000000,0.99861500,0.00000000
1623585540.36375213,0.10700000,0.00000000,1.00880000,0.00000000
1623585540.46417141,0.10600000,0.00000000,1.01995500,0.00000000
1623585540.56462526,0.10400000,0.00000000,1.02965500,0.00000000
1623585540.66495371,0.10300000,0.00000000,1.04081000,0.00000000
1623585540.76423573,0.10200000,0.00000000,1.05099500,0.00000000
1623585540.86454797,0.10100000,0.00000000,1.06069500,0.00000000
1623585540.96487379,0.10000000,0.00000000,1.07088000,0.00000000
1623585541.06502962,0.09900000,0.00000000,1.08058000,0.00000000
1623585541.16443300,0.09800000,0.00000000,1.09076500,0.00000000
1623585541.26475334,0.09700000,0.00000000,1.09998000,0.00000000
1623585541.36505795,0.09600000,0.00000000,1.10968000,0.00000000
1623585541.46435857,0.09500000,0.00000000,1.11889500,0.00000000
1623585541.56465149,0.09400000,0.00000000,1.12859500,0.00000000
1623585541.66496849,0.09300000,0.00000000,1.13781000,0.00000000
1623585541.76424813,0.09200000,0.00000000,1.14654000,0.00000000
1623585541.86452365,0.09100000,0.00000000,1.15575500,0.00000000
1623585541.96480918,0.09000000,0.00000000,1.16594000,0.00000000
1623585542.06508660,0.08900000,0.00000000,1.17370000,0.00000000
1623585542.16438007,0.08800000,0.00000000,1.18291500,0.00000000
1623585542.26477242,0.08700000,0.00000000,1.19164500,0.00000000
1623585542.36505365,0.08600000,0.00000000,1.20086000,0.00000000
1623585542.46439147,0.08500000,0.00000000,1.20862000,0.00000000
1623585542.56471992,0.08400000,0.00000000,1.21783500,0.00000000
1623585542.66505194,0.08300000,0.00000000,1.22559500,0.00000000
1623585542.76433134,0.08300000,0.00000000,1.23384000,0.00000000
1623585542.86470389,0.08200000,0.00000000,1.24160000,0.00000000
1623585542.96506643,0.08100000,0.00000000,1.24984500,0.00000000
1623585543.06453395,0.08000000,0.00000000,1.25760500,0.00000000
1623585543.16488266,0.07900000,0.00000000,1.26585000,0.00000000
1623585543.26423812,0.07800000,0.00000000,1.27361000,0.00000000
1623585543.36444712,0.07700000,0.00000000,1.28185500,0.00000000
1623585543.46473646,0.07700000,0.00000000,1.28864500,0.00000000
1623585543.56504178,0.07600000,0.00000000,1.29689000,0.00000000
1623585543.66431499,0.07500000,0.00000000,1.30465000,0.00000000
1623585543.76456285,0.07400000,0.00000000,1.31192500,0.00000000
1623585543.86465859,0.07300000,0.00000000,1.31871500,0.00000000
1623585543.96458960,0.07300000,0.00000000,1.32696000,0.00000000
1623585544.06482673,0.07200000,0.00000000,1.33375000,0.00000000
1623585544.16465402,0.07100000,0.00000000,1.34054000,0.00000000
1623585544.26495767,0.07000000,0.00000000,1.34781500,0.00000000
1623585544.36473060,0.07000000,0.00000000,1.35460500,0.00000000
1623585544.46508861,0.06900000,0.00000000,1.36188000,0.00000000
1623585544.56433558,0.06800000,0.00000000,1.36867000,0.00000000
1623585544.66446805,0.06700000,0.00000000,1.37497500,0.00000000
1623585544.76476121,0.06700000,0.00000000,1.38176500,0.00000000
1623585544.86504698,0.06600000,0.00000000,1.38855500,0.00000000
1623585544.96428061,0.06500000,0.00000000,1.39486000,0.00000000
1623585545.06454349,0.06500000,0.00000000,1.40068000,0.00000000
1623585545.16519952,0.06400000,0.00000000,1.40795500,0.00000000
1623585545.26560974,0.06300000,0.00000000,1.41377500,0.00000000
1623585545.36606526,0.06200000,0.00000000,1.41959500,0.00000000
1623585545.46549582,0.06200000,0.00000000,1.42687000,0.00000000
1623585545.56588340,0.06100000,0.00000000,1.43269000,0.00000000
1623585545.66539669,0.06100000,0.00000000,1.43899500,0.00000000
1623585545.76587510,0.06000000,0.00000000,1.44481500,0.00000000
1623585545.86617637,0.05900000,0.00000000,1.45063500,0.00000000
1623585545.96717238,0.05900000,0.00000000,1.45694000,0.00000000
1623585546.06756830,0.05800000,0.00000000,1.46179000,0.00000000
1623585546.16800475,0.05700000,0.00000000,1.46761000,0.00000000
1623585546.26750112,0.05700000,0.00000000,1.47391500,0.00000000
1623585546.36719322,0.05600000,0.00000000,1.47876500,0.00000000
1623585546.46767688,0.05600000,0.00000000,1.48458500,0.00000000
1623585546.56812668,0.05500000,0.00000000,1.48992000,0.00000000
1623585546.66741180,0.05400000,0.00000000,1.49574000,0.00000000
1623585546.76780033,0.05400000,0.00000000,1.50059000,0.00000000
1623585546.86803460,0.05300000,0.00000000,1.50689500,0.00000000
1623585546.96742630,0.05300000,0.00000000,1.51174500,0.00000000
1623585547.06773448,0.05200000,0.00000000,1.51659500,0.00000000
1623585547.16806245,0.05200000,0.00000000,1.52193000,0.00000000
1623585547.26784563,0.05100000,0.00000000,1.52678000,0.00000000
1623585547.36782908,0.05000000,0.00000000,1.53163000,0.00000000
1623585547.46789217,0.05000000,0.00000000,1.53696500,0.00000000
1623585547.56816840,0.04900000,0.00000000,1.54181500,0.00000000
1623585547.66844225,0.04900000,0.00000000,1.54666500,0.00000000
1623585547.76866889,0.04800000,0.00000000,1.55151500,0.00000000
1623585547.86903119,0.04800000,0.00000000,1.55685000,0.00000000
1623585547.96902537,0.04700000,0.00000000,1.56073000,0.00000000
1623585548.06836033,0.04700000,0.00000000,1.56558000,0.00000000
1623585548.16879106,0.04600000,0.00000000,1.57091500,0.00000000
1623585548.26895022,0.04600000,0.00000000,1.57479500,0.00000000
1623585548.36828375,0.04500000,0.00000000,1.57964500,0.00000000
1623585548.46876287,0.04500000,0.00000000,1.58498000,0.00000000
1623585548.56916785,0.04400000,0.00000000,1.58886000,0.00000000
1623585548.66955161,0.04400000,0.00000000,1.59274000,0.00000000
1623585548.76985145,0.04300000,0.00000000,1.59759000,0.00000000
1623585548.87015772,0.04300000,0.00000000,1.60195500,0.00000000
1623585548.97045994,0.04300000,0.00000000,1.60583500,0.00000000
1623585549.07082820,0.04200000,0.00000000,1.60971500,0.00000000
1623585549.17004848,0.04100000,0.00000000,1.61456500,0.00000000
1623585549.27096391,0.04100000,0.00000000,1.61893000,0.00000000
1623585549.37030172,0.04100000,0.00000000,1.62281000,0.00000000
1623585549.47056746,0.04000000,0.00000000,1.62669000,0.00000000
1623585549.57089472,0.04000000,0.00000000,1.63057000,0.00000000
1623585549.67121315,0.03900000,0.00000000,1.63493500,0.00000000
1623585549.77129865,0.03900000,0.00000000,1.63881500,0.00000000
1623585549.87202406,0.03900000,0.00000000,1.64172500,0.00000000
1623585549.97136426,0.03800000,0.00000000,1.64560500,0.00000000
1623585550.07171011,0.03800000,0.00000000,1.64997000,0.00000000
1623585550.17212963,0.03700000,0.00000000,1.65385000,0.00000000
1623585550.27240634,0.03700000,0.00000000,1.65676000,0.00000000
1623585550.37273455,0.03600000,0.00000000,1.66064000,0.00000000
1623585550.47304511,0.03600000,0.00000000,1.66452000,0.00000000
1623585550.57223749,0.03600000,0.00000000,1.66791500,0.00000000
1623585550.67253733,0.03500000,0.00000000,1.67179500,0.00000000
1623585550.77245736,0.03500000,0.00000000,1.67470500,0.00000000
1623585550.87280226,0.03500000,0.00000000,1.67858500,0.00000000
1623585550.97307014,0.03400000,0.00000000,1.68198000,0.00000000
1623585551.07225490,0.03400000,0.00000000,1.68586000,0.00000000
1623585551.17262697,0.03400000,0.00000000,1.68877000,0.00000000
1623585551.27297544,0.03300000,0.00000000,1.69168000,0.00000000
1623585551.37230420,0.03300000,0.00000000,1.69556000,0.00000000
1623585551.47298503,0.03300000,0.00000000,1.69895500,0.00000000
1623585551.57224965,0.03200000,0.00000000,1.70186500,0.00000000
1623585551.67252922,0.03200000,0.00000000,1.70477500,0.00000000
1623585551.77251697,0.03100000,0.00000000,1.70768500,0.00000000
1623585551.87285948,0.03100000,0.00000000,1.71059500,0.00000000
1623585551.97318792,0.03100000,0.00000000,1.71399000,0.00000000
1623585552.07346416,0.03000000,0.00000000,1.71690000,0.00000000
1623585552.17389607,0.03000000,0.00000000,1.71981000,0.00000000
1623585552.27416372,0.03000000,0.00000000,1.72272000,0.00000000
1623585552.37444687,0.03000000,0.00000000,1.72660000,0.00000000
1623585552.47472596,0.02900000,0.00000000,1.72854000,0.00000000
1623585552.57503581,0.02900000,0.00000000,1.73193500,0.00000000
1623585552.67438674,0.02900000,0.00000000,1.73484500,0.00000000
1623585552.77465320,0.02800000,0.00000000,1.73775500,0.00000000
1623585552.87490654,0.02800000,0.00000000,1.74066500,0.00000000
1623585552.97427440,0.02800000,0.00000000,1.74357500,0.00000000
1623585553.07434344,0.02700000,0.00000000,1.74551500,0.00000000
1623585553.17463064,0.02700000,0.00000000,1.74891000,0.00000000
1623585553.27485752,0.02700000,0.00000000,1.75182000,0.00000000
1623585553.37507629,0.02700000,0.00000000,1.75376000,0.00000000
1623585553.47431493,0.02600000,0.00000000,1.75667000,0.00000000
1623585553.57469153,0.02600000,0.00000000,1.75958000,0.00000000
1623585553.67497849,0.02600000,0.00000000,1.76152000,0.00000000
1623585553.77514505,0.02500000,0.00000000,1.76491500,0.00000000
1623585553.87584162,0.02500000,0.00000000,1.76685500,0.00000000
1623585553.97591877,0.02500000,0.00000000,1.76976500,0.00000000
1623585554.07616568,0.02500000,0.00000000,1.77170500,0.00000000
1623585554.17646575,0.02400000,0.00000000,1.77461500,0.00000000
1623585554.27673411,0.02400000,0.00000000,1.77655500,0.00000000
1623585554.37711740,0.02400000,0.00000000,1.77898000,0.00000000
1623585554.47645020,0.02300000,0.00000000,1.78189000,0.00000000
1623585554.57682586,0.02300000,0.00000000,1.78383000,0.00000000
1623585554.67720890,0.02300000,0.00000000,1.78577000,0.00000000
1623585554.77738452,0.02300000,0.00000000,1.78868000,0.00000000
1623585554.87766099,0.02300000,0.00000000,1.79062000,0.00000000
1623585554.97804713,0.02200000,0.00000000,1.79256000,0.00000000
1623585555.07737494,0.02200000,0.00000000,1.79498500,0.00000000
1623585555.17770982,0.02200000,0.00000000,1.79789500,0.00000000
1623585555.27814174,0.02200000,0.00000000,1.79983500,0.00000000
1623585555.37844539,0.02100000,0.00000000,1.80177500,0.00000000
1623585555.47878289,0.02100000,0.00000000,1.80371500,0.00000000
1623585555.57903433,0.02100000,0.00000000,1.80565500,0.00000000
1623585555.67865825,0.02100000,0.00000000,1.80759500,0.00000000
1623585555.77901983,0.02000000,0.00000000,1.80953500,0.00000000
1623585555.87834859,0.02000000,0.00000000,1.81196000,0.00000000
1623585555.97872496,0.02000000,0.00000000,1.81390000,0.00000000
1623585556.07911396,0.02000000,0.00000000,1.81584000,0.00000000
1623585556.17848659,0.02000000,0.00000000,1.81778000,0.00000000
1623585556.27884459,0.01900000,0.00000000,1.81972000,0.00000000
1623585556.37846136,0.01900000,0.00000000,1.82166000,0.00000000
1623585556.47855306,0.01900000,0.00000000,1.82360000,0.00000000
1623585556.57839990,0.01900000,0.00000000,1.82554000,0.00000000
1623585556.67832232,0.01900000,0.00000000,1.82796500,0.00000000
1623585556.77867246,0.01800000,0.00000000,1.82893500,0.00000000
1623585556.87863469,0.01800000,0.00000000,1.83087500,0.00000000
1623585556.97919059,0.01800000,0.00000000,1.83281500,0.00000000
1623585557.07989097,0.01800000,0.00000000,1.83475500,0.00000000
1623585557.17994547,0.01800000,0.00000000,1.83669500,0.00000000
1623585557.27935123,0.01700000,0.00000000,1.83766500,0.00000000
1623585557.37977242,0.01700000,0.00000000,1.83960500,0.00000000
1623585557.48007965,0.01700000,0.00000000,1.84154500,0.00000000
1623585557.57933950,0.01700000,0.00000000,1.84251500,0.00000000
1623585557.67960906,0.01700000,0.00000000,1.84494000,0.00000000
1623585557.77992201,0.01700000,0.00000000,1.84688000,0.00000000
1623585557.88023615,0.01600000,0.00000000,1.84785000,0.00000000
1623585557.98047757,0.01600000,0.00000000,1.84979000,0.00000000
1623585558.08082604,0.01600000,0.00000000,1.85173000,0.00000000
1623585558.18111730,0.01600000,0.00000000,1.85270000,0.00000000
1623585558.28045583,0.01600000,0.00000000,1.85464000,0.00000000
1623585558.38067842,0.01500000,0.00000000,1.85561000,0.00000000
1623585558.48118925,0.01500000,0.00000000,1.85755000,0.00000000
1623585558.58167052,0.01500000,0.00000000,1.85852000,0.00000000
1623585558.68198490,0.01500000,0.00000000,1.86094500,0.00000000
1623585558.78205562,0.01500000,0.00000000,1.86191500,0.00000000
1623585558.88142896,0.01500000,0.00000000,1.86385500,0.00000000
1623585558.98179030,0.01500000,0.00000000,1.86482500,0.00000000
1623585559.08214283,0.01400000,0.00000000,1.86676500,0.00000000
1623585559.18139887,0.01400000,0.00000000,1.86773500,0.00000000
1623585559.28164649,0.01400000,0.00000000,1.86967500,0.00000000
1623585559.38163376,0.01400000,0.00000000,1.87064500,0.00000000
1623585559.48138547,0.01400000,0.00000000,1.87161500,0.00000000
1623585559.58141065,0.01400000,0.00000000,1.87355500,0.00000000
1623585559.68196034,0.01400000,0.00000000,1.87452500,0.00000000
1623585559.78197217,0.01300000,0.00000000,1.87598000,0.00000000
1623585559.88231039,0.01300000,0.00000000,1.87792000,0.00000000
1623585559.98302388,0.01300000,0.00000000,1.87889000,0.00000000
1623585560.08268213,0.01300000,0.00000000,1.87986000,0.00000000
1623585560.18267226,0.01300000,0.00000000,1.88180000,0.00000000
1623585560.28263497,0.01300000,0.00000000,1.88277000,0.00000000
1623585560.38317442,0.01300000,0.00000000,1.88374000,0.00000000
1623585560.48376536,0.01200000,0.00000000,1.88471000,0.00000000
1623585560.58409142,0.01200000,0.00000000,1.88665000,0.00000000
1623585560.68385649,0.01200000,0.00000000,1.88762000,0.00000000
1623585560.78368330,0.01200000,0.00000000,1.88859000,0.00000000
1623585560.88349128,0.01200000,0.00000000,1.88956000,0.00000000
1623585560.98338795,0.01200000,0.00000000,1.89053000,0.00000000
1623585561.08393455,0.01200000,0.00000000,1.89295500,0.00000000
1623585561.18327355,0.01200000,0.00000000,1.89392500,0.00000000
1623585561.28376555,0.01100000,0.00000000,1.89489500,0.00000000
1623585561.38419127,0.01100000,0.00000000,1.89586500,0.00000000
1623585561.48469305,0.01100000,0.00000000,1.89683500,0.00000000
1623585561.58464432,0.01100000,0.00000000,1.89780500,0.00000000
1623585561.68454862,0.01100000,0.00000000,1.89877500,0.00000000
1623585561.78439760,0.01100000,0.00000000,1.89974500,0.00000000
1623585561.88456678,0.01100000,0.00000000,1.90168500,0.00000000
1623585561.98445225,0.01100000,0.00000000,1.90265500,0.00000000
1623585562.08429980,0.01000000,0.00000000,1.90362500,0.00000000
1623585562.18512154,0.01000000,0.00000000,1.90459500,0.00000000
1623585562.28466415,0.01000000,0.00000000,1.90556500,0.00000000
1623585562.38483405,0.01000000,0.00000000,1.90653500,0.00000000
1623585562.48467946,0.01000000,0.00000000,1.90799000,0.00000000
1623585562.58501077,0.01000000,0.00000000,1.90896000,0.00000000
1623585562.68453407,0.01000000,0.00000000,1.90993000,0.00000000
1623585562.78505111,0.01000000,0.00000000,1.91090000,0.00000000
1623585562.88436270,0.01000000,0.00000000,1.91187000,0.00000000
1623585562.98478150,0.00900000,0.00000000,1.91284000,0.00000000
1623585563.08510828,0.00900000,0.00000000,1.91284000,0.00000000
1623585563.18508053,0.00900000,0.00000000,1.91381000,0.00000000
1623585563.28493619,0.00900000,0.00000000,1.91478000,0.00000000
1623585563.38499427,0.00900000,0.00000000,1.91575000,0.00000000
1623585563.48438787,0.00900000,0.00000000,1.91672000,0.00000000
1623585563.58481240,0.00900000,0.00000000,1.91769000,0.00000000
1623585563.68446898,0.00900000,0.00000000,1.91866000,0.00000000
1623585563.78492808,0.00900000,0.00000000,1.91963000,0.00000000
1623585563.88483500,0.00900000,0.00000000,1.92060000,0.00000000
1623585563.98476481,0.00900000,0.00000000,1.92157000,0.00000000
1623585564.08492708,0.00800000,0.00000000,1.92157000,0.00000000
1623585564.18522620,0.00800000,0.00000000,1.92254000,0.00000000
1623585564.28599334,0.00800000,0.00000000,1.92399500,0.00000000
1623585564.38611650,0.00800000,0.00000000,1.92496500,0.00000000
1623585564.48550224,0.00800000,0.00000000,1.92593500,0.00000000
1623585564.58549595,0.00800000,0.00000000,1.92593500,0.00000000
1623585564.68547988,0.00800000,0.00000000,1.92690500,0.00000000
1623585564.78573728,0.00800000,0.00000000,1.92787500,0.00000000
1623585564.88592577,0.00800000,0.00000000,1.92884500,0.00000000
1623585564.98604608,0.00800000,0.00000000,1.92981500,0.00000000
1623585565.08601665,0.00700000,0.00000000,1.92981500,0.00000000
1623585565.18529439,0.00700000,0.00000000,1.93078500,0.00000000
1623585565.28617501,0.00700000,0.00000000,1.93175500,0.00000000
1623585565.38681841,0.00700000,0.00000000,1.93175500,0.00000000
1623585565.48644543,0.00700000,0.00000000,1.93272500,0.00000000
1623585565.58696938,0.00700000,0.00000000,1.93369500,0.00000000
1623585565.68654013,0.00700000,0.00000000,1.93369500,0.00000000
1623585565.78725648,0.00700000,0.00000000,1.93466500,0.00000000
1623585565.88747239,0.00700000,0.00000000,1.93563500,0.00000000
1623585565.98808765,0.00700000,0.00000000,1.93660500,0.00000000
1623585566.08789134,0.00700000,0.00000000,1.93660500,0.00000000
1623585566.18743920,0.00700000,0.00000000,1.93757500,0.00000000
1623585566.28751707,0.00700000,0.00000000,1.93854500,0.00000000
1623585566.38734269,0.00700000,0.00000000,1.93854500,0.00000000
1623585566.48800635,0.00700000,0.00000000,1.93951500,0.00000000
1623585566.58808780,0.00600000,0.00000000,1.94097000,0.00000000
1623585566.68777680,0.00600000,0.00000000,1.94097000,0.00000000
1623585566.78727102,0.00600000,0.00000000,1.94194000,0.00000000
1623585566.88769865,0.00600000,0.00000000,1.94194000,0.00000000
1623585566.98810267,0.00600000,0.00000000,1.94291000,0.00000000
1623585567.08778095,0.00600000,0.00000000,1.94388000,0.00000000
1623585567.18778038,0.00600000,0.00000000,1.94388000,0.00000000
1623585567.28747368,0.00600000,0.00000000,1.94485000,0.00000000
1623585567.38813305,0.00600000,0.00000000,1.94485000,0.00000000
1623585567.48778582,0.00600000,0.00000000,1.94582000,0.00000000
1623585567.58793187,0.00600000,0.00000000,1.94679000,0.00000000
1623585567.68748808,0.00600000,0.00000000,1.94679000,0.00000000
1623585567.78797698,0.00600000,0.00000000,1.94776000,0.00000000
1623585567.88767552,0.00600000,0.00000000,1.94776000,0.00000000
1623585567.98727059,0.00600000,0.00000000,1.94873000,0.00000000
1623585568.08778214,0.00600000,0.00000000,1.94970000,0.00000000
1623585568.18784475,0.00500000,0.00000000,1.94970000,0.00000000
1623585568.28767133,0.00500000,0.00000000,1.95067000,0.00000000
1623585568.38782859,0.00500000,0.00000000,1.95067000,0.00000000
1623585568.48777747,0.00500000,0.00000000,1.95164000,0.00000000
1623585568.58792853,0.00500000,0.00000000,1.95164000,0.00000000
1623585568.68750548,0.00500000,0.00000000,1.95261000,0.00000000
1623585568.78774548,0.00500000,0.00000000,1.95261000,0.00000000
1623585568.88790965,0.00500000,0.00000000,1.95358000,0.00000000
1623585568.98790860,0.00500000,0.00000000,1.95358000,0.00000000
1623585569.08728313,0.00500000,0.00000000,1.95455000,0.00000000
1623585569.18819141,0.00500000,0.00000000,1.95455000,0.00000000
1623585569.28846765,0.00500000,0.00000000,1.95552000,0.00000000
1623585569.38895965,0.00500000,0.00000000,1.95552000,0.00000000
1623585569.48890471,0.00500000,0.00000000,1.95697500,0.00000000
1623585569.58880210,0.00500000,0.00000000,1.95697500,0.00000000
1623585569.68866801,0.00500000,0.00000000,1.95794500,0.00000000
1623585569.78871226,0.00500000,0.00000000,1.95794500,0.00000000
1623585569.88829970,0.00500000,0.00000000,1.95891500,0.00000000
1623585569.98908424,0.00400000,0.00000000,1.95891500,0.00000000
1623585570.08902240,0.00400000,0.00000000,1.95891500,0.00000000
1623585570.18883276,0.00400000,0.00000000,1.95988500,0.00000000
1623585570.28898931,0.00400000,0.00000000,1.95988500,0.00000000
1623585570.38911223,0.00400000,0.00000000,1.96085500,0.00000000
1623585570.48855877,0.00400000,0.00000000,1.96085500,0.00000000
1623585570.58838153,0.00400000,0.00000000,1.96085500,0.00000000
1623585570.68875217,0.00400000,0.00000000,1.96182500,0.00000000
1623585570.78915834,0.00400000,0.00000000,1.96182500,0.00000000
1623585570.88968182,0.00400000,0.00000000,1.96279500,0.00000000
1623585570.98952150,0.00400000,0.00000000,1.96279500,0.00000000
1623585571.08932471,0.00400000,0.00000000,1.96279500,0.00000000
1623585571.19002891,0.00400000,0.00000000,1.96376500,0.00000000
1623585571.28933287,0.00400000,0.00000000,1.96376500,0.00000000
1623585571.38997531,0.00400000,0.00000000,1.96473500,0.00000000
1623585571.48934722,0.00400000,0.00000000,1.96473500,0.00000000
1623585571.58966279,0.00400000,0.00000000,1.96473500,0.00000000
1623585571.69023228,0.00400000,0.00000000,1.96570500,0.00000000
1623585571.79085064,0.00400000,0.00000000,1.96570500,0.00000000
1623585571.89090157,0.00400000,0.00000000,1.96667500,0.00000000
1623585571.99035788,0.00400000,0.00000000,1.96667500,0.00000000
1623585572.09026694,0.00400000,0.00000000,1.96667500,0.00000000
1623585572.19111204,0.00400000,0.00000000,1.96764500,0.00000000
1623585572.29121757,0.00400000,0.00000000,1.96764500,0.00000000
1623585572.39128542,0.00300000,0.00000000,1.96764500,0.00000000
1623585572.49190807,0.00300000,0.00000000,1.96861500,0.00000000
1623585572.59187770,0.00300000,0.00000000,1.96861500,0.00000000
1623585572.69157004,0.00300000,0.00000000,1.96861500,0.00000000
1623585572.79127502,0.00300000,0.00000000,1.96958500,0.00000000
1623585572.89161921,0.00300000,0.00000000,1.96958500,0.00000000
1623585572.99194908,0.00300000,0.00000000,1.96958500,0.00000000
1623585573.09173703,0.00300000,0.00000000,1.97055500,0.00000000
1623585573.19134474,0.00300000,0.00000000,1.97055500,0.00000000
1623585573.29184461,0.00300000,0.00000000,1.97055500,0.00000000
1623585573.39179659,0.00300000,0.00000000,1.97055500,0.00000000
1623585573.49215937,0.00300000,0.00000000,1.97152500,0.00000000
1623585573.59249401,0.00300000,0.00000000,1.97152500,0.00000000
1623585573.69313097,0.00300000,0.00000000,1.97152500,0.00000000
1623585573.79289246,0.00300000,0.00000000,1.97298000,0.00000000
1623585573.89266968,0.00300000,0.00000000,1.97298000,0.00000000
1623585573.99326134,0.00300000,0.00000000,1.97298000,0.00000000
1623585574.09401369,0.00300000,0.00000000,1.97395000,0.00000000
1623585574.19422865,0.00300000,0.00000000,1.97395000,0.00000000
1623585574.29504538,0.00300000,0.00000000,1.97395000,0.00000000
1623585574.39441395,0.00300000,0.00000000,1.97395000,0.00000000
1623585574.49489903,0.00300000,0.00000000,1.97492000,0.00000000
1623585574.59428120,0.00300000,0.00000000,1.97492000,0.00000000
1623585574.69438291,0.00300000,0.00000000,1.97492000,0.00000000
1623585574.79503703,0.00300000,0.00000000,1.97589000,0.00000000
1623585574.89439631,0.00300000,0.00000000,1.97589000,0.00000000
1623585574.99471188,0.00300000,0.00000000,1.97589000,0.00000000
1623585575.09507036,0.00300000,0.00000000,1.97686000,0.00000000
1623585575.19590712,0.00200000,0.00000000,1.97686000,0.00000000
1623585575.29540181,0.00200000,0.00000000,1.97686000,0.00000000
1623585575.39582634,0.00200000,0.00000000,1.97686000,0.00000000
1623585575.49591160,0.00200000,0.00000000,1.97686000,0.00000000
1623585575.59610367,0.00200000,0.00000000,1.97783000,0.00000000
1623585575.69667292,0.00200000,0.00000000,1.97783000,0.00000000
1623585575.79632998,0.00200000,0.00000000,1.97783000,0.00000000
1623585575.89708781,0.00200000,0.00000000,1.97783000,0.00000000
1623585575.99682450,0.00200000,0.00000000,1.97783000,0.00000000
1623585576.09656024,0.00200000,0.00000000,1.97880000,0.00000000
1623585576.19724512,0.00200000,0.00000000,1.97880000,0.00000000
1623585576.29807544,0.00200000,0.00000000,1.97880000,0.00000000
1623585576.39754748,0.00200000,0.00000000,1.97880000,0.00000000
1623585576.49771738,0.00200000,0.00000000,1.97880000,0.00000000
1623585576.59816170,0.00200000,0.00000000,1.97977000,0.00000000
1623585576.69890594,0.00200000,0.00000000,1.97977000,0.00000000
1623585576.79867578,0.00200000,0.00000000,1.97977000,0.00000000
1623585576.89835906,0.00200000,0.00000000,1.97977000,0.00000000
1623585576.99905396,0.00200000,0.00000000,1.97977000,0.00000000
1623585577.09851527,0.00200000,0.00000000,1.98074000,0.00000000
1623585577.19896197,0.00200000,0.00000000,1.98074000,0.00000000
1623585577.29855180,0.00200000,0.00000000,1.98074000,0.00000000
1623585577.39900923,0.00200000,0.00000000,1.98074000,0.00000000
1623585577.49836969,0.00200000,0.00000000,1.98074000,0.00000000
1623585577.59907842,0.00200000,0.00000000,1.98171000,0.00000000
1623585577.69880104,0.00200000,0.00000000,1.98171000,0.00000000
1623585577.79830933,0.00200000,0.00000000,1.98171000,0.00000000
1623585577.89915586,0.00200000,0.00000000,1.98171000,0.00000000
1623585577.99951530,0.00200000,0.00000000,1.98171000,0.00000000
1623585578.09935284,0.00200000,0.00000000,1.98268000,0.00000000
1623585578.20020747,0.00200000,0.00000000,1.98268000,0.00000000
1623585578.30078554,0.00200000,0.00000000,1.98268000,0.00000000
1623585578.40109754,0.00200000,0.00000000,1.98268000,0.00000000
1623585578.50034499,0.00200000,0.00000000,1.98268000,0.00000000
1623585578.60063100,0.00200000,0.00000000,1.98365000,0.00000000
1623585578.70052195,0.00200000,0.00000000,1.98365000,0.00000000
1623585578.80115628,0.00200000,0.00000000,1.98365000,0.00000000
1623585578.90213609,0.00200000,0.00000000,1.98365000,0.00000000
1623585579.00319457,0.00200000,0.00000000,1.98365000,0.00000000
1623585579.10369015,0.00200000,0.00000000,1.98462000,0.00000000
1623585579.20406318,0.00200000,0.00000000,1.98462000,0.00000000
1623585579.30355120,0.00200000,0.00000000,1.98462000,0.00000000
1623585579.40329289,0.00200000,0.00000000,1.98462000,0.00000000
1623585579.50357652,0.00200000,0.00000000,1.98462000,0.00000000
1623585579.60389471,0.00200000,0.00000000,1.98559000,0.00000000
1623585579.70384502,0.00200000,0.00000000,1.98559000,0.00000000
1623585579.80327511,0.00200000,0.00000000,1.98559000,0.00000000
1623585579.90393949,0.00200000,0.00000000,1.98559000,0.00000000
1623585580.00351930,0.00200000,0.00000000,1.98559000,0.00000000
1623585580.10386920,0.00200000,0.00000000,1.98656000,0.00000000
1623585580.20387959,0.00200000,0.00000000,1.98656000,0.00000000
1623585580.30406690,0.00100000,0.00000000,1.98656000,0.00000000
1623585580.40416384,0.00100000,0.00000000,1.98656000,0.00000000
1623585580.50328636,0.00100000,0.00000000,1.98656000,0.00000000
1623585580.60361576,0.00100000,0.00000000,1.98656000,0.00000000
1623585580.70410872,0.00100000,0.00000000,1.98656000,0.00000000
1623585580.80360985,0.00100000,0.00000000,1.98656000,0.00000000
1623585580.90406275,0.00100000,0.00000000,1.98656000,0.00000000
1623585581.00358748,0.00100000,0.00000000,1.98753000,0.00000000
1623585581.10407519,0.00100000,0.00000000,1.98753000,0.00000000
1623585581.20500255,0.00100000,0.00000000,1.98753000,0.00000000
1623585581.30453134,0.00100000,0.00000000,1.98753000,0.00000000
1623585581.40480494,0.00100000,0.00000000,1.98753000,0.00000000
1623585581.50501037,0.00100000,0.00000000,1.98753000,0.00000000
1623585581.60427547,0.00100000,0.00000000,1.98753000,0.00000000
1623585581.70465207,0.00100000,0.00000000,1.98753000,0.00000000
1623585581.80512857,0.00100000,0.00000000,1.98753000,0.00000000
1623585581.90558791,0.00100000,0.00000000,1.98753000,0.00000000
1623585582.00579309,0.00100000,0.00000000,1.98898500,0.00000000
1623585582.10522699,0.00100000,0.00000000,1.98898500,0.00000000
1623585582.20591211,0.00100000,0.00000000,1.98898500,0.00000000
1623585582.30538177,0.00100000,0.00000000,1.98898500,0.00000000
1623585582.40568924,0.00100000,0.00000000,1.98898500,0.00000000
1623585582.50603366,0.00100000,0.00000000,1.98898500,0.00000000
1623585582.60539007,0.00100000,0.00000000,1.98898500,0.00000000
1623585582.70576906,0.00100000,0.00000000,1.98898500,0.00000000
1623585582.80623531,0.00100000,0.00000000,1.98898500,0.00000000
1623585582.90651488,0.00100000,0.00000000,1.98898500,0.00000000
1623585583.00663424,0.00100000,0.00000000,1.98995500,0.00000000
1623585583.10699391,0.00100000,0.00000000,1.98995500,0.00000000
1623585583.20700693,0.00100000,0.00000000,1.98995500,0.00000000
1623585583.30700064,0.00100000,0.00000000,1.98995500,0.00000000
1623585583.40655994,0.00100000,0.00000000,1.98995500,0.00000000
1623585583.50660801,0.00100000,0.00000000,1.98995500,0.00000000
1623585583.60684490,0.00100000,0.00000000,1.98995500,0.00000000
1623585583.70676470,0.00100000,0.00000000,1.98995500,0.00000000
1623585583.80670190,0.00100000,0.00000000,1.98995500,0.00000000
1623585583.90629292,0.00100000,0.00000000,1.98995500,0.00000000
1623585584.00619650,0.00100000,0.00000000,1.99092500,0.00000000
1623585584.10681415,0.00100000,0.00000000,1.99092500,0.00000000
1623585584.20687890,0.00100000,0.00000000,1.99092500,0.00000000
1623585584.30721307,0.00100000,0.00000000,1.99092500,0.00000000
1623585584.40728569,0.00100000,0.00000000,1.99092500,0.00000000
1623585584.50782537,0.00100000,0.00000000,1.99092500,0.00000000
1623585584.60818219,0.00100000,0.00000000,1.99092500,0.00000000
1623585584.70843220,0.00100000,0.00000000,1.99092500,0.00000000
1623585584.80875134,0.00100000,0.00000000,1.99092500,0.00000000
1623585584.90909028,0.00100000,0.00000000,1.99092500,0.00000000
1623585585.00829911,0.00100000,0.00000000,1.99189500,0.00000000
1623585585.10832310,0.00100000,0.00000000,1.99189500,0.00000000
1623585585.20860982,0.00100000,0.00000000,1.99189500,0.00000000
1623585585.30881882,0.00100000,0.00000000,1.99189500,0.00000000
1623585585.40905952,0.00100000,0.00000000,1.99189500,0.00000000
1623585585.50844407,0.00100000,0.00000000,1.99189500,0.00000000
1623585585.60875249,0.00100000,0.00000000,1.99189500,0.00000000
1623585585.70911932,0.00100000,0.00000000,1.99189500,0.00000000
1623585585.80837131,0.00100000,0.00000000,1.99189500,0.00000000
1623585585.90863895,0.00100000,0.00000000,1.99189500,0.00000000
1623585586.00898671,0.00100000,0.00000000,1.99286500,0.00000000
1623585586.10934043,0.00100000,0.00000000,1.99286500,0.00000000
1623585586.20963359,0.00100000,0.00000000,1.99286500,0.00000000
1623585586.30981517,0.00100000,0.00000000,1.99286500,0.00000000
1623585586.40989017,0.00100000,0.00000000,1.99286500,0.00000000
1623585586.50993848,0.00100000,0.00000000,1.99286500,0.00000000
1623585586.61014843,0.00100000,0.00000000,1.99286500,0.00000000
1623585586.70948529,0.00100000,0.00000000,1.99286500,0.00000000
1623585586.80978966,0.00100000,0.00000000,1.99286500,0.00000000
1623585586.91014647,0.00100000,0.00000000,1.99286500,0.00000000
1623585587.01043391,0.00100000,0.00000000,1.99383500,0.00000000
1623585587.11062336,0.00100000,0.00000000,1.99383500,0.00000000
1623585587.21097684,0.00100000,0.00000000,1.99383500,0.00000000
1623585587.31029940,0.00100000,0.00000000,1.99383500,0.00000000
1623585587.41064119,0.00100000,0.00000000,1.99383500,0.00000000
1623585587.51090336,0.00100000,0.00000000,1.99383500,0.00000000
1623585587.61093044,0.00100000,0.00000000,1.99383500,0.00000000
1623585587.71024799,0.00100000,0.00000000,1.99383500,0.00000000
1623585587.81068063,0.00100000,0.00000000,1.99383500,0.00000000
1623585587.91116142,0.00100000,0.00000000,1.99383500,0.00000000
1623585588.01169229,0.00100000,0.00000000,1.99480500,0.00000000
1623585588.11195302,0.00100000,0.00000000,1.99480500,0.00000000
1623585588.21152139,0.00100000,0.00000000,1.99480500,0.00000000
1623585588.31149459,0.00100000,0.00000000,1.99480500,0.00000000
1623585588.41184759,0.00100000,0.00000000,1.99480500,0.00000000
1623585588.51202846,0.00100000,0.00000000,1.99480500,0.00000000
1623585588.61123466,0.00100000,0.00000000,1.99480500,0.00000000
1623585588.71181440,0.00100000,0.00000000,1.99480500,0.00000000
1623585588.81128812,0.00100000,0.00000000,1.99480500,0.00000000
1623585588.91176438,0.00100000,0.00000000,1.99480500,0.00000000
1623585589.01180720,0.00100000,0.00000000,1.99577500,0.00000000
1623585589.11179471,0.00100000,0.00000000,1.99577500,0.00000000
1623585589.21176052,0.00100000,0.00000000,1.99577500,0.00000000
1623585589.31212401,0.00100000,0.00000000,1.99577500,0.00000000
1623585589.41133261,0.00100000,0.00000000,1.99577500,0.00000000
1623585589.51172519,0.00100000,0.00000000,1.99577500,0.00000000
1623585589.61204338,0.00100000,0.00000000,1.99577500,0.00000000
1623585589.71176147,0.00000000,0.00000000,1.99577500,0.00000000
1623585589.81143212,0.00000000,0.00000000,1.99577500,0.00000000
1623585589.91131639,0.00000000,0.00000000,1.99577500,0.00000000
1623585590.01215386,0.00000000,0.00000000,1.99577500,0.00000000
1623585590.11285043,0.00000000,0.00000000,1.99577500,0.00000000
1623585590.21302152,0.00000000,0.00000000,1.99577500,0.00000000
1623585590.31291962,0.00000000,0.00000000,1.99577500,0.00000000
1623585590.41313601,0.00000000,0.00000000,1.99577500,0.00000000
1623585590.51410270,0.00000000,0.00000000,1.99577500,0.00000000
1623585590.61388588,0.00000000,0.00000000,1.99577500,0.00000000
1623585590.71357799,0.00000000,0.00000000,1.99577500,0.00000000
1623585590.81402898,0.00000000,0.00000000,1.99577500,0.00000000
1623585590.91368270,0.00000000,0.00000000,1.99577500,0.00000000
1623585591.01344013,0.00000000,0.00000000,1.99577500,0.00000000
1623585591.11417961,0.00000000,0.00000000,1.99577500,0.00000000
1623585591.21489978,0.00000000,0.00000000,1.99577500,0.00000000
1623585591.31458902,0.00000000,0.00000000,1.99577500,0.00000000
1623585591.41420317,0.00000000,0.00000000,1.99577500,0.00000000
1623585591.51489544,0.00000000,0.00000000,1.99577500,0.00000000
1623585591.61462927,0.00000000,0.00000000,1.99577500,0.00000000
1623585591.71437860,0.00000000,0.00000000,1.99577500,0.00000000
1623585591.81510091,0.00000000,0.00000000,1.99577500,0.00000000
1623585591.91474676,0.00000000,0.00000000,1.99577500,0.00000000
1623585592.01447797,0.00000000,0.00000000,1.99577500,0.00000000
1623585592.11516881,0.00000000,0.00000000,1.99577500,0.00000000
1623585592.21572161,0.00000000,0.00000000,1.99577500,0.00000000
1623585592.31580544,0.00000000,0.00000000,1.99577500,0.00000000
1623585592.41599631,0.00000000,0.00000000,1.99577500,0.00000000
1623585592.51567340,0.00000000,0.00000000,1.99577500,0.00000000
1623585592.61517859,0.00000000,0.00000000,1.99577500,0.00000000
1623585592.71619725,0.00000000,0.00000000,1.99577500,0.00000000
1623585592.81692266,0.00000000,0.00000000,1.99577500,0.00000000
1623585592.91664362,0.00000000,0.00000000,1.99577500,0.00000000
1623585593.01634121,0.00000000,0.00000000,1.99577500,0.00000000
1623585593.11703873,0.00000000,0.00000000,1.99577500,0.00000000
1623585593.21680593,0.00000000,0.00000000,1.99577500,0.00000000
1623585593.31651640,0.00000000,0.00000000,1.99577500,0.00000000
1623585593.41719627,0.00000000,0.00000000,1.99577500,0.00000000
1623585593.51790333,0.00000000,0.00000000,1.99577500,0.00000000
1623585593.61762595,0.00000000,0.00000000,1.99577500,0.00000000
1623585593.71721959,0.00000000,0.00000000,1.99577500,0.00000000
1623585593.81748080,0.00000000,0.00000000,1.99577500,0.00000000
1623585593.91820884,0.00000000,0.00000000,1.99577500,0.00000000
1623585594.01892734,0.00000000,0.00000000,1.99577500,0.00000000
1623585594.11867285,0.00000000,0.00000000,1.99577500,0.00000000
1623585594.21857429,0.00000000,0.00000000,1.99577500,0.00000000
1623585594.31827378,0.00000000,0.00000000,1.99577500,0.00000000
1623585594.41897535,0.00000000,0.00000000,1.99577500,0.00000000
1623585594.51870751,0.00000000,0.00000000,1.99577500,0.00000000
1623585594.61843538,0.00000000,0.00000000,1.99577500,0.00000000
1623585594.71917582,0.00000000,0.00000000,1.99577500,0.00000000
1623585594.81990957,0.00000000,0.00000000,1.99577500,0.00000000
1623585594.91966438,0.00000000,0.00000000,1.99577500,0.00000000
1623585595.01934934,0.00000000,0.00000000,1.99577500,0.00000000
1623585595.12004709,0.00000000,0.00000000,1.99577500,0.00000000
1623585595.21982217,0.00000000,0.00000000,1.99577500,0.00000000
1623585595.31945515,0.00000000,0.00000000,1.99577500,0.00000000
1623585595.41983342,0.00000000,0.00000000,1.99577500,0.00000000
1623585595.51954556,0.00000000,0.00000000,1.99577500,0.00000000
1623585595.61936188,0.00000000,0.00000000,1.99577500,0.00000000
1623585595.72008538,0.00000000,0.00000000,1.99577500,0.00000000
1623585595.81981993,0.00000000,0.00000000,1.99577500,0.00000000
1623585595.91955543,0.00000000,0.00000000,1.99577500,0.00000000
1623585596.01930356,0.00000000,0.00000000,1.99577500,0.00000000
1623585596.11986732,0.00000000,0.00000000,1.99577500,0.00000000
1623585596.21979594,0.00000000,0.00000000,1.99577500,0.00000000
1623585596.31950688,0.00000000,0.00000000,1.99577500,0.00000000
1623585596.42001772,0.00000000,0.00000000,1.99577500,0.00000000
1623585596.51978827,0.00000000,0.00000000,1.99577500,0.00000000
1623585596.61990738,0.00000000,0.00000000,1.99577500,0.00000000
1623585596.71957374,0.00000000,0.00000000,1.99577500,0.00000000
1623585596.81929660,0.00000000,0.00000000,1.99577500,0.00000000
1623585596.92014289,0.00000000,0.00000000,1.99577500,0.00000000
1623585597.02092433,0.00000000,0.00000000,1.99577500,0.00000000
1623585597.12060690,0.00000000,0.00000000,1.99577500,0.00000000
1623585597.22102380,0.00000000,0.00000000,1.99577500,0.00000000
1623585597.32071614,0.00000000,0.00000000,1.99577500,0.00000000
1623585597.42045140,0.00000000,0.00000000,1.99577500,0.00000000
1623585597.52026391,0.00000000,0.00000000,1.99577500,0.00000000
1623585597.62063217,0.00000000,0.00000000,1.99577500,0.00000000
1623585597.72048855,0.00000000,0.00000000,1.99577500,0.00000000
1623585597.82119632,0.00000000,0.00000000,1.99577500,0.00000000
1623585597.92166400,0.00000000,0.00000000,1.99577500,0.00000000
1623585598.02197504,0.00000000,0.00000000,1.99577500,0.00000000
1623585598.12166452,0.00000000,0.00000000,1.99577500,0.00000000
1623585598.22142959,0.00000000,0.00000000,1.99577500,0.00000000
1623585598.32126927,0.00000000,0.00000000,1.99577500,0.00000000
1623585598.42127681,0.00000000,0.00000000,1.99577500,0.00000000
1623585598.52199984,0.00000000,0.00000000,1.99577500,0.00000000
1623585598.62178063,0.00000000,0.00000000,1.99577500,0.00000000
1623585598.72159123,0.00000000,0.00000000,1.99577500,0.00000000
1623585598.82132697,0.00000000,0.00000000,1.99577500,0.00000000
1623585598.92223310,0.00000000,0.00000000,1.99577500,0.00000000
1623585599.02277398,0.00000000,0.00000000,1.99577500,0.00000000
1623585599.12299538,0.00000000,0.00000000,1.99577500,0.00000000
1623585599.22233343,0.00000000,0.00000000,1.99577500,0.00000000
1623585599.32309580,0.00000000,0.00000000,1.99577500,0.00000000
1623585599.42277455,0.00000000,0.00000000,1.99577500,0.00000000
1623585599.52226973,0.00000000,0.00000000,1.99577500,0.00000000
1623585599.62310505,0.00000000,0.00000000,1.99577500,0.00000000
1623585599.72277641,0.00000000,0.00000000,1.99577500,0.00000000
1623585599.82247305,0.00000000,0.00000000,1.99577500,0.00000000
1623585599.92323399,0.00000000,0.00000000,1.99577500,0.00000000
1623585600.02394843,0.00000000,0.00000000,1.99577500,0.00000000
1623585600.12378263,0.00000000,0.00000000,1.99577500,0.00000000
1623585600.22345376,0.00000000,0.00000000,1.99577500,0.00000000
1623585600.32384825,0.00000000,0.00000000,1.99577500,0.00000000
1623585600.42344666,0.00000000,0.00000000,1.99577500,0.00000000
1623585600.52416444,0.00000000,0.00000000,1.99577500,0.00000000
1623585600.62486720,0.00000000,0.00000000,1.99577500,0.00000000
1623585600.72458887,0.00000000,0.00000000,1.99577500,0.00000000
1623585600.82440519,0.00000000,0.00000000,1.99577500,0.00000000
1623585600.92503810,0.00000000,0.00000000,1.99577500,0.00000000
1623585601.02432132,0.00000000,0.00000000,1.99577500,0.00000000
1623585601.12507463,0.00000000,0.00000000,1.99577500,0.00000000
1623585601.22483110,0.00000000,0.00000000,1.99577500,0.00000000
1623585601.32458186,0.00000000,0.00000000,1.99577500,0.00000000
1623585601.42435408,0.00000000,0.00000000,1.99577500,0.00000000
1623585601.52485847,0.00000000,0.00000000,1.99577500,0.00000000
1623585601.62440491,0.00000000,0.00000000,1.99577500,0.00000000
1623585601.72452736,0.00000000,0.00000000,1.99577500,0.00000000
1623585601.82524705,0.00000000,0.00000000,1.99577500,0.00000000
1623585601.92596126,0.00000000,0.00000000,1.99577500,0.00000000
1623585602.02544904,0.00000000,0.00000000,1.99577500,0.00000000
1623585602.12567139,0.00000000,0.00000000,1.99577500,0.00000000
1623585602.22567296,0.00000000,0.00000000,1.99577500,0.00000000
1623585602.32614684,0.00000000,0.00000000,1.99577500,0.00000000
1623585602.42580533,0.00000000,0.00000000,1.99577500,0.00000000
1623585602.52549529,0.00000000,0.00000000,1.99577500,0.00000000
1623585602.62623739,0.00000000,0.00000000,1.99577500,0.00000000
1623585602.72696352,0.00000000,0.00000000,1.99577500,0.00000000
1623585602.82662177,0.00000000,0.00000000,1.99577500,0.00000000
1623585602.92649913,0.00000000,0.00000000,1.99577500,0.00000000
1623585603.02647758,0.00000000,0.00000000,1.99577500,0.00000000
1623585603.12617826,0.00000000,0.00000000,1.99577500,0.00000000
1623585603.22658539,0.00000000,0.00000000,1.99577500,0.00000000
1623585603.32632589,0.00000000,0.00000000,1.99577500,0.00000000
1623585603.42694616,0.00000000,0.00000000,1.99577500,0.00000000
1623585603.52666593,0.00000000,0.00000000,1.99577500,0.00000000
