Seconds,Desired Distance
1632163585.67233706,3.50000000
1632163585.77217674,3.50000000
1632163585.87218308,3.50000000
1632163585.97218323,3.50000000
1632163586.07218051,3.50000000
1632163586.17217588,3.50000000
1632163586.27217436,3.50000000
1632163586.37228155,3.50000000
1632163586.47218060,3.50000000
1632163586.57219172,3.50000000
1632163586.67218685,3.50000000
1632163586.77218938,3.50000000
1632163586.87207508,3.50000000
1632163586.97217560,3.50000000
1632163587.07220888,3.50000000
1632163587.17194080,3.50000000
1632163587.27191401,3.50000000
1632163587.37193656,3.50000000
1632163587.47194052,3.50000000
1632163587.57224059,3.50000000
1632163587.67222691,3.50000000
1632163587.77220798,3.50000000
1632163587.87217617,3.50000000
1632163587.97218084,3.50000000
1632163588.07214546,3.50000000
1632163588.17217588,3.50000000
1632163588.27218890,3.50000000
1632163588.37217498,3.50000000
1632163588.47219753,3.50000000
1632163588.57217073,3.50000000
1632163588.67219472,3.50000000
1632163588.77221727,3.50000000
1632163588.87219596,3.50000000
1632163588.97229600,3.50000000
1632163589.07220006,3.50000000
1632163589.17227364,3.50000000
1632163589.27197313,3.50000000
1632163589.37191010,3.50000000
1632163589.47196555,3.50000000
1632163589.57193661,3.50000000
1632163589.67193651,3.50000000
1632163589.77196455,3.50000000
1632163589.87220526,3.50000000
1632163589.97219753,3.50000000
1632163590.07220602,3.50000000
1632163590.17218280,3.50000000
1632163590.27218771,3.50000000
1632163590.37222075,3.50000000
1632163590.47220445,3.50000000
1632163590.57228422,3.50000000
1632163590.67227650,3.50000000
1632163590.77197003,3.50000000
1632163590.87218118,3.50000000
1632163590.97221208,3.50000000
1632163591.07219005,3.50000000
1632163591.17225718,3.50000000
1632163591.27220130,3.50000000
1632163591.37224317,3.50000000
1632163591.47214031,3.50000000
1632163591.57214165,3.50000000
1632163591.67220926,3.50000000
1632163591.77224374,3.50000000
1632163591.87223196,3.50000000
1632163591.97224689,3.50000000
1632163592.07191563,3.50000000
1632163592.17214751,3.50000000
1632163592.27218723,3.50000000
1632163592.37234998,3.50000000
1632163592.47230268,3.50000000
1632163592.57219410,3.50000000
1632163592.67218161,3.50000000
1632163592.77225280,3.50000000
1632163592.87217426,3.50000000
1632163592.97218537,3.50000000
1632163593.07215452,3.50000000
1632163593.17214751,3.50000000
1632163593.27215195,3.50000000
1632163593.37230563,3.50000000
1632163593.47227001,3.50000000
1632163593.57191300,3.50000000
1632163593.67219806,3.50000000
1632163593.77220750,3.50000000
1632163593.87222195,3.50000000
1632163593.97214031,3.50000000
1632163594.07221866,3.50000000
1632163594.17213678,3.50000000
1632163594.27216959,3.50000000
1632163594.37214947,3.50000000
1632163594.47215819,3.50000000
1632163594.57215071,3.50000000
1632163594.67218733,3.50000000
1632163594.77223420,3.50000000
1632163594.87213635,3.50000000
1632163594.97216702,3.50000000
1632163595.07217169,3.50000000
1632163595.17212677,3.50000000
1632163595.27217102,3.50000000
1632163595.37217975,3.50000000
1632163595.47217321,3.50000000
1632163595.57212901,3.50000000
1632163595.67247152,3.50000000
1632163595.77214932,3.50000000
1632163595.87214518,3.50000000
1632163595.97214532,3.50000000
1632163596.07222867,3.50000000
1632163596.17215514,3.50000000
1632163596.27212262,3.50000000
1632163596.37217021,3.50000000
1632163596.47216582,3.50000000
1632163596.57217121,3.50000000
1632163596.67227483,3.50000000
1632163596.77227759,3.50000000
1632163596.87203693,3.50000000
1632163596.97215724,3.50000000
1632163597.07222557,3.50000000
1632163597.17222929,3.50000000
1632163597.27223134,3.50000000
1632163597.37221336,3.50000000
1632163597.47219968,3.50000000
1632163597.57217693,3.50000000
1632163597.67216945,3.50000000
1632163597.77216935,3.50000000
1632163597.87218165,3.50000000
1632163597.97219014,3.50000000
1632163598.07220769,3.50000000
1632163598.17226529,3.50000000
1632163598.27217627,3.50000000
1632163598.37215519,3.50000000
1632163598.47223687,3.50000000
1632163598.57224703,3.50000000
1632163598.67231393,3.50000000
1632163598.77226734,3.50000000
1632163598.87227273,3.50000000
1632163598.97218847,3.50000000
1632163599.07220674,3.50000000
1632163599.17219305,3.50000000
1632163599.27219868,3.50000000
1632163599.37223721,3.50000000
1632163599.47219038,3.50000000
1632163599.57218742,3.50000000
1632163599.67218089,3.50000000
1632163599.77218795,3.50000000
1632163599.87220526,3.50000000
1632163599.97220325,3.50000000
1632163600.07227683,3.50000000
1632163600.17198920,3.50000000
1632163600.27217650,3.50000000
1632163600.37223196,3.50000000
1632163600.47230554,3.50000000
1632163600.57220674,3.50000000
1632163600.67213011,3.50000000
1632163600.77218056,2.00000000
1632163600.87217522,2.00000000
1632163600.97219110,2.00000000
1632163601.07193279,2.00000000
1632163601.17216325,2.00000000
1632163601.27217793,2.00000000
1632163601.37220669,2.00000000
1632163601.47201419,2.00000000
1632163601.57218909,2.00000000
1632163601.67223573,2.00000000
1632163601.77223992,2.00000000
1632163601.87222052,2.00000000
1632163601.97213960,2.00000000
1632163602.07202315,2.00000000
1632163602.17212868,2.00000000
1632163602.27216697,2.00000000
1632163602.37214828,2.00000000
1632163602.47213531,2.00000000
1632163602.57215095,2.00000000
1632163602.67215133,2.00000000
1632163602.77217102,2.00000000
1632163602.87217927,2.00000000
1632163602.97221780,2.00000000
1632163603.07219100,2.00000000
1632163603.17217970,2.00000000
1632163603.27209496,2.00000000
1632163603.37215805,2.00000000
1632163603.47221160,2.00000000
1632163603.57220674,2.00000000
1632163603.67223072,2.00000000
1632163603.77218032,2.00000000
1632163603.87218785,2.00000000
1632163603.97219014,2.00000000
1632163604.07221484,2.00000000
1632163604.17224932,2.00000000
1632163604.27191949,2.00000000
1632163604.37191534,2.00000000
1632163604.47191048,2.00000000
1632163604.57191348,2.00000000
1632163604.67191052,2.00000000
1632163604.77190757,2.00000000
1632163604.87190962,2.00000000
1632163604.97190738,2.00000000
1632163605.07191014,2.00000000
1632163605.17193174,2.00000000
1632163605.27194452,2.00000000
1632163605.37190604,2.00000000
1632163605.47190666,2.00000000
1632163605.57193565,2.00000000
1632163605.67193651,2.00000000
1632163605.77193332,2.00000000
1632163605.87190700,2.00000000
1632163605.97193718,2.00000000
1632163606.07191920,2.00000000
1632163606.17190623,2.00000000
1632163606.27190661,2.00000000
1632163606.37190890,2.00000000
1632163606.47193217,2.00000000
1632163606.57193112,2.00000000
1632163606.67194128,2.00000000
1632163606.77190590,2.00000000
1632163606.87195492,2.00000000
1632163606.97191477,2.00000000
1632163607.07191062,2.00000000
1632163607.17191553,2.00000000
1632163607.27191758,2.00000000
1632163607.37195134,2.00000000
1632163607.47193265,2.00000000
1632163607.57194018,2.00000000
1632163607.67193604,2.00000000
1632163607.77195597,2.00000000
1632163607.87193656,2.00000000
1632163607.97193384,2.00000000
1632163608.07193542,2.00000000
1632163608.17194653,2.00000000
1632163608.27190757,2.00000000
1632163608.37191105,2.00000000
1632163608.47191739,2.00000000
1632163608.57191658,2.00000000
1632163608.67190981,2.00000000
1632163608.77190638,2.00000000
1632163608.87190509,2.00000000
1632163608.97191501,2.00000000
1632163609.07193899,2.00000000
1632163609.17194295,2.00000000
1632163609.27193379,2.00000000
1632163609.37193179,2.00000000
1632163609.47195053,2.00000000
1632163609.57193708,2.00000000
1632163609.67193985,2.00000000
1632163609.77193809,2.00000000
1632163609.87193656,2.00000000
1632163609.97192597,2.00000000
1632163610.07191133,2.00000000
1632163610.17194057,2.00000000
1632163610.27194810,2.00000000
1632163610.37194467,2.00000000
1632163610.47191024,2.00000000
1632163610.57190704,2.00000000
1632163610.67194104,2.00000000
1632163610.77190804,2.00000000
1632163610.87190986,2.00000000
1632163610.97190785,2.00000000
1632163611.07190824,2.00000000
1632163611.17190671,2.00000000
1632163611.27190638,2.00000000
1632163611.37190509,2.00000000
1632163611.47191572,2.00000000
1632163611.57191634,2.00000000
1632163611.67190647,2.00000000
1632163611.77190661,2.00000000
1632163611.87192583,2.00000000
1632163611.97190666,2.00000000
1632163612.07190895,2.00000000
1632163612.17192531,1.50000000
1632163612.27191615,1.50000000
1632163612.37190962,1.50000000
1632163612.47190666,1.50000000
1632163612.57190561,1.50000000
1632163612.67191601,1.50000000
1632163612.77191305,1.50000000
1632163612.87193847,1.50000000
1632163612.97193933,1.50000000
1632163613.07193160,1.50000000
1632163613.17193174,1.50000000
1632163613.27196717,1.50000000
1632163613.37190866,1.50000000
1632163613.47190404,1.50000000
1632163613.57190776,1.50000000
1632163613.67190862,1.50000000
1632163613.77190661,1.50000000
1632163613.87190676,1.50000000
1632163613.97190928,1.50000000
1632163614.07194161,1.50000000
1632163614.17190456,1.50000000
1632163614.27190614,1.50000000
1632163614.37191176,1.50000000
1632163614.47191024,1.50000000
1632163614.57190704,1.50000000
1632163614.67190671,1.50000000
1632163614.77190781,1.50000000
1632163614.87200832,1.50000000
1632163614.97193980,1.50000000
1632163615.07191038,1.50000000
1632163615.17195106,1.50000000
1632163615.27190328,1.50000000
1632163615.37215519,1.50000000
1632163615.47216368,1.50000000
1632163615.57221246,1.50000000
1632163615.67213798,1.50000000
1632163615.77216649,1.50000000
1632163615.87230134,1.50000000
1632163615.97218013,1.50000000
1632163616.07218790,1.50000000
1632163616.17218757,1.50000000
1632163616.27216601,1.50000000
1632163616.37217689,1.50000000
1632163616.47218919,1.50000000
1632163616.57196116,1.50000000
1632163616.67194510,1.50000000
1632163616.77218509,1.50000000
1632163616.87224793,1.50000000
1632163616.97196341,1.50000000
1632163617.07224679,1.50000000
1632163617.17219329,1.50000000
1632163617.27202559,1.50000000
1632163617.37198853,1.50000000
1632163617.47217274,1.50000000
1632163617.57221341,1.50000000
1632163617.67220283,1.50000000
1632163617.77220416,1.50000000
1632163617.87218904,1.50000000
1632163617.97215915,1.50000000
1632163618.07220888,1.50000000
1632163618.17213154,1.50000000
1632163618.27221012,1.50000000
1632163618.37221241,1.50000000
1632163618.47224021,1.50000000
1632163618.57215714,1.50000000
1632163618.67214870,1.50000000
1632163618.77212811,1.50000000
1632163618.87212682,1.50000000
1632163618.97215557,1.50000000
1632163619.07214117,1.50000000
1632163619.17195868,1.50000000
1632163619.27223635,1.50000000
1632163619.37213564,1.50000000
1632163619.47215056,1.50000000
1632163619.57212996,1.50000000
1632163619.67218208,1.50000000
1632163619.77195740,1.50000000
1632163619.87214112,1.50000000
1632163619.97215867,1.50000000
1632163620.07220149,1.50000000
1632163620.17217016,1.50000000
1632163620.27219820,1.50000000
1632163620.37219572,1.50000000
1632163620.47220874,1.50000000
1632163620.57197285,1.50000000
1632163620.67215991,1.50000000
1632163620.77215505,1.50000000
1632163620.87228942,1.50000000
1632163620.97220302,1.50000000
1632163621.07218528,1.50000000
