Seconds,Desired Distance
1632160681.95410585,3.50000000
1632160682.05406594,3.50000000
1632160682.15406132,3.50000000
1632160682.25405955,3.50000000
1632160682.35404015,3.50000000
1632160682.45404410,3.50000000
1632160682.55408192,3.50000000
1632160682.65405726,3.50000000
1632160682.75412011,3.50000000
1632160682.85412288,3.50000000
1632160682.95411873,3.50000000
1632160683.05413222,3.50000000
1632160683.15412450,3.50000000
1632160683.25413013,3.50000000
1632160683.35380769,3.50000000
1632160683.45380354,3.50000000
1632160683.55380511,3.50000000
1632160683.65380573,3.50000000
1632160683.75393963,3.50000000
1632160683.85396600,3.50000000
1632160683.95405483,3.50000000
1632160684.05412030,3.50000000
1632160684.15405345,3.50000000
1632160684.25410604,3.50000000
1632160684.35416985,3.50000000
1632160684.45419049,3.50000000
1632160684.55414796,3.50000000
1632160684.65403485,3.50000000
1632160684.75407028,3.50000000
1632160684.85410070,3.50000000
1632160684.95406127,3.50000000
1632160685.05411243,3.50000000
1632160685.15404582,3.50000000
1632160685.25412631,3.50000000
1632160685.35405135,3.50000000
1632160685.45388079,3.50000000
1632160685.55381680,3.50000000
1632160685.65378141,3.50000000
1632160685.75380349,3.50000000
1632160685.85380459,3.50000000
1632160685.95381069,3.50000000
1632160686.05380201,3.50000000
1632160686.15380645,3.50000000
1632160686.25380635,3.50000000
1632160686.35379815,3.50000000
1632160686.45382428,3.50000000
1632160686.55380201,3.50000000
1632160686.65379381,3.50000000
1632160686.75379014,3.50000000
1632160686.85379887,3.50000000
1632160686.95380163,3.50000000
1632160687.05380273,3.50000000
1632160687.15380263,3.50000000
1632160687.25380039,3.50000000
1632160687.35387540,3.50000000
1632160687.45408392,3.50000000
1632160687.55404139,3.50000000
1632160687.65404844,3.50000000
1632160687.75405002,3.50000000
1632160687.85404086,3.50000000
1632160687.95418072,3.50000000
1632160688.05407381,3.50000000
1632160688.15382767,3.50000000
1632160688.25382400,3.50000000
1632160688.35403299,3.50000000
1632160688.45409489,3.50000000
1632160688.55405712,3.50000000
1632160688.65408778,3.50000000
1632160688.75408053,3.50000000
1632160688.85412812,3.50000000
1632160688.95416641,3.50000000
1632160689.05410814,3.50000000
1632160689.15403986,3.50000000
1632160689.25410819,3.50000000
1632160689.35380840,3.50000000
1632160689.45380545,3.50000000
1632160689.55383468,3.50000000
1632160689.65381479,3.50000000
1632160689.75382638,3.50000000
1632160689.85382199,3.50000000
1632160689.95381021,3.50000000
1632160690.05380535,3.50000000
1632160690.15380907,3.50000000
1632160690.25381613,3.50000000
1632160690.35377622,3.50000000
1632160690.45380640,3.50000000
1632160690.55380750,3.50000000
1632160690.65380549,3.50000000
1632160690.75377560,3.50000000
1632160690.85380554,3.50000000
1632160690.95380163,3.50000000
1632160691.05381298,3.50000000
1632160691.15380859,3.50000000
1632160691.25380516,3.50000000
1632160691.35380626,3.50000000
1632160691.45380855,3.50000000
1632160691.55380678,3.50000000
1632160691.65380430,3.50000000
1632160691.75381660,3.50000000
1632160691.85380411,3.50000000
1632160691.95381570,3.50000000
1632160692.05380511,3.50000000
1632160692.15381241,3.50000000
1632160692.25380588,3.50000000
1632160692.35383177,3.50000000
1632160692.45381093,3.50000000
1632160692.55380607,3.50000000
1632160692.65381312,3.50000000
1632160692.75377893,3.50000000
1632160692.85380507,3.50000000
1632160692.95381474,3.50000000
1632160693.05381227,3.50000000
1632160693.15380573,3.50000000
1632160693.25380635,3.50000000
1632160693.35380578,3.50000000
1632160693.45380378,3.50000000
1632160693.55380750,3.50000000
1632160693.65380788,3.50000000
1632160693.75377941,3.50000000
1632160693.85381818,3.50000000
1632160693.95379996,3.50000000
1632160694.05380869,3.50000000
1632160694.15380478,3.50000000
1632160694.25380301,3.50000000
1632160694.35380459,3.50000000
1632160694.45382595,3.50000000
1632160694.55382514,3.50000000
1632160694.65381670,3.50000000
1632160694.75378370,3.50000000
1632160694.85380650,3.50000000
1632160694.95380735,3.50000000
1632160695.05380654,3.50000000
1632160695.15380645,3.50000000
1632160695.25381112,3.50000000
1632160695.35380864,3.50000000
1632160695.45388055,3.50000000
1632160695.55382180,3.50000000
1632160695.65381980,3.50000000
1632160695.75381613,3.50000000
1632160695.85381150,3.50000000
1632160695.95380616,3.50000000
1632160696.05380797,3.50000000
1632160696.15386844,3.50000000
1632160696.25380635,3.50000000
1632160696.35381484,3.50000000
1632160696.45380211,3.50000000
1632160696.55381465,3.50000000
1632160696.65381837,3.50000000
1632160696.75379205,3.50000000
1632160696.85381961,3.50000000
1632160696.95381093,3.50000000
1632160697.05383325,3.50000000
1632160697.15383744,3.50000000
1632160697.25380445,3.50000000
1632160697.35380363,3.50000000
1632160697.45383930,3.50000000
1632160697.55381727,3.50000000
1632160697.65381312,3.50000000
1632160697.75377750,3.50000000
1632160697.85380578,3.50000000
1632160697.95382690,3.50000000
1632160698.05380392,3.50000000
1632160698.15380931,3.50000000
1632160698.25380564,3.50000000
1632160698.35380149,3.50000000
1632160698.45381665,3.50000000
1632160698.55380535,3.50000000
1632160698.65380836,3.50000000
1632160698.75381088,3.50000000
1632160698.85380673,3.50000000
1632160698.95377421,3.50000000
1632160699.05380654,3.50000000
1632160699.15380359,3.50000000
1632160699.25378180,3.50000000
1632160699.35380006,3.50000000
1632160699.45381689,3.50000000
1632160699.55380559,3.50000000
1632160699.65380573,3.50000000
1632160699.75381446,3.50000000
1632160699.85377502,3.50000000
1632160699.95381021,3.50000000
1632160700.05380821,3.50000000
1632160700.15380955,3.50000000
1632160700.25380540,3.50000000
1632160700.35380316,3.50000000
1632160700.45380521,3.50000000
1632160700.55380893,3.50000000
1632160700.65381265,3.50000000
1632160700.75378108,3.50000000
1632160700.85380459,3.50000000
1632160700.95381117,3.50000000
1632160701.05381155,3.50000000
1632160701.15380454,3.50000000
1632160701.25382566,2.00000000
1632160701.35380769,2.00000000
1632160701.45378590,2.00000000
1632160701.55377650,2.00000000
1632160701.65382171,2.00000000
1632160701.75377989,2.00000000
1632160701.85378671,2.00000000
1632160701.95380354,2.00000000
1632160702.05381298,2.00000000
1632160702.15380597,2.00000000
1632160702.25380611,2.00000000
1632160702.35380983,2.00000000
1632160702.45380616,2.00000000
1632160702.55380678,2.00000000
1632160702.65378022,2.00000000
1632160702.75383067,2.00000000
1632160702.85380483,2.00000000
1632160702.95380402,2.00000000
1632160703.05390263,2.00000000
1632160703.15381908,2.00000000
1632160703.25381470,2.00000000
1632160703.35380554,2.00000000
1632160703.45378351,2.00000000
1632160703.55380607,2.00000000
1632160703.65380764,2.00000000
1632160703.75381041,2.00000000
1632160703.85380244,2.00000000
1632160703.95381975,2.00000000
1632160704.05380917,2.00000000
1632160704.15380621,2.00000000
1632160704.25380564,2.00000000
1632160704.35381532,2.00000000
1632160704.45381188,2.00000000
1632160704.55380726,2.00000000
1632160704.65377688,2.00000000
1632160704.75378895,2.00000000
1632160704.85381365,2.00000000
1632160704.95380616,2.00000000
1632160705.05380702,2.00000000
1632160705.15380549,2.00000000
1632160705.25380397,2.00000000
1632160705.35380340,2.00000000
1632160705.45380473,2.00000000
1632160705.55380440,2.00000000
1632160705.65380716,2.00000000
1632160705.75378561,2.00000000
1632160705.85380530,2.00000000
1632160705.95380569,2.00000000
1632160706.05380845,2.00000000
1632160706.15380669,2.00000000
1632160706.25377464,2.00000000
1632160706.35385895,2.00000000
1632160706.45382452,2.00000000
1632160706.55381608,2.00000000
1632160706.65380692,2.00000000
1632160706.75379038,2.00000000
1632160706.85381293,2.00000000
1632160706.95381451,2.00000000
1632160707.05382442,2.00000000
1632160707.15380645,2.00000000
1632160707.25380659,2.00000000
1632160707.35381150,2.00000000
1632160707.45381403,2.00000000
1632160707.55381465,2.00000000
1632160707.65379548,2.00000000
1632160707.75378799,2.00000000
1632160707.85381413,2.00000000
1632160707.95380878,2.00000000
1632160708.05380368,2.00000000
1632160708.15380287,2.00000000
1632160708.25380540,2.00000000
1632160708.35381079,2.00000000
1632160708.45378971,2.00000000
1632160708.55380535,2.00000000
1632160708.65382385,2.00000000
1632160708.75379634,2.00000000
1632160708.85380459,2.00000000
1632160708.95380330,2.00000000
1632160709.05380821,2.00000000
1632160709.15381908,2.00000000
1632160709.25380516,2.00000000
1632160709.35380197,2.00000000
1632160709.45380688,2.00000000
1632160709.55380249,2.00000000
1632160709.65380764,2.00000000
1632160709.75378823,2.00000000
1632160709.85381627,2.00000000
1632160709.95380259,2.00000000
1632160710.05381036,2.00000000
1632160710.15380335,2.00000000
1632160710.25380254,2.00000000
1632160710.35380220,2.00000000
1632160710.45380473,2.00000000
1632160710.55379629,2.00000000
1632160710.65379810,2.00000000
1632160710.75378728,2.00000000
1632160710.85384011,2.00000000
1632160710.95380354,2.00000000
1632160711.05380797,2.00000000
1632160711.15380692,2.00000000
1632160711.25379825,2.00000000
1632160711.35381818,2.00000000
1632160711.45380378,2.00000000
1632160711.55380344,2.00000000
1632160711.65380478,2.00000000
1632160711.75380874,2.00000000
1632160711.85380554,2.00000000
1632160711.95381165,2.00000000
1632160712.05381584,2.00000000
1632160712.15380383,2.00000000
1632160712.25381088,2.00000000
1632160712.35392499,3.50000000
1632160712.45381856,3.50000000
1632160712.55381942,3.50000000
1632160712.65377927,3.50000000
1632160712.75380564,3.50000000
1632160712.85379934,3.50000000
1632160712.95380735,3.50000000
1632160713.05381656,3.50000000
1632160713.15378642,3.50000000
1632160713.25380063,3.50000000
1632160713.35380411,3.50000000
1632160713.45382047,3.50000000
1632160713.55382609,3.50000000
1632160713.65383172,3.50000000
1632160713.75377846,3.50000000
1632160713.85378599,3.50000000
1632160713.95380974,3.50000000
1632160714.05380630,3.50000000
1632160714.15380859,3.50000000
1632160714.25380850,3.50000000
1632160714.35380673,3.50000000
1632160714.45381141,3.50000000
1632160714.55380487,3.50000000
1632160714.65384412,3.50000000
1632160714.75377965,3.50000000
1632160714.85380554,3.50000000
1632160714.95382071,3.50000000
1632160715.05380678,3.50000000
1632160715.15380406,3.50000000
1632160715.25380325,3.50000000
1632160715.35380650,3.50000000
1632160715.45380592,3.50000000
1632160715.55380607,3.50000000
1632160715.65380573,3.50000000
1632160715.75379276,3.50000000
1632160715.85380650,3.50000000
1632160715.95380759,3.50000000
1632160716.05382156,3.50000000
1632160716.15381598,3.50000000
1632160716.25382400,3.50000000
1632160716.35380888,3.50000000
1632160716.45381093,3.50000000
1632160716.55381393,3.50000000
1632160716.65380692,3.50000000
1632160716.75380516,3.50000000
1632160716.85380650,3.50000000
1632160716.95378113,3.50000000
1632160717.05381894,3.50000000
1632160717.15380621,3.50000000
1632160717.25380826,3.50000000
1632160717.35380507,3.50000000
1632160717.45384049,3.50000000
1632160717.55378151,3.50000000
1632160717.65378475,3.50000000
1632160717.75378823,3.50000000
1632160717.85381794,3.50000000
1632160717.95380306,3.50000000
1632160718.05380297,3.50000000
1632160718.15380502,3.50000000
1632160718.25382757,3.50000000
1632160718.35380673,3.50000000
1632160718.45380259,3.50000000
1632160718.55380225,3.50000000
1632160718.65380454,3.50000000
1632160718.75380206,3.50000000
1632160718.85380793,3.50000000
1632160718.95381331,3.50000000
1632160719.05381250,3.50000000
1632160719.15381122,3.50000000
1632160719.25381088,3.50000000
1632160719.35381985,3.50000000
1632160719.45380688,3.50000000
1632160719.55380726,3.50000000
1632160719.65380526,3.50000000
1632160719.75381851,2.00000000
1632160719.85381317,2.00000000
1632160719.95381284,2.00000000
1632160720.05380630,2.00000000
1632160720.15378428,2.00000000
1632160720.25381255,2.00000000
1632160720.35381675,2.00000000
1632160720.45382309,2.00000000
1632160720.55380607,2.00000000
1632160720.65380573,2.00000000
1632160720.75381279,2.00000000
1632160720.85380411,2.00000000
1632160720.95380688,2.00000000
1632160721.05380893,2.00000000
1632160721.15380454,2.00000000
1632160721.25380731,2.00000000
1632160721.35380650,2.00000000
1632160721.45381808,2.00000000
1632160721.55380583,2.00000000
1632160721.65380359,2.00000000
1632160721.75380301,2.00000000
1632160721.85380459,2.00000000
1632160721.95381689,2.00000000
1632160722.05380464,2.00000000
1632160722.15382600,2.00000000
1632160722.25381160,2.00000000
1632160722.35385799,2.00000000
1632160722.45380402,2.00000000
1632160722.55377936,2.00000000
1632160722.65380502,2.00000000
1632160722.75381827,2.00000000
1632160722.85380340,2.00000000
1632160722.95382881,2.00000000
1632160723.05380511,2.00000000
1632160723.15380573,2.00000000
1632160723.25381756,2.00000000
1632160723.35381484,2.00000000
1632160723.45380926,2.00000000
1632160723.55380034,2.00000000
1632160723.65380764,2.00000000
1632160723.75378704,2.00000000
1632160723.85381603,2.00000000
1632160723.95381045,2.00000000
1632160724.05380964,2.00000000
1632160724.15380573,2.00000000
1632160724.25380683,2.00000000
1632160724.35380888,2.00000000
1632160724.45380044,2.00000000
1632160724.55380535,2.00000000
1632160724.65380764,2.00000000
1632160724.75378513,2.00000000
1632160724.85380340,2.00000000
1632160724.95380473,2.00000000
1632160725.05380821,2.00000000
1632160725.15380502,2.00000000
1632160725.25382257,2.00000000
1632160725.35380149,2.00000000
1632160725.45380759,2.00000000
1632160725.55380511,2.00000000
1632160725.65381384,2.00000000
1632160725.75378275,2.00000000
1632160725.85381079,2.00000000
1632160725.95381355,2.00000000
1632160726.05380297,2.00000000
1632160726.15380597,2.00000000
1632160726.25380278,2.00000000
1632160726.35383725,2.00000000
1632160726.45380902,2.00000000
1632160726.55380869,2.00000000
1632160726.65380836,2.00000000
1632160726.75387001,2.00000000
1632160726.85379553,2.00000000
1632160726.95381761,2.00000000
1632160727.05381370,2.00000000
1632160727.15380836,2.00000000
1632160727.25379753,2.00000000
1632160727.35382342,2.00000000
1632160727.45382953,2.00000000
1632160727.55382705,2.00000000
1632160727.65383577,2.00000000
1632160727.75382924,2.00000000
1632160727.85382819,2.00000000
1632160727.95383763,2.00000000
1632160728.05385280,2.00000000
1632160728.15384007,2.00000000
1632160728.25381970,2.00000000
1632160728.35380149,2.00000000
1632160728.45382333,2.00000000
1632160728.55382919,2.00000000
1632160728.65381551,2.00000000
1632160728.75381756,2.00000000
1632160728.85383296,2.00000000
1632160728.95380640,2.00000000
1632160729.05379581,2.00000000
1632160729.15384102,2.00000000
1632160729.25377846,2.00000000
1632160729.35377073,2.00000000
1632160729.45381331,2.00000000
1632160729.55380321,2.00000000
1632160729.65380454,2.00000000
1632160729.75379729,2.00000000
1632160729.85380340,2.00000000
1632160729.95381308,2.00000000
1632160730.05379200,2.00000000
1632160730.15382814,2.00000000
1632160730.25380373,2.00000000
1632160730.35380292,2.00000000
1632160730.45378995,2.00000000
1632160730.55378461,2.00000000
1632160730.65378428,2.00000000
1632160730.75377297,2.00000000
1632160730.85381770,2.00000000
1632160730.95377898,2.00000000
1632160731.05381346,2.00000000
1632160731.15377831,2.00000000
1632160731.25380421,2.00000000
1632160731.35381341,2.00000000
1632160731.45382118,2.00000000
1632160731.55377531,2.00000000
1632160731.65380502,2.00000000
1632160731.75377893,2.00000000
1632160731.85380507,2.00000000
1632160731.95380449,2.00000000
1632160732.05377555,2.00000000
1632160732.15379047,2.00000000
1632160732.25388765,2.00000000
1632160732.35380936,2.00000000
1632160732.45381069,2.00000000
1632160732.55378413,2.00000000
1632160732.65384150,2.00000000
1632160732.75381160,2.00000000
1632160732.85380721,2.00000000
1632160732.95380640,2.00000000
1632160733.05377793,2.00000000
1632160733.15377641,2.00000000
1632160733.25380254,2.00000000
1632160733.35377145,2.00000000
1632160733.45379448,2.00000000
1632160733.55385351,3.50000000
1632160733.65381622,3.50000000
1632160733.75379944,3.50000000
1632160733.85380697,3.50000000
1632160733.95380449,3.50000000
1632160734.05377722,3.50000000
1632160734.15380645,3.50000000
1632160734.25380969,3.50000000
1632160734.35380816,3.50000000
1632160734.45381427,3.50000000
1632160734.55378437,3.50000000
1632160734.65381026,3.50000000
1632160734.75382543,3.50000000
1632160734.85380483,3.50000000
1632160734.95380020,3.50000000
1632160735.05381107,3.50000000
1632160735.15377617,3.50000000
1632160735.25378633,3.50000000
1632160735.35380292,3.50000000
1632160735.45377707,3.50000000
1632160735.55380869,3.50000000
1632160735.65377402,3.50000000
1632160735.75381160,3.50000000
1632160735.85380530,3.50000000
1632160735.95380878,3.50000000
1632160736.05380630,3.50000000
1632160736.15377665,3.50000000
1632160736.25380564,3.50000000
1632160736.35380626,3.50000000
1632160736.45380092,3.50000000
1632160736.55380869,3.50000000
1632160736.65377474,3.50000000
1632160736.75381708,3.50000000
1632160736.85380483,3.50000000
1632160736.95380569,3.50000000
1632160737.05380249,3.50000000
1632160737.15378261,3.50000000
1632160737.25383043,3.50000000
1632160737.35380101,3.50000000
1632160737.45379806,3.50000000
1632160737.55380464,3.50000000
1632160737.65380120,3.50000000
1632160737.75380993,3.50000000
1632160737.85380483,3.50000000
1632160737.95380640,3.50000000
1632160738.05381846,3.50000000
1632160738.15380573,3.50000000
1632160738.25377560,3.50000000
1632160738.35380769,3.50000000
1632160738.45381427,3.50000000
1632160738.55380535,3.50000000
1632160738.65380669,3.50000000
1632160738.75378585,3.50000000
1632160738.85377574,3.50000000
1632160738.95380783,3.50000000
1632160739.05381465,3.50000000
1632160739.15380502,3.50000000
1632160739.25381112,3.50000000
1632160739.35380197,3.50000000
1632160739.45380521,3.50000000
1632160739.55380797,3.50000000
1632160739.65380955,3.50000000
1632160739.75378346,3.50000000
1632160739.85380793,3.50000000
1632160739.95380640,3.50000000
1632160740.05378556,3.50000000
1632160740.15380597,3.50000000
1632160740.25380087,3.50000000
1632160740.35382390,3.50000000
1632160740.45382166,3.50000000
1632160740.55381179,3.50000000
1632160740.65380692,3.50000000
1632160740.75384045,3.50000000
1632160740.85381460,3.50000000
1632160740.95381141,3.50000000
1632160741.05380964,3.50000000
1632160741.15384841,3.50000000
1632160741.25380635,3.50000000
1632160741.35380340,3.50000000
1632160741.45380378,3.50000000
1632160741.55378199,3.50000000
1632160741.65377426,3.50000000
1632160741.75380731,3.50000000
1632160741.85380578,3.50000000
1632160741.95383000,3.50000000
1632160742.05380726,3.50000000
1632160742.15380812,3.50000000
1632160742.25380373,3.50000000
1632160742.35382581,3.50000000
1632160742.45380211,3.50000000
1632160742.55380917,3.50000000
1632160742.65380692,3.50000000
1632160742.75380754,3.50000000
1632160742.85381436,3.50000000
1632160742.95381546,3.50000000
1632160743.05381417,3.50000000
1632160743.15381980,3.50000000
1632160743.25380445,3.50000000
1632160743.35380816,3.50000000
1632160743.45380235,3.50000000
1632160743.55381155,3.50000000
1632160743.65380192,3.50000000
1632160743.75380445,3.50000000
1632160743.85379767,3.50000000
1632160743.95380211,3.50000000
1632160744.05380559,3.50000000
1632160744.15380406,3.50000000
1632160744.25380826,3.50000000
1632160744.35380912,3.50000000
1632160744.45381379,3.50000000
1632160744.55380535,3.50000000
1632160744.65377879,3.50000000
1632160744.75380564,3.50000000
1632160744.85380411,3.50000000
1632160744.95381141,3.50000000
1632160745.05380702,3.50000000
1632160745.15377402,3.50000000
1632160745.25380874,3.50000000
1632160745.35380173,3.50000000
1632160745.45380902,3.50000000
1632160745.55380630,3.50000000
1632160745.65380716,3.50000000
1632160745.75380301,3.50000000
1632160745.85380673,3.50000000
1632160745.95380926,3.50000000
1632160746.05380535,3.50000000
1632160746.15377808,3.50000000
1632160746.25381255,3.50000000
1632160746.35380363,3.50000000
1632160746.45380425,3.50000000
1632160746.55380058,3.50000000
1632160746.65381169,3.50000000
1632160746.75380993,3.50000000
1632160746.85382032,3.50000000
1632160746.95380545,3.50000000
1632160747.05380797,3.50000000
1632160747.15380788,3.50000000
1632160747.25380278,3.50000000
1632160747.35380244,3.50000000
1632160747.45380545,3.50000000
1632160747.55377793,3.50000000
1632160747.65380859,3.50000000
1632160747.75380468,3.50000000
1632160747.85380220,3.50000000
1632160747.95380950,3.50000000
1632160748.05380273,3.50000000
1632160748.15380526,3.50000000
1632160748.25380659,3.50000000
1632160748.35382009,3.50000000
1632160748.45380092,3.50000000
1632160748.55381083,3.50000000
1632160748.65380907,3.50000000
1632160748.75380659,3.50000000
1632160748.85381222,3.50000000
1632160748.95380497,3.50000000
1632160749.05380702,3.50000000
1632160749.15377831,3.50000000
1632160749.25380421,3.50000000
1632160749.35379982,3.50000000
1632160749.45380259,3.50000000
1632160749.55380702,3.50000000
1632160749.65379620,3.50000000
1632160749.75380540,3.50000000
1632160749.85380840,3.50000000
1632160749.95380592,3.50000000
1632160750.05380487,3.50000000
1632160750.15380311,3.50000000
1632160750.25380754,3.50000000
1632160750.35380840,3.50000000
1632160750.45379400,3.50000000
1632160750.55377579,3.50000000
1632160750.65381289,3.50000000
1632160750.75381875,3.50000000
1632160750.85380840,3.50000000
1632160750.95380473,3.50000000
1632160751.05380464,3.50000000
1632160751.15380335,3.50000000
1632160751.25380468,3.50000000
1632160751.35380626,3.50000000
1632160751.45380974,3.50000000
1632160751.55380368,3.50000000
1632160751.65380335,3.50000000
1632160751.75380206,3.50000000
1632160751.85380363,3.50000000
1632160751.95380425,3.50000000
1632160752.05381966,3.50000000
1632160752.15381241,3.50000000
1632160752.25380707,3.50000000
1632160752.35380316,3.50000000
1632160752.45382714,3.50000000
1632160752.55380583,3.50000000
1632160752.65380383,3.50000000
1632160752.75380445,3.50000000
1632160752.85380816,3.50000000
1632160752.95380569,3.50000000
1632160753.05380845,3.50000000
1632160753.15381169,3.50000000
1632160753.25382018,3.50000000
1632160753.35377407,3.50000000
1632160753.45383620,3.50000000
1632160753.55381441,3.50000000
1632160753.65381074,3.50000000
1632160753.75380540,3.50000000
1632160753.85380793,3.50000000
1632160753.95381045,3.50000000
1632160754.05381107,3.50000000
1632160754.15381217,3.50000000
1632160754.25382447,3.50000000
1632160754.35380960,3.50000000
1632160754.45381403,3.50000000
1632160754.55377936,3.50000000
1632160754.65380263,3.50000000
1632160754.75380230,3.50000000
1632160754.85377359,3.50000000
1632160754.95381570,3.50000000
1632160755.05385041,3.50000000
1632160755.15380192,3.50000000
1632160755.25380206,3.50000000
1632160755.35378242,3.50000000
1632160755.45380664,3.50000000
1632160755.55380321,3.50000000
1632160755.65380645,3.50000000
1632160755.75384188,3.50000000
1632160755.85379434,3.50000000
1632160755.95380378,3.50000000
1632160756.05381346,3.50000000
1632160756.15385103,3.50000000
1632160756.25380445,3.50000000
1632160756.35380030,3.50000000
1632160756.45380473,3.50000000
1632160756.55380607,3.50000000
1632160756.65379930,3.50000000
1632160756.75380731,3.50000000
1632160756.85380030,3.50000000
1632160756.95380926,3.50000000
1632160757.05382633,3.50000000
1632160757.15377736,3.50000000
1632160757.25380087,3.50000000
1632160757.35380483,3.50000000
1632160757.45380116,3.50000000
1632160757.55380106,3.50000000
1632160757.65380573,3.50000000
1632160757.75380778,3.50000000
1632160757.85380578,3.50000000
1632160757.95380712,3.50000000
1632160758.05380487,3.50000000
1632160758.15380788,3.50000000
1632160758.25380659,3.50000000
1632160758.35380507,3.50000000
1632160758.45380020,3.50000000
1632160758.55381680,3.50000000
1632160758.65380573,3.50000000
1632160758.75381637,3.50000000
1632160758.85379934,3.50000000
1632160758.95377660,3.50000000
1632160759.05380774,3.50000000
1632160759.15380192,3.50000000
1632160759.25380015,3.50000000
1632160759.35381174,3.50000000
1632160759.45380139,3.50000000
1632160759.55380559,3.50000000
1632160759.65380311,3.50000000
1632160759.75381207,3.50000000
1632160759.85383105,3.50000000
1632160759.95382142,3.50000000
1632160760.05380726,3.50000000
1632160760.15381837,3.50000000
1632160760.25380182,3.50000000
1632160760.35381722,3.50000000
1632160760.45380569,3.50000000
1632160760.55381584,3.50000000
1632160760.65380621,3.50000000
1632160760.75380969,3.50000000
1632160760.85379982,3.50000000
1632160760.95383692,3.50000000
1632160761.05380249,3.50000000
1632160761.15380478,3.50000000
1632160761.25380445,3.50000000
1632160761.35380268,3.50000000
1632160761.45380521,3.50000000
1632160761.55380678,3.50000000
1632160761.65380621,3.50000000
1632160761.75379992,3.50000000
1632160761.85380363,3.50000000
1632160761.95379949,3.50000000
1632160762.05380392,3.50000000
1632160762.15378213,3.50000000
1632160762.25381160,3.50000000
1632160762.35380340,3.50000000
1632160762.45377612,3.50000000
1632160762.55380344,3.50000000
1632160762.65380335,3.50000000
1632160762.75377512,3.50000000
1632160762.85380745,3.50000000
1632160762.95381331,3.50000000
1632160763.05380964,3.50000000
1632160763.15380168,3.50000000
1632160763.25380182,3.50000000
1632160763.35380507,3.50000000
1632160763.45380378,3.50000000
1632160763.55380630,3.50000000
1632160763.65381312,3.50000000
1632160763.75378418,3.50000000
1632160763.85380483,3.50000000
1632160763.95380163,3.50000000
1632160764.05380154,3.50000000
1632160764.15381145,3.50000000
1632160764.25380206,3.50000000
1632160764.35381770,3.50000000
1632160764.45381451,3.50000000
1632160764.55381012,3.50000000
1632160764.65380931,3.50000000
1632160764.75380015,3.50000000
1632160764.85381222,3.50000000
1632160764.95380521,3.50000000
1632160765.05380917,3.50000000
1632160765.15380192,3.50000000
1632160765.25381184,3.50000000
1632160765.35380483,3.50000000
1632160765.45381308,3.50000000
1632160765.55380750,3.50000000
1632160765.65380692,3.50000000
1632160765.75380492,3.50000000
1632160765.85380435,3.50000000
1632160765.95379996,3.50000000
1632160766.05381370,3.50000000
1632160766.15381861,3.50000000
1632160766.25382185,3.50000000
1632160766.35380697,3.50000000
1632160766.45380306,3.50000000
1632160766.55380535,3.50000000
1632160766.65381813,3.50000000
1632160766.75380135,3.50000000
1632160766.85381770,3.50000000
1632160766.95383525,3.50000000
1632160767.05380464,3.50000000
1632160767.15380073,3.50000000
1632160767.25380683,3.50000000
1632160767.35380864,3.50000000
1632160767.45380378,3.50000000
1632160767.55380011,3.50000000
1632160767.65380311,3.50000000
1632160767.75379992,3.50000000
1632160767.85380316,3.50000000
1632160767.95381021,3.50000000
1632160768.05380893,3.50000000
1632160768.15382147,3.50000000
1632160768.25380754,3.50000000
1632160768.35381460,3.50000000
1632160768.45382428,3.50000000
1632160768.55381417,3.50000000
1632160768.65381408,3.50000000
1632160768.75381088,3.50000000
1632160768.85381007,3.50000000
1632160768.95381212,3.50000000
1632160769.05381417,3.50000000
1632160769.15380335,3.50000000
1632160769.25380373,3.50000000
1632160769.35380626,3.50000000
1632160769.45381451,3.50000000
1632160769.55381322,3.50000000
1632160769.65381217,3.50000000
1632160769.75380874,3.50000000
1632160769.85380507,3.50000000
1632160769.95379782,3.50000000
1632160770.05381536,3.50000000
1632160770.15380883,3.50000000
1632160770.25381494,3.50000000
1632160770.35380483,3.50000000
1632160770.45381498,3.50000000
1632160770.55380702,3.50000000
1632160770.65380502,3.50000000
1632160770.75379562,3.50000000
1632160770.85380411,3.50000000
1632160770.95380163,3.50000000
1632160771.05380440,3.50000000
1632160771.15380454,3.50000000
1632160771.25380349,3.50000000
1632160771.35381055,3.50000000
1632160771.45381784,3.50000000
1632160771.55381155,3.50000000
1632160771.65380311,3.50000000
1632160771.75380325,3.50000000
1632160771.85380435,3.50000000
1632160771.95380712,3.50000000
1632160772.05380654,3.50000000
1632160772.15380716,3.50000000
1632160772.25379992,3.50000000
1632160772.35377502,3.50000000
1632160772.45380449,3.50000000
1632160772.55380297,3.50000000
1632160772.65380645,3.50000000
1632160772.75380397,3.50000000
1632160772.85381126,3.50000000
1632160772.95380354,3.50000000
1632160773.05380940,3.50000000
1632160773.15380979,3.50000000
1632160773.25381207,3.50000000
1632160773.35379076,3.50000000
1632160773.45381522,3.50000000
1632160773.55381465,3.50000000
1632160773.65382004,3.50000000
1632160773.75381303,3.50000000
1632160773.85378695,3.50000000
1632160773.95381856,3.50000000
1632160774.05382490,3.50000000
1632160774.15381336,3.50000000
1632160774.25377989,3.50000000
1632160774.35381031,3.50000000
1632160774.45381093,3.50000000
1632160774.55382299,3.50000000
1632160774.65382981,3.50000000
1632160774.75383377,3.50000000
1632160774.85384154,3.50000000
1632160774.95381069,3.50000000
1632160775.05385637,3.50000000
1632160775.15381551,3.50000000
1632160775.25381184,3.50000000
1632160775.35381269,3.50000000
1632160775.45381069,3.50000000
1632160775.55381083,3.50000000
1632160775.65380216,3.50000000
1632160775.75382137,3.50000000
1632160775.85380864,3.50000000
1632160775.95381832,3.50000000
1632160776.05380130,3.50000000
1632160776.15382147,3.50000000
1632160776.25382066,3.50000000
1632160776.35382032,3.50000000
1632160776.45380378,3.50000000
1632160776.55384636,3.50000000
1632160776.65381861,3.50000000
1632160776.75380898,3.50000000
1632160776.85381126,3.50000000
1632160776.95380783,3.50000000
1632160777.05380559,3.50000000
1632160777.15384316,3.50000000
1632160777.25381780,3.50000000
1632160777.35378432,3.50000000
1632160777.45380378,3.50000000
1632160777.55380464,3.50000000
1632160777.65377617,3.50000000
1632160777.75381088,3.50000000
1632160777.85380816,3.50000000
1632160777.95381546,3.50000000
1632160778.05380535,3.50000000
1632160778.15380597,3.50000000
1632160778.25383854,3.50000000
1632160778.35381937,3.50000000
1632160778.45382881,3.50000000
1632160778.55380416,3.50000000
1632160778.65380955,3.50000000
1632160778.75382328,3.50000000
1632160778.85380507,3.50000000
1632160778.95381117,3.50000000
1632160779.05378461,3.50000000
1632160779.15381217,3.50000000
1632160779.25381660,3.50000000
1632160779.35382509,3.50000000
1632160779.45387673,3.50000000
1632160779.55380511,3.50000000
1632160779.65380239,3.50000000
1632160779.75380373,3.50000000
1632160779.85381007,3.50000000
1632160779.95379925,3.50000000
1632160780.05380273,3.50000000
1632160780.15380573,3.50000000
1632160780.25387311,3.50000000
1632160780.35381460,3.50000000
1632160780.45381665,3.50000000
1632160780.55379891,3.50000000
1632160780.65380311,3.50000000
1632160780.75380039,3.50000000
1632160780.85380030,3.50000000
1632160780.95380449,3.50000000
1632160781.05382347,3.50000000
1632160781.15381908,3.50000000
1632160781.25379825,3.50000000
1632160781.35379815,3.50000000
1632160781.45380020,3.50000000
1632160781.55380034,3.50000000
1632160781.65380788,3.50000000
1632160781.75380540,3.50000000
1632160781.85381985,3.50000000
1632160781.95381403,3.50000000
1632160782.05380368,3.50000000
1632160782.15380216,3.50000000
1632160782.25381064,3.50000000
1632160782.35380101,3.50000000
1632160782.45382071,3.50000000
1632160782.55381608,3.50000000
1632160782.65382719,3.50000000
1632160782.75383544,3.50000000
1632160782.85380268,3.50000000
1632160782.95377135,3.50000000
1632160783.05382299,3.50000000
1632160783.15380478,3.50000000
1632160783.25380278,3.50000000
1632160783.35380340,3.50000000
1632160783.45379901,3.50000000
1632160783.55379939,3.50000000
1632160783.65380430,3.50000000
1632160783.75381207,3.50000000
1632160783.85380125,3.50000000
1632160783.95380807,3.50000000
1632160784.05380821,3.50000000
1632160784.15380955,3.50000000
1632160784.25381994,3.50000000
1632160784.35380030,3.50000000
1632160784.45379996,3.50000000
1632160784.55380392,3.50000000
1632160784.65380263,3.50000000
1632160784.75380063,3.50000000
1632160784.85380006,3.50000000
1632160784.95379090,3.50000000
1632160785.05380440,3.50000000
1632160785.15379620,3.50000000
1632160785.25380206,3.50000000
1632160785.35381556,3.50000000
1632160785.45381331,3.50000000
1632160785.55380726,3.50000000
1632160785.65381479,3.50000000
1632160785.75378370,3.50000000
1632160785.85381746,3.50000000
1632160785.95382142,3.50000000
1632160786.05382943,3.50000000
1632160786.15382385,3.50000000
1632160786.25381160,3.50000000
1632160786.35383534,3.50000000
1632160786.45382118,3.50000000
1632160786.55378652,3.50000000
1632160786.65381742,3.50000000
1632160786.75380802,3.50000000
1632160786.85382438,3.50000000
1632160786.95378375,3.50000000
1632160787.05380845,3.50000000
1632160787.15382624,3.50000000
1632160787.25383067,3.50000000
1632160787.35386133,3.50000000
1632160787.45381546,3.50000000
1632160787.55381346,3.50000000
1632160787.65380335,3.50000000
1632160787.75378299,3.50000000
1632160787.85381413,3.50000000
1632160787.95380330,3.50000000
1632160788.05380511,3.50000000
1632160788.15377355,3.50000000
1632160788.25383735,3.50000000
1632160788.35383368,3.50000000
1632160788.45379686,3.50000000
1632160788.55381274,3.50000000
1632160788.65405345,3.50000000
1632160788.75405240,3.50000000
1632160788.85404181,3.50000000
1632160788.95416474,3.50000000
1632160789.05411410,3.50000000
1632160789.15401793,3.50000000
1632160789.25403643,3.50000000
1632160789.35412455,3.50000000
1632160789.45410800,3.50000000
1632160789.55409193,3.50000000
1632160789.65387797,3.50000000
1632160789.75403309,3.50000000
1632160789.85404205,3.50000000
1632160789.95407176,3.50000000
1632160790.05412507,3.50000000
1632160790.15407538,3.50000000
1632160790.25403786,3.50000000
1632160790.35381508,3.50000000
1632160790.45388103,3.50000000
1632160790.55404639,3.50000000
1632160790.65381861,3.50000000
1632160790.75411820,3.50000000
1632160790.85404849,3.50000000
1632160790.95391774,3.50000000
1632160791.05405903,3.50000000
1632160791.15407014,3.50000000
1632160791.25402546,3.50000000
1632160791.35408497,3.50000000
1632160791.45418048,3.50000000
1632160791.55405402,3.50000000
1632160791.65404248,3.50000000
1632160791.75404263,3.50000000
1632160791.85404539,3.50000000
1632160791.95406961,3.50000000
1632160792.05403781,3.50000000
1632160792.15404630,3.50000000
1632160792.25403357,3.50000000
1632160792.35402799,3.50000000
1632160792.45402884,3.50000000
1632160792.55403209,3.50000000
1632160792.65403914,3.50000000
1632160792.75403476,3.50000000
1632160792.85405064,3.50000000
1632160792.95403790,3.50000000
1632160793.05405641,3.50000000
1632160793.15399003,3.50000000
1632160793.25425982,3.50000000
1632160793.35404563,3.50000000
1632160793.45415401,3.50000000
1632160793.55404973,3.50000000
1632160793.65400577,3.50000000
1632160793.75400639,3.50000000
1632160793.85403347,3.50000000
1632160793.95403552,3.50000000
1632160794.05411506,3.50000000
1632160794.15403223,3.50000000
1632160794.25405526,3.50000000
1632160794.35403442,3.50000000
1632160794.45407748,3.50000000
1632160794.55403590,3.50000000
1632160794.65404820,3.50000000
1632160794.75421453,3.50000000
1632160794.85413623,3.50000000
1632160794.95405579,3.50000000
1632160795.05404377,3.50000000
1632160795.15409184,3.50000000
1632160795.25411344,3.50000000
1632160795.35406208,3.50000000
1632160795.45404506,3.50000000
1632160795.55404282,3.50000000
1632160795.65404272,3.50000000
1632160795.75408912,3.50000000
1632160795.85404253,3.50000000
1632160795.95412111,3.50000000
1632160796.05406404,3.50000000
1632160796.15410137,3.50000000
1632160796.25407314,3.50000000
1632160796.35406590,3.50000000
1632160796.45400763,3.50000000
1632160796.55406570,3.50000000
1632160796.65406561,3.50000000
1632160796.75405097,3.50000000
1632160796.85404849,3.50000000
1632160796.95406103,3.50000000
1632160797.05407286,3.50000000
1632160797.15405774,3.50000000
1632160797.25402474,3.50000000
1632160797.35408044,3.50000000
1632160797.45407605,3.50000000
1632160797.55405474,3.50000000
1632160797.65406179,3.50000000
1632160797.75406694,3.50000000
1632160797.85404372,3.50000000
1632160797.95412230,3.50000000
1632160798.05414152,3.50000000
1632160798.15411496,3.50000000
1632160798.25424385,2.00000000
1632160798.35403347,2.00000000
1632160798.45414972,2.00000000
1632160798.55414963,2.00000000
1632160798.65410233,2.00000000
1632160798.75404739,2.00000000
1632160798.85403824,2.00000000
1632160798.95407033,2.00000000
1632160799.05400157,2.00000000
1632160799.15403676,2.00000000
1632160799.25406384,2.00000000
1632160799.35406280,2.00000000
1632160799.45404601,2.00000000
1632160799.55404973,2.00000000
1632160799.65404701,2.00000000
1632160799.75406742,2.00000000
1632160799.85406160,2.00000000
1632160799.95404315,2.00000000
1632160800.05405331,2.00000000
1632160800.15389967,2.00000000
1632160800.25404906,2.00000000
1632160800.35378623,2.00000000
1632160800.45403647,2.00000000
1632160800.55446911,2.00000000
1632160800.65408230,2.00000000
1632160800.75406361,2.00000000
1632160800.85405612,2.00000000
1632160800.95386457,2.00000000
1632160801.05403185,2.00000000
1632160801.15403414,2.00000000
1632160801.25403357,2.00000000
1632160801.35407448,2.00000000
1632160801.45405006,2.00000000
1632160801.55406618,2.00000000
1632160801.65405059,2.00000000
1632160801.75402188,2.00000000
1632160801.85403633,2.00000000
1632160801.95404625,2.00000000
1632160802.05405903,2.00000000
1632160802.15416408,2.00000000
1632160802.25401807,2.00000000
1632160802.35402679,2.00000000
1632160802.45406199,2.00000000
1632160802.55403948,2.00000000
1632160802.65405703,2.00000000
1632160802.75412703,2.00000000
1632160802.85406184,2.00000000
1632160802.95406055,2.00000000
1632160803.05409765,2.00000000
1632160803.15407872,2.00000000
1632160803.25406647,2.00000000
1632160803.35402799,2.00000000
1632160803.45403242,2.00000000
1632160803.55404353,2.00000000
1632160803.65405273,2.00000000
1632160803.75406361,2.00000000
1632160803.85404706,2.00000000
1632160803.95405769,2.00000000
1632160804.05413318,2.00000000
1632160804.15404463,2.00000000
1632160804.25417638,2.00000000
1632160804.35407543,2.00000000
1632160804.45406318,2.00000000
1632160804.55405378,2.00000000
1632160804.65404153,2.00000000
1632160804.75406623,2.00000000
1632160804.85402226,2.00000000
1632160804.95402980,2.00000000
1632160805.05409241,2.00000000
1632160805.15408897,2.00000000
1632160805.25400662,2.00000000
1632160805.35405254,2.00000000
1632160805.45412564,2.00000000
1632160805.55406785,2.00000000
1632160805.65405107,2.00000000
1632160805.75420451,2.00000000
1632160805.85410190,2.00000000
1632160805.95402646,2.00000000
1632160806.05418086,2.00000000
1632160806.15409565,2.00000000
1632160806.25407743,2.00000000
1632160806.35407662,2.00000000
1632160806.45416546,2.00000000
1632160806.55406094,2.00000000
1632160806.65414214,2.00000000
1632160806.75412488,2.00000000
1632160806.85404801,2.00000000
1632160806.95406246,2.00000000
1632160807.05404449,2.00000000
1632160807.15407157,2.00000000
1632160807.25409889,2.00000000
1632160807.35405684,2.00000000
1632160807.45413232,2.00000000
1632160807.55405688,2.00000000
1632160807.65415645,2.00000000
1632160807.75415206,2.00000000
1632160807.85413694,2.00000000
1632160807.95407987,2.00000000
1632160808.05406690,2.00000000
1632160808.15411210,2.00000000
1632160808.25407052,2.00000000
1632160808.35407805,2.00000000
1632160808.45407462,2.00000000
1632160808.55405045,2.00000000
1632160808.65407062,2.00000000
1632160808.75406766,2.00000000
1632160808.85413218,2.00000000
1632160808.95407677,2.00000000
1632160809.05406857,2.00000000
1632160809.15413022,2.00000000
1632160809.25412250,2.00000000
1632160809.35406733,2.00000000
1632160809.45405555,2.00000000
1632160809.55407405,2.00000000
1632160809.65405393,2.00000000
1632160809.75407171,2.00000000
1632160809.85406637,2.00000000
1632160809.95407414,2.00000000
1632160810.05413389,2.00000000
1632160810.15416336,2.00000000
1632160810.25411105,2.00000000
1632160810.35407710,2.00000000
1632160810.45407462,2.00000000
1632160810.55406976,2.00000000
1632160810.65410638,1.50000000
1632160810.75411439,1.50000000
1632160810.85411048,1.50000000
1632160810.95407534,1.50000000
1632160811.05404758,1.50000000
1632160811.15406847,1.50000000
1632160811.25405955,1.50000000
1632160811.35406971,1.50000000
1632160811.45406008,1.50000000
1632160811.55405164,1.50000000
1632160811.65407085,1.50000000
1632160811.75416899,1.50000000
1632160811.85405374,1.50000000
1632160811.95406318,1.50000000
1632160812.05440664,1.50000000
1632160812.15405631,1.50000000
1632160812.25411224,1.50000000
1632160812.35405183,1.50000000
1632160812.45407557,1.50000000
1632160812.55412197,1.50000000
1632160812.65408802,1.50000000
1632160812.75406456,1.50000000
1632160812.85405660,1.50000000
1632160812.95410109,1.50000000
1632160813.05407238,1.50000000
1632160813.15413809,1.50000000
1632160813.25438046,3.50000000
1632160813.35410333,3.50000000
1632160813.45404840,3.50000000
1632160813.55406117,3.50000000
1632160813.65407968,3.50000000
1632160813.75406408,3.50000000
1632160813.85406804,3.50000000
1632160813.95407271,3.50000000
1632160814.05407929,3.50000000
1632160814.15410185,3.50000000
1632160814.25408959,3.50000000
1632160814.35408473,3.50000000
1632160814.45412326,3.50000000
1632160814.55410576,3.50000000
1632160814.65407634,3.50000000
1632160814.75414252,3.50000000
1632160814.85410309,3.50000000
1632160814.95407319,3.50000000
1632160815.05412292,3.50000000
1632160815.15410709,3.50000000
1632160815.25410557,3.50000000
1632160815.35411286,3.50000000
1632160815.45412445,3.50000000
1632160815.55405116,3.50000000
1632160815.65403962,3.50000000
1632160815.75407529,3.50000000
1632160815.85404634,3.50000000
1632160815.95411682,3.50000000
1632160816.05405688,3.50000000
1632160816.15406227,3.50000000
1632160816.25407672,3.50000000
1632160816.35404897,3.50000000
1632160816.45405245,3.50000000
1632160816.55404568,3.50000000
1632160816.65404606,3.50000000
1632160816.75406981,3.50000000
1632160816.85411429,3.50000000
1632160816.95409894,3.50000000
1632160817.05404472,3.50000000
1632160817.15406179,3.50000000
1632160817.25406241,3.50000000
1632160817.35405588,3.50000000
1632160817.45406270,3.50000000
1632160817.55405760,3.50000000
1632160817.65410304,3.50000000
1632160817.75407839,3.50000000
1632160817.85405254,3.50000000
1632160817.95405936,3.50000000
1632160818.05405164,3.50000000
1632160818.15410113,3.50000000
1632160818.25404739,3.50000000
1632160818.35411477,3.50000000
1632160818.45405483,3.50000000
1632160818.55405545,3.50000000
1632160818.65413833,3.50000000
1632160818.75406623,3.50000000
1632160818.85405326,3.50000000
1632160818.95404506,3.50000000
1632160819.05407214,3.50000000
1632160819.15404344,3.50000000
1632160819.25413442,3.50000000
1632160819.35404778,3.50000000
1632160819.45406389,3.50000000
1632160819.55400920,3.50000000
1632160819.65407467,3.50000000
1632160819.75405025,3.50000000
1632160819.85413718,3.50000000
1632160819.95406675,3.50000000
1632160820.05411196,3.50000000
1632160820.15406871,3.50000000
1632160820.25409126,3.50000000
1632160820.35404944,3.50000000
1632160820.45406055,3.50000000
1632160820.55406904,3.50000000
1632160820.65413976,3.50000000
1632160820.75407124,3.50000000
1632160820.85404348,3.50000000
1632160820.95406389,3.50000000
1632160821.05406427,3.50000000
1632160821.15405798,3.50000000
1632160821.25411177,3.50000000
1632160821.35406375,3.50000000
1632160821.45412540,3.50000000
1632160821.55404973,3.50000000
1632160821.65406251,3.50000000
1632160821.75405669,3.50000000
1632160821.85409331,3.50000000
1632160821.95408773,3.50000000
1632160822.05419159,3.50000000
1632160822.15403748,3.50000000
1632160822.25406170,3.50000000
1632160822.35406327,3.50000000
1632160822.45406055,3.50000000
1632160822.55407166,3.50000000
1632160822.65410352,3.50000000
1632160822.75407195,3.50000000
1632160822.85409045,3.50000000
1632160822.95405412,3.50000000
1632160823.05391526,3.50000000
1632160823.15404868,3.50000000
1632160823.25405025,3.50000000
1632160823.35405040,3.50000000
1632160823.45404220,3.50000000
1632160823.55404496,3.50000000
1632160823.65414453,3.50000000
1632160823.75411057,3.50000000
1632160823.85405874,3.50000000
1632160823.95406127,3.50000000
1632160824.05410147,3.50000000
1632160824.15411997,3.50000000
1632160824.25405931,3.50000000
1632160824.35407066,3.50000000
1632160824.45406508,3.50000000
1632160824.55406618,3.50000000
1632160824.65404987,3.50000000
1632160824.75400352,3.50000000
1632160824.85413194,3.50000000
1632160824.95413208,3.50000000
1632160825.05406928,3.50000000
1632160825.15404606,3.50000000
1632160825.25404501,3.50000000
1632160825.35401845,3.50000000
1632160825.45404482,3.50000000
1632160825.55405426,3.50000000
1632160825.65407968,3.50000000
1632160825.75406003,3.50000000
1632160825.85404110,3.50000000
1632160825.95406365,3.50000000
1632160826.05406618,3.50000000
1632160826.15409255,3.50000000
1632160826.25407195,3.50000000
1632160826.35403728,3.50000000
1632160826.45404625,3.50000000
1632160826.55403876,3.50000000
1632160826.65405321,3.50000000
1632160826.75414538,3.50000000
1632160826.85409594,3.50000000
1632160826.95403981,3.50000000
1632160827.05406308,3.50000000
1632160827.15403891,3.50000000
1632160827.25407171,3.50000000
1632160827.35413647,3.50000000
1632160827.45408726,3.50000000
1632160827.55402374,3.50000000
1632160827.65386748,3.50000000
1632160827.75405979,3.50000000
1632160827.85406876,3.50000000
1632160827.95407629,3.50000000
1632160828.05405498,3.50000000
1632160828.15406609,3.50000000
1632160828.25407052,3.50000000
1632160828.35416198,3.50000000
1632160828.45406532,3.50000000
1632160828.55390334,3.50000000
1632160828.65406156,3.50000000
1632160828.75408173,3.50000000
1632160828.85407019,3.50000000
1632160828.95406938,3.50000000
1632160829.05413437,3.50000000
1632160829.15409636,3.50000000
1632160829.25407362,3.50000000
1632160829.35407424,3.50000000
1632160829.45406699,3.50000000
1632160829.55410767,3.50000000
1632160829.65405321,3.50000000
1632160829.75415444,3.50000000
1632160829.85431075,3.50000000
1632160829.95415092,3.50000000
1632160830.05408239,3.50000000
1632160830.15404987,3.50000000
1632160830.25416017,3.50000000
1632160830.35415149,3.50000000
1632160830.45415640,3.50000000
1632160830.55406451,3.50000000
1632160830.65406799,3.50000000
1632160830.75406599,3.50000000
1632160830.85412335,3.50000000
1632160830.95407009,3.50000000
1632160831.05406928,3.50000000
1632160831.15406060,3.50000000
1632160831.25406146,3.50000000
1632160831.35406518,3.50000000
1632160831.45413542,3.50000000
1632160831.55411196,3.50000000
1632160831.65433979,3.50000000
1632160831.75409174,3.50000000
1632160831.85404730,3.50000000
1632160831.95409393,3.50000000
1632160832.05403161,3.50000000
1632160832.15401149,3.50000000
1632160832.25407767,3.50000000
1632160832.35407495,3.50000000
1632160832.45411229,3.50000000
1632160832.55404282,3.50000000
1632160832.65405655,3.50000000
1632160832.75406599,3.50000000
1632160832.85407138,3.50000000
1632160832.95406365,3.50000000
1632160833.05404472,3.50000000
1632160833.15406942,3.50000000
1632160833.25411439,3.50000000
1632160833.35412407,3.50000000
1632160833.45406151,3.50000000
1632160833.55404401,3.50000000
1632160833.65406561,3.50000000
1632160833.75406790,3.50000000
1632160833.85407233,3.50000000
1632160833.95406914,3.50000000
1632160834.05407214,3.50000000
1632160834.15408683,3.50000000
1632160834.25405264,3.50000000
1632160834.35407805,3.50000000
1632160834.45407820,3.50000000
1632160834.55406523,3.50000000
1632160834.65425181,3.50000000
1632160834.75417709,3.50000000
1632160834.85409474,3.50000000
1632160834.95410585,3.50000000
1632160835.05402470,3.50000000
1632160835.15414596,3.50000000
1632160835.25410748,3.50000000
1632160835.35406709,3.50000000
1632160835.45405388,3.50000000
1632160835.55404878,3.50000000
1632160835.65406108,3.50000000
1632160835.75405478,3.50000000
1632160835.85406375,3.50000000
1632160835.95404530,3.50000000
1632160836.05406713,3.50000000
1632160836.15407157,3.50000000
1632160836.25406837,3.50000000
1632160836.35407281,3.50000000
1632160836.45408249,3.50000000
1632160836.55405474,3.50000000
1632160836.65413809,3.50000000
1632160836.75404429,3.50000000
1632160836.85404301,3.50000000
1632160836.95410800,3.50000000
1632160837.05406022,3.50000000
1632160837.15407133,3.50000000
1632160837.25404668,3.50000000
1632160837.35405469,3.50000000
1632160837.45405412,3.50000000
1632160837.55405402,3.50000000
1632160837.65414310,3.50000000
1632160837.75412297,3.50000000
1632160837.85408187,3.50000000
1632160837.95410991,3.50000000
1632160838.05412436,3.50000000
1632160838.15407348,3.50000000
1632160838.25414491,3.50000000
1632160838.35408044,3.50000000
1632160838.45404935,3.50000000
1632160838.55404711,3.50000000
1632160838.65404201,3.50000000
1632160838.75405717,3.50000000
1632160838.85410810,3.50000000
1632160838.95404220,3.50000000
1632160839.05405951,3.50000000
1632160839.15415049,3.50000000
1632160839.25404215,3.50000000
1632160839.35407043,3.50000000
1632160839.45412993,3.50000000
1632160839.55409050,3.50000000
1632160839.65408516,3.50000000
1632160839.75416422,3.50000000
1632160839.85403824,3.50000000
1632160839.95408654,3.50000000
1632160840.05406165,3.50000000
1632160840.15412688,3.50000000
1632160840.25417233,3.50000000
1632160840.35417151,3.50000000
1632160840.45404840,3.50000000
1632160840.55407143,3.50000000
1632160840.65405703,3.50000000
1632160840.75406694,3.50000000
1632160840.85409355,3.50000000
1632160840.95405674,3.50000000
1632160841.05403876,3.50000000
1632160841.15406132,3.50000000
1632160841.25410104,3.50000000
1632160841.35405946,3.50000000
1632160841.45405817,3.50000000
1632160841.55408740,3.50000000
1632160841.65404439,3.50000000
1632160841.75405359,3.50000000
1632160841.85403252,3.50000000
1632160841.95403337,3.50000000
1632160842.05405736,3.50000000
1632160842.15405965,3.50000000
1632160842.25403786,3.50000000
1632160842.35404253,3.50000000
1632160842.45403576,3.50000000
1632160842.55410933,3.50000000
1632160842.65416002,3.50000000
1632160842.75404668,3.50000000
1632160842.85403800,3.50000000
1632160842.95406651,3.50000000
1632160843.05403709,3.50000000
1632160843.15403771,3.50000000
1632160843.25403786,3.50000000
1632160843.35405254,3.50000000
1632160843.45406294,3.50000000
1632160843.55403590,3.50000000
1632160843.65404010,3.50000000
1632160843.75405741,3.50000000
1632160843.85405064,3.50000000
1632160843.95403814,3.50000000
1632160844.05407453,3.50000000
1632160844.15403605,3.50000000
1632160844.25404048,3.50000000
1632160844.35404348,3.50000000
1632160844.45409393,3.50000000
1632160844.55403018,3.50000000
1632160844.65413690,3.50000000
1632160844.75404549,3.50000000
1632160844.85418129,3.50000000
1632160844.95403361,3.50000000
1632160845.05402923,3.50000000
1632160845.15406132,3.50000000
1632160845.25404525,3.50000000
1632160845.35404968,3.50000000
1632160845.45409751,3.50000000
1632160845.55404925,3.50000000
1632160845.65406847,3.50000000
1632160845.75408292,3.50000000
1632160845.85406494,3.50000000
1632160845.95403266,3.50000000
1632160846.05405545,3.50000000
1632160846.15403628,3.50000000
1632160846.25404954,3.50000000
1632160846.35404897,3.50000000
1632160846.45413399,3.50000000
1632160846.55412865,3.50000000
1632160846.65407968,3.50000000
1632160846.75412536,3.50000000
1632160846.85407138,3.50000000
1632160846.95403790,3.50000000
1632160847.05407238,3.50000000
1632160847.15405917,3.50000000
1632160847.25404310,3.50000000
1632160847.35405874,3.50000000
1632160847.45398617,3.50000000
1632160847.55408621,3.50000000
1632160847.65408134,3.50000000
1632160847.75407577,3.50000000
1632160847.85417032,3.50000000
1632160847.95407104,3.50000000
1632160848.05405402,3.50000000
1632160848.15415955,3.50000000
1632160848.25411963,3.50000000
1632160848.35408592,3.50000000
1632160848.45412302,3.50000000
1632160848.55408716,3.50000000
1632160848.65412521,3.50000000
1632160848.75408530,3.50000000
1632160848.85417891,3.50000000
1632160848.95408463,3.50000000
1632160849.05406857,3.50000000
1632160849.15407467,3.50000000
1632160849.25408435,3.50000000
1632160849.35404611,3.50000000
1632160849.45405006,3.50000000
1632160849.55412126,3.50000000
1632160849.65414453,3.50000000
1632160849.75405812,3.50000000
1632160849.85411453,3.50000000
1632160849.95409632,3.50000000
1632160850.05405736,3.50000000
1632160850.15406895,3.50000000
1632160850.25402141,3.50000000
1632160850.35404253,3.50000000
1632160850.45403433,3.50000000
1632160850.55404997,3.50000000
1632160850.65406966,3.50000000
1632160850.75404501,3.50000000
1632160850.85402632,3.50000000
1632160850.95402837,3.50000000
1632160851.05402946,3.50000000
1632160851.15403533,3.50000000
1632160851.25399399,3.50000000
1632160851.35399890,3.50000000
1632160851.45404840,3.50000000
1632160851.55412674,3.50000000
1632160851.65404701,3.50000000
1632160851.75402999,3.50000000
1632160851.85405016,3.50000000
1632160851.95403028,3.50000000
1632160852.05403280,3.50000000
1632160852.15403700,3.50000000
1632160852.25405908,3.50000000
1632160852.35404420,3.50000000
1632160852.45403624,3.50000000
1632160852.55410337,3.50000000
1632160852.65404201,3.50000000
1632160852.75403857,3.50000000
1632160852.85410333,3.50000000
1632160852.95403409,3.50000000
1632160853.05403471,3.50000000
1632160853.15404058,3.50000000
1632160853.25403523,3.50000000
1632160853.35410190,3.50000000
1632160853.45410395,3.50000000
1632160853.55403686,3.50000000
1632160853.65404510,3.50000000
1632160853.75404048,3.50000000
1632160853.85408235,3.50000000
1632160853.95403481,3.50000000
1632160854.05402946,3.50000000
1632160854.15404010,3.50000000
1632160854.25405812,3.50000000
1632160854.35406804,3.50000000
1632160854.45407677,3.50000000
1632160854.55403447,3.50000000
1632160854.65404606,3.50000000
1632160854.75411630,3.50000000
1632160854.85404658,3.50000000
1632160854.95405221,3.50000000
1632160855.05403161,3.50000000
1632160855.15405560,3.50000000
1632160855.25403094,3.50000000
1632160855.35405922,3.50000000
1632160855.45410991,3.50000000
1632160855.55405426,3.50000000
1632160855.65405822,3.50000000
1632160855.75404859,3.50000000
1632160855.85403419,3.50000000
1632160855.95403194,3.50000000
1632160856.05421901,3.50000000
1632160856.15406394,3.50000000
1632160856.25404501,3.50000000
1632160856.35405254,3.50000000
1632160856.45403361,3.50000000
1632160856.55403066,3.50000000
1632160856.65405798,3.50000000
1632160856.75417209,3.50000000
1632160856.85410333,3.50000000
1632160856.95411444,3.50000000
1632160857.05402827,3.50000000
1632160857.15406322,3.50000000
1632160857.25405002,3.50000000
1632160857.35405684,3.50000000
1632160857.45405555,3.50000000
1632160857.55405593,3.50000000
1632160857.65404630,3.50000000
1632160857.75404000,3.50000000
1632160857.85408759,3.50000000
1632160857.95416141,3.50000000
1632160858.05404758,3.50000000
1632160858.15411210,3.50000000
1632160858.25407910,3.50000000
1632160858.35415530,3.50000000
1632160858.45408392,3.50000000
1632160858.55406833,3.50000000
1632160858.65408826,3.50000000
1632160858.75407267,3.50000000
1632160858.85406446,3.50000000
1632160858.95403028,3.50000000
1632160859.05411506,3.50000000
1632160859.15406179,3.50000000
1632160859.25409651,3.50000000
1632160859.35391140,3.50000000
1632160859.45409393,3.50000000
1632160859.55403256,3.50000000
1632160859.65404344,3.50000000
1632160859.75411105,3.50000000
1632160859.85403323,3.50000000
1632160859.95404720,3.50000000
1632160860.05398679,3.50000000
1632160860.15407586,3.50000000
1632160860.25403023,3.50000000
1632160860.35405993,3.50000000
1632160860.45403910,3.50000000
1632160860.55403090,3.50000000
1632160860.65403843,3.50000000
1632160860.75403953,3.50000000
1632160860.85403562,3.50000000
1632160860.95403624,3.50000000
1632160861.05409074,3.50000000
1632160861.15413642,2.00000000
1632160861.25403237,2.00000000
1632160861.35404992,2.00000000
1632160861.45404577,2.00000000
1632160861.55411148,2.00000000
1632160861.65403748,2.00000000
1632160861.75412774,2.00000000
1632160861.85401082,2.00000000
1632160861.95408440,2.00000000
1632160862.05389404,2.00000000
1632160862.15418696,2.00000000
1632160862.25406528,2.00000000
1632160862.35418344,2.00000000
1632160862.45406580,2.00000000
1632160862.55406213,2.00000000
1632160862.65403295,2.00000000
1632160862.75407195,2.00000000
1632160862.85405159,2.00000000
1632160862.95407605,2.00000000
1632160863.05406904,2.00000000
1632160863.15403962,2.00000000
1632160863.25407124,2.00000000
1632160863.35412049,2.00000000
1632160863.45407295,2.00000000
1632160863.55404139,2.00000000
1632160863.65406418,2.00000000
1632160863.75407147,2.00000000
1632160863.85417128,2.00000000
1632160863.95403481,2.00000000
1632160864.05406356,2.00000000
1632160864.15415573,2.00000000
1632160864.25433874,2.00000000
1632160864.35405087,2.00000000
1632160864.45404625,2.00000000
1632160864.55412602,2.00000000
1632160864.65412307,2.00000000
1632160864.75413704,2.00000000
1632160864.85405946,2.00000000
1632160864.95402622,2.00000000
1632160865.05402875,2.00000000
1632160865.15409780,2.00000000
1632160865.25401616,2.00000000
1632160865.35418820,2.00000000
1632160865.45411038,2.00000000
1632160865.55413437,2.00000000
1632160865.65406704,2.00000000
1632160865.75404525,2.00000000
1632160865.85415626,2.00000000
1632160865.95403910,2.00000000
1632160866.05403423,2.00000000
1632160866.15404391,2.00000000
1632160866.25404954,2.00000000
1632160866.35405231,2.00000000
1632160866.45405078,2.00000000
1632160866.55403352,2.00000000
1632160866.65406632,2.00000000
1632160866.75407648,2.00000000
1632160866.85403085,2.00000000
1632160866.95402932,2.00000000
1632160867.05405188,2.00000000
1632160867.15402985,2.00000000
1632160867.25407648,2.00000000
1632160867.35404778,2.00000000
1632160867.45404291,2.00000000
1632160867.55402803,2.00000000
1632160867.65403485,2.00000000
1632160867.75436497,3.50000000
1632160867.85406327,3.50000000
1632160867.95416808,3.50000000
1632160868.05408239,3.50000000
1632160868.15403438,3.50000000
1632160868.25405979,3.50000000
1632160868.35405040,3.50000000
1632160868.45406175,3.50000000
1632160868.55405068,3.50000000
1632160868.65407467,3.50000000
1632160868.75412297,3.50000000
1632160868.85408616,3.50000000
1632160868.95406437,3.50000000
1632160869.05416012,3.50000000
1632160869.15406013,3.50000000
1632160869.25411177,3.50000000
1632160869.35406137,3.50000000
1632160869.45414233,3.50000000
1632160869.55410099,3.50000000
1632160869.65406179,3.50000000
1632160869.75404453,3.50000000
1632160869.85407424,3.50000000
1632160869.95405936,3.50000000
1632160870.05409813,3.50000000
1632160870.15414596,3.50000000
1632160870.25409961,3.50000000
1632160870.35405970,3.50000000
1632160870.45414710,3.50000000
1632160870.55413270,3.50000000
1632160870.65405202,3.50000000
1632160870.75403261,3.50000000
1632160870.85403061,3.50000000
1632160870.95402837,3.50000000
1632160871.05403638,3.50000000
1632160871.15407181,3.50000000
1632160871.25405359,3.50000000
1632160871.35408545,3.50000000
1632160871.45406008,3.50000000
1632160871.55403376,3.50000000
1632160871.65404892,3.50000000
1632160871.75387788,3.50000000
1632160871.85402989,3.50000000
1632160871.95404220,3.50000000
1632160872.05400038,3.50000000
1632160872.15408254,3.50000000
1632160872.25412464,3.50000000
1632160872.35410404,3.50000000
1632160872.45410800,3.50000000
1632160872.55403733,3.50000000
1632160872.65405440,3.50000000
1632160872.75393486,3.50000000
1632160872.85423350,3.50000000
1632160872.95388269,3.50000000
1632160873.05381942,3.50000000
1632160873.15381026,3.50000000
1632160873.25389409,3.50000000
1632160873.35410786,3.50000000
1632160873.45421982,3.50000000
1632160873.55404401,3.50000000
1632160873.65406442,3.50000000
1632160873.75403094,3.50000000
1632160873.85406137,3.50000000
1632160873.95408082,3.50000000
1632160874.05381274,3.50000000
1632160874.15380120,3.50000000
1632160874.25382924,3.50000000
1632160874.35380650,3.50000000
1632160874.45381546,3.50000000
1632160874.55380797,3.50000000
1632160874.65380096,3.50000000
1632160874.75379705,3.50000000
1632160874.85380507,3.50000000
1632160874.95379853,3.50000000
1632160875.05381346,3.50000000
1632160875.15379763,3.50000000
1632160875.25378990,3.50000000
1632160875.35380077,3.50000000
1632160875.45379901,3.50000000
1632160875.55379796,3.50000000
1632160875.65380168,3.50000000
1632160875.75378132,3.50000000
1632160875.85381436,3.50000000
1632160875.95380998,3.50000000
1632160876.05380058,3.50000000
1632160876.15380645,3.50000000
1632160876.25381589,3.50000000
1632160876.35379982,3.50000000
1632160876.45381021,3.50000000
1632160876.55380774,3.50000000
1632160876.65379906,3.50000000
1632160876.75383043,3.50000000
1632160876.85384607,3.50000000
1632160876.95376849,3.50000000
1632160877.05378699,3.50000000
1632160877.15380764,3.50000000
1632160877.25380445,3.50000000
1632160877.35380268,3.50000000
1632160877.45380068,3.50000000
1632160877.55382752,3.50000000
1632160877.65380263,3.50000000
1632160877.75380039,3.50000000
1632160877.85380530,3.50000000
1632160877.95381069,3.50000000
1632160878.05380154,3.50000000
1632160878.15380335,3.50000000
1632160878.25380921,3.50000000
1632160878.35379577,3.50000000
1632160878.45379925,3.50000000
1632160878.55380797,2.00000000
1632160878.65380526,2.00000000
1632160878.75377274,2.00000000
1632160878.85379839,2.00000000
1632160878.95380855,2.00000000
1632160879.05380130,2.00000000
1632160879.15380430,2.00000000
1632160879.25380206,2.00000000
1632160879.35386753,2.00000000
1632160879.45381045,2.00000000
1632160879.55380750,2.00000000
1632160879.65382624,2.00000000
1632160879.75380206,2.00000000
1632160879.85381484,2.00000000
1632160879.95380616,2.00000000
1632160880.05377221,2.00000000
1632160880.15377831,2.00000000
1632160880.25377703,2.00000000
1632160880.35380554,2.00000000
1632160880.45381546,2.00000000
1632160880.55380726,2.00000000
1632160880.65379500,2.00000000
1632160880.75382566,2.00000000
1632160880.85380769,2.00000000
1632160880.95380950,2.00000000
1632160881.05380034,2.00000000
1632160881.15380096,2.00000000
1632160881.25380492,2.00000000
1632160881.35380411,2.00000000
1632160881.45380282,2.00000000
1632160881.55380511,2.00000000
1632160881.65381455,2.00000000
1632160881.75380492,2.00000000
1632160881.85380816,2.00000000
1632160881.95380354,2.00000000
1632160882.05380464,2.00000000
1632160882.15380287,2.00000000
1632160882.25380325,2.00000000
1632160882.35380316,2.00000000
1632160882.45377326,2.00000000
1632160882.55381227,2.00000000
1632160882.65380025,2.00000000
1632160882.75380158,2.00000000
1632160882.85380006,2.00000000
1632160882.95380187,2.00000000
1632160883.05378127,2.00000000
1632160883.15380311,2.00000000
1632160883.25380516,2.00000000
1632160883.35380650,2.00000000
1632160883.45381188,2.00000000
1632160883.55382109,2.00000000
1632160883.65379763,2.00000000
1632160883.75380349,2.00000000
1632160883.85380650,2.00000000
1632160883.95380211,2.00000000
1632160884.05380273,2.00000000
1632160884.15380764,2.00000000
1632160884.25380993,2.00000000
1632160884.35381007,2.00000000
1632160884.45379877,2.00000000
1632160884.55384159,2.00000000
1632160884.65382457,2.00000000
1632160884.75380206,2.00000000
1632160884.85380411,2.00000000
1632160884.95380402,2.00000000
1632160885.05380082,2.00000000
1632160885.15377307,2.00000000
1632160885.25380206,2.00000000
1632160885.35379934,2.00000000
1632160885.45380116,2.00000000
1632160885.55378079,2.00000000
1632160885.65380931,2.00000000
1632160885.75381446,2.00000000
1632160885.85380197,2.00000000
1632160885.95380497,2.00000000
1632160886.05377555,2.00000000
1632160886.15380192,2.00000000
1632160886.25378466,2.00000000
1632160886.35380197,2.00000000
1632160886.45380378,2.00000000
1632160886.55377293,2.00000000
1632160886.65381336,2.00000000
1632160886.75377345,2.00000000
1632160886.85377121,2.00000000
1632160886.95377183,2.00000000
1632160887.05382776,2.00000000
1632160887.15381646,2.00000000
1632160887.25378156,2.00000000
1632160887.35380983,2.00000000
1632160887.45380712,2.00000000
1632160887.55380893,2.00000000
1632160887.65380716,2.00000000
1632160887.75380850,2.00000000
1632160887.85379028,2.00000000
1632160887.95382881,2.00000000
1632160888.05380797,2.00000000
1632160888.15380549,2.00000000
1632160888.25380754,2.00000000
1632160888.35377908,2.00000000
1632160888.45380878,2.00000000
1632160888.55381918,2.00000000
1632160888.65380430,2.00000000
1632160888.75379133,2.00000000
1632160888.85381603,2.00000000
1632160888.95380759,2.00000000
1632160889.05384612,2.00000000
1632160889.15381384,2.00000000
1632160889.25380516,2.00000000
1632160889.35380673,2.00000000
1632160889.45381021,2.00000000
1632160889.55380559,2.00000000
1632160889.65378571,2.00000000
1632160889.75381780,2.00000000
1632160889.85381389,2.00000000
1632160889.95381451,2.00000000
1632160890.05378056,2.00000000
1632160890.15381980,2.00000000
1632160890.25380778,2.00000000
1632160890.35384035,3.50000000
1632160890.45380473,3.50000000
1632160890.55381489,3.50000000
1632160890.65381694,3.50000000
1632160890.75381660,3.50000000
1632160890.85380554,3.50000000
1632160890.95381999,3.50000000
1632160891.05380940,3.50000000
1632160891.15380526,3.50000000
1632160891.25380826,3.50000000
1632160891.35380554,3.50000000
1632160891.45377707,3.50000000
1632160891.55380845,3.50000000
1632160891.65380621,3.50000000
1632160891.75380492,3.50000000
1632160891.85381031,3.50000000
1632160891.95381284,3.50000000
1632160892.05381513,3.50000000
1632160892.15380335,3.50000000
1632160892.25380182,3.50000000
1632160892.35380840,3.50000000
1632160892.45380926,3.50000000
1632160892.55380440,3.50000000
1632160892.65379715,3.50000000
1632160892.75380301,3.50000000
1632160892.85380459,3.50000000
1632160892.95380569,3.50000000
1632160893.05380893,3.50000000
1632160893.15381074,3.50000000
1632160893.25382042,3.50000000
1632160893.35381866,3.50000000
1632160893.45381212,3.50000000
1632160893.55380988,3.50000000
1632160893.65380740,3.50000000
1632160893.75381827,3.50000000
1632160893.85380578,3.50000000
1632160893.95380497,3.50000000
1632160894.05381417,3.50000000
1632160894.15381384,3.50000000
1632160894.25379848,3.50000000
1632160894.35380554,3.50000000
1632160894.45380592,3.50000000
1632160894.55380368,3.50000000
1632160894.65380669,3.50000000
1632160894.75380373,3.50000000
1632160894.85380530,3.50000000
1632160894.95380259,3.50000000
1632160895.05382681,3.50000000
1632160895.15381455,3.50000000
1632160895.25380111,3.50000000
1632160895.35380149,3.50000000
1632160895.45383096,3.50000000
1632160895.55380583,3.50000000
1632160895.65381408,3.50000000
1632160895.75380135,3.50000000
1632160895.85380912,3.50000000
1632160895.95380259,3.50000000
1632160896.05380511,3.50000000
1632160896.15380359,3.50000000
1632160896.25380731,3.50000000
1632160896.35381246,3.50000000
1632160896.45380521,3.50000000
1632160896.55380106,3.50000000
1632160896.65380979,3.50000000
1632160896.75382662,3.50000000
1632160896.85380602,3.50000000
1632160896.95380521,3.50000000
1632160897.05381083,3.50000000
1632160897.15381002,3.50000000
1632160897.25380373,3.50000000
1632160897.35381222,3.50000000
1632160897.45381117,3.50000000
1632160897.55379987,3.50000000
1632160897.65380597,3.50000000
1632160897.75380421,3.50000000
1632160897.85377789,3.50000000
1632160897.95380807,3.50000000
1632160898.05380106,3.50000000
1632160898.15380907,3.50000000
1632160898.25381684,3.50000000
1632160898.35380912,3.50000000
1632160898.45380759,3.50000000
1632160898.55381179,3.50000000
1632160898.65382147,3.50000000
1632160898.75381136,3.50000000
1632160898.85380411,3.50000000
1632160898.95380640,3.50000000
1632160899.05380321,3.50000000
1632160899.15380478,3.50000000
1632160899.25380468,3.50000000
1632160899.35379720,3.50000000
1632160899.45380473,3.50000000
1632160899.55380297,3.50000000
1632160899.65380645,3.50000000
1632160899.75380826,3.50000000
1632160899.85380530,3.50000000
1632160899.95380640,3.50000000
1632160900.05380678,3.50000000
1632160900.15381002,3.50000000
1632160900.25380683,3.50000000
1632160900.35380316,3.50000000
1632160900.45380545,3.50000000
1632160900.55380511,3.50000000
1632160900.65381527,3.50000000
1632160900.75377417,3.50000000
1632160900.85380340,3.50000000
1632160900.95381856,3.50000000
1632160901.05380750,3.50000000
1632160901.15380573,3.50000000
1632160901.25380421,3.50000000
1632160901.35384798,3.50000000
1632160901.45380640,3.50000000
1632160901.55381036,3.50000000
1632160901.65380478,3.50000000
1632160901.75381160,3.50000000
1632160901.85380697,3.50000000
1632160901.95378065,3.50000000
1632160902.05380702,3.50000000
1632160902.15380335,3.50000000
1632160902.25380898,3.50000000
1632160902.35380673,3.50000000
1632160902.45380664,3.50000000
1632160902.55380630,3.50000000
1632160902.65377998,3.50000000
1632160902.75380373,3.50000000
1632160902.85380626,3.50000000
1632160902.95381236,3.50000000
1632160903.05381036,3.50000000
1632160903.15380740,3.50000000
1632160903.25380707,3.50000000
1632160903.35380626,3.50000000
1632160903.45380473,3.50000000
1632160903.55380964,3.50000000
1632160903.65380931,3.50000000
1632160903.75380778,3.50000000
1632160903.85380602,3.50000000
1632160903.95380855,3.50000000
1632160904.05380654,3.50000000
1632160904.15380335,3.50000000
1632160904.25381279,3.50000000
1632160904.35380626,3.50000000
1632160904.45382118,3.50000000
1632160904.55380392,3.50000000
1632160904.65380669,3.50000000
1632160904.75380516,3.50000000
1632160904.85381746,3.50000000
1632160904.95381832,3.50000000
1632160905.05381083,3.50000000
1632160905.15380883,3.50000000
1632160905.25381756,3.50000000
1632160905.35380483,3.50000000
1632160905.45377755,3.50000000
1632160905.55380750,3.50000000
1632160905.65380645,3.50000000
1632160905.75380754,3.50000000
1632160905.85380554,3.50000000
1632160905.95377541,3.50000000
1632160906.05381680,3.50000000
1632160906.15380788,3.50000000
1632160906.25380373,3.50000000
1632160906.35380244,3.50000000
1632160906.45380688,3.50000000
1632160906.55380750,3.50000000
1632160906.65381384,3.50000000
1632160906.75380516,3.50000000
1632160906.85380507,3.50000000
1632160906.95381284,3.50000000
1632160907.05380535,3.50000000
1632160907.15380502,3.50000000
1632160907.25380898,3.50000000
1632160907.35380387,3.50000000
1632160907.45380712,3.50000000
1632160907.55380702,3.50000000
1632160907.65380311,3.50000000
1632160907.75380945,3.50000000
1632160907.85381746,3.50000000
1632160907.95380640,3.50000000
1632160908.05380154,3.50000000
1632160908.15381193,3.50000000
1632160908.25379896,3.50000000
1632160908.35379791,3.50000000
1632160908.45377517,3.50000000
1632160908.55378270,3.50000000
1632160908.65380478,3.50000000
1632160908.75380254,3.50000000
1632160908.85380387,3.50000000
1632160908.95378780,3.50000000
1632160909.05381179,3.50000000
1632160909.15380502,3.50000000
1632160909.25380754,3.50000000
1632160909.35381770,3.50000000
1632160909.45381308,3.50000000
1632160909.55381846,3.50000000
1632160909.65381956,3.50000000
1632160909.75381589,3.50000000
1632160909.85381126,3.50000000
1632160909.95382357,3.50000000
1632160910.05381155,3.50000000
1632160910.15381575,3.50000000
1632160910.25381422,3.50000000
1632160910.35381126,3.50000000
1632160910.45380664,3.50000000
1632160910.55380154,3.50000000
1632160910.65381432,3.50000000
1632160910.75384927,3.50000000
1632160910.85381413,3.50000000
1632160910.95381761,3.50000000
1632160911.05380845,3.50000000
1632160911.15377951,3.50000000
1632160911.25380397,3.50000000
1632160911.35380459,3.50000000
1632160911.45380473,3.50000000
1632160911.55379057,3.50000000
1632160911.65380359,3.50000000
1632160911.75380969,3.50000000
1632160911.85380793,3.50000000
1632160911.95381832,3.50000000
1632160912.05381417,3.50000000
1632160912.15381432,3.50000000
1632160912.25381184,3.50000000
1632160912.35381222,3.50000000
1632160912.45380926,3.50000000
1632160912.55381417,3.50000000
1632160912.65380955,3.50000000
1632160912.75381327,3.50000000
1632160912.85382509,3.50000000
1632160912.95380735,3.50000000
1632160913.05381393,3.50000000
1632160913.15381002,3.50000000
1632160913.25381422,3.50000000
1632160913.35380316,3.50000000
1632160913.45380640,3.50000000
1632160913.55382204,3.50000000
1632160913.65380788,3.50000000
1632160913.75382686,3.50000000
1632160913.85381269,3.50000000
1632160913.95380092,3.50000000
1632160914.05380964,3.50000000
1632160914.15380549,3.50000000
1632160914.25377488,3.50000000
1632160914.35380268,3.50000000
1632160914.45380592,3.50000000
1632160914.55381751,3.50000000
1632160914.65380931,3.50000000
1632160914.75380802,3.50000000
1632160914.85382199,3.50000000
1632160914.95380998,3.50000000
1632160915.05380988,3.50000000
1632160915.15380311,3.50000000
1632160915.25380540,3.50000000
1632160915.35382009,3.50000000
1632160915.45380330,3.50000000
1632160915.55381489,3.50000000
1632160915.65380883,3.50000000
1632160915.75381732,3.50000000
1632160915.85380602,3.50000000
1632160915.95378351,3.50000000
1632160916.05380607,3.50000000
1632160916.15380287,3.50000000
1632160916.25377488,3.50000000
1632160916.35382819,3.50000000
1632160916.45377755,3.50000000
1632160916.55381870,3.50000000
1632160916.65380359,3.50000000
1632160916.75380611,3.50000000
1632160916.85380530,3.50000000
1632160916.95381331,3.50000000
1632160917.05380392,3.50000000
1632160917.15380716,3.50000000
1632160917.25379705,3.50000000
1632160917.35381055,3.50000000
1632160917.45380449,3.50000000
1632160917.55379176,3.50000000
1632160917.65380239,3.50000000
1632160917.75381613,3.50000000
1632160917.85380864,3.50000000
1632160917.95381379,3.50000000
1632160918.05380893,3.50000000
1632160918.15381432,3.50000000
1632160918.25378370,3.50000000
1632160918.35381413,3.50000000
1632160918.45380545,3.50000000
1632160918.55382800,3.50000000
1632160918.65386558,3.50000000
1632160918.75381994,3.50000000
1632160918.85381699,3.50000000
1632160918.95380783,3.50000000
1632160919.05381799,3.50000000
1632160919.15380549,3.50000000
1632160919.25380921,3.50000000
1632160919.35380673,3.50000000
1632160919.45380998,3.50000000
1632160919.55380559,3.50000000
1632160919.65381646,3.50000000
1632160919.75380397,3.50000000
1632160919.85380387,3.50000000
1632160919.95382071,3.50000000
1632160920.05381870,3.50000000
1632160920.15381360,3.50000000
1632160920.25380921,3.50000000
1632160920.35381770,3.50000000
1632160920.45381498,3.50000000
1632160920.55380917,3.50000000
1632160920.65381384,3.50000000
1632160920.75380754,3.50000000
1632160920.85380340,3.50000000
1632160920.95381236,3.50000000
1632160921.05378437,3.50000000
1632160921.15402389,3.50000000
1632160921.25408173,3.50000000
1632160921.35411859,3.50000000
1632160921.45393062,3.50000000
1632160921.55406690,3.50000000
1632160921.65405345,3.50000000
1632160921.75403929,3.50000000
1632160921.85400581,3.50000000
1632160921.95404482,3.50000000
1632160922.05412483,3.50000000
1632160922.15381169,3.50000000
1632160922.25425315,3.50000000
1632160922.35410833,3.50000000
1632160922.45412469,3.50000000
1632160922.55414057,3.50000000
1632160922.65415740,3.50000000
1632160922.75393701,3.50000000
1632160922.85410285,3.50000000
1632160922.95415044,3.50000000
1632160923.05390215,3.50000000
1632160923.15414453,3.50000000
1632160923.25412107,3.50000000
1632160923.35412693,3.50000000
1632160923.45417452,3.50000000
1632160923.55413628,3.50000000
1632160923.65382099,3.50000000
1632160923.75390053,3.50000000
1632160923.85414076,3.50000000
1632160923.95414615,3.50000000
1632160924.05413795,3.50000000
1632160924.15413594,3.50000000
1632160924.25390816,3.50000000
1632160924.35413933,3.50000000
1632160924.45413494,3.50000000
1632160924.55414486,3.50000000
1632160924.65417981,3.50000000
1632160924.75403571,3.50000000
1632160924.85403323,3.50000000
1632160924.95404434,3.50000000
1632160925.05405736,3.50000000
1632160925.15406156,3.50000000
1632160925.25403547,3.50000000
1632160925.35411286,3.50000000
1632160925.45413375,3.50000000
1632160925.55388904,3.50000000
1632160925.65414429,3.50000000
1632160925.75387979,3.50000000
1632160925.85405254,3.50000000
1632160925.95409250,3.50000000
1632160926.05403662,3.50000000
1632160926.15404034,3.50000000
