Seconds, Linear Velocity, Angular Velocitiy,X,Y
1632159624.43619323,0.00000000,0.00000000,0.00000000,0.00000000
1632159624.51961875,0.00000000,0.00000000,0.00000000,0.00000000
1632159624.61939764,0.00000000,0.00000000,0.00000000,0.00000000
1632159624.71925783,0.00000000,0.00000000,0.00000000,0.00000000
1632159624.81989312,0.00000000,0.00000000,0.00000000,0.00000000
1632159624.91954446,0.00000000,0.00000000,0.00000000,0.00000000
1632159625.01919293,0.00000000,0.00000000,0.00000000,0.00000000
1632159625.11990738,0.00000000,0.00000000,0.00000000,0.00000000
1632159625.21965766,0.00000000,0.00000000,0.00000000,0.00000000
1632159625.31937790,0.00000000,0.00000000,0.00000000,0.00000000
1632159625.41927099,0.00000000,0.00000000,0.00000000,0.00000000
1632159625.51911974,0.00000000,0.00000000,0.00000000,0.00000000
1632159625.61982584,0.00000000,0.00000000,0.00000000,0.00000000
1632159625.71957040,0.00000000,0.00000000,0.00000000,0.00000000
1632159625.81933594,0.00000000,0.00000000,0.00000000,0.00000000
1632159625.92009473,0.00000000,0.00000000,0.00000000,0.00000000
1632159626.02086258,0.00000000,0.00000000,0.00000000,0.00000000
1632159626.12057543,0.00000000,0.00000000,0.00000000,0.00000000
1632159626.22031879,0.00000000,0.00000000,0.00000000,0.00000000
1632159626.32010674,0.00000000,0.00000000,0.00000000,0.00000000
1632159626.42086649,0.00000000,0.00000000,0.00000000,0.00000000
1632159626.52064562,0.00000000,0.00000000,0.00000000,0.00000000
1632159626.62077284,0.00000000,0.00000000,0.00000000,0.00000000
1632159626.72132540,0.00000000,0.00000000,0.00000000,0.00000000
1632159626.82104111,0.00000000,0.00000000,0.00000000,0.00000000
1632159626.92177153,0.00000000,0.00000000,0.00000000,0.00000000
1632159627.02266192,0.00000000,0.00000000,0.00000000,0.00000000
1632159627.12250495,0.00000000,0.00000000,0.00000000,0.00000000
1632159627.22229934,0.00000000,0.00000000,0.00000000,0.00000000
1632159627.32209539,0.00000000,0.00000000,0.00000000,0.00000000
1632159627.42283916,0.00000000,0.00000000,0.00000000,0.00000000
1632159627.52261639,0.00000000,0.00000000,0.00000000,0.00000000
1632159627.62235236,0.00000000,0.00000000,0.00000000,0.00000000
1632159627.72212052,0.00000000,0.00000000,0.00000000,0.00000000
1632159627.82266951,0.00000000,0.00000000,0.00000000,0.00000000
1632159627.92223859,0.00000000,0.00000000,0.00000000,0.00000000
1632159628.02184701,0.00000000,0.00000000,0.00000000,0.00000000
1632159628.12241936,0.00000000,0.00000000,0.00000000,0.00000000
1632159628.22227454,0.00000000,0.00000000,0.00000000,0.00000000
1632159628.32242131,0.00000000,0.00000000,0.00000000,0.00000000
1632159628.42218137,0.00000000,0.00000000,0.00000000,0.00000000
1632159628.52296782,0.00000000,0.00000000,0.00000000,0.00000000
1632159628.62266064,0.00000000,0.00000000,0.00000000,0.00000000
1632159628.72239757,0.00000000,0.00000000,0.00000000,0.00000000
1632159628.82215762,0.00000000,0.00000000,0.00000000,0.00000000
1632159628.92291927,0.00000000,0.00000000,0.00000000,0.00000000
1632159629.02231598,0.00000000,0.00000000,0.00000000,0.00000000
1632159629.12199569,0.00000000,0.00000000,0.00000000,0.00000000
1632159629.22268820,0.00000000,0.00000000,0.00000000,0.00000000
1632159629.32227921,0.00000000,0.00000000,0.00000000,0.00000000
1632159629.42222977,0.00000000,0.00000000,0.00000000,0.00000000
1632159629.52299380,0.00000000,0.00000000,0.00000000,0.00000000
1632159629.62403488,0.00000000,0.00000000,0.00000000,0.00000000
1632159629.72484207,0.00000000,0.00000000,0.00000000,0.00000000
1632159629.82464576,0.00000000,0.00000000,0.00000000,0.00000000
1632159629.92435741,0.00000000,0.00000000,0.00000000,0.00000000
1632159630.02389789,0.00000000,0.00000000,0.00000000,0.00000000
1632159630.12486172,0.00000000,0.00000000,0.00000000,0.00000000
1632159630.22451282,0.00000000,0.00000000,0.00000000,0.00000000
1632159630.32410002,0.00000000,0.00000000,0.00000000,0.00000000
1632159630.42383909,0.00000000,0.00000000,0.00000000,0.00000000
1632159630.52441692,0.00000000,0.00000000,0.00000000,0.00000000
1632159630.62431574,0.00000000,0.00000000,0.00000000,0.00000000
1632159630.72415137,0.00000000,0.00000000,0.00000000,0.00000000
1632159630.82498026,0.00000000,0.00000000,0.00000000,0.00000000
1632159630.92595124,0.00000000,0.00000000,0.00000000,0.00000000
1632159631.02674818,0.00000000,0.00000000,0.00000000,0.00000000
1632159631.12661076,0.00000000,0.00000000,0.00000000,0.00000000
1632159631.22636771,0.00000000,0.00000000,0.00000000,0.00000000
1632159631.32614303,0.00000000,0.00000000,0.00000000,0.00000000
1632159631.42677712,0.00000000,0.00000000,0.00000000,0.00000000
1632159631.52764082,0.00000000,0.00000000,0.00000000,0.00000000
1632159631.62749577,0.00000000,0.00000000,0.00000000,0.00000000
1632159631.72727323,0.00000000,0.00000000,0.00000000,0.00000000
1632159631.82805967,0.00000000,0.00000000,0.00000000,0.00000000
1632159631.92889309,0.00000000,0.00000000,0.00000000,0.00000000
1632159632.02848864,0.00000000,0.00000000,0.00000000,0.00000000
1632159632.12805104,0.00000000,0.00000000,0.00000000,0.00000000
1632159632.22827291,0.00000000,0.00000000,0.00000000,0.00000000
1632159632.32891321,0.00000000,0.00000000,0.00000000,0.00000000
1632159632.42823315,0.00000000,0.00000000,0.00000000,0.00000000
1632159632.52789879,0.00000000,0.00000000,0.00000000,0.00000000
1632159632.62852359,0.00000000,0.00000000,0.00000000,0.00000000
1632159632.72810173,0.00000000,0.00000000,0.00000000,0.00000000
1632159632.82870817,0.00000000,0.00000000,0.00000000,0.00000000
1632159632.92926621,0.00000000,0.00000000,0.00000000,0.00000000
1632159633.02899504,0.00000000,0.00000000,0.00000000,0.00000000
1632159633.12954307,0.00000000,0.00000000,0.00000000,0.00000000
1632159633.22911668,0.00000000,0.00000000,0.00000000,0.00000000
1632159633.32968307,0.00000000,0.00000000,0.00000000,0.00000000
1632159633.42919898,0.00000000,0.00000000,0.00000000,0.00000000
1632159633.52976179,0.00000000,0.00000000,0.00000000,0.00000000
1632159633.63032341,0.00000000,0.00000000,0.00000000,0.00000000
1632159633.73019409,0.00000000,0.00000000,0.00000000,0.00000000
1632159633.83095884,0.00000000,0.00000000,0.00000000,0.00000000
1632159633.93178868,0.00000000,0.00000000,0.00000000,0.00000000
1632159634.03159618,0.00000000,0.00000000,0.00000000,0.00000000
1632159634.13108611,0.00000000,0.00000000,0.00000000,0.00000000
1632159634.23182702,0.00000000,0.00000000,0.00000000,0.00000000
1632159634.33163810,0.00000000,0.00000000,0.00000000,0.00000000
1632159634.43154049,0.00000000,0.00000000,0.00000000,0.00000000
1632159634.53133893,0.00000000,0.00000000,0.00000000,0.00000000
1632159634.63087988,0.00000000,0.00000000,0.00000000,0.00000000
1632159634.73145938,0.00000000,0.00000000,0.00000000,0.00000000
1632159634.83115125,0.00000000,0.00000000,0.00000000,0.00000000
1632159634.93169427,0.00000000,0.00000000,0.00000000,0.00000000
1632159635.03145885,0.00000000,0.00000000,0.00000000,0.00000000
1632159635.13141108,0.00000000,0.00000000,0.00000000,0.00000000
1632159635.23196077,0.00000000,0.00000000,0.00000000,0.00000000
1632159635.33299041,0.00000000,0.00000000,0.00000000,0.00000000
1632159635.43358922,0.00000000,0.00000000,0.00000000,0.00000000
1632159635.53322196,0.00000000,0.00000000,0.00000000,0.00000000
1632159635.63382149,0.00000000,0.00000000,0.00000000,0.00000000
1632159635.73341894,0.00000000,0.00000000,0.00000000,0.00000000
1632159635.83318377,0.00000000,0.00000000,0.00000000,0.00000000
1632159635.93387985,0.00000000,0.00000000,0.00000000,0.00000000
1632159636.03350997,0.00000000,0.00000000,0.00000000,0.00000000
1632159636.13314629,0.00000000,0.00000000,0.00000000,0.00000000
1632159636.23391080,0.00000000,0.00000000,0.00000000,0.00000000
1632159636.33349752,0.00000000,0.00000000,0.00000000,0.00000000
1632159636.43321347,0.00000000,0.00000000,0.00000000,0.00000000
1632159636.53380585,0.00000000,0.00000000,0.00000000,0.00000000
1632159636.63392353,0.00000000,0.00000000,0.00000000,0.00000000
1632159636.73351598,0.00000000,0.00000000,0.00000000,0.00000000
1632159636.83321285,0.00000000,0.00000000,0.00000000,0.00000000
1632159636.93392658,0.00000000,0.00000000,0.00000000,0.00000000
1632159637.03351402,0.00000000,0.00000000,0.00000000,0.00000000
1632159637.13347220,0.00000000,0.00000000,0.00000000,0.00000000
1632159637.23313522,0.00000000,0.00000000,0.00000000,0.00000000
1632159637.33304667,0.00000000,0.00000000,0.00000000,0.00000000
1632159637.43319726,0.00000000,0.00000000,0.00000000,0.00000000
1632159637.53394938,0.00000000,0.00000000,0.00000000,0.00000000
1632159637.63351989,0.00000000,0.00000000,0.00000000,0.00000000
1632159637.73333740,0.00000000,0.00000000,0.00000000,0.00000000
1632159637.83301878,0.00000000,0.00000000,0.00000000,0.00000000
1632159637.93386745,0.00000000,0.00000000,0.00000000,0.00000000
1632159638.03319788,0.03000000,0.00000000,0.00291000,0.00000000
1632159638.13301921,0.06000000,0.00000000,0.00873000,0.00000000
1632159638.23333788,0.09000000,0.00000000,0.01794500,0.00000000
1632159638.33381200,0.07200000,0.00000000,0.02473500,0.00000000
1632159638.43289566,0.10200000,0.00000000,0.03492000,0.00000000
1632159638.53327513,0.13200000,0.00000000,0.04753000,0.00000000
1632159638.63335872,0.10200000,0.00000000,0.05868500,0.00000000
1632159638.73331404,0.13200000,0.00000000,0.07178000,0.00000000
1632159638.83387733,0.14400000,0.00000000,0.08584500,0.00000000
1632159638.93320131,0.14200000,0.00000000,0.09991000,0.00000000
1632159639.03305697,0.11200000,0.00000000,0.11058000,0.00000000
1632159639.13369870,0.14200000,0.00000000,0.12561500,0.00000000
1632159639.23301697,0.14400000,0.00000000,0.13968000,0.00000000
1632159639.33337331,0.14300000,0.00000000,0.15374500,0.00000000
1632159639.43353176,0.14200000,0.00000000,0.16781000,0.00000000
1632159639.53389192,0.14000000,0.00000000,0.18187500,0.00000000
1632159639.63321185,0.13900000,0.00000000,0.19594000,0.00000000
1632159639.73353624,0.13800000,0.00000000,0.20952000,0.00000000
1632159639.83388424,0.13600000,0.00000000,0.22358500,0.00000000
1632159639.93300247,0.13500000,0.00000000,0.23668000,0.00000000
1632159640.03335142,0.13300000,0.00000000,0.25074500,0.00000000
1632159640.13281465,0.13200000,0.00000000,0.26384000,0.00000000
1632159640.23307562,0.13000000,0.00000000,0.27693500,0.00000000
1632159640.33360195,0.12900000,0.00000000,0.28954500,0.00000000
1632159640.43280673,0.12800000,0.00000000,0.30264000,0.00000000
1632159640.53299832,0.12600000,0.00000000,0.31476500,0.00000000
1632159640.63326955,0.12500000,0.00000000,0.32786000,0.00000000
1632159640.73359156,0.12400000,0.00000000,0.33998500,0.00000000
1632159640.83349681,0.12200000,0.00000000,0.35162500,0.00000000
1632159640.93379569,0.12100000,0.00000000,0.36472000,0.00000000
1632159641.03398514,0.12000000,0.00000000,0.37587500,0.00000000
1632159641.13402295,0.11800000,0.00000000,0.38751500,0.00000000
1632159641.23464489,0.11700000,0.00000000,0.39964000,0.00000000
1632159641.33448958,0.11600000,0.00000000,0.41079500,0.00000000
1632159641.43403912,0.11500000,0.00000000,0.42292000,0.00000000
1632159641.53451967,0.11400000,0.00000000,0.43359000,0.00000000
1632159641.63407731,0.11200000,0.00000000,0.44571500,0.00000000
1632159641.73491120,0.11100000,0.00000000,0.45687000,0.00000000
1632159641.83434319,0.11000000,0.00000000,0.46754000,0.00000000
1632159641.93475556,0.10900000,0.00000000,0.47869500,0.00000000
1632159642.03498602,0.10800000,0.00000000,0.48888000,0.00000000
1632159642.13514161,0.10600000,0.00000000,0.49955000,0.00000000
1632159642.23598003,0.10600000,0.00000000,0.51070500,0.00000000
1632159642.33655572,0.10400000,0.00000000,0.52089000,0.00000000
1632159642.43689489,0.10300000,0.00000000,0.53156000,0.00000000
1632159642.53616142,0.10200000,0.00000000,0.54174500,0.00000000
1632159642.63683391,0.10100000,0.00000000,0.55193000,0.00000000
1632159642.73712730,0.10000000,0.00000000,0.56163000,0.00000000
1632159642.83766603,0.09900000,0.00000000,0.57181500,0.00000000
1632159642.93800879,0.09800000,0.00000000,0.58054500,0.00000000
1632159643.03832626,0.09700000,0.00000000,0.59073000,0.00000000
1632159643.13822556,0.09600000,0.00000000,0.60091500,0.00000000
1632159643.23866057,0.09500000,0.00000000,0.60964500,0.00000000
1632159643.33805895,0.09400000,0.00000000,0.61983000,0.00000000
1632159643.43847132,0.09300000,0.00000000,0.62856000,0.00000000
1632159643.53898001,0.09200000,0.00000000,0.63777500,0.00000000
1632159643.63999391,0.09100000,0.00000000,0.64699000,0.00000000
1632159643.74028802,0.09000000,0.00000000,0.65572000,0.00000000
1632159643.84073663,0.08900000,0.00000000,0.66493500,0.00000000
1632159643.94021940,0.08800000,0.00000000,0.67366500,0.00000000
1632159644.04064989,0.08200000,0.00000000,0.68191000,0.00000000
1632159644.14029980,0.08100000,0.00000000,0.68967000,0.00000000
1632159644.24078488,0.08000000,0.00000000,0.69791500,0.00000000
1632159644.34036469,0.07900000,0.00000000,0.70567500,0.00000000
1632159644.44059372,0.07900000,0.00000000,0.71392000,0.00000000
1632159644.54082561,0.07800000,0.00000000,0.72168000,0.00000000
1632159644.64135289,0.07700000,0.00000000,0.72895500,0.00000000
1632159644.74170923,0.07600000,0.00000000,0.73671500,0.00000000
1632159644.84194040,0.07500000,0.00000000,0.74399000,0.00000000
1632159644.94233918,0.07400000,0.00000000,0.75175000,0.00000000
1632159645.04274440,0.07400000,0.00000000,0.75854000,0.00000000
1632159645.14239001,0.06900000,0.00000000,0.76581500,0.00000000
1632159645.24250770,0.06300000,0.00000000,0.77163500,0.00000000
1632159645.34257936,0.05700000,0.00000000,0.77794000,0.00000000
1632159645.44202733,0.05100000,0.00000000,0.78279000,0.00000000
1632159645.54235387,0.04600000,0.00000000,0.78764000,0.00000000
1632159645.64275861,0.04000000,0.00000000,0.79152000,0.00000000
1632159645.74280715,0.03400000,0.00000000,0.79491500,0.00000000
1632159645.84272170,0.02800000,0.00000000,0.79782500,0.00000000
1632159645.94209433,0.02300000,0.00000000,0.79976500,0.00000000
1632159646.04239297,0.02200000,0.00000000,0.80267500,0.00000000
1632159646.14243460,0.02200000,0.00000000,0.80461500,0.00000000
1632159646.24283934,0.02100000,0.00000000,0.80655500,0.00000000
1632159646.34219766,0.02100000,0.00000000,0.80898000,0.00000000
1632159646.44287539,0.02000000,0.00000000,0.81092000,0.00000000
1632159646.54222703,0.02000000,0.00000000,0.81286000,0.00000000
1632159646.64244890,0.02000000,0.00000000,0.81480000,0.00000000
1632159646.74261332,0.02000000,0.00000000,0.81674000,0.00000000
1632159646.84267664,0.02000000,0.00000000,0.81868000,0.00000000
1632159646.94223833,0.01900000,0.00000000,0.82062000,0.00000000
1632159647.04250526,0.01900000,0.00000000,0.82256000,0.00000000
1632159647.14282870,0.01900000,0.00000000,0.82498500,0.00000000
1632159647.24207139,0.01900000,0.00000000,0.82692500,0.00000000
1632159647.34240699,0.01900000,0.00000000,0.82789500,0.00000000
1632159647.44295263,0.01800000,0.00000000,0.82983500,0.00000000
1632159647.54198933,0.01800000,0.00000000,0.83177500,0.00000000
1632159647.64277506,0.01800000,0.00000000,0.83371500,0.00000000
1632159647.74288845,0.01800000,0.00000000,0.83565500,0.00000000
1632159647.84228706,0.01700000,0.00000000,0.83662500,0.00000000
1632159647.94262934,0.01700000,0.00000000,0.83856500,0.00000000
1632159648.04284191,0.01700000,0.00000000,0.84099000,0.00000000
1632159648.14261103,0.01700000,0.00000000,0.84196000,0.00000000
1632159648.24236655,0.01700000,0.00000000,0.84390000,0.00000000
1632159648.34261942,0.01700000,0.00000000,0.84584000,0.00000000
1632159648.44309449,0.01600000,0.00000000,0.84681000,0.00000000
1632159648.54318023,0.01600000,0.00000000,0.84875000,0.00000000
1632159648.64352942,0.01600000,0.00000000,0.85069000,0.00000000
1632159648.74385262,0.01600000,0.00000000,0.85166000,0.00000000
1632159648.84288883,0.01600000,0.00000000,0.85360000,0.00000000
1632159648.94348288,0.01600000,0.00000000,0.85457000,0.00000000
1632159649.04363322,0.01500000,0.00000000,0.85699500,0.00000000
1632159649.14295626,0.01500000,0.00000000,0.85796500,0.00000000
1632159649.24352932,0.01500000,0.00000000,0.85990500,0.00000000
1632159649.34338593,0.01500000,0.00000000,0.86087500,0.00000000
1632159649.44386959,0.01500000,0.00000000,0.86281500,0.00000000
1632159649.54298663,0.01500000,0.00000000,0.86378500,0.00000000
1632159649.64318585,0.01500000,0.00000000,0.86572500,0.00000000
1632159649.74393225,0.01400000,0.00000000,0.86669500,0.00000000
1632159649.84349632,0.01400000,0.00000000,0.86863500,0.00000000
1632159649.94402504,0.01400000,0.00000000,0.86960500,0.00000000
1632159650.04448962,0.01400000,0.00000000,0.87057500,0.00000000
1632159650.14483190,0.01400000,0.00000000,0.87251500,0.00000000
1632159650.24483418,0.01400000,0.00000000,0.87397000,0.00000000
1632159650.34421539,0.01300000,0.00000000,0.87591000,0.00000000
1632159650.44464445,0.01300000,0.00000000,0.87688000,0.00000000
1632159650.54405618,0.00000000,0.00000000,0.87688000,0.00000000
1632159650.64468980,0.03000000,0.00000000,0.87979000,0.00000000
1632159650.74474168,0.06000000,0.00000000,0.88561000,0.00000000
1632159650.84482169,0.09000000,0.00000000,0.89482500,0.00000000
1632159650.94435811,0.12000000,0.00000000,0.90695000,0.00000000
1632159651.04496884,0.15000000,0.00000000,0.92198500,0.00000000
1632159651.14550400,0.16200000,0.00000000,0.93799000,0.00000000
1632159651.24559450,0.16200000,0.00000000,0.95399500,0.00000000
1632159651.34548736,0.16200000,0.00000000,0.96951500,0.00000000
1632159651.44581103,0.16100000,0.00000000,0.98552000,0.00000000
1632159651.54703212,0.16100000,0.00000000,1.00298000,0.00000000
1632159651.64751577,0.15900000,0.00000000,1.01753000,0.00000000
1632159651.74711466,0.15800000,0.00000000,1.03353500,0.00000000
1632159651.84706664,0.15600000,0.00000000,1.04954000,0.00000000
1632159651.94770217,0.15500000,0.00000000,1.06457500,0.00000000
1632159652.04739666,0.15300000,0.00000000,1.07961000,0.00000000
1632159652.14796925,0.15100000,0.00000000,1.09464500,0.00000000
1632159652.24821877,0.15000000,0.00000000,1.10968000,0.00000000
1632159652.34883213,0.14800000,0.00000000,1.12471500,0.00000000
1632159652.44828463,0.14700000,0.00000000,1.13975000,0.00000000
1632159652.54860234,0.14500000,0.00000000,1.15381500,0.00000000
1632159652.64819288,0.14400000,0.00000000,1.16885000,0.00000000
1632159652.74853373,0.14200000,0.00000000,1.18291500,0.00000000
1632159652.84875607,0.14100000,0.00000000,1.19698000,0.00000000
1632159652.94827342,0.13900000,0.00000000,1.21056000,0.00000000
1632159653.04874849,0.13800000,0.00000000,1.22462500,0.00000000
1632159653.14811993,0.13600000,0.00000000,1.23869000,0.00000000
1632159653.24843860,0.13500000,0.00000000,1.25178500,0.00000000
1632159653.34839916,0.13300000,0.00000000,1.26488000,0.00000000
1632159653.44885111,0.13200000,0.00000000,1.27894500,0.00000000
1632159653.54896498,0.13000000,0.00000000,1.29155500,0.00000000
1632159653.64946508,0.12900000,0.00000000,1.30465000,0.00000000
1632159653.74977684,0.12800000,0.00000000,1.31677500,0.00000000
1632159653.84891415,0.12600000,0.00000000,1.32987000,0.00000000
1632159653.94980359,0.12500000,0.00000000,1.34199500,0.00000000
1632159654.04921508,0.12400000,0.00000000,1.35460500,0.00000000
1632159654.14963961,0.12200000,0.00000000,1.36673000,0.00000000
1632159654.24913621,0.12100000,0.00000000,1.37885500,0.00000000
1632159654.34945011,0.12000000,0.00000000,1.39098000,0.00000000
1632159654.44981742,0.11800000,0.00000000,1.40262000,0.00000000
1632159654.54923987,0.11700000,0.00000000,1.41474500,0.00000000
1632159654.64938021,0.11600000,0.00000000,1.42590000,0.00000000
1632159654.74970365,0.11500000,0.00000000,1.43754000,0.00000000
1632159654.84897208,0.11300000,0.00000000,1.44869500,0.00000000
1632159654.94982672,0.11200000,0.00000000,1.45985000,0.00000000
1632159655.04986024,0.11100000,0.00000000,1.47052000,0.00000000
1632159655.14889407,0.11000000,0.00000000,1.48167500,0.00000000
1632159655.24940348,0.10900000,0.00000000,1.49283000,0.00000000
1632159655.34965110,0.10700000,0.00000000,1.50398500,0.00000000
1632159655.44922519,0.10600000,0.00000000,1.51368500,0.00000000
1632159655.54992819,0.10500000,0.00000000,1.52484000,0.00000000
1632159655.64964461,0.10400000,0.00000000,1.53454000,0.00000000
1632159655.74892521,0.10300000,0.00000000,1.54472500,0.00000000
1632159655.84938169,0.10200000,0.00000000,1.55588000,0.00000000
1632159655.94895673,0.10100000,0.00000000,1.56558000,0.00000000
1632159656.04982567,0.09950000,0.01745329,1.57576500,0.00000000
1632159656.15072751,0.09850000,0.01745329,1.58595000,0.00000000
1632159656.25065017,0.09750000,0.03490659,1.59565000,0.00000000
1632159656.35003662,0.09650000,0.03490659,1.60486500,0.00000000
1632159656.45038128,0.09550000,0.05235988,1.61456500,0.00000000
1632159656.55076694,0.09450000,0.06981317,1.62378000,0.00000000
1632159656.65016675,0.09450000,0.06981317,1.63396500,0.00097000
1632159656.75055099,0.09350000,0.08726646,1.64269500,0.00097000
1632159656.85093117,0.09350000,0.08726646,1.65288000,0.00097000
1632159656.95021009,0.09250000,0.10471976,1.66161000,0.00194000
1632159657.05056787,0.09250000,0.10471976,1.67082500,0.00194000
1632159657.15002155,0.06250000,0.10471976,1.67761500,0.00291000
1632159657.25058150,0.04250000,0.10471976,1.68198000,0.00291000
1632159657.35080910,0.04250000,0.10471976,1.68586000,0.00291000
1632159657.45012164,0.03750000,0.12217305,1.68974000,0.00388000
1632159657.55041194,0.03850000,0.12217305,1.69362000,0.00388000
1632159657.65078425,0.03450000,0.12217305,1.69653000,0.00485000
1632159657.75027800,0.03250000,0.12217305,1.70089500,0.00485000
1632159657.85042429,0.02750000,0.13962634,1.70283500,0.00485000
1632159657.95067143,0.02200000,0.13962634,1.70574500,0.00582000
1632159658.05089879,0.02000000,0.12217305,1.70768500,0.00582000
1632159658.15090466,0.02000000,0.13962634,1.70962500,0.00679000
1632159658.25025511,0.01800000,0.13962634,1.71059500,0.00679000
1632159658.35089016,0.01700000,0.13962634,1.71253500,0.00679000
1632159658.45068383,0.01700000,0.13962634,1.71496000,0.00776000
1632159658.55075359,0.01400000,0.13962634,1.71593000,0.00776000
1632159658.64985919,0.01500000,0.13962634,1.71690000,0.00776000
1632159658.75066543,0.01300000,0.13962634,1.71884000,0.00873000
1632159658.85036850,0.01300000,0.12217305,1.71981000,0.00873000
1632159658.95015645,0.01100000,0.13962634,1.72078000,0.00873000
1632159659.05015683,0.01100000,0.13962634,1.72175000,0.00970000
1632159659.14995646,0.01200000,0.13962634,1.72272000,0.00970000
1632159659.25009608,0.01000000,0.13962634,1.72369000,0.00970000
1632159659.35044479,0.00900000,0.12217305,1.72466000,0.01067000
1632159659.45086002,0.01000000,0.13962634,1.72563000,0.01067000
1632159659.55018926,0.00900000,0.13962634,1.72660000,0.01067000
1632159659.65067720,0.00800000,0.13962634,1.72660000,0.01164000
1632159659.75054550,0.00900000,0.12217305,1.72757000,0.01164000
1632159659.85081053,0.00800000,0.13962634,1.72854000,0.01164000
1632159659.95024896,0.00800000,0.13962634,1.72999500,0.01261000
1632159660.05069661,0.00800000,0.12217305,1.72999500,0.01261000
1632159660.15052104,0.00700000,0.12217305,1.73096500,0.01261000
1632159660.25093937,0.00700000,0.12217305,1.73193500,0.01358000
1632159660.35050321,0.00700000,0.12217305,1.73193500,0.01358000
1632159660.45087433,0.00700000,0.12217305,1.73290500,0.01358000
1632159660.55040145,0.00700000,0.12217305,1.73387500,0.01455000
1632159660.65072656,0.00700000,0.12217305,1.73387500,0.01455000
1632159660.75005603,0.00600000,0.12217305,1.73484500,0.01455000
1632159660.85051632,0.00600000,0.12217305,1.73484500,0.01552000
1632159660.95009446,0.00700000,0.12217305,1.73581500,0.01552000
1632159661.05056357,0.00600000,0.12217305,1.73581500,0.01552000
1632159661.15100455,0.00600000,0.12217305,1.73678500,0.01697500
1632159661.25156569,0.00600000,0.12217305,1.73678500,0.01697500
1632159661.35201478,0.00500000,0.10471976,1.73775500,0.01697500
1632159661.45251727,0.00600000,0.12217305,1.73775500,0.01794500
1632159661.55286145,0.00600000,0.10471976,1.73872500,0.01794500
1632159661.65220881,0.00600000,0.10471976,1.73872500,0.01794500
1632159661.75265002,0.00500000,0.10471976,1.73969500,0.01891500
1632159661.85283446,0.03450000,0.13962634,1.74163500,0.02085500
1632159661.95215440,0.00500000,0.10471976,1.74260500,0.02085500
1632159662.05249619,0.03450000,0.12217305,1.74454500,0.02279500
1632159662.15271473,0.05450000,0.10471976,1.74988000,0.02667500
1632159662.25205183,0.05550000,0.10471976,1.75376000,0.03055500
1632159662.35201526,0.05550000,0.10471976,1.75764000,0.03395000
1632159662.45258951,0.05550000,0.08726646,1.76152000,0.03783000
1632159662.55271125,0.05450000,0.08726646,1.76588500,0.04171000
1632159662.65270686,0.05450000,0.08726646,1.76976500,0.04462000
1632159662.75276947,0.05450000,0.06981317,1.77364500,0.04898500
1632159662.85229206,0.05450000,0.06981317,1.77752500,0.05286500
1632159662.95245695,0.05350000,0.06981317,1.78189000,0.05674500
1632159663.05238438,0.05350000,0.05235988,1.78577000,0.05965500
1632159663.15292144,0.05250000,0.05235988,1.78965000,0.06353500
1632159663.25344038,0.05250000,0.03490659,1.79256000,0.06790000
1632159663.35346699,0.05150000,0.03490659,1.79692500,0.07178000
1632159663.45388842,0.05150000,0.03490659,1.80080500,0.07469000
1632159663.55320215,0.05050000,0.03490659,1.80371500,0.07857000
1632159663.65359139,0.05050000,0.03490659,1.80759500,0.08293500
1632159663.75395536,0.04950000,0.01745329,1.81099000,0.08584500
1632159663.85354257,0.04950000,0.01745329,1.81487000,0.08972500
1632159663.95377135,0.04850000,0.01745329,1.81778000,0.09263500
1632159664.05402851,0.04750000,0.01745329,1.82166000,0.09651500
1632159664.15429735,0.04750000,0.01745329,1.82457000,0.09991000
1632159664.25471163,0.04750000,0.01745329,1.82796500,0.10379000
1632159664.35505342,0.04650000,0.01745329,1.83087500,0.10670000
1632159664.45544386,0.04650000,0.01745329,1.83475500,0.11058000
1632159664.55548549,0.04550000,0.01745329,1.83766500,0.11397500
1632159664.65587020,0.04550000,0.01745329,1.84057500,0.11785500
1632159664.75526094,0.04450000,0.01745329,1.84397000,0.12076500
1632159664.85559368,0.04500000,0.00000000,1.84688000,0.12367500
1632159664.95605040,0.04400000,0.00000000,1.84979000,0.12658500
1632159665.05609488,0.04400000,0.00000000,1.85270000,0.13095000
1632159665.15642762,0.04300000,0.00000000,1.85561000,0.13386000
1632159665.25684834,0.04300000,0.00000000,1.85852000,0.13677000
1632159665.35594130,0.04200000,0.00000000,1.86191500,0.13968000
1632159665.45691705,0.04100000,0.00000000,1.86482500,0.14259000
1632159665.55695295,0.04050000,0.01745329,1.86676500,0.14598500
1632159665.65710831,0.04000000,0.00000000,1.86967500,0.14889500
1632159665.75766206,0.04000000,0.00000000,1.87258500,0.15180500
1632159665.85764456,0.04000000,0.00000000,1.87452500,0.15471500
1632159665.95792770,0.03850000,0.01745329,1.87792000,0.15762500
1632159666.05825925,0.03850000,0.01745329,1.88083000,0.16053500
1632159666.15872717,0.03800000,0.00000000,1.88277000,0.16296000
1632159666.25899625,0.03800000,0.00000000,1.88568000,0.16587000
1632159666.35999012,0.03700000,0.00000000,1.88762000,0.16878000
1632159666.45980763,0.03700000,0.00000000,1.89053000,0.17169000
1632159666.55959797,0.03700000,0.00000000,1.89295500,0.17363000
1632159666.65997839,0.03600000,0.00000000,1.89586500,0.17654000
1632159666.76090217,0.03600000,0.00000000,1.89780500,0.17993500
1632159666.86018205,0.03600000,0.00000000,1.90071500,0.18187500
1632159666.96052623,0.03500000,0.00000000,1.90265500,0.18478500
1632159667.06088591,0.03500000,0.00000000,1.90459500,0.18769500
1632159667.15999103,0.03500000,0.00000000,1.90799000,0.18963500
1632159667.26026750,0.03350000,0.01745329,1.90993000,0.19254500
1632159667.36056781,0.03400000,0.00000000,1.91187000,0.19497000
1632159667.46085167,0.03250000,0.01745329,1.91478000,0.19788000
1632159667.56013370,0.03300000,0.00000000,1.91672000,0.19982000
1632159667.66052413,0.03300000,0.00000000,1.91866000,0.20176000
1632159667.76086831,0.03150000,0.01745329,1.92060000,0.20467000
1632159667.86013055,0.03150000,-0.01745329,1.92254000,0.20661000
1632159667.96049047,0.03150000,-0.01745329,1.92593500,0.20952000
1632159668.06078720,0.03050000,-0.01745329,1.92787500,0.21194500
1632159668.16005421,0.03050000,-0.01745329,1.92981500,0.21388500
1632159668.26028991,0.03050000,-0.01745329,1.93175500,0.21582500
1632159668.36034060,0.02950000,-0.01745329,1.93369500,0.21873500
1632159668.46048951,0.02950000,-0.01745329,1.93563500,0.22067500
1632159668.56052995,0.02950000,-0.01745329,1.93757500,0.22261500
1632159668.66093636,0.02900000,0.00000000,1.93951500,0.22455500
1632159668.76025748,0.02900000,0.00000000,1.94194000,0.22698000
1632159668.86006927,0.00000000,0.00000000,1.94194000,0.22698000
1632159668.96046281,0.03000000,0.00000000,1.94388000,0.22892000
1632159669.06058979,0.06000000,0.00000000,1.94776000,0.23377000
1632159669.16086531,0.09000000,0.00000000,1.95358000,0.23959000
1632159669.26025224,0.12000000,0.00000000,1.96182500,0.24880500
1632159669.36055660,0.15000000,0.00000000,1.97298000,0.25996000
1632159669.46102786,0.17700000,0.00000000,1.98462000,0.27257000
1632159669.56147671,0.17700000,0.00000000,1.99674500,0.28566500
1632159669.66187835,0.17600000,0.00000000,2.00887000,0.29876000
1632159669.76117849,0.17600000,0.00000000,2.02099500,0.31185500
1632159669.86149120,0.17400000,0.00000000,2.03263500,0.32495000
1632159669.96169496,0.17250000,0.01745329,2.04476000,0.33659000
1632159670.06191158,0.17050000,0.01745329,2.05591500,0.34968500
1632159670.16208982,0.16850000,0.01745329,2.06755500,0.36181000
1632159670.26248002,0.16650000,0.01745329,2.07871000,0.37490500
1632159670.36211872,0.16550000,0.01745329,2.08986500,0.38654500
1632159670.46186686,0.16550000,0.01745329,2.10053500,0.39867000
1632159670.56263995,0.16150000,0.01745329,2.11169000,0.41079500
1632159670.66253448,0.15950000,0.01745329,2.12284500,0.42292000
1632159670.76239562,0.15850000,0.01745329,2.13351500,0.43456000
1632159670.86217690,0.15650000,0.01745329,2.14370000,0.44571500
1632159670.96191955,0.15450000,0.01745329,2.15485500,0.45784000
1632159671.06192350,0.15350000,-0.01745329,2.16455500,0.46899500
1632159671.16262102,0.15150000,-0.01745329,2.17474000,0.48063500
1632159671.26241732,0.15050000,-0.01745329,2.18492500,0.49179000
1632159671.36222029,0.14850000,-0.01745329,2.19462500,0.50294500
1632159671.46249866,0.14650000,-0.01745329,2.20481000,0.51361500
1632159671.56249189,0.14550000,-0.01745329,2.21499500,0.52477000
1632159671.66249943,0.14350000,-0.01745329,2.22469500,0.53495500
1632159671.76247525,0.14250000,-0.01745329,2.23391000,0.54562500
1632159671.86227679,0.14050000,-0.01745329,2.24361000,0.55581000
1632159671.96212745,0.13600000,0.00000000,2.25282500,0.56599500
1632159672.06187248,0.13150000,0.01745329,2.26155500,0.57569500
1632159672.16255331,0.12650000,0.01745329,2.27077000,0.58491000
1632159672.26234031,0.12150000,0.03490659,2.27853000,0.59364000
1632159672.36212277,0.11650000,0.03490659,2.28677500,0.60285500
1632159672.46208334,0.11250000,0.05235988,2.29453500,0.61061500
1632159672.56202459,0.10750000,0.05235988,2.30181000,0.61886000
1632159672.66195512,0.10350000,0.06981317,2.30860000,0.62662000
1632159672.76275897,0.09850000,0.06981317,2.31490500,0.63389500
1632159672.86369658,0.09450000,0.06981317,2.32169500,0.64165500
1632159672.96347499,0.09050000,0.06981317,2.32654500,0.64796000
1632159673.06331372,0.08650000,0.08726646,2.33285000,0.65475000
1632159673.16370583,0.08250000,0.08726646,2.33770000,0.66154000
1632159673.26312923,0.07850000,0.08726646,2.34255000,0.66784500
1632159673.36348772,0.07550000,0.10471976,2.34788500,0.67366500
1632159673.46380591,0.07150000,0.10471976,2.35273500,0.67851500
1632159673.56303835,0.06850000,0.10471976,2.35661500,0.68482000
1632159673.66367626,0.06450000,0.12217305,2.36098000,0.68967000
1632159673.76399732,0.06150000,0.12217305,2.36389000,0.69452000
1632159673.86446190,0.05850000,0.13962634,2.36777000,0.69985500
1632159673.96410513,0.05550000,0.13962634,2.37068000,0.70470500
1632159674.06467485,0.05250000,0.13962634,2.37359000,0.70858500
1632159674.16403675,0.04950000,0.13962634,2.37553000,0.71295000
1632159674.26395917,0.04750000,0.13962634,2.37892500,0.71683000
1632159674.36396813,0.04550000,0.13962634,2.38086500,0.72071000
1632159674.46397948,0.04250000,0.15707963,2.38377500,0.72459000
1632159674.56471634,0.04050000,0.15707963,2.38571500,0.72798500
1632159674.66420579,0.03850000,0.15707963,2.38765500,0.73186500
1632159674.76411510,0.03650000,0.15707963,2.38862500,0.73477500
1632159674.86390758,0.03450000,0.15707963,2.39056500,0.73768500
1632159674.96387076,0.03250000,0.17453293,2.39153500,0.74059500
1632159675.06462646,0.03150000,0.17453293,2.39396000,0.74399000
1632159675.16458249,0.03000000,0.17453293,2.39493000,0.74690000
1632159675.26492596,0.02900000,0.17453293,2.39590000,0.74981000
1632159675.36427283,0.02800000,0.17453293,2.39687000,0.75175000
1632159675.46482158,0.02700000,0.17453293,2.39784000,0.75466000
1632159675.56389165,0.02600000,0.19198622,2.39881000,0.75660000
1632159675.66408205,0.02500000,0.19198622,2.39978000,0.75854000
1632159675.76440120,0.02400000,0.19198622,2.39978000,0.76193500
1632159675.86472988,0.02400000,0.19198622,2.40075000,0.76387500
1632159675.96411872,0.02300000,0.19198622,2.40172000,0.76581500
1632159676.06452274,0.02300000,0.19198622,2.40172000,0.76872500
1632159676.16486859,0.02300000,0.20943951,2.40269000,0.77066500
1632159676.26418257,0.02300000,0.20943951,2.40269000,0.77260500
1632159676.36436486,0.02300000,0.20943951,2.40366000,0.77454500
1632159676.46457911,0.01000000,0.19198622,2.40366000,0.77551500
1632159676.56462002,0.01000000,0.19198622,2.40366000,0.77697000
1632159676.66474509,0.01000000,0.19198622,2.40366000,0.77794000
1632159676.76388049,0.00900000,0.19198622,2.40366000,0.77891000
1632159676.86450195,0.00800000,0.19198622,2.40366000,0.77988000
1632159676.96416688,0.00800000,0.19198622,2.40366000,0.78085000
1632159677.06429505,0.00700000,0.19198622,2.40366000,0.78085000
1632159677.16485071,0.00700000,0.19198622,2.40463000,0.78182000
1632159677.26421475,0.00700000,0.19198622,2.40463000,0.78279000
1632159677.36456370,0.00600000,0.19198622,2.40463000,0.78279000
1632159677.46514726,0.00600000,0.19198622,2.40463000,0.78376000
1632159677.56546116,0.00600000,0.19198622,2.40414500,0.78473000
1632159677.66586900,0.00500000,0.19198622,2.40414500,0.78473000
1632159677.76518488,0.00500000,0.19198622,2.40414500,0.78570000
1632159677.86503291,0.00500000,0.19198622,2.40414500,0.78570000
1632159677.96555400,0.00500000,0.19198622,2.40414500,0.78667000
1632159678.06597996,0.00500000,0.19198622,2.40414500,0.78667000
1632159678.16628528,0.00500000,0.19198622,2.40414500,0.78764000
1632159678.26669264,0.00400000,0.19198622,2.40414500,0.78764000
1632159678.36705136,0.00500000,0.19198622,2.40414500,0.78764000
1632159678.46731997,0.00400000,0.19198622,2.40414500,0.78861000
1632159678.56764889,0.00400000,0.19198622,2.40414500,0.78861000
1632159678.66726398,0.00400000,0.19198622,2.40414500,0.78958000
1632159678.76752591,0.00400000,0.19198622,2.40414500,0.78958000
1632159678.86745095,0.00400000,0.19198622,2.40414500,0.78958000
1632159678.96745706,0.00400000,0.19198622,2.40317500,0.79055000
1632159679.06729269,0.00400000,0.19198622,2.40317500,0.79055000
1632159679.16769671,0.00400000,0.17453293,2.40317500,0.79152000
1632159679.26792693,0.00400000,0.17453293,2.40317500,0.79152000
1632159679.36887050,0.00300000,0.17453293,2.40317500,0.79152000
1632159679.46817923,0.00300000,0.17453293,2.40317500,0.79152000
1632159679.56850362,0.00400000,0.17453293,2.40317500,0.79297500
1632159679.66875362,0.00300000,0.17453293,2.40220500,0.79297500
1632159679.76877499,0.00400000,0.15707963,2.40220500,0.79297500
1632159679.86845732,0.00300000,0.15707963,2.40220500,0.79394500
1632159679.96878982,0.00300000,0.15707963,2.40220500,0.79394500
1632159680.06816483,0.00300000,0.15707963,2.40220500,0.79394500
1632159680.16799450,0.00400000,0.15707963,2.40220500,0.79491500
1632159680.26856756,0.00300000,0.15707963,2.40220500,0.79491500
1632159680.36874580,0.00300000,0.15707963,2.40123500,0.79491500
1632159680.46899700,0.00300000,0.13962634,2.40123500,0.79491500
1632159680.56923199,0.00300000,0.13962634,2.40123500,0.79588500
1632159680.66951394,0.00300000,0.15707963,2.40123500,0.79588500
1632159680.76979542,0.00300000,0.13962634,2.40123500,0.79588500
1632159680.87003684,0.00300000,0.13962634,2.40123500,0.79588500
1632159680.97035527,0.00300000,0.13962634,2.40026500,0.79685500
1632159681.07059765,0.00300000,0.13962634,2.40026500,0.79685500
1632159681.17094231,0.00300000,0.13962634,2.40026500,0.79685500
1632159681.27017856,0.00300000,0.12217305,2.40026500,0.79685500
1632159681.37060261,0.00000000,0.13962634,2.40026500,0.79685500
1632159681.47095060,0.00400000,0.12217305,2.40026500,0.79782500
1632159681.57124138,0.00400000,0.12217305,2.39929500,0.79782500
1632159681.67155004,0.00400000,0.12217305,2.39929500,0.79782500
1632159681.77140093,0.00400000,0.12217305,2.39929500,0.79879500
1632159681.87107635,0.00400000,0.12217305,2.39832500,0.79879500
1632159681.97126555,0.00400000,0.12217305,2.39832500,0.79879500
1632159682.07119298,0.00400000,0.10471976,2.39832500,0.79879500
1632159682.17145395,0.00400000,0.10471976,2.39832500,0.79976500
1632159682.27167630,0.00400000,0.10471976,2.39735500,0.79976500
1632159682.37200260,0.00400000,0.10471976,2.39735500,0.79976500
1632159682.47232175,0.00400000,0.10471976,2.39735500,0.80073500
1632159682.57264543,0.00400000,0.10471976,2.39638500,0.80073500
1632159682.67287302,0.00400000,0.10471976,2.39638500,0.80073500
1632159682.77222395,0.03350000,0.10471976,2.39444500,0.80267500
1632159682.87273574,0.00400000,0.08726646,2.39347500,0.80364500
1632159682.97220612,0.00100000,0.08726646,2.39347500,0.80364500
1632159683.07213831,0.00100000,0.08726646,2.39347500,0.80364500
1632159683.17250514,0.00100000,0.08726646,2.39347500,0.80364500
1632159683.27288079,0.00100000,0.08726646,2.39347500,0.80364500
1632159683.37218976,0.00100000,0.08726646,2.39347500,0.80364500
1632159683.47254872,0.00100000,0.08726646,2.39347500,0.80364500
1632159683.57287216,0.00100000,0.08726646,2.39347500,0.80364500
1632159683.67242455,0.00100000,0.06981317,2.39347500,0.80364500
1632159683.77286720,0.00100000,0.08726646,2.39347500,0.80364500
1632159683.87219381,0.00100000,0.06981317,2.39202000,0.80364500
1632159683.97218013,0.00100000,0.06981317,2.39202000,0.80364500
1632159684.07257509,0.00100000,0.06981317,2.39202000,0.80364500
1632159684.17221332,0.00100000,0.06981317,2.39202000,0.80364500
1632159684.27304268,0.00100000,0.06981317,2.39202000,0.80364500
1632159684.37344050,0.00100000,0.06981317,2.39202000,0.80364500
1632159684.47372651,0.00200000,0.06981317,2.39202000,0.80461500
1632159684.57392836,0.00100000,0.06981317,2.39202000,0.80461500
1632159684.67439961,0.00200000,0.06981317,2.39202000,0.80461500
1632159684.77476287,0.00200000,0.06981317,2.39105000,0.80461500
1632159684.87411666,0.00200000,0.06981317,2.39105000,0.80461500
1632159684.97443748,0.00200000,0.06981317,2.39105000,0.80461500
1632159685.07468486,0.00200000,0.05235988,2.39105000,0.80461500
1632159685.17408252,0.00200000,0.06981317,2.39105000,0.80461500
1632159685.27439547,0.00200000,0.05235988,2.39105000,0.80461500
1632159685.37500477,0.00200000,0.05235988,2.39008000,0.80461500
1632159685.47577596,0.00200000,0.05235988,2.39008000,0.80558500
1632159685.57520580,0.00200000,0.05235988,2.39008000,0.80558500
1632159685.67552733,0.00200000,0.05235988,2.39008000,0.80558500
1632159685.77583170,0.00200000,0.05235988,2.39008000,0.80558500
1632159685.87517977,0.00200000,0.05235988,2.39008000,0.80558500
1632159685.97557282,0.00200000,0.05235988,2.38911000,0.80558500
1632159686.07585955,0.00200000,0.05235988,2.38911000,0.80558500
1632159686.17530251,0.00200000,0.05235988,2.38911000,0.80558500
1632159686.27559185,0.00200000,0.05235988,2.38911000,0.80558500
1632159686.37552309,0.00200000,0.05235988,2.38911000,0.80558500
1632159686.47580838,0.00200000,0.05235988,2.38911000,0.80655500
1632159686.57525158,0.00200000,0.05235988,2.38814000,0.80655500
1632159686.67556024,0.00200000,0.05235988,2.38814000,0.80655500
1632159686.77580595,0.00200000,0.03490659,2.38814000,0.80655500
1632159686.87509394,0.00200000,0.03490659,2.38814000,0.80655500
1632159686.97533607,0.00200000,0.03490659,2.38814000,0.80655500
1632159687.07565689,0.00200000,0.05235988,2.38717000,0.80655500
1632159687.17605448,0.00300000,0.03490659,2.38717000,0.80655500
1632159687.27611446,0.00200000,0.03490659,2.38717000,0.80655500
1632159687.37613630,0.00200000,0.03490659,2.38717000,0.80655500
1632159687.47611070,0.00200000,0.03490659,2.38717000,0.80655500
1632159687.57651758,0.00200000,0.03490659,2.38620000,0.80752500
1632159687.67684960,0.00300000,0.03490659,2.38620000,0.80752500
1632159687.77627206,0.00300000,0.03490659,2.38620000,0.80752500
1632159687.87669039,0.00300000,0.03490659,2.38620000,0.80752500
1632159687.97667933,0.00300000,0.03490659,2.38523000,0.80752500
1632159688.07664013,0.00300000,0.03490659,2.38523000,0.80752500
1632159688.17685819,0.00300000,0.03490659,2.38523000,0.80752500
1632159688.27612901,0.00300000,0.03490659,2.38523000,0.80752500
1632159688.37643409,0.00300000,0.03490659,2.38426000,0.80752500
1632159688.47667170,0.00300000,0.03490659,2.38426000,0.80898000
1632159688.57690406,0.00300000,0.03490659,2.38426000,0.80898000
1632159688.67618155,0.00300000,0.03490659,2.38329000,0.80898000
1632159688.77688098,0.00300000,0.03490659,2.38329000,0.80898000
1632159688.87614274,0.00300000,0.03490659,2.38329000,0.80898000
1632159688.97688818,0.00300000,0.03490659,2.38329000,0.80898000
1632159689.07655835,0.00300000,0.03490659,2.38232000,0.80898000
1632159689.17652297,0.00300000,0.03490659,2.38232000,0.80898000
1632159689.27652144,0.00300000,0.03490659,2.38232000,0.80898000
1632159689.37647676,0.00300000,0.03490659,2.38135000,0.80995000
1632159689.47681427,0.00300000,0.01745329,2.38135000,0.80995000
1632159689.57636547,0.00300000,0.01745329,2.38135000,0.80995000
1632159689.67670107,0.00300000,0.03490659,2.38135000,0.80995000
1632159689.77690864,0.00300000,0.03490659,2.38038000,0.80995000
1632159689.87621832,0.00300000,0.03490659,2.38038000,0.80995000
1632159689.97659492,0.00350000,0.01745329,2.38038000,0.80995000
1632159690.07674432,0.00300000,0.01745329,2.37941000,0.80995000
1632159690.17697978,0.00300000,0.01745329,2.37941000,0.80995000
1632159690.27744555,0.00300000,0.01745329,2.37941000,0.80995000
1632159690.37778783,0.00350000,0.01745329,2.37844000,0.81092000
1632159690.47807693,0.00300000,0.01745329,2.37844000,0.81092000
1632159690.57837605,0.00000000,0.01745329,2.37844000,0.81092000
1632159690.67829275,0.02950000,0.03490659,2.37504500,0.81189000
1632159690.77854681,0.00300000,0.01745329,2.37504500,0.81189000
1632159690.87876654,0.00300000,0.01745329,2.37504500,0.81189000
1632159690.97904706,0.00450000,0.01745329,2.37407500,0.81189000
1632159691.07899332,0.03450000,0.03490659,2.37116500,0.81286000
1632159691.17980051,0.06450000,0.03490659,2.36534500,0.81480000
1632159691.28087234,0.09450000,0.03490659,2.35613000,0.81771000
1632159691.38013029,0.12450000,0.03490659,2.34400500,0.82159000
1632159691.48041964,0.15450000,0.03490659,2.32945500,0.82692500
1632159691.58067203,0.18450000,0.03490659,2.31102500,0.83177500
1632159691.68096185,0.15450000,0.03490659,2.29647500,0.83662500
1632159691.78137517,0.18450000,0.03490659,2.27901500,0.84196000
1632159691.88177800,0.21450000,0.03490659,2.25816000,0.84778000
1632159691.98107958,0.24550000,0.03490659,2.23439500,0.85554000
1632159692.08138394,0.27550000,0.01745329,2.20820500,0.86281500
1632159692.18168640,0.24550000,0.01745329,2.18444000,0.86960500
1632159692.28134680,0.27550000,0.01745329,2.15825000,0.87785000
1632159692.38183713,0.30550000,0.01745329,2.12818000,0.88561000
1632159692.48114872,0.33550000,0.01745329,2.09617000,0.89579500
1632159692.58141708,0.36550000,0.01745329,2.06125000,0.90598000
1632159692.68174410,0.33550000,0.01745329,2.02924000,0.91471000
1632159692.78114533,0.36550000,0.01745329,1.99335000,0.92489500
1632159692.88142300,0.38950000,0.01745329,1.95600500,0.93459500
1632159692.98171377,0.38650000,0.01745329,1.91817500,0.94575000
1632159693.08204889,0.38250000,0.01745329,1.88228500,0.95593500
1632159693.18233752,0.37850000,0.01745329,1.84542500,0.96563500
1632159693.28266907,0.37550000,0.01745329,1.80905000,0.97485000
1632159693.38299727,0.37150000,0.01745329,1.77316000,0.98455000
1632159693.48327255,0.36750000,0.01745329,1.73824000,0.99473500
1632159693.58371305,0.36000000,0.00000000,1.70332000,1.00395000
1632159693.68402696,0.36000000,0.00000000,1.66937000,1.01268000
1632159693.78431392,0.35600000,0.00000000,1.63445000,1.02189500
1632159693.88435698,0.35300000,0.00000000,1.60001500,1.03062500
1632159693.98431778,0.34900000,0.00000000,1.56606500,1.03984000
1632159694.08472085,0.34500000,0.00000000,1.53308500,1.04857000
1632159694.18497586,0.34200000,0.00000000,1.50010500,1.05778500
1632159694.28529453,0.33800000,0.00000000,1.46712500,1.06651500
1632159694.38573933,0.33500000,0.00000000,1.43511500,1.07476000
1632159694.48510909,0.33100000,0.00000000,1.40310500,1.08397500
1632159694.58544898,0.32800000,0.00000000,1.37109500,1.09173500
1632159694.68579698,0.32400000,0.00000000,1.34005500,1.10095000
1632159694.78508782,0.32100000,0.00000000,1.30901500,1.10871000
1632159694.88546491,0.31800000,0.00000000,1.27846000,1.11695500
1632159694.98585224,0.31400000,0.00000000,1.24839000,1.12471500
1632159695.08505797,0.31100000,0.00000000,1.21735000,1.13296000
1632159695.18584847,0.30800000,0.00000000,1.18728000,1.14072000
1632159695.28516388,0.30500000,0.00000000,1.15818000,1.14896500
1632159695.38545108,0.30100000,0.00000000,1.12908000,1.15672500
1632159695.48581529,0.29800000,0.00000000,1.10046500,1.16351500
1632159695.58604527,0.29500000,0.00000000,1.07136500,1.17176000
1632159695.68642926,0.29200000,0.00000000,1.04323500,1.17855000
1632159695.78685999,0.28900000,0.00000000,1.01510500,1.18679500
1632159695.88612628,0.28600000,0.00000000,0.98746000,1.19358500
1632159695.98635840,0.28300000,0.00000000,0.96030000,1.20183000
1632159696.08621573,0.28000000,0.00000000,0.93314000,1.20862000
1632159696.18650270,0.27700000,0.00000000,0.90646500,1.21589500
1632159696.28624153,0.27400000,0.00000000,0.87930500,1.22268500
1632159696.38663530,0.27100000,0.00000000,0.85311500,1.22996000
1632159696.48604369,0.26800000,0.00000000,0.82741000,1.23675000
1632159696.58634067,0.26600000,0.00000000,0.80122000,1.24354000
1632159696.68686795,0.26300000,0.00000000,0.77600000,1.25081500
1632159696.78705883,0.26000000,0.00000000,0.75126500,1.25663500
1632159696.88737249,0.25700000,0.00000000,0.72604500,1.26391000
1632159696.98772931,0.25500000,0.00000000,0.70131000,1.26973000
1632159697.08748293,0.25200000,0.00000000,0.67706000,1.27652000
1632159697.18717480,0.24900000,0.00000000,0.65329500,1.28282500
1632159697.28738403,0.24700000,0.00000000,0.62904500,1.28961500
1632159697.38722539,0.24400000,0.00000000,0.60528000,1.29592000
1632159697.48785830,0.24100000,0.00000000,0.58200000,1.30174000
1632159697.58714771,0.23900000,0.00000000,0.55920500,1.30756000
1632159697.68745136,0.23600000,0.00000000,0.53641000,1.31386500
1632159697.78778553,0.23400000,0.00000000,0.51313000,1.31968500
1632159697.88707709,0.23200000,0.00000000,0.49130500,1.32599000
1632159697.98739219,0.22900000,0.00000000,0.46948000,1.33181000
1632159698.08745193,0.22700000,0.00000000,0.44717000,1.33763000
1632159698.18720269,0.22400000,0.00000000,0.42534500,1.34393500
1632159698.28690624,0.22200000,0.00000000,0.40303500,1.34975500
1632159698.38769341,0.22000000,0.00000000,0.38218000,1.35460500
1632159698.48744535,0.21700000,0.00000000,0.36132500,1.36091000
1632159698.58716726,0.21500000,0.00000000,0.34047000,1.36576000
1632159698.68706083,0.21300000,0.00000000,0.32010000,1.37158000
1632159698.78723383,0.21100000,0.00000000,0.29924500,1.37691500
1632159698.88744426,0.20800000,0.00000000,0.27936000,1.38273500
1632159698.98775077,0.20600000,0.00000000,0.25947500,1.38758500
1632159699.08724117,0.20400000,0.00000000,0.23910500,1.39292000
1632159699.18774939,0.20200000,0.00000000,0.22019000,1.39777000
1632159699.28739929,0.20000000,0.00000000,0.20127500,1.40359000
1632159699.38790178,0.19800000,0.00000000,0.18236000,1.40892500
1632159699.48716879,0.19600000,0.00000000,0.16344500,1.41377500
1632159699.58726335,0.19400000,0.00000000,0.14404500,1.41862500
1632159699.68756533,0.19100000,0.00000000,0.12610000,1.42396000
1632159699.78716087,0.19000000,0.00000000,0.10718500,1.42881000
1632159699.88758755,0.18800000,0.00000000,0.08924000,1.43269000
1632159699.98777485,0.18600000,0.00000000,0.07129500,1.43754000
1632159700.08761907,0.18400000,0.00000000,0.05335000,1.44287500
1632159700.18790197,0.18200000,0.00000000,0.03637500,1.44772500
1632159700.28783727,0.18000000,0.00000000,0.01843000,1.45160500
1632159700.38788795,0.17800000,0.00000000,0.00145500,1.45694000
1632159700.48773646,0.17600000,0.00000000,-0.01552000,1.46082000
1632159700.58763051,0.17400000,0.00000000,-0.03298000,1.46567000
1632159700.68783545,0.17200000,0.00000000,-0.04898500,1.46955000
1632159700.78729343,0.17100000,0.00000000,-0.06596000,1.47488500
1632159700.88793063,0.16900000,0.00000000,-0.08196500,1.47876500
1632159700.98886156,0.16700000,0.00000000,-0.09797000,1.48264500
1632159701.08804202,0.16500000,0.00000000,-0.11397500,1.48652500
1632159701.18850422,0.16400000,0.00000000,-0.12998000,1.49186000
1632159701.28833961,0.16200000,0.00000000,-0.14598500,1.49574000
1632159701.38873553,0.16000000,0.00000000,-0.16053500,1.49962000
1632159701.48829317,0.15900000,0.00000000,-0.17557000,1.50398500
1632159701.58890986,0.15700000,0.00000000,-0.19157500,1.50786500
1632159701.68807220,0.15500000,0.00000000,-0.20661000,1.51174500
1632159701.78835535,0.15400000,0.00000000,-0.22164500,1.51562500
1632159701.88809705,0.15200000,0.00000000,-0.23668000,1.51999000
1632159701.98859286,0.12200000,0.00000000,-0.24783500,1.52290000
1632159702.08885837,0.15200000,0.00000000,-0.26287000,1.52678000
1632159702.18815351,0.15200000,0.00000000,-0.27790500,1.53066000
1632159702.28883052,0.15100000,0.00000000,-0.29197000,1.53454000
1632159702.38816881,0.14900000,0.00000000,-0.30652000,1.53890500
1632159702.48899531,0.14650000,0.01745329,-0.32058500,1.54181500
1632159702.58926558,0.14350000,0.01745329,-0.33465000,1.54569500
1632159702.68914104,0.14150000,0.01745329,-0.34871500,1.54957500
1632159702.78952432,0.14050000,0.01745329,-0.36181000,1.55297000
1632159702.88984632,0.13950000,0.01745329,-0.37587500,1.55685000
1632159702.98918819,0.11000000,0.00000000,-0.38654500,1.55976000
1632159703.08950830,0.08000000,0.00000000,-0.39382000,1.56073000
1632159703.18912959,0.05000000,0.00000000,-0.39867000,1.56267000
1632159703.28999066,0.01950000,0.01745329,-0.40061000,1.56267000
1632159703.39061642,0.00000000,0.01745329,-0.40061000,1.56267000
1632159703.49058843,0.00000000,0.00000000,-0.40061000,1.56267000
1632159703.59086704,0.00000000,0.00000000,-0.40061000,1.56267000
1632159703.69028783,0.00000000,0.00000000,-0.40061000,1.56267000
1632159703.79040289,0.00000000,0.00000000,-0.40061000,1.56267000
1632159703.89091182,0.00000000,0.00000000,-0.40061000,1.56267000
1632159703.99086666,0.00000000,0.00000000,-0.40061000,1.56267000
1632159704.09057045,0.00000000,0.00000000,-0.40061000,1.56267000
1632159704.19024754,0.00000000,0.01745329,-0.40061000,1.56267000
1632159704.29021001,0.00000000,0.01745329,-0.40061000,1.56267000
1632159704.39098287,0.00000000,0.01745329,-0.40061000,1.56267000
1632159704.49147940,0.00000000,0.01745329,-0.40061000,1.56267000
1632159704.59197593,0.00000000,0.01745329,-0.40061000,1.56267000
1632159704.69273686,0.00000000,0.01745329,-0.40061000,1.56267000
1632159704.79283667,0.00000000,0.01745329,-0.40061000,1.56267000
1632159704.89212394,0.00000000,0.01745329,-0.40061000,1.56267000
1632159704.99256873,0.00000000,0.01745329,-0.40061000,1.56267000
1632159705.09302521,0.00000000,0.01745329,-0.40061000,1.56267000
1632159705.19336724,0.00000000,0.01745329,-0.40061000,1.56267000
1632159705.29404831,0.00000000,0.01745329,-0.40061000,1.56267000
1632159705.39447212,0.00000000,0.01745329,-0.40061000,1.56267000
1632159705.49406838,0.00000000,0.00000000,-0.40061000,1.56267000
1632159705.59494519,0.00000000,0.00000000,-0.40061000,1.56267000
1632159705.69415832,0.00000000,0.00000000,-0.40061000,1.56267000
1632159705.79421568,0.00000000,0.00000000,-0.40061000,1.56267000
1632159705.89478397,0.00000000,0.00000000,-0.40061000,1.56267000
1632159705.99484658,0.00000000,0.00000000,-0.40061000,1.56267000
1632159706.09455109,0.00000000,0.00000000,-0.40061000,1.56267000
1632159706.19451141,0.00000000,0.00000000,-0.40061000,1.56267000
1632159706.29449177,0.00000000,0.00000000,-0.40061000,1.56267000
1632159706.39423847,0.00000000,0.00000000,-0.40061000,1.56267000
1632159706.49433208,0.00000000,0.00000000,-0.40061000,1.56267000
1632159706.59508395,0.00000000,0.00000000,-0.40061000,1.56267000
1632159706.69599271,0.00000000,0.00000000,-0.40061000,1.56267000
1632159706.79673886,0.00000000,0.00000000,-0.40061000,1.56267000
1632159706.89652491,0.00000000,0.00000000,-0.40061000,1.56267000
1632159706.99681950,0.00000000,0.00000000,-0.40061000,1.56267000
1632159707.09678316,0.00000000,0.00000000,-0.40061000,1.56267000
1632159707.19651175,0.00000000,0.00000000,-0.40061000,1.56267000
1632159707.29673433,0.00000000,0.00000000,-0.40061000,1.56267000
1632159707.39684486,0.00000000,0.00000000,-0.40061000,1.56267000
1632159707.49667764,0.00000000,0.00000000,-0.40061000,1.56267000
1632159707.59640121,0.00000000,0.00000000,-0.40061000,1.56267000
1632159707.69622350,0.00000000,0.00000000,-0.40061000,1.56267000
1632159707.79595351,0.00000000,0.00000000,-0.40061000,1.56267000
1632159707.89612126,0.00000000,0.00000000,-0.40061000,1.56267000
1632159707.99686718,0.00000000,0.00000000,-0.40061000,1.56267000
1632159708.09683514,0.00000000,0.00000000,-0.40061000,1.56267000
1632159708.19675422,0.00000000,0.00000000,-0.40061000,1.56267000
1632159708.29658818,0.00000000,0.00000000,-0.40061000,1.56267000
1632159708.39649844,0.00000000,0.00000000,-0.40061000,1.56267000
1632159708.49643421,0.00000000,0.00000000,-0.40061000,1.56267000
1632159708.59631968,0.00000000,0.00000000,-0.40061000,1.56267000
1632159708.69650769,0.00000000,0.00000000,-0.40061000,1.56267000
1632159708.79676771,0.00000000,0.00000000,-0.40061000,1.56267000
1632159708.89660168,0.00000000,0.00000000,-0.40061000,1.56267000
1632159708.99636006,0.00000000,0.00000000,-0.40061000,1.56267000
1632159709.09619832,0.00000000,0.00000000,-0.40061000,1.56267000
1632159709.19700813,0.00000000,0.00000000,-0.40061000,1.56267000
1632159709.29803419,0.00000000,0.00000000,-0.40061000,1.56267000
1632159709.39887309,0.00000000,0.00000000,-0.40061000,1.56267000
1632159709.49865961,0.00000000,0.00000000,-0.40061000,1.56267000
1632159709.59863257,0.00000000,0.00000000,-0.40061000,1.56267000
1632159709.69883251,0.00000000,0.00000000,-0.40061000,1.56267000
1632159709.79877257,0.00000000,0.00000000,-0.40061000,1.56267000
1632159709.89816332,0.00000000,0.00000000,-0.40061000,1.56267000
1632159709.99870110,0.00000000,0.00000000,-0.40061000,1.56267000
1632159710.09862638,0.00000000,0.00000000,-0.40061000,1.56267000
1632159710.19841218,0.00000000,0.00000000,-0.40061000,1.56267000
1632159710.29888487,0.00000000,0.00000000,-0.40061000,1.56267000
1632159710.39848566,0.00000000,0.00000000,-0.40061000,1.56267000
1632159710.49844050,0.00000000,0.00000000,-0.40061000,1.56267000
1632159710.59821987,0.00000000,0.00000000,-0.40061000,1.56267000
1632159710.69895864,0.00000000,0.00000000,-0.40061000,1.56267000
1632159710.79963803,0.00000000,0.00000000,-0.40061000,1.56267000
1632159710.90001011,0.00000000,0.00000000,-0.40061000,1.56267000
1632159711.00074100,0.00000000,0.00000000,-0.40061000,1.56267000
1632159711.10066009,0.00000000,0.00000000,-0.40061000,1.56267000
1632159711.20068455,0.00000000,0.00000000,-0.40061000,1.56267000
1632159711.30067706,0.00000000,0.00000000,-0.40061000,1.56267000
1632159711.40084815,0.00000000,0.00000000,-0.40061000,1.56267000
1632159711.50101709,0.00000000,0.00000000,-0.40061000,1.56267000
1632159711.60158920,0.00000000,0.00000000,-0.40061000,1.56267000
1632159711.70127487,0.00000000,0.00000000,-0.40061000,1.56267000
1632159711.80125427,0.00000000,0.00000000,-0.40061000,1.56267000
1632159711.90191364,0.00000000,0.00000000,-0.40061000,1.56267000
1632159712.00244713,0.00000000,0.00000000,-0.40061000,1.56267000
1632159712.10269785,0.00000000,0.00000000,-0.40061000,1.56267000
1632159712.20291615,0.00000000,0.00000000,-0.40061000,1.56267000
1632159712.30290008,0.00000000,0.00000000,-0.40061000,1.56267000
1632159712.40274620,0.00000000,0.00000000,-0.40061000,1.56267000
1632159712.50276709,0.00000000,0.00000000,-0.40061000,1.56267000
1632159712.60255980,0.00000000,0.00000000,-0.40061000,1.56267000
1632159712.70233154,0.00000000,0.00000000,-0.40061000,1.56267000
1632159712.80257511,0.00000000,0.00000000,-0.40061000,1.56267000
1632159712.90209913,0.00000000,0.00000000,-0.40061000,1.56267000
1632159713.00225067,0.00000000,0.00000000,-0.40061000,1.56267000
1632159713.10255671,0.00000000,0.00000000,-0.40061000,1.56267000
1632159713.20278597,0.00000000,0.00000000,-0.40061000,1.56267000
1632159713.30274987,0.00000000,0.00000000,-0.40061000,1.56267000
1632159713.40217495,0.00000000,0.00000000,-0.40061000,1.56267000
1632159713.50241184,0.00000000,0.00000000,-0.40061000,1.56267000
1632159713.60267138,0.00000000,0.00000000,-0.40061000,1.56267000
1632159713.70237279,0.00000000,0.00000000,-0.40061000,1.56267000
1632159713.80220413,0.00000000,0.00000000,-0.40061000,1.56267000
1632159713.90307856,0.00000000,0.00000000,-0.40061000,1.56267000
1632159714.00392723,0.00000000,0.00000000,-0.40061000,1.56267000
1632159714.10388207,0.00000000,0.00000000,-0.40061000,1.56267000
1632159714.20472813,0.00000000,0.00000000,-0.40061000,1.56267000
1632159714.30450320,0.00000000,0.00000000,-0.40061000,1.56267000
1632159714.40414548,0.00000000,0.00000000,-0.40061000,1.56267000
1632159714.50494981,0.00000000,0.00000000,-0.40061000,1.56267000
1632159714.60476279,0.00000000,0.00000000,-0.40061000,1.56267000
1632159714.70453405,0.00000000,0.00000000,-0.40061000,1.56267000
1632159714.80411744,0.00000000,0.00000000,-0.40061000,1.56267000
1632159714.90412807,0.00000000,0.00000000,-0.40061000,1.56267000
1632159715.00444794,0.00000000,0.01745329,-0.40061000,1.56267000
1632159715.10493493,0.00000000,0.01745329,-0.40061000,1.56267000
1632159715.20446110,0.00000000,0.01745329,-0.40061000,1.56267000
1632159715.30469441,0.00000000,0.01745329,-0.40061000,1.56267000
1632159715.40405655,0.00000000,0.01745329,-0.40061000,1.56267000
1632159715.50481510,0.00000000,0.03490659,-0.40061000,1.56267000
1632159715.60499883,0.00000000,0.03490659,-0.40061000,1.56267000
1632159715.70538855,0.00000000,0.03490659,-0.40061000,1.56267000
1632159715.80588055,0.00000000,0.03490659,-0.40061000,1.56267000
1632159715.90505648,0.00000000,0.03490659,-0.40061000,1.56267000
1632159716.00548220,0.00000000,0.03490659,-0.40061000,1.56267000
1632159716.10555601,0.00000000,0.03490659,-0.40061000,1.56267000
1632159716.20505333,0.00000000,0.05235988,-0.40061000,1.56267000
1632159716.30602789,0.00000000,0.05235988,-0.40061000,1.56267000
1632159716.40697241,0.00000000,0.05235988,-0.40061000,1.56267000
1632159716.50703382,0.00000000,0.05235988,-0.40061000,1.56267000
1632159716.60706043,0.00000000,0.05235988,-0.40061000,1.56267000
1632159716.70718384,0.00000000,0.05235988,-0.40061000,1.56267000
1632159716.80716372,0.00000000,0.05235988,-0.40061000,1.56267000
1632159716.90726662,0.00000000,0.05235988,-0.40061000,1.56267000
1632159717.00702143,0.00000000,0.05235988,-0.40061000,1.56267000
1632159717.10773802,0.00000000,0.06981317,-0.40061000,1.56267000
1632159717.20877171,0.00000000,0.06981317,-0.40061000,1.56267000
1632159717.30834579,0.00000000,0.05235988,-0.40061000,1.56267000
1632159717.40857625,0.00000000,0.06981317,-0.40061000,1.56267000
1632159717.50797129,0.00000000,0.06981317,-0.40061000,1.56267000
1632159717.60840821,0.00000000,0.06981317,-0.40061000,1.56267000
1632159717.70863605,0.00000000,0.06981317,-0.40061000,1.56267000
1632159717.80843139,0.00000000,0.06981317,-0.40061000,1.56267000
1632159717.90902305,0.00000000,0.06981317,-0.40061000,1.56267000
1632159718.00934505,0.00000000,0.06981317,-0.40061000,1.56267000
1632159718.10977960,0.00000000,0.06981317,-0.40061000,1.56267000
1632159718.20915174,0.00000000,0.06981317,-0.40061000,1.56267000
1632159718.30943155,0.00000000,0.06981317,-0.40061000,1.56267000
1632159718.40988183,0.00000000,0.06981317,-0.40061000,1.56267000
1632159718.50911498,0.00000000,0.06981317,-0.40061000,1.56267000
1632159718.60947537,0.00000000,0.06981317,-0.40061000,1.56267000
1632159718.70940280,0.00000000,0.06981317,-0.40061000,1.56267000
1632159718.80970597,0.00000000,0.06981317,-0.40061000,1.56267000
1632159718.90947962,0.00000000,0.06981317,-0.40061000,1.56267000
1632159719.00920510,0.00000000,0.06981317,-0.40061000,1.56267000
1632159719.10943818,0.00000000,0.06981317,-0.40061000,1.56267000
1632159719.20918083,0.00000000,0.06981317,-0.40061000,1.56267000
1632159719.30976248,0.00000000,0.06981317,-0.40061000,1.56267000
1632159719.40947962,0.00000000,0.06981317,-0.40061000,1.56267000
1632159719.50935364,0.00000000,0.06981317,-0.40061000,1.56267000
1632159719.60935402,0.00000000,0.06981317,-0.40061000,1.56267000
1632159719.70975780,0.00000000,0.06981317,-0.40061000,1.56267000
1632159719.80918360,0.00000000,0.06981317,-0.40061000,1.56267000
1632159719.90905428,0.00000000,0.06981317,-0.40061000,1.56267000
1632159720.00988770,0.00000000,0.06981317,-0.40061000,1.56267000
1632159720.11097550,0.00000000,0.06981317,-0.40061000,1.56267000
1632159720.21018434,0.00000000,0.06981317,-0.40061000,1.56267000
1632159720.31075788,0.00000000,0.06981317,-0.40061000,1.56267000
1632159720.41013288,0.00000000,0.06981317,-0.40061000,1.56267000
1632159720.51056743,0.00000000,0.06981317,-0.40061000,1.56267000
1632159720.61074805,0.00000000,0.06981317,-0.40061000,1.56267000
1632159720.71038413,0.00000000,0.06981317,-0.40061000,1.56267000
1632159720.81096005,0.00000000,0.06981317,-0.40061000,1.56267000
1632159720.91092134,0.00000000,0.06981317,-0.40061000,1.56267000
1632159721.01033306,0.00000000,0.06981317,-0.40061000,1.56267000
1632159721.11103940,0.00000000,0.06981317,-0.40061000,1.56267000
1632159721.21153188,0.00000000,0.06981317,-0.40061000,1.56267000
1632159721.31190395,0.00000000,0.06981317,-0.40061000,1.56267000
1632159721.41117835,0.00000000,0.06981317,-0.40061000,1.56267000
1632159721.51115155,0.00000000,0.06981317,-0.40061000,1.56267000
1632159721.61142898,0.00000000,0.06981317,-0.40061000,1.56267000
1632159721.71183133,0.00000000,0.06981317,-0.40061000,1.56267000
1632159721.81173682,0.00000000,0.06981317,-0.40061000,1.56267000
1632159721.91194630,0.00000000,0.06981317,-0.40061000,1.56267000
1632159722.01140928,0.00000000,0.06981317,-0.40061000,1.56267000
1632159722.11163735,0.00000000,0.06981317,-0.40061000,1.56267000
1632159722.21183705,0.00000000,0.06981317,-0.40061000,1.56267000
1632159722.31098127,0.00000000,0.06981317,-0.40061000,1.56267000
1632159722.41171956,0.00000000,0.06981317,-0.40061000,1.56267000
1632159722.51202774,0.00000000,0.06981317,-0.40061000,1.56267000
1632159722.61223578,0.00000000,0.06981317,-0.40061000,1.56267000
1632159722.71217823,0.00000000,0.06981317,-0.40061000,1.56267000
1632159722.81232882,0.00000000,0.06981317,-0.40061000,1.56267000
1632159722.91255403,0.00000000,0.06981317,-0.40061000,1.56267000
1632159723.01275802,0.00000000,0.06981317,-0.40061000,1.56267000
1632159723.11292052,0.00000000,0.05235988,-0.40061000,1.56267000
1632159723.21231914,0.00000000,0.06981317,-0.40061000,1.56267000
1632159723.31266356,0.00000000,0.06981317,-0.40061000,1.56267000
1632159723.41298270,0.00000000,0.06981317,-0.40061000,1.56267000
1632159723.51331067,0.00000000,0.06981317,-0.40061000,1.56267000
1632159723.61360049,0.00000000,0.05235988,-0.40061000,1.56267000
1632159723.71394253,0.00000000,0.06981317,-0.40061000,1.56267000
1632159723.81422210,0.00000000,0.06981317,-0.40061000,1.56267000
1632159723.91474509,0.00000000,0.05235988,-0.40061000,1.56267000
1632159724.01412535,0.00000000,0.06981317,-0.40061000,1.56267000
1632159724.11443043,0.00000000,0.06981317,-0.40061000,1.56267000
1632159724.21450830,0.00000000,0.06981317,-0.40061000,1.56267000
1632159724.31461954,0.00000000,0.06981317,-0.40061000,1.56267000
1632159724.41499949,0.00000000,0.05235988,-0.40061000,1.56267000
1632159724.51526546,0.00000000,0.06981317,-0.40061000,1.56267000
1632159724.61559963,0.00000000,0.06981317,-0.40061000,1.56267000
1632159724.71591902,0.00000000,0.05235988,-0.40061000,1.56267000
1632159724.81557631,0.00000000,0.06981317,-0.40061000,1.56267000
1632159724.91582489,0.00000000,0.06981317,-0.40061000,1.56267000
1632159725.01518059,0.00000000,0.05235988,-0.40061000,1.56267000
1632159725.11531997,0.00000000,0.05235988,-0.40061000,1.56267000
1632159725.21536231,0.00000000,0.05235988,-0.40061000,1.56267000
1632159725.31598020,0.00000000,0.05235988,-0.40061000,1.56267000
1632159725.41518259,0.00000000,0.05235988,-0.40061000,1.56267000
1632159725.51544094,0.00000000,0.03490659,-0.40061000,1.56267000
1632159725.61582994,0.00000000,0.03490659,-0.40061000,1.56267000
1632159725.71504617,0.00000000,0.03490659,-0.40061000,1.56267000
1632159725.81483650,0.00000000,0.03490659,-0.40061000,1.56267000
1632159725.91525602,0.00000000,0.03490659,-0.40061000,1.56267000
1632159726.01595545,0.00000000,0.03490659,-0.40061000,1.56267000
1632159726.11640501,0.00000000,0.03490659,-0.40061000,1.56267000
1632159726.21667337,0.00000000,0.03490659,-0.40061000,1.56267000
1632159726.31640792,0.00000000,0.00000000,-0.40061000,1.56267000
1632159726.41646075,0.00000000,0.00000000,-0.40061000,1.56267000
1632159726.51620626,0.00000000,0.00000000,-0.40061000,1.56267000
1632159726.61692595,0.00000000,0.00000000,-0.40061000,1.56267000
1632159726.71669173,0.00000000,0.00000000,-0.40061000,1.56267000
1632159726.81666422,0.00000000,0.00000000,-0.40061000,1.56267000
1632159726.91641593,0.00000000,0.00000000,-0.40061000,1.56267000
1632159727.01609588,0.00000000,0.00000000,-0.40061000,1.56267000
1632159727.11679602,0.00000000,0.00000000,-0.40061000,1.56267000
1632159727.21632051,0.00000000,0.00000000,-0.40061000,1.56267000
1632159727.31625271,0.00000000,0.00000000,-0.40061000,1.56267000
1632159727.41606045,0.00000000,0.00000000,-0.40061000,1.56267000
1632159727.51673031,0.00000000,0.00000000,-0.40061000,1.56267000
1632159727.61666799,0.00000000,0.00000000,-0.40061000,1.56267000
1632159727.71642828,0.00000000,0.00000000,-0.40061000,1.56267000
1632159727.81631064,0.00000000,0.00000000,-0.40061000,1.56267000
1632159727.91609573,0.00000000,0.00000000,-0.40061000,1.56267000
1632159728.01682639,0.00000000,0.00000000,-0.40061000,1.56267000
1632159728.11666417,0.00000000,0.00000000,-0.40061000,1.56267000
1632159728.21649671,0.00000000,0.00000000,-0.40061000,1.56267000
1632159728.31625247,0.00000000,0.00000000,-0.40061000,1.56267000
1632159728.41599703,0.00000000,0.00000000,-0.40061000,1.56267000
1632159728.51664305,0.00000000,0.00000000,-0.40061000,1.56267000
1632159728.61658120,0.00000000,0.00000000,-0.40061000,1.56267000
1632159728.71632028,0.00000000,0.00000000,-0.40061000,1.56267000
1632159728.81608200,0.00000000,0.00000000,-0.40061000,1.56267000
1632159728.91694069,0.00000000,0.00000000,-0.40061000,1.56267000
1632159729.01772738,0.00000000,0.00000000,-0.40061000,1.56267000
1632159729.11797333,0.00000000,0.00000000,-0.40061000,1.56267000
1632159729.21791291,0.00000000,0.00000000,-0.40061000,1.56267000
1632159729.31694269,0.00000000,0.00000000,-0.40061000,1.56267000
1632159729.41765547,0.00000000,0.00000000,-0.40061000,1.56267000
1632159729.51745725,0.00000000,0.00000000,-0.40061000,1.56267000
1632159729.61720824,0.00000000,0.00000000,-0.40061000,1.56267000
1632159729.71798325,0.00000000,0.00000000,-0.40061000,1.56267000
1632159729.81871414,0.00000000,0.00000000,-0.40061000,1.56267000
1632159729.91850281,0.00000000,0.00000000,-0.40061000,1.56267000
1632159730.01796222,0.00000000,0.00000000,-0.40061000,1.56267000
1632159730.11909175,0.00000000,0.00000000,-0.40061000,1.56267000
1632159730.21987367,0.00000000,0.00000000,-0.40061000,1.56267000
1632159730.31966114,0.00000000,0.00000000,-0.40061000,1.56267000
1632159730.41940355,0.00000000,0.00000000,-0.40061000,1.56267000
1632159730.51931667,0.00000000,0.00000000,-0.40061000,1.56267000
1632159730.61935592,0.00000000,0.00000000,-0.40061000,1.56267000
1632159730.71912646,0.00000000,0.00000000,-0.40061000,1.56267000
1632159730.81974244,0.00000000,0.00000000,-0.40061000,1.56267000
1632159730.91965246,0.00000000,0.00000000,-0.40061000,1.56267000
1632159731.01943922,0.00000000,0.00000000,-0.40061000,1.56267000
1632159731.11925578,0.00000000,0.00000000,-0.40061000,1.56267000
1632159731.22004318,0.00000000,0.00000000,-0.40061000,1.56267000
1632159731.32058358,0.00000000,0.00000000,-0.40061000,1.56267000
1632159731.42039776,0.00000000,0.00000000,-0.40061000,1.56267000
1632159731.52019286,0.00000000,0.00000000,-0.40061000,1.56267000
1632159731.62094402,0.00000000,0.00000000,-0.40061000,1.56267000
1632159731.72073364,0.00000000,0.00000000,-0.40061000,1.56267000
1632159731.82022285,0.00000000,0.00000000,-0.40061000,1.56267000
1632159731.92014909,0.00000000,0.00000000,-0.40061000,1.56267000
1632159732.02088976,0.00000000,0.00000000,-0.40061000,1.56267000
1632159732.12073255,0.00000000,0.00000000,-0.40061000,1.56267000
