Seconds,Detected,Distance,Angle,Child.X,Child.Y,Child.Angle
1632312864.49589610,1,7.00000000,0.00000000,7.00000000,0.00000000,0.00000000
1632312864.59584212,1,7.00000000,0.00000000,7.00000000,0.00000000,0.00000000
1632312864.69581771,1,7.00000000,0.00000000,7.00000000,0.00000000,0.00000000
1632312864.79581666,1,7.00000000,0.00000000,7.00000000,0.00000000,0.00000000
1632312864.89583826,1,7.00000000,0.00000000,7.00000000,0.00000000,0.00000000
1632312864.99589419,1,7.00000000,0.00000000,7.00000000,0.00000000,0.00000000
1632312865.09592509,1,7.00000000,0.00000000,7.00000000,0.00000000,0.00000000
1632312865.19585633,1,7.00000000,0.00000000,7.00000000,0.00000000,0.00000000
1632312865.29586053,1,7.00000000,0.00000000,7.00000000,0.00000000,0.00000000
1632312865.39586449,1,7.00000000,0.00000000,7.00000000,0.00000000,0.00000000
1632312865.49586368,1,7.00000000,0.00000000,7.00000000,0.00000000,0.00000000
1632312865.59588575,1,7.00000000,0.00000000,7.00000000,0.00000000,0.00000000
1632312865.69586492,1,7.00000000,0.00000000,7.00000000,0.00000000,0.00000000
1632312865.79588008,1,7.00000000,0.00000000,7.00000000,0.00000000,0.00000000
1632312865.89583445,1,7.00000000,0.00000000,7.00000000,0.00000000,0.00000000
1632312865.99581003,1,7.00000000,0.00000000,7.00000000,0.00000000,0.00000000
1632312866.09581566,1,7.00000000,0.00000000,7.00000000,0.00000000,0.00000000
1632312866.19584298,1,7.00000000,0.00000000,7.00000000,0.00000000,0.00000000
1632312866.29583454,1,7.00000000,0.00000000,7.00000000,0.00000000,0.00000000
1632312866.39585495,1,7.00000000,0.00000000,7.00000000,0.00000000,0.00000000
1632312866.49585962,1,7.00000000,0.00000000,7.00000000,0.00000000,0.00000000
1632312866.59586692,1,7.00000000,0.00000000,7.00000000,0.00000000,0.00000000
1632312866.69587088,1,7.00000000,0.00000000,7.00000000,0.00000000,0.00000000
1632312866.79585791,1,7.00000000,0.00000000,7.00000000,0.00000000,0.00000000
1632312866.89586401,1,7.00000000,0.00000000,7.00000000,0.00000000,0.00000000
1632312866.99585509,1,7.00000000,0.00000000,7.00000000,0.00000000,0.00000000
1632312867.09581041,1,7.00000000,0.00000000,7.00000000,0.00000000,0.00000000
1632312867.19586682,1,7.00000000,0.00000000,7.00000000,0.00000000,0.00000000
1632312867.29586554,1,7.00000000,0.00000000,7.00000000,0.00000000,0.00000000
1632312867.39587808,1,7.00000000,0.00000000,7.00000000,0.00000000,0.00000000
1632312867.49587345,1,7.00000000,0.00000000,7.00000000,0.00000000,0.00000000
1632312867.59585810,1,7.00000000,0.00000000,7.00000000,0.00000000,0.00000000
1632312867.69586515,1,7.00000000,0.00000000,7.00000000,0.00000000,0.00000000
1632312867.79585958,1,7.00000000,0.00000000,7.00000000,0.00000000,0.00000000
1632312867.89586711,1,7.00000000,0.00000000,7.00000000,0.00000000,0.00000000
1632312867.99585605,1,7.00000000,0.00000000,7.00000000,0.00000000,0.00000000
1632312868.09586000,1,7.00000000,0.00000000,7.00000000,0.00000000,0.00000000
1632312868.19581175,1,7.00000000,0.00000000,7.00000000,0.00000000,0.00000000
1632312868.29580927,1,7.00000000,0.00000000,7.00000000,0.00000000,0.00000000
1632312868.39583468,1,7.00000000,0.00000000,7.00000000,0.00000000,0.00000000
1632312868.49581599,1,7.00000000,0.00000000,7.00000000,0.00000000,0.00000000
1632312868.59584260,1,7.00000000,0.00000000,7.00000000,0.00000000,0.00000000
1632312868.69580483,1,7.00000000,0.00000000,7.00000000,0.00000000,0.00000000
1632312868.79583430,1,7.00000000,0.00000000,7.00000000,0.00000000,0.00000000
1632312868.89584041,1,7.00000000,0.00000000,7.00000000,0.00000000,0.00000000
1632312868.99580455,1,7.00000000,0.00000000,7.00000000,0.00000000,0.00000000
1632312869.09583306,1,7.00000000,0.00000000,7.00000000,0.00000000,0.00000000
1632312869.19588876,1,6.94999981,0.00000000,6.94999981,0.00000000,0.00000000
1632312869.29587722,1,6.90000010,0.00000000,6.90000010,0.00000000,0.00000000
1632312869.39589071,1,6.84999990,0.00000000,6.84999990,0.00000000,0.00000000
1632312869.49589443,1,6.80000019,0.00000000,6.80000019,0.00000000,0.00000000
1632312869.59585643,1,6.75000000,0.00000000,6.75000000,0.00000000,0.00000000
1632312869.69587064,1,6.69999981,0.00000000,6.69999981,0.00000000,0.00000000
1632312869.79590511,1,6.65000010,0.00000000,6.65000010,0.00000000,0.00000000
1632312869.89583635,1,6.59999990,0.00000000,6.59999990,0.00000000,0.00000000
1632312869.99586225,1,6.55000019,0.00000000,6.55000019,0.00000000,0.00000000
1632312870.09585953,1,6.50000000,0.00000000,6.50000000,0.00000000,0.00000000
1632312870.19584036,1,6.44999981,0.00000000,6.44999981,0.00000000,0.00000000
1632312870.29584122,1,6.40000010,0.00000000,6.40000010,0.00000000,0.00000000
1632312870.39583778,1,6.34999990,0.00000000,6.34999990,0.00000000,0.00000000
1632312870.49583697,1,6.30000019,0.00000000,6.30000019,0.00000000,0.00000000
1632312870.59586620,1,6.25000000,0.00000000,6.25000000,0.00000000,0.00000000
1632312870.69580388,1,6.19999981,0.00000000,6.19999981,0.00000000,0.00000000
1632312870.79584265,1,6.15000010,0.00000000,6.15000010,0.00000000,0.00000000
1632312870.89582968,1,6.09999990,0.00000000,6.09999990,0.00000000,0.00000000
1632312870.99583292,1,6.05000019,0.00000000,6.05000019,0.00000000,0.00000000
1632312871.09583545,1,6.00000000,0.00000000,6.00000000,0.00000000,0.00000000
1632312871.19589496,1,5.94999981,0.00000000,5.94999981,0.00000000,0.00000000
1632312871.29583383,1,5.90000010,0.00000000,5.90000010,0.00000000,0.00000000
1632312871.39582968,1,5.84999990,0.00000000,5.84999990,0.00000000,0.00000000
1632312871.49583435,1,5.80000019,0.00000000,5.80000019,0.00000000,0.00000000
1632312871.59583712,1,5.75000000,0.00000000,5.75000000,0.00000000,0.00000000
1632312871.69581985,1,5.69999981,0.00000000,5.69999981,0.00000000,0.00000000
1632312871.79583764,1,5.65000010,0.00000000,5.65291010,0.00000000,0.00000000
1632312871.89591885,1,5.59708977,0.00000000,5.60581977,0.00000000,0.00000000
1632312871.99583602,1,5.54126978,0.00000000,5.55921478,0.00000000,0.00000000
1632312872.09583330,1,5.48205519,0.00000000,5.50679019,0.00000000,0.00000000
1632312872.19583654,1,5.47526503,0.00000000,5.51018503,0.00000000,0.00000000
1632312872.29583311,1,5.46507978,0.00000000,5.51406478,0.00000000,0.00000000
1632312872.39584041,1,5.45101500,0.00000000,5.50970000,0.00000000,0.00000000
1632312872.49581003,1,5.44131517,0.00000000,5.51309517,0.00000000,0.00000000
1632312872.59582853,1,5.42821980,0.00000000,5.51406480,0.00000000,0.00000000
1632312872.69583011,1,5.41415501,0.00000000,5.51503501,0.00000000,0.00000000
1632312872.79580808,1,5.39911985,0.00000000,5.51066985,0.00000000,0.00000000
1632312872.89585471,1,5.38845015,0.00000000,5.51406515,0.00000000,0.00000000
1632312872.99583435,1,5.37438488,0.00000000,5.51503488,0.00000000,0.00000000
1632312873.09583282,1,5.35935020,0.00000000,5.51406520,0.00000000,0.00000000
1632312873.19586372,1,5.34528494,0.00000000,5.51406494,0.00000000,0.00000000
1632312873.29584241,1,5.33122015,0.00000000,5.51406515,0.00000000,0.00000000
1632312873.39583015,1,5.31715488,0.00000000,5.51406488,0.00000000,0.00000000
1632312873.49583554,1,5.30309010,0.00000000,5.51406510,0.00000000,0.00000000
1632312873.59583306,1,5.28902483,0.00000000,5.51357983,0.00000000,0.00000000
1632312873.69580650,1,5.27544498,0.00000000,5.51309498,0.00000000,0.00000000
1632312873.79583383,1,5.26235008,0.00000000,5.51309508,0.00000000,0.00000000
1632312873.89589071,1,5.24925518,0.00000000,5.51309518,0.00000000,0.00000000
1632312873.99585104,1,5.23615980,0.00000000,5.51309480,0.00000000,0.00000000
1632312874.09585357,1,5.22306490,0.00000000,5.51260990,0.00000000,0.00000000
1632312874.19589067,1,5.21045494,0.00000000,5.51309494,0.00000000,0.00000000
1632312874.29583645,1,5.19736004,0.00000000,5.51212504,0.00000000,0.00000000
1632312874.39584064,1,5.18523502,0.00000000,5.51309502,0.00000000,0.00000000
1632312874.49583507,1,5.17214012,0.00000000,5.51212512,0.00000000,0.00000000
1632312874.59584522,1,5.16001511,0.00000000,5.51261011,0.00000000,0.00000000
1632312874.69581270,1,5.14740515,0.00000000,5.51212515,0.00000000,0.00000000
1632312874.79584479,1,5.13528013,0.00000000,5.51212513,0.00000000,0.00000000
1632312874.89580512,1,5.12315512,0.00000000,5.51212512,0.00000000,0.00000000
1632312874.99583459,1,5.11103010,0.00000000,5.51067010,0.00000000,0.00000000
1632312875.09583855,1,5.10035992,0.00000000,5.51212492,0.00000000,0.00000000
1632312875.19583845,1,5.08823490,0.00000000,5.51115490,0.00000000,0.00000000
1632312875.29583073,1,5.07707977,0.00000000,5.51163977,0.00000000,0.00000000
1632312875.39583731,1,5.06544018,0.00000000,5.51115518,0.00000000,0.00000000
1632312875.49584365,1,5.05428505,0.00000000,5.51115505,0.00000000,0.00000000
1632312875.59583831,1,5.04312992,0.00000000,5.51066992,0.00000000,0.00000000
1632312875.69585657,1,5.03246021,0.00000000,5.51115521,0.00000000,0.00000000
1632312875.79583406,1,5.02130508,0.00000000,5.51115508,0.00000000,0.00000000
1632312875.89583516,1,5.01014996,0.00000000,5.50969996,0.00000000,0.00000000
1632312875.99583578,1,5.00045013,0.00000000,5.51115513,0.00000000,0.00000000
1632312876.09582973,1,4.98929501,0.00000000,5.51018501,0.00000000,0.00000000
1632312876.19583607,1,4.97910976,0.00000000,5.51066976,0.00000000,0.00000000
1632312876.29583287,1,4.96844006,0.00000000,5.51018506,0.00000000,0.00000000
1632312876.39583588,1,4.95825481,0.00000000,5.51018481,0.00000000,0.00000000
1632312876.49583197,1,4.94807005,0.00000000,5.50970005,0.00000000,0.00000000
1632312876.59584045,1,4.93837023,0.00000000,5.51018523,0.00000000,0.00000000
1632312876.69583702,1,4.92818499,0.00000000,5.50969999,0.00000000,0.00000000
1632312876.79583693,1,4.91848516,0.00000000,5.50921516,0.00000000,0.00000000
1632312876.89583468,1,4.90926981,0.00000000,5.51018481,0.00000000,0.00000000
1632312876.99582577,1,4.89908504,0.00000000,5.50873004,0.00000000,0.00000000
1632312877.09583855,1,4.89035511,0.00000000,5.51018511,0.00000000,0.00000000
1632312877.19583154,1,4.83017015,0.00000000,5.45873015,0.00000000,0.00000000
1632312877.29580808,1,4.77144003,0.00000000,5.40921503,0.00000000,0.00000000
1632312877.39580393,1,4.71222496,0.00000000,5.35921496,0.00000000,0.00000000
1632312877.49583530,1,4.65300989,0.00000000,5.30872989,0.00000000,0.00000000
1632312877.59581113,1,4.59427977,0.00000000,5.25921477,0.00000000,0.00000000
1632312877.69583321,1,4.53506517,0.00000000,5.20873017,0.00000000,0.00000000
1632312877.79583359,1,4.47633505,0.00000000,5.15824505,0.00000000,0.00000000
1632312877.89580226,1,4.41808987,0.00000000,5.10775987,0.00000000,0.00000000
1632312877.99583507,1,4.36033010,0.00000000,5.05824510,0.00000000,0.00000000
1632312878.09583402,1,4.30208492,0.00000000,5.00775992,0.00000000,0.00000000
1632312878.19583917,1,4.24432516,0.00000000,4.95824516,0.00000000,0.00000000
1632312878.29580998,1,4.18607998,0.00000000,4.90775998,0.00000000,0.00000000
1632312878.39583373,1,4.12832022,0.00000000,4.85824522,0.00000000,0.00000000
1632312878.49583387,1,4.07007504,0.00000000,4.80679004,0.00000000,0.00000000
1632312878.59582925,1,4.01328516,0.00000000,4.75824516,0.00000000,0.00000000
1632312878.69583488,1,3.95503998,0.00000000,4.70678998,0.00000000,0.00000000
1632312878.79583502,1,3.89825010,0.00000000,4.65679010,0.00000000,0.00000000
1632312878.89583349,1,3.84145999,0.00000000,4.60727499,0.00000000,0.00000000
1632312878.99584293,1,3.78418493,0.00000000,4.55678993,0.00000000,0.00000000
1632312879.09580874,1,3.72739506,0.00000000,4.50533506,0.00000000,0.00000000
1632312879.19583011,1,3.72205997,0.00000000,4.50484997,0.00000000,0.00000000
1632312879.29583907,1,3.71721005,0.00000000,4.50485005,0.00000000,0.00000000
1632312879.39584064,1,3.71235991,0.00000000,4.50387991,0.00000000,0.00000000
1632312879.49581718,1,3.70847988,0.00000000,4.50339488,0.00000000,0.00000000
1632312879.59584093,1,3.70508504,0.00000000,4.50291004,0.00000000,0.00000000
1632312879.69583583,1,3.70217490,0.00000000,4.50193990,0.00000000,0.00000000
1632312879.79581213,1,3.70023489,0.00000000,4.50290989,0.00000000,0.00000000
1632312879.89583445,1,3.69732499,0.00000000,4.50193999,0.00000000,0.00000000
1632312879.99583459,1,3.69538498,0.00000000,4.50193998,0.00000000,0.00000000
1632312880.09580731,1,3.69344497,0.00000000,4.50242497,0.00000000,0.00000000
1632312880.19583416,1,3.69102001,0.00000000,4.50194001,0.00000000,0.00000000
1632312880.29583478,1,3.68908000,0.00000000,4.50194000,0.00000000,0.00000000
1632312880.39583254,1,3.68713999,0.00000000,4.50193999,0.00000000,0.00000000
1632312880.49583387,1,3.68519998,0.00000000,4.50193998,0.00000000,0.00000000
1632312880.59581208,1,3.68325996,0.00000000,4.50193996,0.00000000,0.00000000
1632312880.69580817,1,3.68131995,0.00000000,4.50193995,0.00000000,0.00000000
1632312880.79584599,1,3.67937994,0.00000000,4.50193994,0.00000000,0.00000000
1632312880.89583182,1,3.67743993,0.00000000,4.50242493,0.00000000,0.00000000
1632312880.99583244,1,3.67501497,0.00000000,4.50193997,0.00000000,0.00000000
1632312881.09583402,1,3.67307496,0.00000000,4.50193996,0.00000000,0.00000000
1632312881.19580197,1,3.67113495,0.00000000,4.50096995,0.00000000,0.00000000
1632312881.29583359,1,3.67016506,0.00000000,4.50194006,0.00000000,0.00000000
1632312881.39583898,1,3.66822505,0.00000000,4.50194005,0.00000000,0.00000000
1632312881.49583030,1,3.66628504,0.00000000,4.50194004,0.00000000,0.00000000
1632312881.59582877,1,3.66434503,0.00000000,4.50097003,0.00000000,0.00000000
1632312881.69583464,1,3.66337490,0.00000000,4.50193990,0.00000000,0.00000000
1632312881.79583430,1,3.66143489,0.00000000,4.50242489,0.00000000,0.00000000
1632312881.89583278,1,3.65900993,0.00000000,4.50193993,0.00000000,0.00000000
1632312881.99584198,1,3.65706992,0.00000000,4.50096992,0.00000000,0.00000000
1632312882.09583497,1,3.65610003,0.00000000,4.50194003,0.00000000,0.00000000
1632312882.19582820,1,3.65416002,0.00000000,4.50194002,0.00000000,0.00000000
1632312882.29583621,1,3.65222001,0.00000000,4.50097001,0.00000000,0.00000000
1632312882.39580321,1,3.65124989,0.00000000,4.50193989,0.00000000,0.00000000
1632312882.49580455,1,3.64931011,0.00000000,4.50097011,0.00000000,0.00000000
1632312882.59583449,1,3.64833999,0.00000000,4.50193999,0.00000000,0.00000000
1632312882.69583464,1,3.64639997,0.00000000,4.50193997,0.00000000,0.00000000
1632312882.79580665,1,3.64445996,0.00000000,4.50145496,0.00000000,0.00000000
1632312882.89583540,1,3.64300489,0.00000000,4.50193989,0.00000000,0.00000000
1632312882.99583387,1,3.64106488,0.00000000,4.50096988,0.00000000,0.00000000
1632312883.09583735,1,3.64009500,0.00000000,4.50194000,0.00000000,0.00000000
1632312883.19580555,1,3.63815498,0.00000000,4.50096998,0.00000000,0.00000000
1632312883.29583931,1,3.63718510,0.00000000,4.50097010,0.00000000,0.00000000
1632312883.39583397,1,3.63621497,0.00000000,4.50193997,0.00000000,0.00000000
1632312883.49583340,1,3.63427496,0.00000000,4.50096996,0.00000000,0.00000000
1632312883.59581065,1,3.63330507,0.00000000,4.50194007,0.00000000,0.00000000
1632312883.69583917,1,3.63136506,0.00000000,4.50097006,0.00000000,0.00000000
1632312883.79583454,1,3.63039494,0.00000000,4.50193994,0.00000000,0.00000000
1632312883.89583325,1,3.62845492,0.00000000,4.50096992,0.00000000,0.00000000
1632312883.99581242,1,3.62748504,0.00000000,4.50145504,0.00000000,0.00000000
1632312884.09581161,1,3.62602997,0.00000000,4.50193997,0.00000000,0.00000000
1632312884.19582987,1,3.62408996,0.00000000,4.50096996,0.00000000,0.00000000
1632312884.29583216,1,3.62312007,0.00000000,4.50097007,0.00000000,0.00000000
1632312884.39582729,1,3.62214994,0.00000000,4.49999994,0.00000000,0.00000000
1632312884.49584055,1,3.62214994,0.00000000,4.50290994,0.00000000,0.00000000
1632312884.59583879,1,3.61924005,0.00000000,4.50582005,0.00000000,0.00000000
1632312884.69583869,1,3.61342001,0.00000000,4.50921501,0.00000000,0.00000000
1632312884.79583478,1,3.60420489,0.00000000,4.51212489,0.00000000,0.00000000
1632312884.89583898,1,3.59208012,0.00000000,4.51503512,0.00000000,0.00000000
1632312884.99583483,1,3.57704496,0.00000000,4.51600496,0.00000000,0.00000000
1632312885.09583688,1,3.56103992,0.00000000,4.51600492,0.00000000,0.00000000
1632312885.19584131,1,3.54503489,0.00000000,4.51600489,0.00000000,0.00000000
1632312885.29583931,1,3.52903008,0.00000000,4.51697508,0.00000000,0.00000000
1632312885.39580631,1,3.51205492,0.00000000,4.51600492,0.00000000,0.00000000
1632312885.49583817,1,3.49604988,0.00000000,4.51503488,0.00000000,0.00000000
1632312885.59581351,1,3.48101497,0.00000000,4.51600497,0.00000000,0.00000000
1632312885.69583631,1,3.46500993,0.00000000,4.51600493,0.00000000,0.00000000
1632312885.79584002,1,3.44900489,0.00000000,4.51454989,0.00000000,0.00000000
1632312885.89584064,1,3.43445492,0.00000000,4.51600492,0.00000000,0.00000000
1632312885.99583530,1,3.41845012,0.00000000,4.51503512,0.00000000,0.00000000
1632312886.09581685,1,3.40341496,0.00000000,4.51503496,0.00000000,0.00000000
1632312886.19583368,1,3.38838005,0.00000000,4.51406505,0.00000000,0.00000000
1632312886.29581118,1,3.37431502,0.00000000,4.51503502,0.00000000,0.00000000
1632312886.39582205,1,3.35928011,0.00000000,4.51406511,0.00000000,0.00000000
1632312886.49581647,1,3.34521508,0.00000000,4.51503508,0.00000000,0.00000000
1632312886.59581447,1,3.33017993,0.00000000,4.51406493,0.00000000,0.00000000
1632312886.69581389,1,3.31611490,0.00000000,4.51406490,0.00000000,0.00000000
1632312886.79581618,1,3.30205011,0.00000000,4.51358011,0.00000000,0.00000000
1632312886.89584160,1,3.28847003,0.00000000,4.51406503,0.00000000,0.00000000
1632312886.99581504,1,3.27440500,0.00000000,4.51309500,0.00000000,0.00000000
1632312887.09583187,1,3.26131010,0.00000000,4.51406510,0.00000000,0.00000000
1632312887.19583225,1,3.24724507,0.00000000,4.51309507,0.00000000,0.00000000
1632312887.29583120,1,3.23414993,0.00000000,4.51309493,0.00000000,0.00000000
1632312887.39583802,1,3.22105503,0.00000000,4.51261003,0.00000000,0.00000000
1632312887.49583340,1,3.20844507,0.00000000,4.51309507,0.00000000,0.00000000
1632312887.59583426,1,3.19534993,0.00000000,4.51309493,0.00000000,0.00000000
1632312887.69583130,1,3.18225503,0.00000000,4.51212503,0.00000000,0.00000000
1632312887.79580283,1,3.17013001,0.00000000,4.51309501,0.00000000,0.00000000
1632312887.89580464,1,3.15703511,0.00000000,4.51164011,0.00000000,0.00000000
1632312887.99583316,1,3.14539504,0.00000000,4.51212504,0.00000000,0.00000000
1632312888.09583735,1,3.13327003,0.00000000,4.51309503,0.00000000,0.00000000
1632312888.19583869,1,3.12017488,0.00000000,4.51115488,0.00000000,0.00000000
1632312888.29580998,1,3.10901999,0.00000000,4.51163999,0.00000000,0.00000000
1632312888.39583707,1,3.09737992,0.00000000,4.51212492,0.00000000,0.00000000
1632312888.49583650,1,3.08525491,0.00000000,4.51212491,0.00000000,0.00000000
1632312888.59583259,1,3.07312989,0.00000000,4.51066989,0.00000000,0.00000000
1632312888.69582820,1,3.06245995,0.00000000,4.51115495,0.00000000,0.00000000
1632312888.79583073,1,3.05130506,0.00000000,4.51212506,0.00000000,0.00000000
1632312888.89583063,1,3.03918004,0.00000000,4.51115504,0.00000000,0.00000000
1632312888.99583244,1,3.02802491,0.00000000,4.51066991,0.00000000,0.00000000
1632312889.09583449,1,3.01735497,0.00000000,4.51115497,0.00000000,0.00000000
1632312889.19580817,1,3.00661588,1.00000000,4.51014295,0.05247268,1.00000000
1632312889.29583263,1,2.99768353,2.00000000,4.51051242,0.10461765,2.00000000
1632312889.39583063,1,2.98911095,3.00000000,4.50985447,0.15643798,3.00000000
1632312889.49581528,1,2.98187470,4.00000000,4.51060601,0.20800506,4.00000000
1632312889.59585047,1,2.97452950,5.00000000,4.50890552,0.25924733,5.00000000
1632312889.69585013,1,2.96949792,6.00000000,4.50911070,0.31039705,6.00000000
1632312889.79583526,1,2.96485114,7.00000000,4.50833159,0.36132446,7.00000000
1632312889.89580941,1,2.96155715,8.00000000,4.50947048,0.41216909,8.00000000
1632312889.99583483,1,2.95769811,9.00000000,4.50723394,0.46268592,9.00000000
1632312890.09581399,1,2.95663452,10.00000000,4.49831389,0.56234336,10.96428797
1632312890.19583893,1,2.95596838,10.00000000,4.50784490,0.56221667,10.96428797
1632312890.29583502,1,2.95570493,11.00000000,4.50703315,0.61272348,11.96428797
1632312890.39581156,1,2.95679522,12.00000000,4.49460523,0.71270654,13.92857594
1632312890.49580598,1,2.95900416,12.00000000,4.50693423,0.71323826,13.92857594
1632312890.59583139,1,2.96135831,13.00000000,4.49058257,0.81626342,15.98052645
1632312890.69583106,1,2.96599030,13.00000000,4.50522057,0.81850866,15.98052645
1632312890.79581118,1,2.96981072,14.00000000,4.48792045,0.91694113,17.94481442
1632312890.89581060,1,2.97614908,14.00000000,4.50316547,0.91986398,17.94481442
1632312890.99582648,1,2.98256993,15.00000000,4.48289878,1.01856134,19.90910239
1632312891.09582067,1,2.99241900,15.00000000,4.47734213,1.07436781,20.96105290
1632312891.19581294,1,3.00501871,14.00000000,4.51132189,1.02973720,19.96105290
1632312891.29581261,1,3.01917291,15.00000000,4.49150975,1.13220346,21.92534087
1632312891.39581633,1,3.03372359,15.00000000,4.48664688,1.18911335,22.97729138
1632312891.49580932,1,3.05027080,15.00000000,4.50624622,1.19557282,22.97729138
1632312891.59583783,1,3.06621695,16.00000000,4.48115113,1.29882511,24.94157935
1632312891.69583607,1,3.08381104,16.00000000,4.47773326,1.35311825,25.90586732
1632312891.79583478,1,3.10250330,16.00000000,4.47113190,1.41326148,26.95781783
1632312891.89581037,1,3.12232208,16.00000000,4.46652205,1.46888211,27.92210580
1632312891.99583673,1,3.14322734,15.00000000,4.51122849,1.42997654,26.92210580
1632312892.09587598,1,3.16564107,16.00000000,4.48236469,1.53700038,28.88639377
1632312892.19583464,1,3.18736315,16.00000000,4.47458581,1.59847027,29.93834428
1632312892.29583406,1,3.21016979,16.00000000,4.46844830,1.65741116,30.90263225
1632312892.39580917,1,3.23351502,16.00000000,4.45849366,1.72005770,31.95458276
1632312892.49581194,1,3.25834966,15.00000000,4.51118016,1.68468969,30.95458276
1632312892.59581089,1,3.28293562,16.00000000,4.47370050,1.79381450,32.91887073
1632312892.69581151,1,3.30838656,16.00000000,4.46538376,1.85412920,33.88315870
1632312892.79581571,1,3.33489966,16.00000000,4.45376450,1.91942473,34.93510921
1632312892.89583874,1,3.36194754,15.00000000,4.51008822,1.88748936,33.93510921
1632312892.99581003,1,3.38896227,16.00000000,4.46697146,1.99783491,35.89939718
1632312893.09581327,1,3.41703200,16.00000000,4.45656789,2.06059279,36.86368515
1632312893.19581676,1,3.44559884,15.00000000,4.47851786,2.08119908,36.91563566
1632312893.29582214,1,3.47406745,15.00000000,4.46673894,2.14474753,37.87992363
1632312893.39583802,1,3.50358319,15.00000000,4.49003570,2.16287045,37.87992363
1632312893.49581552,1,3.53432202,15.00000000,4.47495679,2.23356348,38.93187414
1632312893.59580922,1,3.56413293,15.00000000,4.46103171,2.29863860,39.89616211
1632312893.69582295,1,3.59498262,15.00000000,4.44647420,2.36451561,40.86045008
1632312893.79581380,1,3.62625980,14.00000000,4.51111512,2.33772215,39.86045008
1632312893.89581275,1,3.65805531,15.00000000,4.45074400,2.45713765,41.91240060
1632312893.99581766,1,3.69014001,14.00000000,4.47761126,2.47685794,41.87668856
1632312894.09581065,1,3.72225904,14.00000000,4.50152655,2.49926835,41.87668856
1632312894.19581485,1,3.75518775,15.00000000,4.43945064,2.61561528,43.84097653
1632312894.29581094,1,3.78841734,14.00000000,4.46103759,2.64110851,43.89292705
1632312894.39580894,1,3.82271528,14.00000000,4.44173073,2.71184328,44.85721501
1632312894.49584007,1,3.85598445,13.00000000,4.51333470,2.68719116,43.85721501
1632312894.59581447,1,3.89026928,14.00000000,4.43974623,2.80965772,45.90916553
1632312894.69581151,1,3.92557549,13.00000000,4.46703906,2.83476796,45.87345350
1632312894.79584241,1,3.95947957,13.00000000,4.49064462,2.85910443,45.87345350
1632312894.89584637,1,3.99540734,13.00000000,4.46797042,2.93130258,46.83774146
1632312894.99580574,1,4.03096962,13.00000000,4.43785238,3.00834083,47.88969198
1632312895.09583521,1,4.06678438,12.00000000,4.51507629,2.98685758,46.88969198
1632312895.19583297,1,4.06612492,12.00000000,4.46427573,3.03272092,47.85397995
1632312895.29583621,1,4.06612492,11.00000000,4.46712429,3.03198971,47.81826792
1632312895.39582968,1,4.06475401,10.00000000,4.51835572,2.98288016,46.81826792
1632312895.49583530,1,4.06475401,10.00000000,4.46347157,3.03344739,47.87021843
1632312895.59582829,1,4.06475401,9.00000000,4.46825997,3.03368728,47.83450640
1632312895.69581604,1,4.06135321,8.00000000,4.51906906,2.98409790,46.83450640
1632312895.79583287,1,4.05998230,8.00000000,4.46523718,3.03553031,47.88645691
1632312895.89583874,1,4.05724049,7.00000000,4.47060893,3.03470995,47.85074488
1632312895.99584055,1,4.05148077,6.00000000,4.52263262,2.98641255,46.85074488
1632312896.09583855,1,4.04599762,6.00000000,4.47269340,3.03292660,47.81503285
1632312896.19580340,1,4.04015875,5.00000000,4.52448616,2.98467451,46.81503285
1632312896.29580235,1,4.03467560,5.00000000,4.47062355,3.03378260,47.86698336
1632312896.39581347,1,4.02957535,4.00000000,4.52282316,2.98624683,46.86698336
1632312896.49583483,1,4.02409220,4.00000000,4.47314315,3.03249585,47.83127133
1632312896.59581184,1,4.01825333,3.00000000,4.52466957,2.98451646,46.83127133
1632312896.69583750,1,4.01277018,3.00000000,4.52528327,2.98342737,46.83127133
1632312896.79583502,1,4.00767040,3.00000000,4.47609482,3.02931700,47.79555930
1632312896.89583468,1,4.00218773,2.00000000,4.52762214,2.98224695,46.79555930
1632312896.99581170,1,3.99634838,2.00000000,4.52653450,2.98187056,46.79555930
1632312897.09584546,1,3.99152398,2.00000000,4.52759670,2.98126398,46.79555930
1632312897.19580793,1,3.98642421,2.00000000,4.47417853,3.03104077,47.84750981
1632312897.29581141,1,3.98094153,1.00000000,4.52450974,2.98378018,46.84750981
1632312897.39583611,1,3.97611690,1.00000000,4.52508996,2.98365544,46.84750981
1632312897.49584174,1,3.97099018,1.00000000,4.52449359,2.98379531,46.84750981
1632312897.59583855,1,3.96616554,1.00000000,4.52555881,2.98415557,46.84750981
1632312897.69583821,1,3.96035361,1.00000000,4.52449379,2.98282555,46.84750981
1632312897.79583454,1,3.95624161,1.00000000,4.52556141,2.98419070,46.84750981
1632312897.89582992,1,3.95040250,1.00000000,4.47559405,3.02790266,47.81179778
1632312897.99583364,1,3.94629025,0.00000000,4.52636917,2.98203798,46.81179778
1632312898.09583449,1,3.94146562,0.00000000,4.52646220,2.98143029,46.81179778
1632312898.19583750,1,3.93702435,0.00000000,4.52730262,2.98110212,46.81179778
1632312898.29583025,1,3.93225431,0.00000000,4.52694801,2.98198924,46.81179778
1632312898.39580774,1,3.92707324,0.00000000,4.52631210,2.98112167,46.81179778
1632312898.49583578,1,3.92296100,0.00000000,4.52640770,2.98103339,46.81179778
1632312898.59583259,1,3.91884899,0.00000000,4.52698845,2.98191529,46.81179778
1632312898.69583464,1,3.91369510,0.00000000,4.52637114,2.98106754,46.81179778
1632312898.79583311,1,3.90958309,0.00000000,4.52646690,2.98146444,46.81179778
1632312898.89583302,1,3.90511465,0.00000000,4.52631871,2.98111645,46.81179778
1632312898.99580574,1,3.90100265,0.00000000,4.52641447,2.98199835,46.81179778
1632312899.09584498,1,3.89617777,0.00000000,4.52650734,2.98139049,46.81179778
1632312899.19583988,1,3.89173675,0.00000000,4.52637791,2.98106249,46.81179778
1632312899.29583454,1,3.88762450,0.00000000,4.52550351,2.98145922,46.81179778
1632312899.39583349,1,3.88381433,0.00000000,4.52580584,2.98159119,46.81179778
1632312899.49583530,1,3.87970209,0.00000000,4.52590143,2.98150291,46.81179778
1632312899.59583879,1,3.87559009,0.00000000,4.52599719,2.98141481,46.81179778
1632312899.69584394,1,3.87147784,0.00000000,4.52560778,2.98132653,46.81179778
1632312899.79585075,1,3.86769485,0.00000000,4.52592871,2.98050832,46.81179778
1632312899.89584017,1,3.86429548,0.00000000,4.52651219,2.98142481,46.81179778
1632312899.99583817,1,3.85982704,0.00000000,4.52539401,2.98107682,46.81179778
1632312900.09584069,1,3.85637283,0.00000000,4.52593996,2.98146833,46.81179778
1632312900.19584084,1,3.85226083,0.00000000,4.52506571,2.98138022,46.81179778
1632312900.29583406,1,3.84880686,0.00000000,4.52609683,2.98080190,46.81179778
1632312900.39584517,1,3.84507823,0.00000000,4.52548496,2.98147832,46.81179778
1632312900.49583530,1,3.84126782,0.00000000,4.52578713,2.98161012,46.81179778
1632312900.59578562,1,3.83715582,0.00000000,4.52491289,2.98055202,46.81179778
1632312900.69583750,1,3.83441448,0.00000000,4.52594673,2.98146328,46.81179778
1632312900.79584169,1,3.83030224,0.00000000,4.52507232,2.98137501,46.81179778
1632312900.89583993,1,3.82684827,0.00000000,4.52464843,2.98079668,46.81179778
1632312900.99583578,1,3.82410693,0.00000000,4.52616727,2.98170795,46.81179778
1632312901.09583831,1,3.81966567,0.00000000,4.52506769,2.98089478,46.81179778
1632312901.19581079,1,3.81656790,0.00000000,4.52488758,2.98154617,46.81179778
1632312901.29583502,1,3.81311393,0.00000000,4.52543369,2.98096785,46.81179778
1632312901.39583707,1,3.80971456,0.00000000,4.52504717,2.98042933,46.81179778
1632312901.49581981,1,3.80697322,0.00000000,4.52511101,2.98134060,46.81179778
1632312901.59583712,1,3.80351901,0.00000000,4.52468696,2.98076210,46.81179778
1632312901.69581389,1,3.80077767,0.00000000,4.52523580,2.98215836,46.81179778
1632312901.79583526,1,3.79663825,0.00000000,4.52531279,2.98108027,46.81179778
1632312901.89580536,1,3.79323888,0.00000000,4.52492627,2.98054176,46.81179778
1632312901.99583888,1,3.79049730,0.00000000,4.52498994,2.98048285,46.81179778
1632312902.09583735,1,3.78775597,0.00000000,4.52505378,2.98139411,46.81179778
1632312902.19583535,1,3.78430200,0.00000000,4.52462989,2.98081579,46.81179778
1632312902.29583645,1,3.78156066,0.00000000,4.52469373,2.98075706,46.81179778
1632312902.39583635,1,3.77881908,0.00000000,4.52475740,2.98069815,46.81179778
1632312902.49583578,1,3.77607775,0.00000000,4.52530624,2.98112441,46.81179778
1632312902.59583497,1,3.77265096,0.00000000,4.52490096,2.98153591,46.81179778
1632312902.69583368,1,3.76919699,0.00000000,4.52253707,2.97901758,46.81179778
1632312902.79583597,1,3.76919699,0.00000000,4.52447707,2.98095758,46.81179778
1632312902.89583778,1,3.76645565,0.00000000,4.52648091,2.98283885,46.81179778
1632312902.99581265,1,3.76097274,0.00000000,4.52854842,2.98611621,46.81179778
1632312903.09581256,1,3.75167966,0.00000000,4.53043326,2.98807053,46.81179778
1632312903.19580984,1,3.73967218,0.00000000,4.53337038,2.99047077,46.81179778
1632312903.29581356,1,3.72390914,0.00000000,4.53422220,2.99207278,46.81179778
1632312903.39581180,1,3.70639181,0.00000000,4.53435840,2.99191073,46.81179778
1632312903.49581122,1,3.68890190,0.00000000,4.53451336,2.99225367,46.81179778
1632312903.59581137,1,3.67105532,0.00000000,4.53442421,2.99233655,46.81179778
1632312903.69581270,1,3.65320897,0.00000000,4.53385022,2.99144961,46.81179778
1632312903.79581046,1,3.63640428,0.00000000,4.53350414,2.99229215,46.81179778
1632312903.89581275,1,3.61921597,0.00000000,4.53386551,2.99236999,46.81179778
1632312903.99581075,1,3.60172582,0.00000000,4.53353531,2.99174275,46.81179778
1632312904.09581137,1,3.58492112,0.00000000,4.53318922,2.99258529,46.81179778
1632312904.19584036,1,3.56773281,0.00000000,4.53355059,2.99217813,46.81179778
1632312904.29581523,1,3.55059910,0.00000000,4.53297933,2.99132577,46.81179778
1632312904.39581656,1,3.53447986,0.00000000,4.53261737,2.99169808,46.81179778
1632312904.49584007,1,3.51833296,0.00000000,4.53272148,2.99205022,46.81179778
1632312904.59583545,1,3.50185728,0.00000000,4.53260058,2.99216265,46.81179778
1632312904.69583488,1,3.48538160,0.00000000,4.53199468,2.99082007,46.81179778
1632312904.79585266,1,3.47030401,0.00000000,4.53186062,2.99195186,46.81179778
1632312904.89583302,1,3.45448613,0.00000000,4.53218991,2.99157389,46.81179778
1632312904.99582291,1,3.43872333,0.00000000,4.53110189,2.99172108,46.81179778
1632312905.09583712,1,3.42359090,0.00000000,4.53190030,2.99184288,46.81179778
1632312905.19583344,1,3.37411785,1.00000000,4.46493970,3.00685365,47.81179778
1632312905.29583359,1,3.32571292,2.00000000,4.39878675,3.02074700,48.81179778
1632312905.39583492,1,3.27805305,2.00000000,4.37758608,2.99555054,48.81179778
1632312905.49583459,1,3.23089027,3.00000000,4.31346979,3.00700551,49.81179778
1632312905.59583473,1,3.18488503,4.00000000,4.25119241,3.01851353,50.81179778
1632312905.69581056,1,3.13831353,5.00000000,4.18822657,3.02635489,51.81179778
1632312905.79583716,1,3.09399605,5.00000000,4.16955743,3.00170705,51.81179778
1632312905.89583492,1,3.05012202,6.00000000,4.10952077,3.00946811,52.81179778
1632312905.99583411,1,3.00689197,7.00000000,4.05003777,3.01559810,53.81179778
1632312906.09583950,1,2.96492267,8.00000000,3.94669932,3.05160264,55.86374829
1632312906.19583631,1,2.92423487,7.00000000,3.97361881,2.99813258,54.86374829
1632312906.29583001,1,2.88404369,8.00000000,3.91731805,3.00211867,55.86374829
1632312906.39583540,1,2.84503627,9.00000000,3.86087754,3.00606662,56.86374829
1632312906.49583888,1,2.80708337,10.00000000,3.76593492,3.03277505,58.82803626
1632312906.59583116,1,2.77079439,10.00000000,3.75394144,3.00948556,58.82803626
1632312906.69583416,1,2.73506880,11.00000000,3.66022457,3.03285816,60.79232423
1632312906.79583478,1,2.70140839,11.00000000,3.65010407,3.01075244,60.79232423
1632312906.89583373,1,2.66785097,12.00000000,3.55436520,3.03337196,62.84427474
1632312906.99583626,1,2.63618970,12.00000000,3.54573467,3.01150573,62.84427474
1632312907.09583926,1,2.60531950,13.00000000,3.45682378,3.02925432,64.80856271
1632312907.19583559,1,2.57595062,13.00000000,3.44820309,3.00849870,64.80856271
1632312907.29580688,1,2.54805684,14.00000000,3.35792729,3.02691794,66.86051322
1632312907.39584422,1,2.52019143,14.00000000,3.31220100,3.02345308,67.82480119
1632312907.49581361,1,2.49386907,14.00000000,3.30614588,3.00392767,67.82480119
1632312907.59582782,1,2.46955681,15.00000000,3.22094486,3.01735441,69.78908916
1632312907.69581556,1,2.44607306,15.00000000,3.17442703,3.01529420,70.84103967
1632312907.79583597,1,2.42367649,15.00000000,3.13134471,3.01108031,71.80532764
1632312907.89583492,1,2.40350699,16.00000000,3.08847787,3.01000430,72.80532764
1632312907.99583960,1,2.38281488,17.00000000,3.00586261,3.01692403,74.76961561
1632312908.09583282,1,2.36494541,17.00000000,2.96208057,3.01458353,75.82156612
1632312908.19583440,1,2.34786129,17.00000000,2.92144551,3.01125578,76.78585409
1632312908.29583335,1,2.33207321,17.00000000,2.87800580,3.00965510,77.83780460
1632312908.39583516,1,2.31687307,18.00000000,2.79882459,3.01310629,79.80209257
1632312908.49580932,1,2.30418468,18.00000000,2.76029535,3.01104270,80.76638054
1632312908.59583306,1,2.29164839,18.00000000,2.71911966,3.00794856,81.81833105
1632312908.69584036,1,2.28112912,18.00000000,2.68151781,3.00558990,82.78261902
1632312908.79583478,1,2.27182937,19.00000000,2.60389819,3.00821765,84.74690699
1632312908.89583445,1,2.26329160,19.00000000,2.56267441,3.00605017,85.79885750
1632312908.99583650,1,2.25636220,19.00000000,2.52524261,3.00451252,86.76314547
1632312909.09583426,1,2.25056982,20.00000000,2.44631954,3.00377857,88.81509598
1632312909.19583488,1,2.24687123,20.00000000,2.40940150,3.00345458,89.77938395
1632312909.29580712,1,2.24340010,20.00000000,2.37260255,3.00175113,90.74367192
1632312909.39584064,1,2.24205661,21.00000000,2.29236715,3.00132326,92.79562243
1632312909.49576998,1,2.24037528,21.00000000,2.25577576,2.99942809,93.75991040
1632312909.59581065,1,2.24133205,21.00000000,2.21906519,3.00050256,94.72419837
1632312909.69581151,1,2.24248219,21.00000000,2.17894180,2.99982141,95.77614888
1632312909.79581523,1,2.24575710,22.00000000,2.10215898,2.99595964,97.74043685
1632312909.89581323,1,2.25005198,22.00000000,2.06166936,2.99621594,98.79238737
1632312909.99581409,1,2.25560188,22.00000000,2.02335595,2.99849258,99.75667533
1632312910.09581089,1,2.26116014,23.00000000,1.90665581,2.98314542,102.77291382
1632312910.19581079,1,2.26848125,22.00000000,1.90641624,2.99156755,102.73720179
1632312910.29580832,1,2.27812505,22.00000000,1.86696554,2.99317636,103.70148975
1632312910.39581847,1,2.28882122,22.00000000,1.82369876,2.99421027,104.75344027
1632312910.49580717,1,2.30055523,23.00000000,1.74479948,2.98513889,106.71772824
1632312910.59583616,1,2.31331086,23.00000000,1.70056744,2.98573519,107.76967875
1632312910.69583821,1,2.32707143,23.00000000,1.65917407,2.98754328,108.73396672
1632312910.79583502,1,2.34181929,23.00000000,1.61722098,2.98853793,109.69825469
1632312910.89583540,1,2.35844755,23.00000000,1.57195527,2.99019435,110.75020520
1632312910.99583459,1,2.37545705,23.00000000,1.49164841,2.97748895,112.67878114
1632312911.09580779,1,2.39306355,23.00000000,1.44447826,2.97739253,113.73073165
1632312911.19583368,1,2.41157889,23.00000000,1.40001103,2.97769673,114.69501962
1632312911.29580474,1,2.43186474,23.00000000,1.35114373,2.97807215,115.74697013
1632312911.39583611,1,2.45212722,23.00000000,1.30483723,2.97808376,116.71125810
1632312911.49583459,1,2.47388506,23.00000000,1.25802416,2.97946267,117.67554607
1632312911.59583426,1,2.49580097,23.00000000,1.20746227,2.97721681,118.72749658
1632312911.69580340,1,2.51937056,23.00000000,1.15912482,2.97816362,119.69178455
1632312911.79583645,1,2.54286146,23.00000000,1.10714648,2.97507359,120.74373506
1632312911.89583778,1,2.56794643,23.00000000,1.05736602,2.97519838,121.70802303
1632312911.99583745,1,2.59292650,23.00000000,0.96747086,2.94713650,123.72426151
1632312912.09583473,1,2.61944127,22.00000000,0.95410816,2.97106538,123.68854948
1632312912.19583416,1,2.64582562,22.00000000,0.90263170,2.96800886,124.65283745
1632312912.29584169,1,2.67368627,22.00000000,0.84666744,2.96410119,125.70478796
1632312912.39583397,1,2.70099616,21.00000000,0.83209651,2.98725986,125.66907593
1632312912.49583268,1,2.73012543,21.00000000,0.77466020,2.98132416,126.72102644
1632312912.59583712,1,2.75985336,21.00000000,0.71988980,2.97803844,127.68531441
1632312912.69583440,1,2.78939342,21.00000000,0.66395275,2.97240568,128.64960238
1632312912.79583502,1,2.81966543,21.00000000,0.60491467,2.96334551,129.70155289
1632312912.89583468,1,2.85107374,21.00000000,0.54819336,2.95751994,130.66584086
1632312912.99584651,1,2.88226509,20.00000000,0.52923068,2.98234955,130.63012883
1632312913.09583974,1,2.91471434,20.00000000,0.46780931,2.97272836,131.68207934
1632312913.19583535,1,2.94692922,20.00000000,0.40962461,2.96349606,132.64636731
1632312913.29580522,1,2.98035240,20.00000000,0.34707521,2.95064232,133.69831782
1632312913.39583421,1,3.01423430,19.00000000,0.32405623,2.97740604,133.66260579
1632312913.49580336,1,3.04718828,19.00000000,0.26450427,2.96552789,134.62689376
1632312913.59584308,1,3.08194232,19.00000000,0.20018620,2.95014491,135.67884427
1632312913.69583106,1,3.11711097,18.00000000,0.17638320,2.97610610,135.64313224
1632312913.79585195,1,3.15268016,18.00000000,0.11417694,2.96369549,136.60742021
1632312913.89584231,1,3.18796635,18.00000000,0.04871799,2.94503774,137.65937072
1632312913.99583912,1,3.22430468,17.00000000,0.02321244,2.97099799,137.62365869
1632312914.09583306,1,3.26100492,17.00000000,-0.04481460,2.95210641,138.67560921
1632312914.19583297,1,3.29668498,16.00000000,-0.07025241,2.97720941,138.63989717
1632312914.29585123,1,3.33407354,16.00000000,-0.13503756,2.95948895,139.60418514
1632312914.39580989,1,3.37178898,16.00000000,-0.20344514,2.93641858,140.65613566
1632312914.49583244,1,3.40982032,15.00000000,-0.23150896,2.96314263,140.62042362
1632312914.59581256,1,3.44753814,15.00000000,-0.29709658,2.94191652,141.58471159
1632312914.69585443,1,3.48617768,14.00000000,-0.29012100,3.01326709,140.58471159
1632312914.79585814,1,3.52434492,15.00000000,-0.39798528,2.93857500,142.63666211
1632312914.89585781,1,3.56354094,14.00000000,-0.42778991,2.96509673,142.60095007
1632312914.99587321,1,3.60241222,14.00000000,-0.49835677,2.93579641,143.65290059
1632312915.09586763,1,3.64214110,13.00000000,-0.52901004,2.96117077,143.61718856
1632312915.19586587,1,3.68212008,13.00000000,-0.56216599,2.98488540,143.61718856
1632312915.29585958,1,3.72155905,13.00000000,-0.63064409,2.95754471,144.58147653
1632312915.39586759,1,3.76201034,13.00000000,-0.70311997,2.92530538,145.63342704
1632312915.49589038,1,3.80212784,12.00000000,-0.69829952,3.00239758,144.63342704
1632312915.59587646,1,3.84303236,12.00000000,-0.76864628,2.97301793,145.59771501
1632312915.69585800,1,3.88414955,12.00000000,-0.84002028,2.94200450,146.56200298
1632312915.79585791,1,3.92466950,11.00000000,-0.83559161,3.02213083,145.56200298
1632312915.89586306,1,3.96565127,12.00000000,-0.94759250,2.92676172,147.61395349
1632312915.99586248,1,4.00737000,11.00000000,-0.94581641,3.00784018,146.61395349
1632312916.09581971,1,4.04846144,12.00000000,-1.05450122,2.91424453,148.57824146
1632312916.19581318,1,4.09002495,11.00000000,-1.09190147,2.93274749,148.63019197
1632312916.29590988,1,4.13229132,10.00000000,-1.08991024,3.01599857,147.63019197
1632312916.39582229,1,4.17472839,11.00000000,-1.20126176,2.91654542,149.59447994
1632312916.49585724,1,4.21650314,10.00000000,-1.19949295,3.00180048,148.59447994
1632312916.59586644,1,4.25876379,10.00000000,-1.27530516,2.96427611,149.55876791
1632312916.69586134,1,4.29819298,10.00000000,-1.34865474,2.91585351,150.61071842
1632312916.79587460,1,4.34126711,9.00000000,-1.34842812,3.00268223,149.61071842
1632312916.89587784,1,4.38448858,9.00000000,-1.42250274,2.96058299,150.57500639
1632312916.99587750,1,4.42785263,9.00000000,-1.46027281,2.98188704,150.57500639
1632312917.09584308,1,4.47135496,9.00000000,-1.53783615,2.93138890,151.62695690
1632312917.19587231,1,4.51499224,8.00000000,-1.53818096,3.02113072,150.62695690
1632312917.29585910,1,4.55876017,9.00000000,-1.65063179,2.90511388,152.59124487
1632312917.39588070,1,4.60265493,8.00000000,-1.65199928,2.99727775,151.59124487
1632312917.49585533,1,4.64621544,8.00000000,-1.69128405,3.01800204,151.59124487
1632312917.59586287,1,4.68950033,9.00000000,-1.80340608,2.89590115,153.55553284
1632312917.69585943,1,4.73375702,8.00000000,-1.80559534,2.98926002,152.55553284
1632312917.79585624,1,4.77812672,8.00000000,-1.88468674,2.93148923,153.60748335
1632312917.89585924,1,4.82260704,7.00000000,-1.88645956,3.02632849,152.60748335
1632312917.99591231,1,4.86719418,8.00000000,-1.96447068,2.97108133,153.60748335
1632312918.09585476,1,4.91188574,8.00000000,-2.04062618,2.91659118,154.57177132
1632312918.19585657,1,4.95667839,7.00000000,-2.04325376,3.01362571,153.57177132
1632312918.29587173,1,5.00157022,7.00000000,-2.12028293,2.95791494,154.53605929
1632312918.39588714,1,5.04655743,7.00000000,-2.16089990,2.97725687,154.53605929
1632312918.49587464,1,5.09163857,7.00000000,-2.20257168,2.99663919,154.53605929
1632312918.59585977,1,5.13593388,7.00000000,-2.28232196,2.93018078,155.58800980
1632312918.69586039,1,5.18119287,6.00000000,-2.28544420,3.03090006,154.58800980
1632312918.79585838,1,5.22653866,7.00000000,-2.36482642,2.96908229,155.58800980
1632312918.89589429,1,5.27136326,7.00000000,-2.44162836,2.90651785,156.55229777
1632312918.99588180,1,5.31688023,6.00000000,-2.44572061,3.00943727,155.55229777
1632312919.09588242,1,5.36247730,6.00000000,-2.48819943,3.02830819,155.55229777
1632312919.19587088,1,5.40726471,7.00000000,-2.60594291,2.86915771,157.60424828
1632312919.29585743,1,5.45301390,6.00000000,-2.61121429,2.97426189,156.60424828
1632312919.39589715,1,5.49883699,6.00000000,-2.65327000,2.99245732,156.60424828
1632312919.49585819,1,5.54473209,6.00000000,-2.69539179,3.01068134,156.60424828
1632312919.59587669,1,5.59069777,6.00000000,-2.77421174,2.94226744,157.56853625
1632312919.69585800,1,5.63673210,6.00000000,-2.81821796,2.95983313,157.56853625
1632312919.79589057,1,5.68149137,6.00000000,-2.85959060,2.97788228,157.56853625
1632312919.89582133,1,5.72728491,6.00000000,-2.93794815,2.90595380,158.53282422
1632312919.99583936,1,5.77351665,5.00000000,-2.94327875,3.01632299,157.53282422
1632312920.09583473,1,5.81981087,5.00000000,-2.98605917,3.03401451,157.53282422
1632312920.19583678,1,5.86616564,6.00000000,-3.10665784,2.85619235,159.58477473
1632312920.29586148,1,5.91167927,5.00000000,-3.11247998,2.96844706,158.58477473
1632312920.39587426,1,5.95815039,5.00000000,-3.15574268,2.98541479,158.58477473
1632312920.49587560,1,6.00467825,5.00000000,-3.19905820,3.00240323,158.58477473
1632312920.59587121,1,6.05126143,5.00000000,-3.27881089,2.92429206,159.54906270
1632312920.69587183,1,6.09789896,4.00000000,-3.28445399,3.03997830,158.54906270
1632312920.79587078,1,6.14458895,5.00000000,-3.36722614,2.95690118,159.54906270
1632312920.89587212,1,6.19042349,5.00000000,-3.41017181,2.97291600,159.54906270
1632312920.99584222,1,6.23721504,5.00000000,-3.48986267,2.89157512,160.51335067
1632312921.09588599,1,6.28371811,4.00000000,-3.49621661,3.01015294,159.51335067
1632312921.19586062,1,6.33060980,4.00000000,-3.54014257,3.02656452,159.51335067
1632312921.29587770,1,6.37754869,4.00000000,-3.58508276,3.04299262,159.51335067
1632312921.39585257,1,6.42362213,5.00000000,-3.66656222,2.95375814,160.51335067
1632312921.49585438,1,6.47065163,5.00000000,-3.74949805,2.85709292,161.56530118
1632312921.59585428,1,6.51772547,4.00000000,-3.75724411,2.97957775,160.56530118
1632312921.69586396,1,6.56484222,4.00000000,-3.80167621,2.99525502,160.56530118
1632312921.79585838,1,6.61200142,4.00000000,-3.84711834,3.01094640,160.56530118
1632312921.89586020,1,6.65828609,4.00000000,-3.89076578,3.02634681,160.56530118
1632312921.99585533,1,6.70552683,4.00000000,-3.97196767,2.93630063,161.52958915
1632312922.09585929,1,6.75249290,4.00000000,-4.01748440,2.95118018,161.52958915
1632312922.19586277,1,6.79889584,4.00000000,-4.06149699,2.96588132,161.52958915
1632312922.29585791,1,6.84625435,4.00000000,-4.10641594,2.98088520,161.52958915
1632312922.39585638,1,6.89365053,4.00000000,-4.15137063,2.99590102,161.52958915
1632312922.49584413,1,6.94108295,4.00000000,-4.23659217,2.88969088,162.58153966
1632312922.59585571,1,6.98763037,3.00000000,-4.24348385,3.01966495,161.58153966
1632312922.69586945,1,7.03513288,3.00000000,-4.28855301,3.03467360,161.58153966
1632312922.79586482,1,7.08267021,3.00000000,-4.33365521,3.04969324,161.58153966
1632312922.89585829,1,7.13024092,4.00000000,-4.41804609,2.94728498,162.58153966
1632312922.99589658,1,7.17662525,4.00000000,-4.49748802,2.84562725,163.54582763
1632312923.09586167,1,7.22426271,3.00000000,-4.50640716,2.97972616,162.54582763
1632312923.19586396,1,7.27193213,3.00000000,-4.55285174,2.99402426,162.54582763
1632312923.29585910,1,7.31870699,3.00000000,-4.59747296,3.00805405,162.54582763
1632312923.39585900,1,7.36643696,3.00000000,-4.64300530,3.02237031,162.54582763
1632312923.49585509,1,7.41419744,3.00000000,-4.68856676,3.03669573,162.54582763
1632312923.59588623,1,7.46198702,3.00000000,-4.73512597,3.05102987,162.54582763
1632312923.69586778,1,7.50887728,4.00000000,-4.85284698,2.81824266,164.51011560
1632312923.79585719,1,7.55672312,3.00000000,-4.86262406,2.95877608,163.51011560
1632312923.89590025,1,7.60431814,3.00000000,-4.90923149,2.97228574,163.51011560
1632312923.99586272,1,7.65129089,3.00000000,-4.95427225,2.98561878,163.51011560
1632312924.09586930,1,7.69922018,3.00000000,-5.00023020,2.99922331,163.51011560
1632312924.19585609,1,7.74717474,3.00000000,-5.04718238,3.01283503,163.51011560
1632312924.29585934,1,7.79422474,3.00000000,-5.09229721,3.02618998,163.51011560
1632312924.39585447,1,7.84222984,3.00000000,-5.13832786,3.03981604,163.51011560
1632312924.49585605,1,7.89026022,3.00000000,-5.18535274,3.05344928,163.51011560
1632312924.59589601,1,7.93738222,4.00000000,-5.30632618,2.79286627,165.56206611
1632312924.69589400,1,7.98546028,3.00000000,-5.31695989,2.93951448,164.56206611
1632312924.79587626,1,8.03356171,3.00000000,-5.36429579,2.95328881,164.56206611
1632312924.89587402,1,8.08049011,3.00000000,-5.41292599,2.96675089,164.56206611
1632312924.99586129,1,8.12510777,3.00000000,-5.46175381,2.98056785,164.56206611
1632312925.09585953,1,8.16715145,3.00000000,-5.51101053,2.99466965,164.56206611
1632312925.19585681,1,8.15796089,3.00000000,-5.54970927,2.86248721,165.52635408
1632312925.29585409,1,8.14549923,2.00000000,-5.51497653,3.00204437,164.52635408
1632312925.39587355,1,8.13052082,2.00000000,-5.51266604,3.00095821,164.52635408
1632312925.49585605,1,8.11805820,2.00000000,-5.51569015,3.00248324,164.52635408
1632312925.59585428,1,8.10227489,2.00000000,-5.51745394,3.00360733,164.52635408
1632312925.69585657,1,8.08449173,2.00000000,-5.52117035,3.00565287,164.52635408
1632312925.79590249,1,8.06258011,2.00000000,-5.55843309,2.87455371,165.49064205
1632312925.89585805,1,8.03859138,1.00000000,-5.52555049,3.01230025,164.49064205
1632312925.99585676,1,8.01068401,1.00000000,-5.52193932,3.01162794,164.49064205
1632312926.09585690,1,7.98643589,1.00000000,-5.52524915,3.01338909,164.49064205
1632312926.19585490,1,7.95852852,1.00000000,-5.52745797,3.01368678,164.49064205
1632312926.29591417,1,7.92841291,1.00000000,-5.53044897,3.01484899,164.49064205
1632312926.39585233,1,7.89510441,1.00000000,-5.53424334,3.01564244,164.49064205
1632312926.49586916,1,7.85792732,1.00000000,-5.53576499,3.01685644,164.49064205
1632312926.59585428,1,7.81896019,1.00000000,-5.53313677,3.01662180,164.49064205
1632312926.69588614,1,7.78258896,1.00000000,-5.57286161,2.87856797,165.54259256
1632312926.79585671,1,7.74354172,0.00000000,-5.53799888,3.01054390,164.54259256
1632312926.89588046,1,7.70410728,0.00000000,-5.53830584,3.01021876,164.54259256
1632312926.99587440,1,7.66446352,0.00000000,-5.53695604,3.00935283,164.54259256
1632312927.09586215,1,7.62635136,0.00000000,-5.53611243,3.00938010,164.54259256
1632312927.19585586,1,7.58904505,0.00000000,-5.53750054,3.00962215,164.54259256
1632312927.29587626,1,7.55033636,0.00000000,-5.53608199,3.00803543,164.54259256
1632312927.39586401,1,7.51341820,0.00000000,-5.53638920,3.00838093,164.54259256
1632312927.49589562,1,7.47611189,0.00000000,-5.53535230,3.00716798,164.54259256
1632312927.59585500,1,7.44012833,0.00000000,-5.53559030,3.00679257,164.54259256
1632312927.69586349,1,7.40401554,0.00000000,-5.53473376,3.00589772,164.54259256
1632312927.79585171,1,7.36896706,0.00000000,-5.53538802,3.00577153,164.54259256
1632312927.89585781,1,7.33332205,0.00000000,-5.53498233,3.00548635,164.54259256
1632312927.99586773,1,7.29814386,0.00000000,-5.53502658,3.00484059,164.54259256
1632312928.09586310,1,7.26309538,0.00000000,-5.53422584,3.00471440,164.54259256
1632312928.19585705,1,7.22885227,0.00000000,-5.53323135,3.00334786,164.54259256
1632312928.29585743,1,7.19593287,0.00000000,-5.53448267,3.00378912,164.54259256
1632312928.39585876,1,7.16168976,0.00000000,-5.53251818,3.00242258,164.54259256
1632312928.49587512,1,7.12970495,0.00000000,-5.53370030,3.00311293,164.54259256
1632312928.59586215,1,7.09639645,0.00000000,-5.53360660,3.00199548,164.54259256
1632312928.69587016,1,7.06347704,0.00000000,-5.53291793,3.00146673,164.54259256
1632312928.79585624,1,7.03136253,0.00000000,-5.53155004,3.00066751,164.54259256
1632312928.89586234,1,7.00078011,0.00000000,-5.53311382,3.00076162,164.54259256
1632312928.99585462,1,6.96866560,0.00000000,-5.53223093,2.99996240,164.54259256
1632312929.09585476,1,6.93761587,0.00000000,-5.53140430,2.99993197,164.54259256
1632312929.19583321,1,6.90737057,0.00000000,-5.53232301,2.99963093,164.54259256
1632312929.29587245,1,6.87632084,0.00000000,-5.53149638,2.99960050,164.54259256
1632312929.39587402,1,6.84607601,0.00000000,-5.53144555,2.99832958,164.54259256
1632312929.49586582,1,6.81622028,0.00000000,-5.53031473,2.99861738,164.54259256
1632312929.59585285,1,6.78737688,0.00000000,-5.53064463,2.99771998,164.54259256
1632312929.69588399,1,6.75845623,0.00000000,-5.53090007,2.99825699,164.54259256
1632312929.79585528,1,6.72914553,0.00000000,-5.53029457,2.99723504,164.54259256
1632312929.89583254,1,6.70069218,0.00000000,-5.53003041,2.99644160,164.54259256
1632312929.99589324,1,6.67270613,0.00000000,-5.53021665,2.99625770,164.54259256
1632312930.09592128,1,6.64458990,0.00000000,-5.52979242,2.99555411,164.54259256
1632312930.19586849,1,6.61707115,0.00000000,-5.52945906,2.99549476,164.54259256
1632312930.29581475,1,6.58988953,0.00000000,-5.53042062,2.99504026,164.54259256
1632312930.39587426,1,6.56190395,0.00000000,-5.52818232,2.99485649,164.54259256
1632312930.49585581,1,6.53612375,0.00000000,-5.52952462,2.99477550,164.54259256
1632312930.59585667,1,6.50907230,0.00000000,-5.52915665,2.99338570,164.54259256
1632312930.69585395,1,6.48274851,0.00000000,-5.52900502,2.99364483,164.54259256
1632312930.79586315,1,6.45650148,0.00000000,-5.52795738,2.99343942,164.54259256
1632312930.89582276,1,6.43131876,0.00000000,-5.52842054,2.99303267,164.54259256
1632312930.99583936,1,6.40579891,0.00000000,-5.52807378,2.99302107,164.54259256
1632312931.09585094,1,6.38061666,0.00000000,-5.52756740,2.99212945,164.54259256
1632312931.19583797,1,6.35616159,0.00000000,-5.52824690,2.99191664,164.54259256
1632312931.29585528,1,6.33110952,0.00000000,-5.52689599,2.99105971,164.54259256
1632312931.39586473,1,6.30758905,0.00000000,-5.52702128,2.99109599,164.54259256
1632312931.49586129,1,6.28393793,0.00000000,-5.52750565,2.99158244,164.54259256
1632312931.59585690,1,6.25968981,0.00000000,-5.52692961,2.99093979,164.54259256
1632312931.69585967,1,6.23616934,0.00000000,-5.52753990,2.99000606,164.54259256
1632312931.79590130,1,6.21231222,0.00000000,-5.52637072,2.98946762,164.54259256
1632312931.89585543,1,6.18972635,0.00000000,-5.52642681,2.98926799,164.54259256
1632312931.99587798,1,6.16714048,0.00000000,-5.52696790,2.98955336,164.54259256
1632312932.09586525,1,6.14395666,0.00000000,-5.52644766,2.98919436,164.54259256
1632312932.19585872,1,6.12137032,0.00000000,-5.52553329,2.98802460,164.54259256
1632312932.29585886,1,6.09997988,0.00000000,-5.52625657,2.98862858,164.54259256
1632312932.39585686,1,6.07773018,0.00000000,-5.52566667,2.98754855,164.54259256
1632312932.49586153,1,6.05633974,0.00000000,-5.52590495,2.98766753,164.54259256
1632312932.59586811,1,6.03468800,0.00000000,-5.52540637,2.98723186,164.54259256
1632312932.69584799,1,6.01363373,0.00000000,-5.52596866,2.98744044,164.54259256
1632312932.79586339,1,5.99198198,0.00000000,-5.52498508,2.98651977,164.54259256
1632312932.89585996,1,5.97152567,0.00000000,-5.52515370,2.98640272,164.54259256
1632312932.99587464,1,5.95093870,0.00000000,-5.52422639,2.98576584,164.54259256
1632312933.09590673,1,5.93141651,0.00000000,-5.52578034,2.98638274,164.54259256
1632312933.19585681,1,5.91023159,0.00000000,-5.52427670,2.98607150,164.54259256
1632312933.29585624,1,5.89057875,0.00000000,-5.52424972,2.98568358,164.54259256
1632312933.39586377,1,5.87105656,0.00000000,-5.52434867,2.98533049,164.54259256
1632312933.49586654,1,5.85153484,0.00000000,-5.52347808,2.98546253,164.54259256
1632312933.59585953,1,5.83281565,0.00000000,-5.52483598,2.98532345,164.54259256
1632312933.69586492,1,5.81282663,0.00000000,-5.52351499,2.98387594,164.54259256
1632312933.79587841,1,5.79450083,0.00000000,-5.52379705,2.98432671,164.54259256
1632312933.89585829,1,5.77578163,0.00000000,-5.52369995,2.98418763,164.54259256
1632312933.99587774,1,5.75719357,0.00000000,-5.52372923,2.98408350,164.54259256
1632312934.09586430,1,5.73860550,0.00000000,-5.52278852,2.98300938,164.54259256
1632312934.19587159,1,5.72121382,0.00000000,-5.52397092,2.98370911,164.54259256
1632312934.29595757,1,5.70249462,0.00000000,-5.52290381,2.98260003,164.54259256
1632312934.39586902,1,5.68510294,0.00000000,-5.52311621,2.98281477,164.54259256
1632312934.49586701,1,5.66744852,0.00000000,-5.52307537,2.98247448,164.54259256
1632312934.59586382,1,5.64992571,0.00000000,-5.52219138,2.98265426,164.54259256
1632312934.69586015,1,5.63320541,0.00000000,-5.52305088,2.98207794,164.54259256
1632312934.79585767,1,5.61581373,0.00000000,-5.52229327,2.98132267,164.54259256
1632312934.89585853,1,5.59935617,0.00000000,-5.52243600,2.98130137,164.54259256
1632312934.99589801,1,5.58276701,0.00000000,-5.52245189,2.98173000,164.54259256
1632312935.09587836,1,5.56604671,0.00000000,-5.52137139,2.98115367,164.54259256
1632312935.19584370,1,5.59867287,0.00000000,-5.56882241,2.99372926,164.54259256
1632312935.29585481,1,5.63039446,0.00000000,-5.61443160,3.00654876,164.54259256
1632312935.39615989,1,5.66295290,0.00000000,-5.66181736,3.01910630,164.54259256
1632312935.49587202,1,5.69473410,0.00000000,-5.70748400,3.03145668,164.54259256
1632312935.59586310,1,5.72747993,0.00000000,-5.75408038,3.04406417,164.54259256
1632312935.69586444,1,5.76025438,1.00000000,-5.82568229,2.96003645,165.54259256
1632312935.79585648,1,5.79387140,1.00000000,-5.87035978,2.97133928,165.54259256
1632312935.89586186,1,5.82976389,1.00000000,-5.92015067,2.98418021,165.54259256
1632312935.99586511,1,5.86262274,1.00000000,-5.96554900,2.99626376,165.54259256
1632312936.09586143,1,5.89691782,1.00000000,-6.01379307,3.00822088,165.54259256
1632312936.19588065,1,5.92995024,1.00000000,-6.05984447,3.02034776,165.54259256
1632312936.29590487,1,5.96382809,1.00000000,-6.10768453,3.03268571,165.54259256
1632312936.39587259,1,5.99679184,1.00000000,-6.15366943,3.04479545,165.54259256
1632312936.49589801,1,6.03072214,2.00000000,-6.22500775,2.95402948,166.54259256
1632312936.59586525,1,6.06585121,2.00000000,-6.29615894,2.86708932,167.50688053
1632312936.69587183,1,6.09971571,1.00000000,-6.31886604,2.98105808,166.50688053
1632312936.79586458,1,6.13441992,1.00000000,-6.36279734,2.99206556,166.50688053
1632312936.89588475,1,6.17244720,1.00000000,-6.40801999,3.00287842,166.50688053
1632312936.99584556,1,6.21260977,1.00000000,-6.45192399,3.01321949,166.50688053
1632312937.09583545,1,6.25632048,1.00000000,-6.49636819,3.02438845,166.50688053
1632312937.19583845,1,6.30288553,1.00000000,-6.54164795,3.03525341,166.50688053
1632312937.29583287,1,6.35158205,1.00000000,-6.58900035,3.04661570,166.50688053
1632312937.39591479,1,6.40029860,2.00000000,-6.66148727,2.94913777,167.50688053
1632312937.49589896,1,6.44903469,2.00000000,-6.70906940,2.95968047,167.50688053
1632312937.59585905,1,6.49778986,2.00000000,-6.75667014,2.97022731,167.50688053
1632312937.69589972,1,6.54656410,2.00000000,-6.80428950,2.98077827,167.50688053
1632312937.79585028,1,6.59535646,2.00000000,-6.85192656,2.99133315,167.50688053
1632312937.89586473,1,6.64416695,2.00000000,-6.89958131,3.00189195,167.50688053
1632312937.99586034,1,6.69299459,2.00000000,-6.94725281,3.01245446,167.50688053
1632312938.09587526,1,6.74183989,2.00000000,-6.99494155,3.02302079,167.50688053
1632312938.19587779,1,6.74183989,2.00000000,-6.99494155,3.02302079,167.50688053
1632312938.29586005,1,6.74183989,2.00000000,-6.99494155,3.02302079,167.50688053
1632312938.39586639,1,6.74183989,2.00000000,-6.99494155,3.02302079,167.50688053
1632312938.49586916,1,6.74183989,2.00000000,-6.99494155,3.02302079,167.50688053
1632312938.59585786,1,6.74183989,2.00000000,-7.02060710,2.90193247,168.55883104
1632312938.69587207,1,6.74183989,1.00000000,-6.99626119,3.01705205,167.55883104
1632312938.79584193,1,6.74183989,1.00000000,-6.99626119,3.01705205,167.55883104
1632312938.89585948,1,6.74183989,1.00000000,-6.99626119,3.01705205,167.55883104
1632312938.99587440,1,6.74183989,1.00000000,-6.99626119,3.01705205,167.55883104
1632312939.09587216,1,6.74183989,1.00000000,-6.99626119,3.01705205,167.55883104
1632312939.19587088,1,6.74183989,1.00000000,-6.99626119,3.01705205,167.55883104
1632312939.29586172,1,6.74183989,1.00000000,-6.99626119,3.01705205,167.55883104
1632312939.39585686,1,6.74183989,1.00000000,-6.99626119,3.01705205,167.55883104
1632312939.49587488,1,6.74183989,1.00000000,-6.99626119,3.01705205,167.55883104
1632312939.59581614,1,6.74183989,1.00000000,-6.99626119,3.01705205,167.55883104
1632312939.69585395,1,6.74183989,1.00000000,-6.99626119,3.01705205,167.55883104
1632312939.79586363,1,6.74183989,1.00000000,-6.99626119,3.01705205,167.55883104
1632312939.89581776,1,6.74183989,1.00000000,-6.99626119,3.01705205,167.55883104
1632312939.99585462,1,6.74183989,1.00000000,-6.99626119,3.01705205,167.55883104
1632312940.09586000,1,6.74183989,1.00000000,-6.99626119,3.01705205,167.55883104
1632312940.19587684,1,6.74183989,1.00000000,-6.99626119,3.01705205,167.55883104
1632312940.29582429,1,6.74183989,1.00000000,-6.99626119,3.01705205,167.55883104
1632312940.39586306,1,6.74183989,1.00000000,-6.99626119,3.01705205,167.55883104
1632312940.49587321,1,6.74183989,1.00000000,-6.99626119,3.01705205,167.55883104
1632312940.59587479,1,6.74183989,1.00000000,-6.99626119,3.01705205,167.55883104
1632312940.69587135,1,6.74183989,1.00000000,-6.99626119,3.01705205,167.55883104
1632312940.79587436,1,6.74183989,1.00000000,-6.99626119,3.01705205,167.55883104
1632312940.89586449,1,6.74183989,1.00000000,-6.99626119,3.01705205,167.55883104
1632312940.99585795,1,6.74183989,1.00000000,-6.99626119,3.01705205,167.55883104
1632312941.09587884,1,6.74183989,1.00000000,-6.99626119,3.01705205,167.55883104
1632312941.19585395,1,6.74183989,1.00000000,-6.99626119,3.01705205,167.55883104
1632312941.29586411,1,6.74183989,1.00000000,-6.99626119,3.01705205,167.55883104
1632312941.39588070,1,6.74183989,1.00000000,-6.99626119,3.01705205,167.55883104
1632312941.49585509,1,6.74183989,1.00000000,-6.99626119,3.01705205,167.55883104
1632312941.59585500,1,6.74183989,1.00000000,-6.99626119,3.01705205,167.55883104
1632312941.69585109,1,6.74183989,1.00000000,-6.99626119,3.01705205,167.55883104
1632312941.79585981,1,6.74183989,1.00000000,-6.99626119,3.01705205,167.55883104
1632312941.89587593,1,6.74183989,1.00000000,-6.99626119,3.01705205,167.55883104
1632312941.99585843,1,6.74183989,1.00000000,-6.99626119,3.01705205,167.55883104
1632312942.09586406,1,6.74183989,1.00000000,-6.99626119,3.01705205,167.55883104
1632312942.19586182,1,6.74183989,1.00000000,-6.99626119,3.01705205,167.55883104
1632312942.29587078,1,6.74183989,1.00000000,-6.99626119,3.01705205,167.55883104
1632312942.39587355,1,6.74183989,1.00000000,-6.99626119,3.01705205,167.55883104
1632312942.49587393,1,6.74183989,1.00000000,-6.99626119,3.01705205,167.55883104
1632312942.59586716,1,6.74183989,1.00000000,-6.99626119,3.01705205,167.55883104
1632312942.69587016,1,6.74183989,1.00000000,-6.99626119,3.01705205,167.55883104
1632312942.79587102,1,6.74183989,1.00000000,-6.99626119,3.01705205,167.55883104
1632312942.89587426,1,6.74183989,1.00000000,-6.99626119,3.01705205,167.55883104
1632312942.99586034,1,6.74183989,1.00000000,-6.99626119,3.01705205,167.55883104
1632312943.09585238,1,6.74183989,1.00000000,-6.99626119,3.01705205,167.55883104
1632312943.19587088,1,6.74183989,1.00000000,-6.99626119,3.01705205,167.55883104
1632312943.29587054,1,6.74183989,1.00000000,-6.99626119,3.01705205,167.55883104
1632312943.39587307,1,6.74183989,1.00000000,-6.99626119,3.01705205,167.55883104
1632312943.49586558,1,6.74183989,1.00000000,-6.99626119,3.01705205,167.55883104
1632312943.59581804,1,6.74183989,1.00000000,-6.99626119,3.01705205,167.55883104
1632312943.69583750,1,6.74183989,1.00000000,-6.99626119,3.01705205,167.55883104
1632312943.79580832,1,6.74183989,1.00000000,-6.99626119,3.01705205,167.55883104
1632312943.89584827,1,6.74183989,1.00000000,-6.99626119,3.01705205,167.55883104
1632312943.99585199,1,6.74183989,1.00000000,-6.99626119,3.01705205,167.55883104
1632312944.09585690,1,6.74183989,1.00000000,-6.99626119,3.01705205,167.55883104
1632312944.19586635,1,6.74183989,1.00000000,-6.99626119,3.01705205,167.55883104
1632312944.29587197,1,6.74183989,1.00000000,-6.99626119,3.01705205,167.55883104
1632312944.39586759,1,6.74183989,1.00000000,-6.99626119,3.01705205,167.55883104
1632312944.49591136,1,6.74183989,1.00000000,-6.99626119,3.01705205,167.55883104
1632312944.59586334,1,6.74183989,1.00000000,-6.99626119,3.01705205,167.55883104
1632312944.69585562,1,6.74183989,1.00000000,-6.99626119,3.01705205,167.55883104
1632312944.79585528,1,6.74183989,1.00000000,-6.99626119,3.01705205,167.55883104
1632312944.89587569,1,6.74183989,1.00000000,-6.99626119,3.01705205,167.55883104
1632312944.99585700,1,6.74183989,1.00000000,-6.99626119,3.01705205,167.55883104
1632312945.09587193,1,6.74183989,1.00000000,-6.99626119,3.01705205,167.55883104
1632312945.19583440,1,6.74183989,1.00000000,-6.99626119,3.01705205,167.55883104
1632312945.29579997,1,6.74183989,1.00000000,-6.99626119,3.01705205,167.55883104
1632312945.39580274,1,6.74183989,1.00000000,-6.99626119,3.01705205,167.55883104
1632312945.49589396,1,6.74183989,1.00000000,-6.99626119,3.01705205,167.55883104
1632312945.59588552,1,6.74183989,1.00000000,-6.99626119,3.01705205,167.55883104
1632312945.69583464,1,6.74183989,1.00000000,-6.99626119,3.01705205,167.55883104
1632312945.79587889,1,6.74183989,1.00000000,-6.99626119,3.01705205,167.55883104
1632312945.89585352,1,6.74183989,1.00000000,-6.99626119,3.01705205,167.55883104
1632312945.99586749,1,6.74183989,1.00000000,-6.99626119,3.01705205,167.55883104
1632312946.09585643,1,6.74183989,1.00000000,-6.99626119,3.01705205,167.55883104
1632312946.19590974,1,6.74183989,1.00000000,-6.99626119,3.01705205,167.55883104
1632312946.29586506,1,6.74183989,1.00000000,-6.99626119,3.01705205,167.55883104
1632312946.39580750,1,6.74183989,1.00000000,-6.99626119,3.01705205,167.55883104
1632312946.49580026,1,6.74183989,1.00000000,-6.99626119,3.01705205,167.55883104
1632312946.59582472,1,6.74183989,1.00000000,-6.99626119,3.01705205,167.55883104
1632312946.69580150,1,6.74183989,1.00000000,-6.99626119,3.01705205,167.55883104
1632312946.79580164,1,6.74183989,1.00000000,-6.99626119,3.01705205,167.55883104
1632312946.89582610,1,6.74183989,1.00000000,-6.99626119,3.01705205,167.55883104
1632312946.99582124,1,6.74183989,1.00000000,-6.99626119,3.01705205,167.55883104
1632312947.09581184,1,6.74183989,1.00000000,-6.99626119,3.01705205,167.55883104
1632312947.19582176,1,6.74183989,1.00000000,-6.99626119,3.01705205,167.55883104
1632312947.29583597,1,6.74183989,1.00000000,-6.99626119,3.01705205,167.55883104
1632312947.39582348,1,6.74183989,1.00000000,-6.99626119,3.01705205,167.55883104
1632312947.49584222,1,6.74183989,1.00000000,-6.99626119,3.01705205,167.55883104
1632312947.59583998,1,6.74183989,1.00000000,-6.99626119,3.01705205,167.55883104
1632312947.69584155,1,6.74183989,1.00000000,-6.99626119,3.01705205,167.55883104
1632312947.79581904,1,6.74183989,1.00000000,-6.99626119,3.01705205,167.55883104
1632312947.89584184,1,6.74183989,1.00000000,-6.99626119,3.01705205,167.55883104
1632312947.99584079,1,6.74183989,1.00000000,-6.99626119,3.01705205,167.55883104
1632312948.09583998,1,6.74183989,1.00000000,-6.99626119,3.01705205,167.55883104
1632312948.19581199,1,6.73137188,2.00000000,-7.01034710,2.89985601,168.55883104
1632312948.29584122,1,6.72125912,2.00000000,-7.00043529,2.89785003,168.55883104
1632312948.39584208,1,6.71150398,2.00000000,-6.99087400,2.89591499,168.55883104
1632312948.49584270,1,6.70210791,3.00000000,-7.00386610,2.77920505,169.55883104
1632312948.59581375,1,6.69307184,3.00000000,-6.99497966,2.77756749,169.55883104
1632312948.69581676,1,6.68439770,4.00000000,-7.00658953,2.66108388,170.55883104
1632312948.79584575,1,6.67608643,4.00000000,-6.99839084,2.65972054,170.55883104
1632312948.89584804,1,6.66813993,5.00000000,-7.00863972,2.54345171,171.55883104
1632312948.99584889,1,6.66055965,5.00000000,-7.01666290,2.43132286,172.52311901
1632312949.09584165,1,6.65334606,4.00000000,-6.99339608,2.54538193,171.52311901
1632312949.19583988,1,6.64650106,5.00000000,-7.00272385,2.42949347,172.52311901
1632312949.29584599,1,6.64002514,5.00000000,-6.99630298,2.42865078,172.52311901
1632312949.39584613,1,6.63392019,6.00000000,-7.00431388,2.31293143,173.52311901
1632312949.49584436,1,6.62818670,6.00000000,-6.99861699,2.31228467,173.52311901
1632312949.59581280,1,6.62282562,7.00000000,-7.01503029,2.08568204,175.48740698
1632312949.69578552,1,6.61783791,6.00000000,-6.99996612,2.20034947,174.48740698
1632312949.79584265,1,6.61322498,6.00000000,-6.99537453,2.19990634,174.48740698
1632312949.89584255,1,6.60898638,7.00000000,-7.00123395,2.08459319,175.48740698
1632312949.99584198,1,6.60512400,7.00000000,-7.00581454,1.96331436,176.53935749
1632312950.09582901,1,6.60163784,7.00000000,-7.00233474,1.96310393,176.53935749
1632312950.19584179,1,6.59852886,7.00000000,-6.99923143,1.96291626,176.53935749
1632312950.29582119,1,6.59579754,8.00000000,-7.00628330,1.73684833,178.50364546
1632312950.39581776,1,6.59344435,7.00000000,-6.99992213,1.85179289,177.50364546
1632312950.49592328,1,6.59146929,7.00000000,-6.99794895,1.85170687,177.50364546
1632312950.59589934,1,6.58987331,8.00000000,-7.00036109,1.73669363,178.50364546
1632312950.69589829,1,6.58865643,8.00000000,-7.00110734,1.62579345,179.46793343
1632312950.79591036,1,6.58781862,8.00000000,-7.00026957,1.62578567,179.46793343
1632312950.89587188,1,6.58735991,8.00000000,-6.99981087,1.62578141,179.46793343
1632312950.99589205,1,6.58728123,9.00000000,-6.99769869,1.38988982,181.51988395
1632312951.09591961,1,6.58758163,8.00000000,-7.00004545,1.50483717,180.51988395
1632312951.19588327,1,6.58826208,8.00000000,-6.99878684,1.39396881,181.48417191
1632312951.29588556,1,6.58932161,8.00000000,-6.99984602,1.39394137,181.48417191
1632312951.39590669,1,6.59076023,8.00000000,-7.00128415,1.39390410,181.48417191
1632312951.49582362,1,6.59257746,9.00000000,-6.99276093,1.15799428,183.53612243
1632312951.59585428,1,6.59477377,8.00000000,-7.00104934,1.27279631,182.53612243
1632312951.69590235,1,6.59734821,9.00000000,-6.98974208,1.04694092,184.50041040
1632312951.79586768,1,6.60030031,8.00000000,-7.00072154,1.16162412,183.50041040
1632312951.89589620,1,6.60362959,9.00000000,-6.99600409,1.04644804,184.50041040
1632312951.99586773,1,6.60733557,9.00000000,-6.99004064,0.93537730,185.46469836
1632312952.09588480,1,6.61141777,8.00000000,-7.00409033,1.04994517,184.46469836
1632312952.19590116,1,6.61587524,9.00000000,-6.98586454,0.81376162,186.51664888
1632312952.29588008,1,6.62070751,8.00000000,-7.00277742,0.92812836,185.51664888
1632312952.39588499,1,6.62591314,9.00000000,-6.99583758,0.81262240,186.51664888
1632312952.49588323,1,6.63149214,9.00000000,-6.98778143,0.70121415,187.48093685
1632312952.59588122,1,6.63744307,9.00000000,-6.99368171,0.70043936,187.48093685
1632312952.69588971,1,6.64376497,9.00000000,-6.98445976,0.58888118,188.44522481
1632312952.79590702,1,6.65045643,8.00000000,-6.98919915,0.57532235,-171.44522481
1632312952.89590359,1,6.65751696,8.00000000,-6.99618112,0.57427206,-171.44522481
1632312952.99591947,1,6.66494513,8.00000000,-6.98590805,0.46238971,-170.48093685
1632312953.09585047,1,6.67273951,8.00000000,-6.99359511,0.46110071,-170.48093685
1632312953.19592929,1,6.68089914,8.00000000,-6.98211537,0.34902170,-169.51664888
1632312953.29589343,1,6.68942261,8.00000000,-6.99049656,0.34747086,-169.51664888
1632312953.39588308,1,6.69830847,8.00000000,-6.99923409,0.34585407,-169.51664888
1632312953.49583745,1,6.70755529,8.00000000,-6.98480896,0.22328905,-168.46469836
1632312953.59588194,1,6.71716166,8.00000000,-6.99422129,0.22136805,-168.46469836
1632312953.69590092,1,6.72712564,8.00000000,-6.98041134,0.10864057,-167.50041040
1632312953.79588628,1,6.73744631,8.00000000,-6.99048737,0.10640684,-167.50041040
1632312953.89588499,1,6.74812126,8.00000000,-7.00090930,0.10409643,-167.50041040
1632312953.99590707,1,6.75914955,8.00000000,-6.98612220,-0.00913821,-166.53612243
1632312954.09590364,1,6.77052927,8.00000000,-6.99718916,-0.01178778,-166.53612243
1632312954.19588494,1,6.78225803,8.00000000,-6.97849275,-0.13534566,-165.48417191
1632312954.29592800,1,6.79433489,8.00000000,-6.99018409,-0.13837270,-165.48417191
1632312954.39588332,1,6.80675745,8.00000000,-7.00221010,-0.14148638,-165.48417191
1632312954.49589324,1,6.81952429,8.00000000,-6.98486834,-0.25554791,-164.51988395
1632312954.59590721,1,6.83263254,8.00000000,-6.99750107,-0.25904656,-164.51988395
1632312954.69590592,1,6.84608126,8.00000000,-6.97580358,-0.38345557,-163.46793343
1632312954.79588246,1,6.85986805,8.00000000,-6.98902043,-0.38737863,-163.46793343
1632312954.89584327,1,6.87399101,8.00000000,-7.00255956,-0.39139734,-163.46793343
1632312954.99583101,1,6.88844776,8.00000000,-6.98249617,-0.50636819,-162.50364546
1632312955.09585786,1,6.90323639,8.00000000,-6.99660062,-0.51081432,-162.50364546
1632312955.19590521,1,6.91835499,8.00000000,-6.97508108,-0.62610898,-161.53935749
1632312955.29590964,1,6.93380117,8.00000000,-6.98973243,-0.63100006,-161.53935749
1632312955.39588404,1,6.94957256,8.00000000,-7.00469224,-0.63599412,-161.53935749
1632312955.49590230,1,6.96566725,9.00000000,-6.93674547,-0.87625205,-159.48740698
1632312955.59589982,1,6.98208284,8.00000000,-6.99382357,-0.76750366,-160.48740698
1632312955.69590616,1,6.99881697,8.00000000,-6.96932068,-0.88378196,-159.52311901
1632312955.79589772,1,7.01586771,8.00000000,-6.98529404,-0.88974681,-159.52311901
1632312955.89587879,1,7.03323269,8.00000000,-7.00156179,-0.89582159,-159.52311901
1632312955.99587679,1,7.05090952,8.00000000,-6.97567504,-1.01281955,-158.55883104
1632312956.09589934,1,7.06889534,8.00000000,-6.99241612,-1.01939419,-158.55883104
1632312956.19587755,1,7.08718872,8.00000000,-6.96076925,-1.14675339,-157.50688053
1632312956.29583788,1,7.10578680,8.00000000,-6.97795249,-1.15386850,-157.50688053
1632312956.39590812,1,7.12468719,8.00000000,-6.99541505,-1.16109927,-157.50688053
1632312956.49587488,1,7.14388752,8.00000000,-6.96622482,-1.27913755,-156.54259256
1632312956.59587431,1,7.16338539,8.00000000,-6.98411131,-1.28689901,-156.54259256
1632312956.69589424,1,7.18317842,8.00000000,-6.94866256,-1.41527309,-155.49064205
1632312956.79589415,1,7.20326376,7.00000000,-7.01809139,-1.30876359,-156.49064205
1632312956.89583945,1,7.22363997,8.00000000,-6.98547825,-1.43205823,-155.49064205
1632312956.99590182,1,7.24430370,8.00000000,-6.95277075,-1.55113527,-154.52635408
1632312957.09587049,1,7.26525259,7.00000000,-7.02521859,-1.44519996,-155.52635408
1632312957.19587922,1,7.28648424,8.00000000,-6.93717820,-1.67953758,-153.56206611
1632312957.29588866,1,7.30799675,7.00000000,-7.01222957,-1.57441658,-154.56206611
1632312957.39588642,1,7.32978678,8.00000000,-6.97595203,-1.69881709,-153.56206611
1632312957.49591494,1,7.35185289,8.00000000,-6.93450740,-1.82894651,-152.51011560
1632312957.59591103,1,7.37419128,7.00000000,-7.01273298,-1.72457284,-153.51011560
1632312957.69584990,1,7.39680052,8.00000000,-6.97438009,-1.84969397,-152.51011560
1632312957.79590607,1,7.41967821,8.00000000,-6.93610483,-1.97053792,-151.54582763
1632312957.89588857,1,7.44282103,7.00000000,-7.01734460,-1.86682073,-152.54582763
1632312957.99588728,1,7.46622705,8.00000000,-6.97703050,-1.99271638,-151.54582763
1632312958.09588623,1,7.48989344,8.00000000,-6.99783795,-2.00399236,-151.54582763
1632312958.19591451,1,7.48989344,8.00000000,-6.99783795,-2.00399236,-151.54582763
1632312958.29583740,1,7.48989344,8.00000000,-6.99783795,-2.00399236,-151.54582763
1632312958.39588666,1,7.48989344,8.00000000,-6.99783795,-2.00399236,-151.54582763
1632312958.49591517,1,7.48989344,8.00000000,-6.99783795,-2.00399236,-151.54582763
1632312958.59588981,1,7.48989344,8.00000000,-6.99783795,-2.00399236,-151.54582763
1632312958.69592071,1,7.48989344,8.00000000,-6.99783795,-2.00399236,-151.54582763
