Seconds,ChildArea,Child Observation Distance,Robot bounds proximity
1632163583.17990398,0,0.00000000,0.00000000
1632163583.27987719,0,0.00000000,0.00000000
1632163583.37987566,0,0.00000000,0.00000000
1632163583.47987723,0,0.00000000,0.00000000
1632163583.57987833,0,0.00000000,0.00000000
1632163583.67987490,0,0.00000000,0.00000000
1632163583.77984762,0,0.00000000,0.00000000
1632163583.87983871,0,0.00000000,0.00000000
1632163583.97984409,0,0.00000000,0.00000000
1632163584.07992530,0,0.00000000,0.00000000
1632163584.17987514,0,0.00000000,0.00000000
1632163584.27987599,0,0.00000000,0.00000000
1632163584.37984991,0,0.00000000,0.00000000
1632163584.47988677,0,0.00000000,0.00000000
1632163584.57987976,0,0.00000000,0.00000000
1632163584.67987609,0,0.00000000,0.00000000
1632163584.77987909,0,0.00000000,0.00000000
1632163584.87983513,0,0.00000000,0.00000000
1632163584.97985029,0,0.00000000,0.00000000
1632163585.07981896,0,0.00000000,0.00000000
1632163585.17984676,0,0.00000000,0.00000000
1632163585.27991796,0,0.00000000,0.00000000
1632163585.37986040,0,0.00000000,0.00000000
1632163585.47986412,0,0.00000000,0.00000000
1632163585.57988167,0,0.00000000,0.00000000
1632163585.67987967,0,0.00000000,0.00000000
1632163585.77988219,0,0.00000000,0.00000000
1632163585.87987566,0,0.00000000,0.00000000
1632163585.97988081,0,0.00000000,0.00000000
1632163586.07987905,0,0.00000000,0.00000000
1632163586.17987609,0,0.00000000,0.00000000
1632163586.27988219,0,0.00000000,0.00000000
1632163586.37984157,0,0.00000000,0.00000000
1632163586.47987509,0,0.00000000,0.00000000
1632163586.57987690,0,0.00000000,0.00000000
1632163586.67987895,0,0.00000000,0.00000000
1632163586.77987576,0,0.00000000,0.00000000
1632163586.87988138,0,0.00000000,0.00000000
1632163586.97987461,0,0.00000000,0.00000000
1632163587.07985711,0,0.00000000,0.00000000
1632163587.17984986,0,0.00000000,0.00000000
1632163587.27984381,0,0.00000000,0.00000000
1632163587.37981582,0,0.00000000,0.00000000
1632163587.47984600,0,0.00000000,0.00000000
1632163587.57983327,0,0.00000000,0.00000000
1632163587.67988706,0,0.00000000,0.00000000
1632163587.77988243,0,0.00000000,0.00000000
1632163587.87988353,0,0.00000000,0.00000000
1632163587.97987628,0,0.00000000,0.00000000
1632163588.07988048,0,0.00000000,0.00000000
1632163588.17988539,0,0.00000000,0.00000000
1632163588.27988267,0,0.00000000,0.00000000
1632163588.37987399,0,0.00000000,0.00000000
1632163588.47988033,0,0.00000000,0.00000000
1632163588.57987690,0,0.00000000,0.00000000
1632163588.67987490,0,0.00000000,0.00000000
1632163588.77988362,0,0.00000000,0.00000000
1632163588.87987757,0,0.00000000,0.00000000
1632163588.97988081,0,0.00000000,0.00000000
1632163589.07987642,0,0.00000000,0.00000000
1632163589.17987967,0,0.00000000,0.00000000
1632163589.27984715,0,0.00000000,0.00000000
1632163589.37984610,0,0.00000000,0.00000000
1632163589.47982097,0,0.00000000,0.00000000
1632163589.57984638,0,0.00000000,0.00000000
1632163589.67993140,0,0.00000000,0.00000000
1632163589.77981734,0,0.00000000,0.00000000
1632163589.87987089,0,0.00000000,0.00000000
1632163589.97987223,0,0.00000000,0.00000000
1632163590.07988143,0,0.00000000,0.00000000
1632163590.17987442,0,0.00000000,0.00000000
1632163590.27987480,0,0.00000000,0.00000000
1632163590.37988353,0,0.00000000,0.00000000
1632163590.47987437,0,0.00000000,0.00000000
1632163590.57984996,0,0.00000000,0.00000000
1632163590.67983556,0,0.00000000,0.00000000
1632163590.77983046,0,0.00000000,0.00000000
1632163590.87988114,0,0.00000000,0.00000000
1632163590.97987580,0,0.00000000,0.00000000
1632163591.07987952,0,0.00000000,0.00000000
1632163591.17987895,0,0.00000000,0.00000000
1632163591.27988005,0,0.00000000,0.00000000
1632163591.37984848,0,0.00000000,0.00000000
1632163591.47988391,0,0.00000000,0.00000000
1632163591.57987547,0,0.00000000,0.00000000
1632163591.67987418,0,0.00000000,0.00000000
1632163591.77987742,0,0.00000000,0.00000000
1632163591.87987638,0,0.00000000,0.00000000
1632163591.97987008,0,0.00000000,0.00000000
1632163592.07989287,0,0.00000000,0.00000000
1632163592.17984605,0,0.00000000,0.00000000
1632163592.27989006,0,0.00000000,0.00000000
1632163592.37989259,1,1.00000000,0.00000000
1632163592.47987962,1,0.94999981,0.00000000
1632163592.57988071,1,0.90000010,0.00000000
1632163592.67987442,1,0.84999990,0.00000000
1632163592.77987313,1,0.80000019,0.00000000
1632163592.87987328,1,0.75000000,0.00000000
1632163592.97987723,1,0.70290981,0.00000000
1632163593.07987666,1,0.65581996,0.00000000
1632163593.17987514,1,0.60921497,0.00000000
1632163593.27987790,1,0.55678990,0.00000000
1632163593.37987375,1,0.51018503,0.00000000
1632163593.47987652,1,0.46406507,0.00000000
1632163593.57982087,1,0.41358009,0.00000000
1632163593.67987156,1,0.36406505,0.00000000
1632163593.77984643,1,0.31503508,0.00000000
1632163593.87987638,1,0.26406521,0.00000000
1632163593.97988224,1,0.21406523,0.00000000
1632163594.07988214,1,0.16406477,0.00000000
1632163594.17987561,1,0.11406479,0.00000000
1632163594.27987576,1,0.06260981,0.00000000
1632163594.37987971,1,0.01406514,0.00000000
1632163594.47987318,2,0.00000000,0.00000000
1632163594.57988143,2,0.00000000,0.00000000
1632163594.67987514,2,0.00000000,0.00000000
1632163594.77987194,2,0.00000000,0.00000000
1632163594.87987995,2,0.00000000,0.00000000
1632163594.97985029,2,0.00000000,0.00000000
1632163595.07984781,2,0.00000000,0.00000000
1632163595.17984796,2,0.00000000,0.00000000
1632163595.27983046,2,0.00000000,0.00000000
1632163595.37986875,2,0.00000000,0.00000000
1632163595.47984409,2,0.00000000,0.00000000
1632163595.57988143,2,0.00000000,0.00000000
1632163595.67988086,2,0.00000000,0.00000000
1632163595.77984595,2,0.00000000,0.00000000
1632163595.87988257,2,0.00000000,0.00000000
1632163595.97988224,2,0.00000000,0.00000000
1632163596.07987618,2,0.00000000,0.00000000
1632163596.17987514,2,0.00000000,0.00000000
1632163596.27988029,2,0.00000000,0.00000000
1632163596.37983513,2,0.00000000,0.00000000
1632163596.47985220,2,0.00000000,0.00000000
1632163596.57987976,2,0.00000000,0.00000000
1632163596.67987514,2,0.00000000,0.00000000
1632163596.77988267,2,0.00000000,0.00000000
1632163596.87983131,2,0.00000000,0.00000000
1632163596.97988629,2,0.00000000,0.00000000
1632163597.07983732,2,0.00000000,0.00000000
1632163597.17987680,2,0.00000000,0.00000000
1632163597.27988100,2,0.00000000,0.00000000
1632163597.37983489,2,0.00000000,0.00000000
1632163597.47987318,2,0.00000000,0.00000000
1632163597.57987571,2,0.00000000,0.00000000
1632163597.67987990,2,0.00000000,0.00000000
1632163597.77987862,2,0.00000000,0.00000000
1632163597.87987685,2,0.00000000,0.00000000
1632163597.97987294,2,0.00000000,0.00000000
1632163598.07987428,2,0.00000000,0.00000000
1632163598.17987370,2,0.00000000,0.00000000
1632163598.27988577,2,0.00000000,0.00000000
1632163598.37985373,2,0.00000000,0.00000000
1632163598.47988009,2,0.00000000,0.00000000
1632163598.57984781,2,0.00000000,0.00000000
1632163598.67984295,2,0.00000000,0.00000000
1632163598.77987909,2,0.00000000,0.00000000
1632163598.87987423,2,0.00000000,0.00000000
1632163598.97988319,2,0.00000000,0.00000000
1632163599.07987642,2,0.00000000,0.00000000
1632163599.17987394,2,0.00000000,0.00000000
1632163599.27987480,2,0.00000000,0.00000000
1632163599.37987471,2,0.00000000,0.00000000
1632163599.47988129,2,0.00000000,0.00000000
1632163599.57988024,2,0.00000000,0.00000000
1632163599.67988253,2,0.00000000,0.00000000
1632163599.77987218,2,0.00000000,0.00000000
1632163599.87987876,2,0.00000000,0.00000000
1632163599.97987342,2,0.00000000,0.00000000
1632163600.07986045,2,0.00000000,0.00000000
1632163600.17988229,2,0.00000000,0.00000000
1632163600.27984428,2,0.00000000,0.00000000
1632163600.37988377,2,0.00000000,0.00000000
1632163600.47988915,2,0.00000000,0.00000000
1632163600.57987928,2,0.00000000,0.00000000
1632163600.67984724,2,0.00000000,0.00000000
1632163600.77988195,2,0.00000000,0.00000000
1632163600.87988281,2,0.00000000,0.00000000
1632163600.97984719,2,0.00000000,0.00000000
1632163601.07988834,2,0.00000000,0.00000000
1632163601.17984486,2,0.00000000,0.00000000
1632163601.27987790,2,0.00000000,0.00000000
1632163601.37985444,2,0.00000000,0.00000000
1632163601.47984934,2,0.00000000,0.00000000
1632163601.57987809,2,0.00000000,0.00000000
1632163601.67987776,2,0.00000000,0.00000000
1632163601.77988148,2,0.00000000,0.00000000
1632163601.87987661,2,0.00000000,0.00000000
1632163601.97988248,2,0.00000000,0.00000000
1632163602.07987404,2,0.00000000,0.00000000
1632163602.17988038,2,0.00000000,0.00000000
1632163602.27988243,2,0.00000000,0.00000000
1632163602.37985086,2,0.00000000,0.00000000
1632163602.47987700,2,0.00000000,0.00000000
1632163602.57988214,2,0.00000000,0.00000000
1632163602.67987466,2,0.00000000,0.00000000
1632163602.77987552,2,0.00000000,0.00000000
1632163602.87988138,2,0.00000000,0.00000000
1632163602.97987437,2,0.00000000,0.00000000
1632163603.07987547,2,0.00000000,0.00000000
1632163603.17982817,2,0.00000000,0.00000000
1632163603.27985024,2,0.00000000,0.00000000
1632163603.37987232,2,0.00000000,0.00000000
1632163603.47988129,2,0.00000000,0.00000000
1632163603.57987404,2,0.00000000,0.00000000
1632163603.67988443,2,0.00000000,0.00000000
1632163603.77987480,2,0.00000000,0.00000000
1632163603.87987781,2,0.00000000,0.00000000
1632163603.97988439,2,0.00000000,0.00000000
1632163604.07987761,2,0.00000000,0.00000000
1632163604.17987537,2,0.00000000,0.00000000
1632163604.27984524,2,0.00000000,0.00000000
1632163604.37984467,2,0.00000000,0.00000000
1632163604.47984481,2,0.00000000,0.00000000
1632163604.57984853,2,0.00000000,0.00000000
1632163604.67982531,2,0.00000000,0.00000000
1632163604.77981853,2,0.00000000,0.00000000
1632163604.87981749,2,0.00000000,0.00000000
1632163604.97982907,2,0.00000000,0.00000000
1632163605.07984161,2,0.00000000,0.00000000
1632163605.17982125,2,0.00000000,0.00000000
1632163605.27984786,2,0.00000000,0.00000000
1632163605.37984705,2,0.00000000,0.00000000
1632163605.47981501,2,0.00000000,0.00000000
1632163605.57984757,2,0.00000000,0.00000000
1632163605.67981601,2,0.00000000,0.00000000
1632163605.77981544,2,0.00000000,0.00000000
1632163605.87984180,2,0.00000000,0.00000000
1632163605.97981548,2,0.00000000,0.00000000
1632163606.07984900,2,0.00000000,0.00000000
1632163606.17985582,2,0.00000000,0.00000000
1632163606.27985501,2,0.00000000,0.00000000
1632163606.37983203,2,0.00000000,0.00000000
1632163606.47981524,2,0.00000000,0.00000000
1632163606.57981896,2,0.00000000,0.00000000
1632163606.67981720,2,0.00000000,0.00000000
1632163606.77983856,2,0.00000000,0.00000000
1632163606.87985325,2,0.00000000,0.00000000
1632163606.97984385,2,0.00000000,0.00000000
1632163607.07985210,2,0.00000000,0.00000000
1632163607.17981863,2,0.00000000,0.00000000
1632163607.27981901,2,0.00000000,0.00000000
1632163607.37984943,2,0.00000000,0.00000000
1632163607.47981668,2,0.00000000,0.00000000
1632163607.57981634,2,0.00000000,0.00000000
1632163607.67981768,2,0.00000000,0.00000000
1632163607.77981472,2,0.00000000,0.00000000
1632163607.87984586,2,0.00000000,0.00000000
1632163607.97981524,2,0.00000000,0.00000000
1632163608.07981443,2,0.00000000,0.00000000
1632163608.17981768,2,0.00000000,0.00000000
1632163608.27981782,2,0.00000000,0.00000000
1632163608.37984633,2,0.00000000,0.00000000
1632163608.47981834,2,0.00000000,0.00000000
1632163608.57981586,2,0.00000000,0.00000000
1632163608.67981601,2,0.00000000,0.00000000
1632163608.77981567,2,0.00000000,0.00000000
1632163608.87981510,2,0.00000000,0.00000000
1632163608.97981524,2,0.00000000,0.00000000
1632163609.07981753,2,0.00000000,0.00000000
1632163609.17981553,2,0.00000000,0.00000000
1632163609.27981567,2,0.00000000,0.00000000
1632163609.37982631,2,0.00000000,0.00000000
1632163609.47981954,2,0.00000000,0.00000000
1632163609.57981515,2,0.00000000,0.00000000
1632163609.67984533,2,0.00000000,0.00000000
1632163609.77981615,2,0.00000000,0.00000000
1632163609.87981796,2,0.00000000,0.00000000
1632163609.97984123,2,0.00000000,0.00000000
1632163610.07981730,2,0.00000000,0.00000000
1632163610.17987776,2,0.00000000,0.00000000
1632163610.27981377,2,0.00000000,0.00000000
1632163610.37984562,2,0.00000000,0.00000000
1632163610.47984314,2,0.00000000,0.00000000
1632163610.57981539,2,0.00000000,0.00000000
1632163610.67981982,2,0.00000000,0.00000000
1632163610.77986336,2,0.00000000,0.00000000
1632163610.87984514,2,0.00000000,0.00000000
1632163610.97981834,2,0.00000000,0.00000000
1632163611.07981873,2,0.00000000,0.00000000
1632163611.17981720,2,0.00000000,0.00000000
1632163611.27984500,2,0.00000000,0.00000000
1632163611.37984467,2,0.00000000,0.00000000
1632163611.47984934,2,0.00000000,0.00000000
1632163611.57984757,2,0.00000000,0.00000000
1632163611.67981672,2,0.00000000,0.00000000
1632163611.77984333,2,0.00000000,0.00000000
1632163611.87984824,2,0.00000000,0.00000000
1632163611.97984767,2,0.00000000,0.00000000
1632163612.07984710,2,0.00000000,0.00000000
1632163612.17984796,2,0.00000000,0.00000000
1632163612.27984834,2,0.00000000,0.00000000
1632163612.37981462,2,0.00000000,0.00000000
1632163612.47981739,2,0.00000000,0.00000000
1632163612.57981443,2,0.00000000,0.00000000
1632163612.67984867,2,0.00000000,0.00000000
1632163612.77981853,2,0.00000000,0.00000000
1632163612.87984443,2,0.00000000,0.00000000
1632163612.97981763,2,0.00000000,0.00000000
1632163613.07984304,2,0.00000000,0.00000000
1632163613.17984486,2,0.00000000,0.00000000
1632163613.27984643,2,0.00000000,0.00000000
1632163613.37983918,2,0.00000000,0.00000000
1632163613.47985458,2,0.00000000,0.00000000
1632163613.57984662,2,0.00000000,0.00000000
1632163613.67981887,2,0.00000000,0.00000000
1632163613.77981591,2,0.00000000,0.00000000
1632163613.87982154,2,0.00000000,0.00000000
1632163613.97981739,2,0.00000000,0.00000000
1632163614.07993627,2,0.00000000,0.00000000
1632163614.17984867,2,0.00000000,0.00000000
1632163614.27981877,2,0.00000000,0.00000000
1632163614.37989879,2,0.00000000,0.00000000
1632163614.47984195,2,0.00000000,0.00000000
1632163614.57984638,2,0.00000000,0.00000000
1632163614.67981935,2,0.00000000,0.00000000
1632163614.77981901,2,0.00000000,0.00000000
1632163614.87984228,2,0.00000000,0.00000000
1632163614.97984171,2,0.00000000,0.00000000
1632163615.07984662,2,0.00000000,0.00000000
1632163615.17984700,2,0.00000000,0.00000000
1632163615.27983522,2,0.00000000,0.00000000
1632163615.37987089,2,0.00000000,0.00000000
1632163615.47987437,2,0.00000000,0.00000000
1632163615.57987523,2,0.00000000,0.00000000
1632163615.67987585,2,0.00000000,0.00000000
1632163615.77987504,2,0.00000000,0.00000000
1632163615.87989211,2,0.00000000,0.00000000
1632163615.97988105,2,0.00000000,0.00000000
1632163616.07987428,2,0.00000000,0.00000000
1632163616.17987537,2,0.00000000,0.00000000
1632163616.27987742,2,0.00000000,0.00000000
1632163616.37990165,2,0.00000000,0.00000000
1632163616.47985196,2,0.00000000,0.00000000
1632163616.57984638,2,0.00000000,0.00000000
1632163616.67981911,2,0.00000000,0.00000000
1632163616.77989125,2,0.00000000,0.00000000
1632163616.87987804,2,0.00000000,0.00000000
1632163616.97985744,2,0.00000000,0.00000000
1632163617.07987118,2,0.00000000,0.00000000
1632163617.17987347,2,0.00000000,0.00000000
1632163617.27989554,2,0.00000000,0.00000000
1632163617.37984896,2,0.00000000,0.00000000
1632163617.47989273,2,0.00000000,0.00000000
1632163617.57988882,2,0.00000000,0.00000000
1632163617.67983866,2,0.00000000,0.00000000
1632163617.77987242,2,0.00000000,0.00000000
1632163617.87987399,2,0.00000000,0.00000000
1632163617.97987461,2,0.00000000,0.00000000
1632163618.07987452,2,0.00000000,0.00000000
1632163618.17988014,2,0.00000000,0.00000000
1632163618.27987671,2,0.00000000,0.00000000
1632163618.37987924,2,0.00000000,0.00000000
1632163618.47987461,2,0.00000000,0.00000000
1632163618.57987452,2,0.00000000,0.00000000
1632163618.67987514,2,0.00000000,0.00000000
1632163618.77985096,2,0.00000000,0.00000000
1632163618.87987709,2,0.00000000,0.00000000
1632163618.97984624,2,0.00000000,0.00000000
1632163619.07985020,2,0.00000000,0.00000000
1632163619.17985702,2,0.00000000,0.00000000
1632163619.27987099,2,0.00000000,0.00000000
1632163619.37992740,2,0.00000000,0.00000000
1632163619.47987509,2,0.00000000,0.00000000
1632163619.57987475,2,0.00000000,0.00000000
1632163619.67987490,2,0.00000000,0.00000000
1632163619.77984381,2,0.00000000,0.00000000
1632163619.87988687,2,0.00000000,0.00000000
1632163619.97987533,2,0.00000000,0.00000000
1632163620.07989502,2,0.00000000,0.00000000
1632163620.17987466,2,0.00000000,0.00000000
1632163620.27987671,2,0.00000000,0.00000000
1632163620.37989211,2,0.00000000,0.00000000
1632163620.47987819,2,0.00000000,0.00000000
1632163620.57984781,2,0.00000000,0.00000000
1632163620.67989254,2,0.00000000,0.00000000
1632163620.77989340,2,0.00000000,0.00000000
1632163620.87988710,2,0.00000000,0.00000000
1632163620.97988105,2,0.00000000,0.00000000
1632163621.07987618,2,0.00000000,0.00000000
1632163621.17987013,2,0.00000000,0.00000000
1632163621.27986860,2,0.00000000,0.00000000
1632163621.37984228,2,0.00000000,0.00000000
1632163621.47987938,2,0.00000000,0.00000000
1632163621.57987976,2,0.00000000,0.00000000
1632163621.67988110,2,0.00000000,0.00000000
1632163621.77984858,2,0.00000000,0.00000000
1632163621.87988305,2,0.00000000,0.00000000
1632163621.97989464,2,0.00000000,0.00000000
1632163622.07989764,2,0.00000000,0.00000000
1632163622.17987776,2,0.00000000,0.00000000
1632163622.27988648,2,0.00000000,0.00000000
1632163622.37989712,2,0.00000000,0.00000000
1632163622.47988462,2,0.00000000,0.00000000
1632163622.57988310,2,0.00000000,0.00000000
1632163622.67987895,2,0.00000000,0.00000000
1632163622.77988052,2,0.00000000,0.00000000
1632163622.87987947,2,0.00000000,0.00000000
1632163622.97987676,2,0.00000000,0.00000000
1632163623.07987952,2,0.00000000,0.00000000
1632163623.17988014,2,0.00000000,0.00000000
1632163623.27990007,2,0.00000000,0.00000000
1632163623.37987447,2,0.00000000,0.00000000
1632163623.47987843,2,0.00000000,0.00000000
1632163623.57988071,2,0.00000000,0.00000000
