Seconds,x,y,z,w
1632312868.84472632,0.00000000,0.00000000,0.00000000,0.00000000
1632312868.94469714,0.00000000,0.00000000,0.00000000,0.00000000
1632312869.04469562,0.00000000,0.00000000,0.00000000,0.00000000
1632312869.14473081,0.00000000,0.00000000,0.00000000,0.00000000
1632312869.24473190,0.00000000,0.00000000,0.00000000,0.00000000
1632312869.34472251,0.00000000,0.00000000,0.00000000,0.00000000
1632312869.44472790,0.00000000,0.00000000,0.00000000,0.00000000
1632312869.54470944,0.00000000,0.00000000,0.00000000,0.00000000
1632312869.64473128,0.00000000,0.00000000,0.00000000,0.00000000
1632312869.74473095,0.00000000,0.00000000,0.00000000,0.00000000
1632312869.84473753,0.00000000,0.00000000,0.00000000,0.00000000
1632312869.94474053,0.00000000,0.00000000,0.00000000,0.00000000
1632312870.04472494,0.00000000,0.00000000,0.00000000,0.00000000
1632312870.14470410,0.00000000,0.00000000,0.00000000,0.00000000
1632312870.24469686,0.00000000,0.00000000,0.00000000,0.00000000
1632312870.34469867,0.00000000,0.00000000,0.00000000,0.00000000
1632312870.44469619,0.00000000,0.00000000,0.00000000,0.00000000
1632312870.54477978,0.00000000,0.00000000,0.00000000,0.00000000
1632312870.64469624,0.00000000,0.00000000,0.00000000,0.00000000
1632312870.74469566,0.00000000,0.00000000,0.00000000,0.00000000
1632312870.84469080,0.00000000,0.00000000,0.00000000,0.00000000
1632312870.94469213,0.00000000,0.00000000,0.00000000,0.00000000
1632312871.04469919,0.00000000,0.00000000,0.00000000,0.00000000
1632312871.14468813,0.00000000,0.00000000,0.00000000,0.00000000
1632312871.24469686,0.00000000,0.00000000,0.00000000,0.00000000
1632312871.34469557,0.00000000,0.00000000,0.00000000,0.00000000
1632312871.44470811,0.00000000,0.00000000,0.00000000,0.00000000
1632312871.54470158,0.00000000,0.00000000,0.00000000,0.00000000
1632312871.64469957,0.00000000,0.00000000,0.00000000,0.00000000
1632312871.74469757,0.00000000,0.00000000,0.00000000,0.00000000
1632312871.84469271,0.00000000,0.00000000,0.00000000,0.00000000
1632312871.94469810,0.00000000,0.00000000,0.00000000,0.00000000
1632312872.04469991,0.00000000,0.00000000,0.00000000,0.00000000
1632312872.14466667,0.00000000,0.00000000,0.00000000,0.00000000
1632312872.24469686,0.00000000,0.00000000,0.00000000,0.00000000
1632312872.34469628,0.00000000,0.00000000,0.00000000,0.00000000
1632312872.44469714,0.00000000,0.00000000,0.00000000,0.00000000
1632312872.54472685,0.00000000,0.00000000,0.00000000,0.00000000
1632312872.64473224,0.00000000,0.00000000,0.00000000,0.00000000
1632312872.74469662,0.00000000,0.00000000,0.00000000,0.00000000
1632312872.84469676,0.00000000,0.00000000,0.00000000,0.00000000
1632312872.94470024,0.00000000,0.00000000,0.00000000,0.00000000
1632312873.04479170,0.00000000,0.00000000,0.00000000,0.00000000
1632312873.14478016,0.00000000,0.00000000,0.00000000,0.00000000
1632312873.24474931,0.00000000,0.00000000,0.00000000,0.00000000
1632312873.34470081,0.00000000,0.00000000,0.00000000,0.00000000
1632312873.44466972,0.00000000,0.00000000,0.00000000,0.00000000
1632312873.54470444,0.00000000,0.00000000,0.00000000,0.00000000
1632312873.64469409,0.00000000,0.00000000,0.00000000,0.00000000
1632312873.74466896,0.00000000,0.00000000,0.00000000,0.00000000
1632312873.84469843,0.00000000,0.00000000,0.00000000,0.00000000
1632312873.94473815,0.00000000,0.00000000,0.00000000,0.00000000
1632312874.04470682,0.00000000,0.00000000,0.00000000,0.00000000
1632312874.14469457,0.00000000,0.00000000,0.00000000,0.00000000
1632312874.24472880,0.00000000,0.00000000,0.00000000,0.00000000
1632312874.34473753,0.00000000,0.00000000,0.00000000,0.00000000
1632312874.44470358,0.00000000,0.00000000,0.00000000,0.00000000
1632312874.54470110,0.00000000,0.00000000,0.00000000,0.00000000
1632312874.64467072,0.00000000,0.00000000,0.00000000,0.00000000
1632312874.74470043,0.00000000,0.00000000,0.00000000,0.00000000
1632312874.84469891,0.00000000,0.00000000,0.00000000,0.00000000
1632312874.94469833,0.00000000,0.00000000,0.00000000,0.00000000
1632312875.04469848,0.00000000,0.00000000,0.00000000,0.00000000
1632312875.14470744,0.00000000,0.00000000,0.00000000,0.00000000
1632312875.24469399,0.00000000,0.00000000,0.00000000,0.00000000
1632312875.34470057,0.00000000,0.00000000,0.00000000,0.00000000
1632312875.44469738,0.00000000,0.00000000,0.00000000,0.00000000
1632312875.54467082,0.00000000,0.00000000,0.00000000,0.00000000
1632312875.64470434,0.00000000,0.00000000,0.00000000,0.00000000
1632312875.74467158,0.00000000,0.00000000,0.00000000,0.00000000
1632312875.84478116,0.00000000,0.00000000,0.00000000,0.00000000
1632312875.94469881,0.00000000,0.00000000,0.00000000,0.00000000
1632312876.04467297,0.00000000,0.00000000,0.00000000,0.00000000
1632312876.14469814,0.00000000,0.00000000,0.00000000,0.00000000
1632312876.24469781,0.00000000,0.00000000,0.00000000,0.00000000
1632312876.34469604,0.00000000,0.00000000,0.00000000,0.00000000
1632312876.44469953,0.00000000,0.00000000,0.00000000,0.00000000
1632312876.54469752,0.00000000,0.00000000,0.00000000,0.00000000
1632312876.64470530,0.00000000,0.00000000,0.00000000,0.00000000
1632312876.74466848,0.00000000,0.00000000,0.00000000,0.00000000
1632312876.84469938,0.00000000,0.00000000,0.00000000,0.00000000
1632312876.94470119,0.00000000,0.00000000,0.00000000,0.00000000
1632312877.04469752,0.00000000,0.00000000,0.00000000,0.00000000
1632312877.14469862,0.00000000,0.00000000,0.00000000,0.00000000
1632312877.24469709,0.00000000,0.00000000,0.00000000,0.00000000
1632312877.34469938,0.00000000,0.00000000,0.00000000,0.00000000
1632312877.44472599,0.00000000,0.00000000,0.00000000,0.00000000
1632312877.54469919,0.00000000,0.00000000,0.00000000,0.00000000
1632312877.64469671,0.00000000,0.00000000,0.00000000,0.00000000
1632312877.74469590,0.00000000,0.00000000,0.00000000,0.00000000
1632312877.84470010,0.00000000,0.00000000,0.00000000,0.00000000
1632312877.94469762,0.00000000,0.00000000,0.00000000,0.00000000
1632312878.04470110,0.00000000,0.00000000,0.00000000,0.00000000
1632312878.14469719,0.00000000,0.00000000,0.00000000,0.00000000
1632312878.24469423,0.00000000,0.00000000,0.00000000,0.00000000
1632312878.34469891,0.00000000,0.00000000,0.00000000,0.00000000
1632312878.44469976,0.00000000,0.00000000,0.00000000,0.00000000
1632312878.54469800,0.00000000,0.00000000,0.00000000,0.00000000
1632312878.64469719,0.00000000,0.00000000,0.00000000,0.00000000
1632312878.74470019,0.00000000,0.00000000,0.00000000,0.00000000
1632312878.84469795,0.00000000,0.00000000,0.00000000,0.00000000
1632312878.94469738,0.00000000,0.00000000,0.00000000,0.00000000
1632312879.04469752,0.00000000,0.00000000,0.00000000,0.00000000
1632312879.14469910,0.00000000,0.00000000,0.00000000,0.00000000
1632312879.24469733,0.00000000,0.00000000,0.00000000,0.00000000
1632312879.34469628,0.00000000,0.00000000,0.00000000,0.00000000
1632312879.44469786,0.00000000,0.00000000,0.00000000,0.00000000
1632312879.54471397,0.00000000,0.00000000,0.00000000,0.00000000
1632312879.64470196,0.00000000,0.00000000,0.00000000,0.00000000
1632312879.74469876,0.00000000,0.00000000,0.00000000,0.00000000
1632312879.84469700,0.00000000,0.00000000,0.00000000,0.00000000
1632312879.94469905,0.00000000,0.00000000,0.00000000,0.00000000
1632312880.04469919,0.00000000,0.00000000,0.00000000,0.00000000
1632312880.14469886,0.00000000,0.00000000,0.00000000,0.00000000
1632312880.24469972,0.00000000,0.00000000,0.00000000,0.00000000
1632312880.34469795,0.00000000,0.00000000,0.00000000,0.00000000
1632312880.44470024,0.00000000,0.00000000,0.00000000,0.00000000
1632312880.54469991,0.00000000,0.00000000,0.00000000,0.00000000
1632312880.64469266,0.00000000,0.00000000,0.00000000,0.00000000
1632312880.74470043,0.00000000,0.00000000,0.00000000,0.00000000
1632312880.84469724,0.00000000,0.00000000,0.00000000,0.00000000
1632312880.94469666,0.00000000,0.00000000,0.00000000,0.00000000
1632312881.04469419,0.00000000,0.00000000,0.00000000,0.00000000
1632312881.14469719,0.00000000,0.00000000,0.00000000,0.00000000
1632312881.24469447,0.00000000,0.00000000,0.00000000,0.00000000
1632312881.34469724,0.00000000,0.00000000,0.00000000,0.00000000
1632312881.44469857,0.00000000,0.00000000,0.00000000,0.00000000
1632312881.54466748,0.00000000,0.00000000,0.00000000,0.00000000
1632312881.64469719,0.00000000,0.00000000,0.00000000,0.00000000
1632312881.74469900,0.00000000,0.00000000,0.00000000,0.00000000
1632312881.84469914,0.00000000,0.00000000,0.00000000,0.00000000
1632312881.94466734,0.00000000,0.00000000,0.00000000,0.00000000
1632312882.04470491,0.00000000,0.00000000,0.00000000,0.00000000
1632312882.14469671,0.00000000,0.00000000,0.00000000,0.00000000
1632312882.24469757,0.00000000,0.00000000,0.00000000,0.00000000
1632312882.34469771,0.00000000,0.00000000,0.00000000,0.00000000
1632312882.44469619,0.00000000,0.00000000,0.00000000,0.00000000
1632312882.54469156,0.00000000,0.00000000,0.00000000,0.00000000
1632312882.64469671,0.00000000,0.00000000,0.00000000,0.00000000
1632312882.74469686,0.00000000,0.00000000,0.00000000,0.00000000
1632312882.84469366,0.00000000,0.00000000,0.00000000,0.00000000
1632312882.94470072,0.00000000,0.00000000,0.00000000,0.00000000
1632312883.04469609,0.00000000,0.00000000,0.00000000,0.00000000
1632312883.14469743,0.00000000,0.00000000,0.00000000,0.00000000
1632312883.24469638,0.00000000,0.00000000,0.00000000,0.00000000
1632312883.34466839,0.00000000,0.00000000,0.00000000,0.00000000
1632312883.44469976,0.00000000,0.00000000,0.00000000,0.00000000
1632312883.54469919,0.00000000,0.00000000,0.00000000,0.00000000
1632312883.64469671,0.00000000,0.00000000,0.00000000,0.00000000
1632312883.74469709,0.00000000,0.00000000,0.00000000,0.00000000
1632312883.84470105,0.00000000,0.00000000,0.00000000,0.00000000
1632312883.94466901,0.00000000,0.00000000,0.00000000,0.00000000
1632312884.04469657,0.00000000,0.00000000,0.00000000,0.00000000
1632312884.14469576,0.00000000,0.00000000,0.00000000,0.00000000
1632312884.24466801,0.00000000,0.00000000,0.00000000,0.00000000
1632312884.34469509,0.00000000,0.00000000,0.00000000,0.00000000
1632312884.44469261,0.00000000,0.00000000,0.00000000,0.00000000
1632312884.54466772,0.00000000,0.00000000,0.00000000,0.00000000
1632312884.64469290,0.00000000,0.00000000,0.00000000,0.00000000
1632312884.74470043,0.00000000,0.00000000,0.00000000,0.00000000
1632312884.84469223,0.00000000,0.00000000,0.00000000,0.00000000
1632312884.94469619,0.00000000,0.00000000,0.00000000,0.00000000
1632312885.04469228,0.00000000,0.00000000,0.00000000,0.00000000
1632312885.14466906,0.00000000,0.00000000,0.00000000,0.00000000
1632312885.24467134,0.00000000,0.00000000,0.00000000,0.00000000
1632312885.34469271,0.00000000,0.00000000,0.00000000,0.00000000
1632312885.44469738,0.00000000,0.00000000,0.00000000,0.00000000
1632312885.54469275,0.00000000,0.00000000,0.00000000,0.00000000
1632312885.64469790,50.00000000,0.00000000,0.00000000,0.00000000
1632312885.74471211,45.24000000,0.00000000,0.00000000,0.00000000
1632312885.84469438,40.94000000,0.00000000,0.00000000,0.00000000
1632312885.94469953,37.04000000,0.00000000,0.00000000,0.00000000
1632312886.04469156,33.52000000,0.00000000,0.00000000,0.00000000
1632312886.14469719,30.33000000,0.00000000,0.00000000,0.00000000
1632312886.24469829,27.44000000,0.00000000,0.00000000,0.00000000
1632312886.34466839,24.83000000,0.00000000,0.00000000,0.00000000
1632312886.44467187,22.47000000,0.00000000,0.00000000,0.00000000
1632312886.54467273,20.33000000,0.00000000,0.00000000,0.00000000
1632312886.64467120,18.39000000,0.00000000,0.00000000,0.00000000
1632312886.74467301,16.64000000,0.00000000,0.00000000,0.00000000
1632312886.84467196,15.06000000,0.00000000,0.00000000,0.00000000
1632312886.94467354,13.63000000,0.00000000,0.00000000,0.00000000
1632312887.04467297,12.33000000,0.00000000,0.00000000,0.00000000
1632312887.14467096,11.16000000,0.00000000,0.00000000,0.00000000
1632312887.24467254,10.09000000,0.00000000,0.00000000,0.00000000
1632312887.34470057,9.13000000,0.00000000,0.00000000,0.00000000
1632312887.44470286,8.26000000,0.00000000,0.00000000,0.00000000
1632312887.54469943,7.48000000,0.00000000,0.00000000,0.00000000
1632312887.64470887,6.77000000,0.00000000,0.00000000,0.00000000
1632312887.74469805,6.12000000,0.00000000,0.00000000,0.00000000
1632312887.84469819,5.54000000,0.00000000,0.00000000,0.00000000
1632312887.94469547,5.01000000,0.00000000,0.00000000,0.00000000
1632312888.04469776,4.54000000,0.00000000,0.00000000,0.00000000
1632312888.14469337,4.10000000,0.00000000,0.00000000,0.00000000
1632312888.24469829,3.71000000,0.00000000,0.00000000,0.00000000
1632312888.34469819,3.36000000,0.00000000,0.00000000,0.00000000
1632312888.44469762,3.04000000,0.00000000,0.00000000,0.00000000
1632312888.54469585,2.75000000,0.00000000,0.00000000,0.00000000
1632312888.64469767,2.49000000,0.00000000,0.00000000,0.00000000
1632312888.74469733,2.25000000,0.00000000,0.00000000,0.00000000
1632312888.84470391,2.04000000,0.00000000,0.00000000,0.00000000
1632312888.94469810,1.84000000,0.00000000,0.00000000,0.00000000
1632312889.04469037,1.67000000,0.00000000,0.00000000,0.00000000
1632312889.14470267,1.51000000,0.00000000,0.00000000,0.00000000
1632312889.24469852,1.37000000,0.00000000,0.00000000,0.00000000
1632312889.34469724,1.24000000,0.00000000,0.00000000,0.00000000
1632312889.44469237,1.12000000,0.00000000,0.00000000,0.00000000
1632312889.54469705,1.01000000,0.00000000,0.00000000,0.00000000
1632312889.64470863,0.92000000,0.00000000,0.00000000,0.00000000
1632312889.74467087,0.83000000,0.00000000,0.00000000,0.00000000
1632312889.84467149,0.75000000,0.00000000,0.00000000,0.00000000
1632312889.94469786,0.68000000,0.00000000,0.00000000,0.00000000
1632312890.04469514,0.61000000,0.00000000,0.00000000,0.00000000
1632312890.14469814,0.56000000,0.00000000,0.00000000,0.00000000
1632312890.24469662,0.50000000,0.00000000,0.00000000,0.00000000
1632312890.34469676,0.45000000,0.00000000,0.00000000,0.00000000
1632312890.44470429,0.41000000,0.00000000,0.00000000,0.00000000
1632312890.54467154,0.37000000,0.00000000,0.00000000,0.00000000
1632312890.64467382,0.34000000,0.00000000,0.00000000,0.00000000
1632312890.74467182,0.30000000,0.00000000,0.00000000,0.00000000
1632312890.84467125,0.28000000,0.00000000,0.00000000,0.00000000
1632312890.94470143,0.25000000,0.00000000,0.00000000,0.00000000
1632312891.04469800,0.23000000,0.00000000,0.00000000,0.00000000
1632312891.14469862,0.20000000,0.00000000,0.00000000,0.00000000
1632312891.24469733,0.18000000,0.00000000,0.00000000,0.00000000
1632312891.34469724,0.17000000,0.00000000,0.00000000,0.00000000
1632312891.44470263,0.15000000,0.00000000,0.00000000,0.00000000
1632312891.54470348,0.14000000,0.00000000,0.00000000,0.00000000
1632312891.64469719,0.12000000,0.00000000,0.00000000,0.00000000
1632312891.74470139,0.11000000,0.00000000,0.00000000,0.00000000
1632312891.84472442,0.10000000,0.00000000,0.00000000,0.00000000
1632312891.94467163,0.09000000,0.00000000,0.00000000,0.00000000
1632312892.04467201,0.08000000,0.00000000,0.00000000,0.00000000
1632312892.14467144,0.08000000,0.00000000,0.00000000,0.00000000
1632312892.24467039,0.07000000,0.00000000,0.00000000,0.00000000
1632312892.34467220,0.06000000,0.00000000,0.00000000,0.00000000
1632312892.44470000,0.06000000,0.00000000,0.00000000,0.00000000
1632312892.54466844,0.00000000,0.00000000,0.00000000,0.00000000
1632312892.64469481,0.00000000,0.00000000,0.00000000,0.00000000
1632312892.74469757,0.00000000,0.00000000,0.00000000,0.00000000
1632312892.84469843,0.00000000,0.00000000,0.00000000,0.00000000
1632312892.94469881,0.00000000,0.00000000,0.00000000,0.00000000
1632312893.04469967,0.00000000,0.00000000,0.00000000,0.00000000
1632312893.14469719,0.00000000,0.00000000,0.00000000,0.00000000
1632312893.24469757,0.00000000,0.00000000,0.00000000,0.00000000
1632312893.34471607,0.00000000,0.00000000,0.00000000,0.00000000
1632312893.44471049,0.00000000,0.00000000,0.00000000,0.00000000
1632312893.54469466,0.00000000,0.00000000,0.00000000,0.00000000
1632312893.64469671,0.00000000,0.00000000,0.00000000,0.00000000
1632312893.74470782,0.00000000,0.00000000,0.00000000,0.00000000
1632312893.84469628,0.00000000,0.00000000,0.00000000,0.00000000
1632312893.94469905,0.00000000,0.00000000,0.00000000,0.00000000
1632312894.04466963,0.00000000,0.00000000,0.00000000,0.00000000
1632312894.14470124,0.00000000,0.00000000,0.00000000,0.00000000
1632312894.24469733,0.00000000,0.00000000,0.00000000,0.00000000
1632312894.34466720,0.00000000,0.00000000,0.00000000,0.00000000
1632312894.44466782,0.00000000,0.00000000,0.00000000,0.00000000
1632312894.54469323,0.00000000,0.00000000,0.00000000,0.00000000
1632312894.64466739,0.00000000,0.00000000,0.00000000,0.00000000
1632312894.74466705,0.00000000,0.00000000,0.00000000,0.00000000
1632312894.84470057,0.00000000,0.00000000,0.00000000,0.00000000
1632312894.94469690,0.00000000,0.00000000,0.00000000,0.00000000
1632312895.04469943,0.00000000,0.00000000,0.00000000,0.00000000
1632312895.14469743,-100.00000000,0.00000000,0.00000000,0.00000000
1632312895.24469852,-90.48000000,0.00000000,0.00000000,0.00000000
1632312895.34469557,-81.87000000,0.00000000,0.00000000,0.00000000
1632312895.44466996,-74.08000000,0.00000000,0.00000000,0.00000000
1632312895.54469371,-67.03000000,0.00000000,0.00000000,0.00000000
1632312895.64469767,-60.65000000,0.00000000,0.00000000,0.00000000
1632312895.74469376,-54.88000000,0.00000000,0.00000000,0.00000000
1632312895.84469461,-49.66000000,0.00000000,0.00000000,0.00000000
1632312895.94469357,-44.93000000,0.00000000,0.00000000,0.00000000
1632312896.04469252,-40.66000000,0.00000000,0.00000000,0.00000000
1632312896.14469671,-36.79000000,0.00000000,0.00000000,0.00000000
1632312896.24470234,-33.29000000,0.00000000,0.00000000,0.00000000
1632312896.34469724,-30.12000000,0.00000000,0.00000000,0.00000000
1632312896.44470119,-27.25000000,0.00000000,0.00000000,0.00000000
1632312896.54469824,-24.66000000,0.00000000,0.00000000,0.00000000
1632312896.64469504,-22.31000000,0.00000000,0.00000000,0.00000000
1632312896.74469256,-20.19000000,0.00000000,0.00000000,0.00000000
1632312896.84467268,-18.27000000,0.00000000,0.00000000,0.00000000
1632312896.94469881,-16.53000000,0.00000000,0.00000000,0.00000000
1632312897.04469371,-14.96000000,0.00000000,0.00000000,0.00000000
1632312897.14467287,-13.53000000,0.00000000,0.00000000,0.00000000
1632312897.24469805,-12.25000000,0.00000000,0.00000000,0.00000000
1632312897.34469819,-11.08000000,0.00000000,0.00000000,0.00000000
1632312897.44469762,-10.03000000,0.00000000,0.00000000,0.00000000
1632312897.54469681,-9.07000000,0.00000000,0.00000000,0.00000000
1632312897.64469767,-8.21000000,0.00000000,0.00000000,0.00000000
1632312897.74469781,-7.43000000,0.00000000,0.00000000,0.00000000
1632312897.84466791,-6.72000000,0.00000000,0.00000000,0.00000000
1632312897.94469237,-6.08000000,0.00000000,0.00000000,0.00000000
1632312898.04469347,-5.50000000,0.00000000,0.00000000,0.00000000
1632312898.14470983,-4.98000000,0.00000000,0.00000000,0.00000000
1632312898.24469972,-4.50000000,0.00000000,0.00000000,0.00000000
1632312898.34469533,-4.08000000,0.00000000,0.00000000,0.00000000
1632312898.44469976,-3.69000000,0.00000000,0.00000000,0.00000000
1632312898.54467010,-3.34000000,0.00000000,0.00000000,0.00000000
1632312898.64469767,-3.02000000,0.00000000,0.00000000,0.00000000
1632312898.74470067,-2.73000000,0.00000000,0.00000000,0.00000000
1632312898.84469700,-2.47000000,0.00000000,0.00000000,0.00000000
1632312898.94469714,-2.24000000,0.00000000,0.00000000,0.00000000
1632312899.04469872,-2.02000000,0.00000000,0.00000000,0.00000000
1632312899.14469242,-1.83000000,0.00000000,0.00000000,0.00000000
1632312899.24469924,-1.66000000,0.00000000,0.00000000,0.00000000
1632312899.34469795,-1.50000000,0.00000000,0.00000000,0.00000000
1632312899.44469714,-1.36000000,0.00000000,0.00000000,0.00000000
1632312899.54469800,-1.23000000,0.00000000,0.00000000,0.00000000
1632312899.64466691,-1.11000000,0.00000000,0.00000000,0.00000000
1632312899.74470210,-1.01000000,0.00000000,0.00000000,0.00000000
1632312899.84469891,-0.91000000,0.00000000,0.00000000,0.00000000
1632312899.94467187,-0.82000000,0.00000000,0.00000000,0.00000000
1632312900.04467177,-0.74000000,0.00000000,0.00000000,0.00000000
1632312900.14471149,-0.67000000,0.00000000,0.00000000,0.00000000
1632312900.24470878,-0.61000000,0.00000000,0.00000000,0.00000000
1632312900.34469891,-0.55000000,0.00000000,0.00000000,0.00000000
1632312900.44470310,-0.50000000,0.00000000,0.00000000,0.00000000
1632312900.54469848,-0.45000000,0.00000000,0.00000000,0.00000000
1632312900.64470100,-0.41000000,0.00000000,0.00000000,0.00000000
1632312900.74470043,-0.37000000,0.00000000,0.00000000,0.00000000
1632312900.84469700,-0.33000000,0.00000000,0.00000000,0.00000000
1632312900.94469714,-0.30000000,0.00000000,0.00000000,0.00000000
1632312901.04469252,-0.27000000,0.00000000,0.00000000,0.00000000
1632312901.14469838,-0.25000000,0.00000000,0.00000000,0.00000000
1632312901.24467134,-0.22000000,0.00000000,0.00000000,0.00000000
1632312901.34469724,-0.20000000,0.00000000,0.00000000,0.00000000
1632312901.44469666,-0.18000000,0.00000000,0.00000000,0.00000000
1632312901.54469872,-0.17000000,0.00000000,0.00000000,0.00000000
1632312901.64470243,-0.15000000,0.00000000,0.00000000,0.00000000
1632312901.74469900,-0.14000000,0.00000000,0.00000000,0.00000000
1632312901.84469676,-0.12000000,0.00000000,0.00000000,0.00000000
1632312901.94469738,-0.11000000,0.00000000,0.00000000,0.00000000
1632312902.04469728,-0.10000000,0.00000000,0.00000000,0.00000000
1632312902.14469624,-0.09000000,0.00000000,0.00000000,0.00000000
1632312902.24470210,-0.08000000,0.00000000,0.00000000,0.00000000
1632312902.34470081,-0.07000000,0.00000000,0.00000000,0.00000000
1632312902.44469571,-0.07000000,0.00000000,0.00000000,0.00000000
1632312902.54469705,-0.06000000,0.00000000,0.00000000,0.00000000
1632312902.64469504,-0.06000000,0.00000000,0.00000000,0.00000000
1632312902.74469662,0.00000000,0.00000000,0.00000000,0.00000000
1632312902.84469986,0.00000000,0.00000000,0.00000000,0.00000000
1632312902.94469714,0.00000000,0.00000000,0.00000000,0.00000000
1632312903.04469705,0.00000000,0.00000000,0.00000000,0.00000000
1632312903.14467049,0.00000000,0.00000000,0.00000000,0.00000000
1632312903.24466920,0.00000000,0.00000000,0.00000000,0.00000000
1632312903.34469962,0.00000000,0.00000000,0.00000000,0.00000000
1632312903.44469714,0.00000000,0.00000000,0.00000000,0.00000000
1632312903.54469848,0.00000000,0.00000000,0.00000000,0.00000000
1632312903.64469790,0.00000000,0.00000000,0.00000000,0.00000000
1632312903.74469733,0.00000000,0.00000000,0.00000000,0.00000000
1632312903.84470057,0.00000000,0.00000000,0.00000000,0.00000000
1632312903.94466710,0.00000000,0.00000000,0.00000000,0.00000000
1632312904.04466844,0.00000000,0.00000000,0.00000000,0.00000000
1632312904.14467168,0.00000000,0.00000000,0.00000000,0.00000000
1632312904.24466729,0.00000000,0.00000000,0.00000000,0.00000000
1632312904.34469748,0.00000000,0.00000000,0.00000000,0.00000000
1632312904.44469643,0.00000000,0.00000000,0.00000000,0.00000000
1632312904.54469728,0.00000000,0.00000000,0.00000000,0.00000000
1632312904.64469361,0.00000000,0.00000000,0.00000000,0.00000000
1632312904.74466801,0.00000000,0.00000000,0.00000000,0.00000000
1632312904.84466720,50.00000000,0.00000000,0.00000000,0.00000000
1632312904.94469833,45.24000000,0.00000000,0.00000000,0.00000000
1632312905.04469728,40.94000000,0.00000000,0.00000000,0.00000000
1632312905.14469767,37.04000000,0.00000000,0.00000000,0.00000000
1632312905.24469757,33.52000000,0.00000000,0.00000000,0.00000000
1632312905.34469771,30.33000000,0.00000000,0.00000000,0.00000000
1632312905.44469786,27.44000000,0.00000000,0.00000000,0.00000000
1632312905.54469776,24.83000000,0.00000000,0.00000000,0.00000000
1632312905.64469600,22.47000000,0.00000000,0.00000000,0.00000000
1632312905.74469829,20.33000000,0.00000000,0.00000000,0.00000000
1632312905.84469271,18.39000000,0.00000000,0.00000000,0.00000000
1632312905.94468689,16.64000000,0.00000000,0.00000000,0.00000000
1632312906.04469919,15.06000000,0.00000000,0.00000000,0.00000000
1632312906.14469671,13.63000000,0.00000000,0.00000000,0.00000000
1632312906.24469614,12.33000000,0.00000000,0.00000000,0.00000000
1632312906.34469843,11.16000000,0.00000000,0.00000000,0.00000000
1632312906.44469857,10.09000000,0.00000000,0.00000000,0.00000000
1632312906.54469848,9.13000000,0.00000000,0.00000000,0.00000000
1632312906.64469767,8.26000000,0.00000000,0.00000000,0.00000000
1632312906.74470377,7.48000000,0.00000000,0.00000000,0.00000000
1632312906.84466910,6.77000000,0.00000000,0.00000000,0.00000000
1632312906.94469547,6.12000000,0.00000000,0.00000000,0.00000000
1632312907.04469872,5.54000000,0.00000000,0.00000000,0.00000000
1632312907.14469862,5.01000000,0.00000000,0.00000000,0.00000000
1632312907.24469733,4.54000000,0.00000000,0.00000000,0.00000000
1632312907.34469700,4.10000000,0.00000000,0.00000000,0.00000000
1632312907.44468069,3.71000000,0.00000000,0.00000000,0.00000000
1632312907.54469824,3.36000000,0.00000000,0.00000000,0.00000000
1632312907.64469743,3.04000000,0.00000000,0.00000000,0.00000000
1632312907.74469399,2.75000000,0.00000000,0.00000000,0.00000000
1632312907.84469771,2.49000000,0.00000000,0.00000000,0.00000000
1632312907.94469213,2.25000000,0.00000000,0.00000000,0.00000000
1632312908.04469943,2.04000000,0.00000000,0.00000000,0.00000000
1632312908.14469218,1.84000000,0.00000000,0.00000000,0.00000000
1632312908.24469304,1.67000000,0.00000000,0.00000000,0.00000000
1632312908.34469986,1.51000000,0.00000000,0.00000000,0.00000000
1632312908.44466949,1.37000000,0.00000000,0.00000000,0.00000000
1632312908.54466820,1.24000000,0.00000000,0.00000000,0.00000000
1632312908.64469767,1.12000000,0.00000000,0.00000000,0.00000000
1632312908.74469733,1.01000000,0.00000000,0.00000000,0.00000000
1632312908.84469604,0.92000000,0.00000000,0.00000000,0.00000000
1632312908.94469810,0.83000000,0.00000000,0.00000000,0.00000000
1632312909.04470038,0.75000000,0.00000000,0.00000000,0.00000000
1632312909.14466906,0.68000000,0.00000000,0.00000000,0.00000000
1632312909.24469924,0.61000000,0.00000000,0.00000000,0.00000000
1632312909.34470797,0.56000000,0.00000000,0.00000000,0.00000000
1632312909.44469786,0.50000000,0.00000000,0.00000000,0.00000000
1632312909.54469752,0.45000000,0.00000000,0.00000000,0.00000000
1632312909.64469886,0.41000000,0.00000000,0.00000000,0.00000000
1632312909.74467182,0.37000000,0.00000000,0.00000000,0.00000000
1632312909.84469676,0.34000000,0.00000000,0.00000000,0.00000000
1632312909.94469380,0.30000000,0.00000000,0.00000000,0.00000000
1632312910.04469800,0.28000000,0.00000000,0.00000000,0.00000000
1632312910.14467239,0.25000000,0.00000000,0.00000000,0.00000000
1632312910.24466753,0.23000000,0.00000000,0.00000000,0.00000000
1632312910.34472966,0.20000000,0.00000000,0.00000000,0.00000000
1632312910.44469905,0.18000000,0.00000000,0.00000000,0.00000000
1632312910.54470468,0.17000000,0.00000000,0.00000000,0.00000000
1632312910.64469719,0.15000000,0.00000000,0.00000000,0.00000000
1632312910.74469662,0.14000000,0.00000000,0.00000000,0.00000000
1632312910.84469676,0.12000000,0.00000000,0.00000000,0.00000000
1632312910.94470024,0.11000000,0.00000000,0.00000000,0.00000000
1632312911.04469323,0.10000000,0.00000000,0.00000000,0.00000000
1632312911.14469790,0.09000000,0.00000000,0.00000000,0.00000000
1632312911.24469447,0.08000000,0.00000000,0.00000000,0.00000000
1632312911.34469604,0.08000000,0.00000000,0.00000000,0.00000000
1632312911.44469810,0.07000000,0.00000000,0.00000000,0.00000000
1632312911.54469848,0.06000000,0.00000000,0.00000000,0.00000000
1632312911.64469886,0.06000000,0.00000000,0.00000000,0.00000000
1632312911.74469757,0.00000000,0.00000000,0.00000000,0.00000000
1632312911.84469819,0.00000000,0.00000000,0.00000000,0.00000000
1632312911.94469810,0.00000000,0.00000000,0.00000000,0.00000000
1632312912.04470062,0.00000000,0.00000000,0.00000000,0.00000000
1632312912.14466858,0.00000000,0.00000000,0.00000000,0.00000000
1632312912.24469805,0.00000000,0.00000000,0.00000000,0.00000000
1632312912.34470010,0.00000000,0.00000000,0.00000000,0.00000000
1632312912.44469714,0.00000000,0.00000000,0.00000000,0.00000000
1632312912.54469776,0.00000000,0.00000000,0.00000000,0.00000000
1632312912.64469838,0.00000000,0.00000000,0.00000000,0.00000000
1632312912.74469090,0.00000000,0.00000000,0.00000000,0.00000000
1632312912.84469652,0.00000000,0.00000000,0.00000000,0.00000000
1632312912.94467521,0.00000000,0.00000000,0.00000000,0.00000000
1632312913.04469943,0.00000000,0.00000000,0.00000000,0.00000000
1632312913.14469814,0.00000000,0.00000000,0.00000000,0.00000000
1632312913.24469829,0.00000000,0.00000000,0.00000000,0.00000000
1632312913.34469724,0.00000000,0.00000000,0.00000000,0.00000000
1632312913.44466877,0.00000000,0.00000000,0.00000000,0.00000000
1632312913.54470253,0.00000000,0.00000000,0.00000000,0.00000000
1632312913.64469719,0.00000000,0.00000000,0.00000000,0.00000000
1632312913.74469948,0.00000000,0.00000000,0.00000000,0.00000000
1632312913.84466910,0.00000000,0.00000000,0.00000000,0.00000000
1632312913.94469738,0.00000000,0.00000000,0.00000000,0.00000000
1632312914.04470158,0.00000000,0.00000000,0.00000000,0.00000000
1632312914.14467239,0.00000000,0.00000000,0.00000000,0.00000000
1632312914.24469709,0.00000000,0.00000000,0.00000000,0.00000000
1632312914.34467149,0.00000000,0.00000000,0.00000000,0.00000000
1632312914.44467187,0.00000000,0.00000000,0.00000000,0.00000000
1632312914.54470658,0.00000000,0.00000000,0.00000000,0.00000000
1632312914.64471745,0.00000000,0.00000000,0.00000000,0.00000000
1632312914.74471235,0.00000000,0.00000000,0.00000000,0.00000000
1632312914.84469581,0.00000000,0.00000000,0.00000000,0.00000000
1632312914.94473767,0.00000000,0.00000000,0.00000000,0.00000000
1632312915.04469466,0.00000000,0.00000000,0.00000000,0.00000000
1632312915.14473534,0.00000000,0.00000000,0.00000000,0.00000000
1632312915.24469185,0.00000000,0.00000000,0.00000000,0.00000000
1632312915.34475160,0.00000000,0.00000000,0.00000000,0.00000000
1632312915.44467926,0.00000000,0.00000000,0.00000000,0.00000000
1632312915.54473138,0.00000000,0.00000000,0.00000000,0.00000000
1632312915.64472961,0.00000000,0.00000000,0.00000000,0.00000000
1632312915.74474573,0.00000000,0.00000000,0.00000000,0.00000000
1632312915.84469104,0.00000000,0.00000000,0.00000000,0.00000000
1632312915.94471002,0.00000000,0.00000000,0.00000000,0.00000000
1632312916.04473162,0.00000000,0.00000000,0.00000000,0.00000000
1632312916.14470577,-100.00000000,0.00000000,0.00000000,0.00000000
1632312916.24469638,-90.48000000,0.00000000,0.00000000,0.00000000
1632312916.34472704,-81.87000000,0.00000000,0.00000000,0.00000000
1632312916.44472289,-74.08000000,0.00000000,0.00000000,0.00000000
1632312916.54473710,-67.03000000,0.00000000,0.00000000,0.00000000
1632312916.64472222,-60.65000000,0.00000000,0.00000000,0.00000000
1632312916.74474859,-54.88000000,0.00000000,0.00000000,0.00000000
1632312916.84469128,-49.66000000,0.00000000,0.00000000,0.00000000
1632312916.94473147,-44.93000000,0.00000000,0.00000000,0.00000000
1632312917.04471588,-40.66000000,0.00000000,0.00000000,0.00000000
1632312917.14470434,-36.79000000,0.00000000,0.00000000,0.00000000
1632312917.24474669,-33.29000000,0.00000000,0.00000000,0.00000000
1632312917.34473157,-30.12000000,0.00000000,0.00000000,0.00000000
1632312917.44471073,-27.25000000,0.00000000,0.00000000,0.00000000
1632312917.54474568,-24.66000000,0.00000000,0.00000000,0.00000000
1632312917.64468884,-22.31000000,0.00000000,0.00000000,0.00000000
1632312917.74473023,-20.19000000,0.00000000,0.00000000,0.00000000
1632312917.84468746,-18.27000000,0.00000000,0.00000000,0.00000000
1632312917.94471312,-16.53000000,0.00000000,0.00000000,0.00000000
1632312918.04469109,-14.96000000,0.00000000,0.00000000,0.00000000
1632312918.14473271,-13.53000000,0.00000000,0.00000000,0.00000000
1632312918.24473000,-12.25000000,0.00000000,0.00000000,0.00000000
1632312918.34473109,-11.08000000,0.00000000,0.00000000,0.00000000
1632312918.44469190,-10.03000000,0.00000000,0.00000000,0.00000000
1632312918.54473162,-9.07000000,0.00000000,0.00000000,0.00000000
1632312918.64473176,-8.21000000,0.00000000,0.00000000,0.00000000
1632312918.74468708,-7.43000000,0.00000000,0.00000000,0.00000000
1632312918.84468579,-6.72000000,0.00000000,0.00000000,0.00000000
1632312918.94470954,-6.08000000,0.00000000,0.00000000,0.00000000
1632312919.04475021,-5.50000000,0.00000000,0.00000000,0.00000000
1632312919.14474368,-4.98000000,0.00000000,0.00000000,0.00000000
1632312919.24472857,-4.50000000,0.00000000,0.00000000,0.00000000
1632312919.34471655,-4.08000000,0.00000000,0.00000000,0.00000000
1632312919.44474268,-3.69000000,0.00000000,0.00000000,0.00000000
1632312919.54473543,-3.34000000,0.00000000,0.00000000,0.00000000
1632312919.64473724,-3.02000000,0.00000000,0.00000000,0.00000000
1632312919.74473500,-2.73000000,0.00000000,0.00000000,0.00000000
1632312919.84473062,-2.47000000,0.00000000,0.00000000,0.00000000
1632312919.94471025,-2.24000000,0.00000000,0.00000000,0.00000000
1632312920.04469848,-2.02000000,0.00000000,0.00000000,0.00000000
1632312920.14467168,-1.83000000,0.00000000,0.00000000,0.00000000
1632312920.24469328,-1.66000000,0.00000000,0.00000000,0.00000000
1632312920.34468675,-1.50000000,0.00000000,0.00000000,0.00000000
1632312920.44472885,-1.36000000,0.00000000,0.00000000,0.00000000
1632312920.54469371,-1.23000000,0.00000000,0.00000000,0.00000000
1632312920.64469790,-1.11000000,0.00000000,0.00000000,0.00000000
1632312920.74473214,-1.01000000,0.00000000,0.00000000,0.00000000
1632312920.84473157,-0.91000000,0.00000000,0.00000000,0.00000000
1632312920.94468927,-0.82000000,0.00000000,0.00000000,0.00000000
1632312921.04474378,-0.74000000,0.00000000,0.00000000,0.00000000
1632312921.14473319,-0.67000000,0.00000000,0.00000000,0.00000000
1632312921.24471712,-0.61000000,0.00000000,0.00000000,0.00000000
1632312921.34474802,-0.55000000,0.00000000,0.00000000,0.00000000
1632312921.44473553,-0.50000000,0.00000000,0.00000000,0.00000000
1632312921.54473543,-0.45000000,0.00000000,0.00000000,0.00000000
1632312921.64473128,-0.41000000,0.00000000,0.00000000,0.00000000
1632312921.74473095,-0.37000000,0.00000000,0.00000000,0.00000000
1632312921.84471345,-0.33000000,0.00000000,0.00000000,0.00000000
1632312921.94468689,-0.30000000,0.00000000,0.00000000,0.00000000
1632312922.04471326,-0.27000000,0.00000000,0.00000000,0.00000000
1632312922.14473963,-0.25000000,0.00000000,0.00000000,0.00000000
1632312922.24468780,-0.22000000,0.00000000,0.00000000,0.00000000
1632312922.34468675,-0.20000000,0.00000000,0.00000000,0.00000000
1632312922.44471455,-0.18000000,0.00000000,0.00000000,0.00000000
1632312922.54474282,-0.17000000,0.00000000,0.00000000,0.00000000
1632312922.64473057,-0.15000000,0.00000000,0.00000000,0.00000000
1632312922.74473166,-0.14000000,0.00000000,0.00000000,0.00000000
1632312922.84473157,-0.12000000,0.00000000,0.00000000,0.00000000
1632312922.94473100,-0.11000000,0.00000000,0.00000000,0.00000000
1632312923.04470444,-0.10000000,0.00000000,0.00000000,0.00000000
1632312923.14473128,-0.09000000,0.00000000,0.00000000,0.00000000
1632312923.24473095,-0.08000000,0.00000000,0.00000000,0.00000000
1632312923.34470630,-0.07000000,0.00000000,0.00000000,0.00000000
1632312923.44473743,-0.07000000,0.00000000,0.00000000,0.00000000
1632312923.54473543,-0.06000000,0.00000000,0.00000000,0.00000000
1632312923.64474154,-0.06000000,0.00000000,0.00000000,0.00000000
1632312923.74471045,0.00000000,0.00000000,0.00000000,0.00000000
1632312923.84473109,0.00000000,0.00000000,0.00000000,0.00000000
1632312923.94470692,0.00000000,0.00000000,0.00000000,0.00000000
1632312924.04470205,0.00000000,0.00000000,0.00000000,0.00000000
1632312924.14473081,0.00000000,0.00000000,0.00000000,0.00000000
1632312924.24473286,0.00000000,0.00000000,0.00000000,0.00000000
1632312924.34473252,0.00000000,0.00000000,0.00000000,0.00000000
1632312924.44473076,0.00000000,0.00000000,0.00000000,0.00000000
1632312924.54475474,0.00000000,0.00000000,0.00000000,0.00000000
1632312924.64473009,0.00000000,0.00000000,0.00000000,0.00000000
1632312924.74473047,0.00000000,0.00000000,0.00000000,0.00000000
1632312924.84473062,0.00000000,0.00000000,0.00000000,0.00000000
1632312924.94470286,0.00000000,0.00000000,0.00000000,0.00000000
1632312925.04472852,0.00000000,0.00000000,0.00000000,0.00000000
1632312925.14471030,0.00000000,0.00000000,0.00000000,0.00000000
1632312925.24469924,0.00000000,0.00000000,0.00000000,0.00000000
1632312925.34472656,0.00000000,0.00000000,0.00000000,0.00000000
1632312925.44472909,0.00000000,0.00000000,0.00000000,0.00000000
1632312925.54473090,0.00000000,0.00000000,0.00000000,0.00000000
1632312925.64473295,0.00000000,0.00000000,0.00000000,0.00000000
1632312925.74470663,0.00000000,0.00000000,0.00000000,0.00000000
1632312925.84471440,0.00000000,0.00000000,0.00000000,0.00000000
1632312925.94468451,0.00000000,0.00000000,0.00000000,0.00000000
1632312926.04473400,0.00000000,0.00000000,0.00000000,0.00000000
1632312926.14473820,0.00000000,0.00000000,0.00000000,0.00000000
1632312926.24471331,0.00000000,0.00000000,0.00000000,0.00000000
1632312926.34474015,0.00000000,0.00000000,0.00000000,0.00000000
1632312926.44474006,0.00000000,0.00000000,0.00000000,0.00000000
1632312926.54474092,0.00000000,0.00000000,0.00000000,0.00000000
1632312926.64473248,0.00000000,0.00000000,0.00000000,0.00000000
1632312926.74474192,0.00000000,0.00000000,0.00000000,0.00000000
1632312926.84473538,0.00000000,0.00000000,0.00000000,0.00000000
1632312926.94474435,0.00000000,0.00000000,0.00000000,0.00000000
1632312927.04473352,0.00000000,0.00000000,0.00000000,0.00000000
1632312927.14474487,0.00000000,0.00000000,0.00000000,0.00000000
1632312927.24473739,0.00000000,0.00000000,0.00000000,0.00000000
1632312927.34473515,0.00000000,0.00000000,0.00000000,0.00000000
1632312927.44469452,0.00000000,0.00000000,0.00000000,0.00000000
1632312927.54469943,0.00000000,0.00000000,0.00000000,0.00000000
1632312927.64473557,0.00000000,0.00000000,0.00000000,0.00000000
1632312927.74473643,0.00000000,0.00000000,0.00000000,0.00000000
1632312927.84465861,0.00000000,0.00000000,0.00000000,0.00000000
1632312927.94473743,0.00000000,0.00000000,0.00000000,0.00000000
1632312928.04473758,0.00000000,0.00000000,0.00000000,0.00000000
1632312928.14473391,0.00000000,0.00000000,0.00000000,0.00000000
1632312928.24473500,0.00000000,0.00000000,0.00000000,0.00000000
1632312928.34473825,0.00000000,0.00000000,0.00000000,0.00000000
1632312928.44473195,0.00000000,0.00000000,0.00000000,0.00000000
1632312928.54473925,0.00000000,0.00000000,0.00000000,0.00000000
1632312928.64469290,0.00000000,0.00000000,0.00000000,0.00000000
1632312928.74471331,0.00000000,0.00000000,0.00000000,0.00000000
1632312928.84472966,0.00000000,0.00000000,0.00000000,0.00000000
1632312928.94473195,0.00000000,0.00000000,0.00000000,0.00000000
1632312929.04470444,0.00000000,0.00000000,0.00000000,0.00000000
1632312929.14473820,0.00000000,0.00000000,0.00000000,0.00000000
1632312929.24474669,0.00000000,0.00000000,0.00000000,0.00000000
1632312929.34473014,0.00000000,0.00000000,0.00000000,0.00000000
1632312929.44467902,0.00000000,0.00000000,0.00000000,0.00000000
1632312929.54470563,0.00000000,0.00000000,0.00000000,0.00000000
1632312929.64469099,0.00000000,0.00000000,0.00000000,0.00000000
1632312929.74473000,0.00000000,0.00000000,0.00000000,0.00000000
1632312929.84473705,0.00000000,0.00000000,0.00000000,0.00000000
1632312929.94470716,0.00000000,0.00000000,0.00000000,0.00000000
1632312930.04470348,0.00000000,0.00000000,0.00000000,0.00000000
1632312930.14474297,0.00000000,0.00000000,0.00000000,0.00000000
1632312930.24470592,0.00000000,0.00000000,0.00000000,0.00000000
1632312930.34474707,0.00000000,0.00000000,0.00000000,0.00000000
1632312930.44473839,0.00000000,0.00000000,0.00000000,0.00000000
1632312930.54473495,0.00000000,0.00000000,0.00000000,0.00000000
1632312930.64473271,0.00000000,0.00000000,0.00000000,0.00000000
1632312930.74473333,0.00000000,0.00000000,0.00000000,0.00000000
1632312930.84473252,0.00000000,0.00000000,0.00000000,0.00000000
1632312930.94470382,0.00000000,0.00000000,0.00000000,0.00000000
1632312931.04473329,0.00000000,0.00000000,0.00000000,0.00000000
1632312931.14467978,0.00000000,0.00000000,0.00000000,0.00000000
1632312931.24473977,0.00000000,0.00000000,0.00000000,0.00000000
1632312931.34471107,0.00000000,0.00000000,0.00000000,0.00000000
1632312931.44473457,0.00000000,0.00000000,0.00000000,0.00000000
1632312931.54470205,0.00000000,0.00000000,0.00000000,0.00000000
1632312931.64472055,0.00000000,0.00000000,0.00000000,0.00000000
1632312931.74473047,0.00000000,0.00000000,0.00000000,0.00000000
1632312931.84472966,0.00000000,0.00000000,0.00000000,0.00000000
1632312931.94473338,0.00000000,0.00000000,0.00000000,0.00000000
1632312932.04472184,0.00000000,0.00000000,0.00000000,0.00000000
1632312932.14473605,0.00000000,0.00000000,0.00000000,0.00000000
1632312932.24474049,0.00000000,0.00000000,0.00000000,0.00000000
1632312932.34473252,0.00000000,0.00000000,0.00000000,0.00000000
1632312932.44473577,0.00000000,0.00000000,0.00000000,0.00000000
1632312932.54474020,0.00000000,0.00000000,0.00000000,0.00000000
1632312932.64470124,0.00000000,0.00000000,0.00000000,0.00000000
1632312932.74473500,0.00000000,0.00000000,0.00000000,0.00000000
1632312932.84473276,0.00000000,0.00000000,0.00000000,0.00000000
1632312932.94473386,0.00000000,0.00000000,0.00000000,0.00000000
1632312933.04472113,0.00000000,0.00000000,0.00000000,0.00000000
1632312933.14471364,0.00000000,0.00000000,0.00000000,0.00000000
1632312933.24470711,0.00000000,0.00000000,0.00000000,0.00000000
1632312933.34471321,0.00000000,0.00000000,0.00000000,0.00000000
1632312933.44473505,0.00000000,0.00000000,0.00000000,0.00000000
1632312933.54468966,0.00000000,0.00000000,0.00000000,0.00000000
1632312933.64473200,0.00000000,0.00000000,0.00000000,0.00000000
1632312933.74473095,0.00000000,0.00000000,0.00000000,0.00000000
1632312933.84473705,0.00000000,0.00000000,0.00000000,0.00000000
1632312933.94473124,0.00000000,0.00000000,0.00000000,0.00000000
1632312934.04470491,0.00000000,0.00000000,0.00000000,0.00000000
1632312934.14473391,0.00000000,0.00000000,0.00000000,0.00000000
1632312934.24473333,0.00000000,0.00000000,0.00000000,0.00000000
1632312934.34469390,0.00000000,0.00000000,0.00000000,0.00000000
1632312934.44469881,0.00000000,0.00000000,0.00000000,0.00000000
1632312934.54470801,0.00000000,0.00000000,0.00000000,0.00000000
1632312934.64473248,0.00000000,0.00000000,0.00000000,0.00000000
1632312934.74473166,0.00000000,0.00000000,0.00000000,0.00000000
1632312934.84473228,0.00000000,0.00000000,0.00000000,0.00000000
1632312934.94471145,0.00000000,0.00000000,0.00000000,0.00000000
1632312935.04473639,0.00000000,0.00000000,0.00000000,0.00000000
1632312935.14467859,0.00000000,0.00000000,0.00000000,0.00000000
1632312935.24473476,0.00000000,0.00000000,0.00000000,0.00000000
1632312935.34474015,0.00000000,0.00000000,0.00000000,0.00000000
1632312935.44470692,0.00000000,0.00000000,0.00000000,0.00000000
1632312935.54473829,0.00000000,0.00000000,0.00000000,0.00000000
1632312935.64474058,0.00000000,0.00000000,0.00000000,0.00000000
1632312935.74473357,0.00000000,0.00000000,0.00000000,0.00000000
1632312935.84473705,0.00000000,0.00000000,0.00000000,0.00000000
1632312935.94473481,0.00000000,0.00000000,0.00000000,0.00000000
1632312936.04472852,0.00000000,0.00000000,0.00000000,0.00000000
1632312936.14473653,0.00000000,0.00000000,0.00000000,0.00000000
1632312936.24473476,0.00000000,0.00000000,0.00000000,0.00000000
1632312936.34473515,0.00000000,0.00000000,0.00000000,0.00000000
1632312936.44468832,0.00000000,0.00000000,0.00000000,0.00000000
1632312936.54470110,0.00000000,0.00000000,0.00000000,0.00000000
1632312936.64470124,0.00000000,0.00000000,0.00000000,0.00000000
1632312936.74470615,0.00000000,0.00000000,0.00000000,0.00000000
1632312936.84473944,0.00000000,0.00000000,0.00000000,0.00000000
1632312936.94473529,0.00000000,0.00000000,0.00000000,0.00000000
1632312937.04470110,0.00000000,0.00000000,0.00000000,0.00000000
1632312937.14469886,0.00000000,0.00000000,0.00000000,0.00000000
1632312937.24469924,0.00000000,0.00000000,0.00000000,0.00000000
1632312937.34473062,0.00000000,0.00000000,0.00000000,0.00000000
1632312937.44473982,0.00000000,0.00000000,0.00000000,0.00000000
1632312937.54470778,0.00000000,0.00000000,0.00000000,0.00000000
1632312937.64470935,0.00000000,0.00000000,0.00000000,0.00000000
1632312937.74469376,0.00000000,0.00000000,0.00000000,0.00000000
1632312937.84471536,0.00000000,0.00000000,0.00000000,0.00000000
1632312937.94473243,0.00000000,0.00000000,0.00000000,0.00000000
1632312938.04470754,0.00000000,0.00000000,0.00000000,0.00000000
1632312938.14471459,0.00000000,0.00000000,0.00000000,0.00000000
1632312938.24473381,0.00000000,0.00000000,0.00000000,0.00000000
1632312938.34472036,0.00000000,0.00000000,0.00000000,0.00000000
1632312938.44473433,0.00000000,0.00000000,0.00000000,0.00000000
1632312938.54473090,0.00000000,0.00000000,0.00000000,0.00000000
1632312938.64473128,0.00000000,0.00000000,0.00000000,0.00000000
1632312938.74474978,0.00000000,0.00000000,0.00000000,0.00000000
1632312938.84473205,0.00000000,0.00000000,0.00000000,0.00000000
1632312938.94473910,0.00000000,0.00000000,0.00000000,0.00000000
1632312939.04473996,0.00000000,0.00000000,0.00000000,0.00000000
1632312939.14473510,0.00000000,0.00000000,0.00000000,0.00000000
1632312939.24473119,0.00000000,0.00000000,0.00000000,0.00000000
1632312939.34473181,0.00000000,0.00000000,0.00000000,0.00000000
1632312939.44473672,0.00000000,0.00000000,0.00000000,0.00000000
1632312939.54467702,0.00000000,0.00000000,0.00000000,0.00000000
1632312939.64471292,0.00000000,0.00000000,0.00000000,0.00000000
1632312939.74473238,0.00000000,0.00000000,0.00000000,0.00000000
1632312939.84473586,0.00000000,0.00000000,0.00000000,0.00000000
1632312939.94473314,0.00000000,0.00000000,0.00000000,0.00000000
1632312940.04473066,0.00000000,0.00000000,0.00000000,0.00000000
1632312940.14473081,0.00000000,0.00000000,0.00000000,0.00000000
1632312940.24477649,0.00000000,0.00000000,0.00000000,0.00000000
1632312940.34473825,0.00000000,0.00000000,0.00000000,0.00000000
1632312940.44472814,0.00000000,0.00000000,0.00000000,0.00000000
1632312940.54473019,0.00000000,0.00000000,0.00000000,0.00000000
1632312940.64473963,0.00000000,0.00000000,0.00000000,0.00000000
1632312940.74473310,0.00000000,0.00000000,0.00000000,0.00000000
1632312940.84473777,0.00000000,0.00000000,0.00000000,0.00000000
1632312940.94473958,0.00000000,0.00000000,0.00000000,0.00000000
1632312941.04473686,0.00000000,0.00000000,0.00000000,0.00000000
1632312941.14473295,0.00000000,0.00000000,0.00000000,0.00000000
1632312941.24473023,0.00000000,0.00000000,0.00000000,0.00000000
1632312941.34473562,0.00000000,0.00000000,0.00000000,0.00000000
1632312941.44473791,0.00000000,0.00000000,0.00000000,0.00000000
1632312941.54473257,0.00000000,0.00000000,0.00000000,0.00000000
1632312941.64468908,0.00000000,0.00000000,0.00000000,0.00000000
1632312941.74473262,0.00000000,0.00000000,0.00000000,0.00000000
1632312941.84473324,0.00000000,0.00000000,0.00000000,0.00000000
1632312941.94473076,0.00000000,0.00000000,0.00000000,0.00000000
1632312942.04472947,0.00000000,0.00000000,0.00000000,0.00000000
1632312942.14473534,0.00000000,0.00000000,0.00000000,0.00000000
1632312942.24473023,0.00000000,0.00000000,0.00000000,0.00000000
1632312942.34473848,0.00000000,0.00000000,0.00000000,0.00000000
1632312942.44472742,0.00000000,0.00000000,0.00000000,0.00000000
1632312942.54473734,0.00000000,0.00000000,0.00000000,0.00000000
1632312942.64473295,0.00000000,0.00000000,0.00000000,0.00000000
1632312942.74473310,0.00000000,0.00000000,0.00000000,0.00000000
1632312942.84473300,0.00000000,0.00000000,0.00000000,0.00000000
1632312942.94473219,0.00000000,0.00000000,0.00000000,0.00000000
1632312943.04475641,0.00000000,0.00000000,0.00000000,0.00000000
1632312943.14473748,0.00000000,0.00000000,0.00000000,0.00000000
1632312943.24471068,0.00000000,0.00000000,0.00000000,0.00000000
1632312943.34471130,0.00000000,0.00000000,0.00000000,0.00000000
1632312943.44470716,0.00000000,0.00000000,0.00000000,0.00000000
1632312943.54472399,0.00000000,0.00000000,0.00000000,0.00000000
1632312943.64472914,0.00000000,0.00000000,0.00000000,0.00000000
1632312943.74478006,0.00000000,0.00000000,0.00000000,0.00000000
1632312943.84472585,0.00000000,0.00000000,0.00000000,0.00000000
1632312943.94472861,0.00000000,0.00000000,0.00000000,0.00000000
1632312944.04472852,0.00000000,0.00000000,0.00000000,0.00000000
1632312944.14473295,0.00000000,0.00000000,0.00000000,0.00000000
1632312944.24473214,0.00000000,0.00000000,0.00000000,0.00000000
1632312944.34473205,0.00000000,0.00000000,0.00000000,0.00000000
1632312944.44474339,0.00000000,0.00000000,0.00000000,0.00000000
1632312944.54474139,0.00000000,0.00000000,0.00000000,0.00000000
1632312944.64470935,0.00000000,0.00000000,0.00000000,0.00000000
1632312944.74471331,0.00000000,0.00000000,0.00000000,0.00000000
1632312944.84471130,0.00000000,0.00000000,0.00000000,0.00000000
1632312944.94471288,0.00000000,0.00000000,0.00000000,0.00000000
1632312945.04473829,0.00000000,0.00000000,0.00000000,0.00000000
1632312945.14467716,0.00000000,0.00000000,0.00000000,0.00000000
1632312945.24469423,0.00000000,0.00000000,0.00000000,0.00000000
1632312945.34469700,0.00000000,0.00000000,0.00000000,0.00000000
1632312945.44471312,0.00000000,0.00000000,0.00000000,0.00000000
1632312945.54473639,0.00000000,0.00000000,0.00000000,0.00000000
1632312945.64471364,0.00000000,0.00000000,0.00000000,0.00000000
1632312945.74474287,0.00000000,0.00000000,0.00000000,0.00000000
1632312945.84473038,0.00000000,0.00000000,0.00000000,0.00000000
1632312945.94473314,0.00000000,0.00000000,0.00000000,0.00000000
1632312946.04471326,0.00000000,0.00000000,0.00000000,0.00000000
1632312946.14470649,0.00000000,0.00000000,0.00000000,0.00000000
1632312946.24473453,0.00000000,0.00000000,0.00000000,0.00000000
1632312946.34470534,0.00000000,0.00000000,0.00000000,0.00000000
1632312946.44469953,0.00000000,0.00000000,0.00000000,0.00000000
1632312946.54470158,0.00000000,0.00000000,0.00000000,0.00000000
1632312946.64469528,0.00000000,0.00000000,0.00000000,0.00000000
1632312946.74469924,0.00000000,0.00000000,0.00000000,0.00000000
1632312946.84469819,0.00000000,0.00000000,0.00000000,0.00000000
1632312946.94469714,0.00000000,0.00000000,0.00000000,0.00000000
1632312947.04469705,0.00000000,0.00000000,0.00000000,0.00000000
1632312947.14469337,0.00000000,0.00000000,0.00000000,0.00000000
1632312947.24469852,0.00000000,0.00000000,0.00000000,0.00000000
1632312947.34469748,0.00000000,0.00000000,0.00000000,0.00000000
1632312947.44469738,0.00000000,0.00000000,0.00000000,0.00000000
1632312947.54466891,0.00000000,0.00000000,0.00000000,0.00000000
1632312947.64469790,0.00000000,0.00000000,0.00000000,0.00000000
1632312947.74469423,0.00000000,0.00000000,0.00000000,0.00000000
1632312947.84469819,0.00000000,0.00000000,0.00000000,0.00000000
1632312947.94470501,0.00000000,0.00000000,0.00000000,0.00000000
1632312948.04467034,0.00000000,0.00000000,0.00000000,0.00000000
1632312948.14469719,0.00000000,0.00000000,0.00000000,0.00000000
1632312948.24469733,0.00000000,0.00000000,0.00000000,0.00000000
1632312948.34469867,0.00000000,0.00000000,0.00000000,0.00000000
1632312948.44471025,0.00000000,0.00000000,0.00000000,0.00000000
1632312948.54470158,0.00000000,0.00000000,0.00000000,0.00000000
1632312948.64467001,0.00000000,0.00000000,0.00000000,0.00000000
1632312948.74469781,0.00000000,0.00000000,0.00000000,0.00000000
1632312948.84469295,0.00000000,0.00000000,0.00000000,0.00000000
1632312948.94467068,0.00000000,0.00000000,0.00000000,0.00000000
1632312949.04469705,0.00000000,0.00000000,0.00000000,0.00000000
1632312949.14469862,0.00000000,0.00000000,0.00000000,0.00000000
1632312949.24466896,0.00000000,0.00000000,0.00000000,0.00000000
1632312949.34469843,0.00000000,0.00000000,0.00000000,0.00000000
1632312949.44469643,0.00000000,0.00000000,0.00000000,0.00000000
1632312949.54469800,0.00000000,0.00000000,0.00000000,0.00000000
1632312949.64469671,0.00000000,0.00000000,0.00000000,0.00000000
1632312949.74469805,0.00000000,0.00000000,0.00000000,0.00000000
1632312949.84469342,0.00000000,0.00000000,0.00000000,0.00000000
1632312949.94469929,0.00000000,0.00000000,0.00000000,0.00000000
1632312950.04469872,0.00000000,0.00000000,0.00000000,0.00000000
1632312950.14467311,0.00000000,0.00000000,0.00000000,0.00000000
1632312950.24466848,0.00000000,0.00000000,0.00000000,0.00000000
1632312950.34469819,0.00000000,0.00000000,0.00000000,0.00000000
1632312950.44478106,0.00000000,0.00000000,0.00000000,0.00000000
1632312950.54471040,0.00000000,0.00000000,0.00000000,0.00000000
1632312950.64471149,0.00000000,0.00000000,0.00000000,0.00000000
1632312950.74471164,0.00000000,0.00000000,0.00000000,0.00000000
1632312950.84468818,0.00000000,0.00000000,0.00000000,0.00000000
1632312950.94471097,0.00000000,0.00000000,0.00000000,0.00000000
1632312951.04473042,0.00000000,0.00000000,0.00000000,0.00000000
1632312951.14469647,0.00000000,0.00000000,0.00000000,0.00000000
1632312951.24468851,0.00000000,0.00000000,0.00000000,0.00000000
1632312951.34473372,0.00000000,0.00000000,0.00000000,0.00000000
1632312951.44469213,0.00000000,0.00000000,0.00000000,0.00000000
1632312951.54478407,0.00000000,0.00000000,0.00000000,0.00000000
1632312951.64472961,0.00000000,0.00000000,0.00000000,0.00000000
1632312951.74473047,0.00000000,0.00000000,0.00000000,0.00000000
1632312951.84477854,0.00000000,0.00000000,0.00000000,0.00000000
1632312951.94472790,0.00000000,0.00000000,0.00000000,0.00000000
1632312952.04470038,0.00000000,0.00000000,0.00000000,0.00000000
1632312952.14470840,0.00000000,0.00000000,0.00000000,0.00000000
1632312952.24471402,0.00000000,0.00000000,0.00000000,0.00000000
1632312952.34473419,0.00000000,0.00000000,0.00000000,0.00000000
1632312952.44468474,0.00000000,0.00000000,0.00000000,0.00000000
1632312952.54473138,0.00000000,0.00000000,0.00000000,0.00000000
1632312952.64471292,0.00000000,0.00000000,0.00000000,0.00000000
1632312952.74478531,0.00000000,0.00000000,0.00000000,0.00000000
1632312952.84473586,0.00000000,0.00000000,0.00000000,0.00000000
1632312952.94473362,0.00000000,0.00000000,0.00000000,0.00000000
1632312953.04469419,0.00000000,0.00000000,0.00000000,0.00000000
1632312953.14473963,0.00000000,0.00000000,0.00000000,0.00000000
1632312953.24472260,0.00000000,0.00000000,0.00000000,0.00000000
1632312953.34470677,0.00000000,0.00000000,0.00000000,0.00000000
1632312953.44475007,0.00000000,0.00000000,0.00000000,0.00000000
1632312953.54473162,0.00000000,0.00000000,0.00000000,0.00000000
1632312953.64473200,0.00000000,0.00000000,0.00000000,0.00000000
1632312953.74473810,0.00000000,0.00000000,0.00000000,0.00000000
1632312953.84471226,0.00000000,0.00000000,0.00000000,0.00000000
1632312953.94474101,0.00000000,0.00000000,0.00000000,0.00000000
1632312954.04473662,0.00000000,0.00000000,0.00000000,0.00000000
1632312954.14471436,0.00000000,0.00000000,0.00000000,0.00000000
1632312954.24473786,0.00000000,0.00000000,0.00000000,0.00000000
1632312954.34473920,0.00000000,0.00000000,0.00000000,0.00000000
1632312954.44473171,0.00000000,0.00000000,0.00000000,0.00000000
1632312954.54473782,0.00000000,0.00000000,0.00000000,0.00000000
1632312954.64473081,0.00000000,0.00000000,0.00000000,0.00000000
1632312954.74473095,0.00000000,0.00000000,0.00000000,0.00000000
1632312954.84470105,0.00000000,0.00000000,0.00000000,0.00000000
1632312954.94474411,0.00000000,0.00000000,0.00000000,0.00000000
1632312955.04471445,0.00000000,0.00000000,0.00000000,0.00000000
1632312955.14473343,0.00000000,0.00000000,0.00000000,0.00000000
1632312955.24471211,0.00000000,0.00000000,0.00000000,0.00000000
1632312955.34473038,0.00000000,0.00000000,0.00000000,0.00000000
1632312955.44471169,0.00000000,0.00000000,0.00000000,0.00000000
1632312955.54473543,0.00000000,0.00000000,0.00000000,0.00000000
1632312955.64469337,0.00000000,0.00000000,0.00000000,0.00000000
1632312955.74473238,0.00000000,0.00000000,0.00000000,0.00000000
1632312955.84473252,0.00000000,0.00000000,0.00000000,0.00000000
1632312955.94472957,0.00000000,0.00000000,0.00000000,0.00000000
