Seconds, Linear Velocity, Angular Velocitiy,X,Y
1632163579.10362434,0.00000000,0.00000000,0.00000000,0.00000000
1632163579.19008899,0.00000000,0.00000000,0.00000000,0.00000000
1632163579.29102898,0.00000000,0.00000000,0.00000000,0.00000000
1632163579.39117002,0.00000000,0.00000000,0.00000000,0.00000000
1632163579.49186540,0.00000000,0.00000000,0.00000000,0.00000000
1632163579.59178305,0.00000000,0.00000000,0.00000000,0.00000000
1632163579.69149804,0.00000000,0.00000000,0.00000000,0.00000000
1632163579.79124236,0.00000000,0.00000000,0.00000000,0.00000000
1632163579.89193344,0.00000000,0.00000000,0.00000000,0.00000000
1632163579.99272990,0.00000000,0.00000000,0.00000000,0.00000000
1632163580.09263396,0.00000000,0.00000000,0.00000000,0.00000000
1632163580.19261336,0.00000000,0.00000000,0.00000000,0.00000000
1632163580.29231715,0.00000000,0.00000000,0.00000000,0.00000000
1632163580.39224529,0.00000000,0.00000000,0.00000000,0.00000000
1632163580.49479818,0.00000000,0.00000000,0.00000000,0.00000000
1632163580.59302592,0.00000000,0.00000000,0.00000000,0.00000000
1632163580.69355941,0.00000000,0.00000000,0.00000000,0.00000000
1632163580.79300833,0.00000000,0.00000000,0.00000000,0.00000000
1632163580.89406633,0.00000000,0.00000000,0.00000000,0.00000000
1632163580.99493575,0.00000000,0.00000000,0.00000000,0.00000000
1632163581.09432840,0.00000000,0.00000000,0.00000000,0.00000000
1632163581.19456959,0.00000000,0.00000000,0.00000000,0.00000000
1632163581.29417396,0.00000000,0.00000000,0.00000000,0.00000000
1632163581.39440656,0.00000000,0.00000000,0.00000000,0.00000000
1632163581.49412990,0.00000000,0.00000000,0.00000000,0.00000000
1632163581.59427857,0.00000000,0.00000000,0.00000000,0.00000000
1632163581.69409633,0.00000000,0.00000000,0.00000000,0.00000000
1632163581.79434323,0.00000000,0.00000000,0.00000000,0.00000000
1632163581.89476657,0.00000000,0.00000000,0.00000000,0.00000000
1632163581.99459934,0.00000000,0.00000000,0.00000000,0.00000000
1632163582.09459400,0.00000000,0.00000000,0.00000000,0.00000000
1632163582.19403863,0.00000000,0.00000000,0.00000000,0.00000000
1632163582.29429746,0.00000000,0.00000000,0.00000000,0.00000000
1632163582.39428186,0.00000000,0.00000000,0.00000000,0.00000000
1632163582.49402738,0.00000000,0.00000000,0.00000000,0.00000000
1632163582.59397864,0.00000000,0.00000000,0.00000000,0.00000000
1632163582.69453907,0.00000000,0.00000000,0.00000000,0.00000000
1632163582.79418206,0.00000000,0.00000000,0.00000000,0.00000000
1632163582.89401340,0.00000000,0.00000000,0.00000000,0.00000000
1632163582.99470711,0.00000000,0.00000000,0.00000000,0.00000000
1632163583.09476495,0.00000000,0.00000000,0.00000000,0.00000000
1632163583.19419384,0.00000000,0.00000000,0.00000000,0.00000000
1632163583.29410744,0.00000000,0.00000000,0.00000000,0.00000000
1632163583.39478588,0.00000000,0.00000000,0.00000000,0.00000000
1632163583.49460983,0.00000000,0.00000000,0.00000000,0.00000000
1632163583.59437180,0.00000000,0.00000000,0.00000000,0.00000000
1632163583.69405055,0.00000000,0.00000000,0.00000000,0.00000000
1632163583.79399538,0.00000000,0.00000000,0.00000000,0.00000000
1632163583.89466739,0.00000000,0.00000000,0.00000000,0.00000000
1632163583.99425673,0.00000000,0.00000000,0.00000000,0.00000000
1632163584.09409046,0.00000000,0.00000000,0.00000000,0.00000000
1632163584.19496965,0.00000000,0.00000000,0.00000000,0.00000000
1632163584.29565859,0.00000000,0.00000000,0.00000000,0.00000000
1632163584.39538455,0.00000000,0.00000000,0.00000000,0.00000000
1632163584.49506974,0.00000000,0.00000000,0.00000000,0.00000000
1632163584.59578443,0.00000000,0.00000000,0.00000000,0.00000000
1632163584.69563985,0.00000000,0.00000000,0.00000000,0.00000000
1632163584.79528689,0.00000000,0.00000000,0.00000000,0.00000000
1632163584.89581585,0.00000000,0.00000000,0.00000000,0.00000000
1632163584.99574065,0.00000000,0.00000000,0.00000000,0.00000000
1632163585.09629798,0.00000000,0.00000000,0.00000000,0.00000000
1632163585.19591093,0.00000000,0.00000000,0.00000000,0.00000000
1632163585.29650545,0.00000000,0.00000000,0.00000000,0.00000000
1632163585.39630818,0.00000000,0.00000000,0.00000000,0.00000000
1632163585.49600792,0.00000000,0.00000000,0.00000000,0.00000000
1632163585.59657574,0.00000000,0.00000000,0.00000000,0.00000000
1632163585.69672441,0.00000000,0.00000000,0.00000000,0.00000000
1632163585.79642987,0.00000000,0.00000000,0.00000000,0.00000000
1632163585.89648962,0.00000000,0.00000000,0.00000000,0.00000000
1632163585.99622846,0.00000000,0.00000000,0.00000000,0.00000000
1632163586.09617186,0.00000000,0.00000000,0.00000000,0.00000000
1632163586.19617915,0.00000000,0.00000000,0.00000000,0.00000000
1632163586.29689574,0.00000000,0.00000000,0.00000000,0.00000000
1632163586.39668751,0.00000000,0.00000000,0.00000000,0.00000000
1632163586.49650002,0.00000000,0.00000000,0.00000000,0.00000000
1632163586.59635115,0.00000000,0.00000000,0.00000000,0.00000000
1632163586.69628143,0.00000000,0.00000000,0.00000000,0.00000000
1632163586.79616666,0.00000000,0.00000000,0.00000000,0.00000000
1632163586.89692020,0.00000000,0.00000000,0.00000000,0.00000000
1632163586.99666142,0.00000000,0.00000000,0.00000000,0.00000000
1632163587.09644985,0.00000000,0.00000000,0.00000000,0.00000000
1632163587.19623160,0.00000000,0.00000000,0.00000000,0.00000000
1632163587.29584622,0.00000000,0.00000000,0.00000000,0.00000000
1632163587.39652252,0.00000000,0.00000000,0.00000000,0.00000000
1632163587.49618649,0.00000000,0.00000000,0.00000000,0.00000000
1632163587.59635115,0.00000000,0.00000000,0.00000000,0.00000000
1632163587.69695997,0.00000000,0.00000000,0.00000000,0.00000000
1632163587.79745436,0.00000000,0.00000000,0.00000000,0.00000000
1632163587.89710331,0.00000000,0.00000000,0.00000000,0.00000000
1632163587.99711752,0.00000000,0.00000000,0.00000000,0.00000000
1632163588.09731030,0.00000000,0.00000000,0.00000000,0.00000000
1632163588.19753766,0.00000000,0.00000000,0.00000000,0.00000000
1632163588.29729581,0.00000000,0.00000000,0.00000000,0.00000000
1632163588.39710259,0.00000000,0.00000000,0.00000000,0.00000000
1632163588.49748588,0.00000000,0.00000000,0.00000000,0.00000000
1632163588.59739614,0.00000000,0.00000000,0.00000000,0.00000000
1632163588.69729424,0.00000000,0.00000000,0.00000000,0.00000000
1632163588.79709029,0.00000000,0.00000000,0.00000000,0.00000000
1632163588.89704728,0.00000000,0.00000000,0.00000000,0.00000000
1632163588.99776411,0.00000000,0.00000000,0.00000000,0.00000000
1632163589.09762859,0.00000000,0.00000000,0.00000000,0.00000000
1632163589.19721293,0.00000000,0.00000000,0.00000000,0.00000000
1632163589.29776144,0.00000000,0.00000000,0.00000000,0.00000000
1632163589.39830494,0.00000000,0.00000000,0.00000000,0.00000000
1632163589.49784112,0.00000000,0.00000000,0.00000000,0.00000000
1632163589.59840345,0.00000000,0.00000000,0.00000000,0.00000000
1632163589.69787407,0.00000000,0.00000000,0.00000000,0.00000000
1632163589.79850698,0.00000000,0.00000000,0.00000000,0.00000000
1632163589.89832783,0.00000000,0.00000000,0.00000000,0.00000000
1632163589.99878883,0.00000000,0.00000000,0.00000000,0.00000000
1632163590.09803319,0.00000000,0.00000000,0.00000000,0.00000000
1632163590.19819880,0.00000000,0.00000000,0.00000000,0.00000000
1632163590.29855561,0.00000000,0.00000000,0.00000000,0.00000000
1632163590.39831805,0.00000000,0.00000000,0.00000000,0.00000000
1632163590.49871325,0.00000000,0.00000000,0.00000000,0.00000000
1632163590.59954309,0.00000000,0.00000000,0.00000000,0.00000000
1632163590.69976354,0.00000000,0.00000000,0.00000000,0.00000000
1632163590.79969859,0.00000000,0.00000000,0.00000000,0.00000000
1632163590.89980149,0.00000000,0.00000000,0.00000000,0.00000000
1632163590.99905682,0.00000000,0.00000000,0.00000000,0.00000000
1632163591.10147786,0.00000000,0.00000000,0.00000000,0.00000000
1632163591.19963169,0.00000000,0.00000000,0.00000000,0.00000000
1632163591.29905534,0.00000000,0.00000000,0.00000000,0.00000000
1632163591.39932466,0.00000000,0.00000000,0.00000000,0.00000000
1632163591.49913549,0.00000000,0.00000000,0.00000000,0.00000000
1632163591.60004401,0.00000000,0.00000000,0.00000000,0.00000000
1632163591.70104337,0.00000000,0.00000000,0.00000000,0.00000000
1632163591.80135727,0.00000000,0.00000000,0.00000000,0.00000000
1632163591.90130210,0.00000000,0.00000000,0.00000000,0.00000000
1632163592.00136709,0.00000000,0.00000000,0.00000000,0.00000000
1632163592.10132122,0.00000000,0.00000000,0.00000000,0.00000000
1632163592.20130539,0.00000000,0.00000000,0.00000000,0.00000000
1632163592.30201888,0.00000000,0.00000000,0.00000000,0.00000000
1632163592.40145350,0.00000000,0.00000000,0.00000000,0.00000000
1632163592.50189424,0.00000000,0.00000000,0.00000000,0.00000000
1632163592.60172558,0.00000000,0.00000000,0.00000000,0.00000000
1632163592.70116091,0.03000000,0.00000000,0.00291000,0.00000000
1632163592.80191946,0.06000000,0.00000000,0.00873000,0.00000000
1632163592.90162349,0.09000000,0.00000000,0.01794500,0.00000000
1632163593.00152516,0.07200000,0.00000000,0.02473500,0.00000000
1632163593.10128045,0.10200000,0.00000000,0.03492000,0.00000000
1632163593.20192242,0.13200000,0.00000000,0.04898500,0.00000000
1632163593.30256391,0.14400000,0.00000000,0.06256500,0.00000000
1632163593.40230274,0.14400000,0.00000000,0.07663000,0.00000000
1632163593.50276232,0.14200000,0.00000000,0.09166500,0.00000000
1632163593.60213327,0.14200000,0.00000000,0.10573000,0.00000000
1632163593.70275092,0.14000000,0.00000000,0.11979500,0.00000000
1632163593.80273557,0.13900000,0.00000000,0.13386000,0.00000000
1632163593.90229154,0.13700000,0.00000000,0.14792500,0.00000000
1632163594.00207496,0.13600000,0.00000000,0.16053500,0.00000000
1632163594.10250139,0.13400000,0.00000000,0.17460000,0.00000000
1632163594.20259953,0.13300000,0.00000000,0.18769500,0.00000000
1632163594.30273199,0.13200000,0.00000000,0.20079000,0.00000000
1632163594.40232277,0.13000000,0.00000000,0.21388500,0.00000000
1632163594.50289559,0.12900000,0.00000000,0.22698000,0.00000000
1632163594.60381651,0.12800000,0.00000000,0.23959000,0.00000000
1632163594.70309091,0.12600000,0.00000000,0.25171500,0.00000000
1632163594.80328703,0.12100000,0.00000000,0.26481000,0.00000000
1632163594.90302706,0.11500000,0.00000000,0.27596500,0.00000000
1632163595.00365567,0.10900000,0.00000000,0.28663500,0.00000000
1632163595.10384679,0.10200000,0.00000000,0.29682000,0.00000000
1632163595.20300627,0.09600000,0.00000000,0.30652000,0.00000000
1632163595.30305815,0.09000000,0.00000000,0.31573500,0.00000000
1632163595.40369010,0.08400000,0.00000000,0.32398000,0.00000000
1632163595.50356030,0.07700000,0.00000000,0.33174000,0.00000000
1632163595.60325503,0.07100000,0.00000000,0.33853000,0.00000000
1632163595.70372486,0.06500000,0.00000000,0.34580500,0.00000000
1632163595.80443382,0.05900000,0.00000000,0.35065500,0.00000000
1632163595.90489006,0.05300000,0.00000000,0.35696000,0.00000000
1632163596.00433517,0.04800000,0.00000000,0.36181000,0.00000000
1632163596.10500121,0.04200000,0.00000000,0.36569000,0.00000000
1632163596.20504737,0.03600000,0.00000000,0.36860000,0.00000000
1632163596.30576062,0.03000000,0.00000000,0.37199500,0.00000000
1632163596.40533972,0.02500000,0.00000000,0.37490500,0.00000000
1632163596.50551534,0.01900000,0.00000000,0.37684500,0.00000000
1632163596.60515237,0.01400000,0.00000000,0.37781500,0.00000000
1632163596.70584822,0.01300000,0.00000000,0.37975500,0.00000000
1632163596.80559421,0.01300000,0.00000000,0.38072500,0.00000000
1632163596.90517354,0.01300000,0.00000000,0.38169500,0.00000000
1632163597.00583792,0.01200000,0.00000000,0.38266500,0.00000000
1632163597.10595298,0.01200000,0.00000000,0.38460500,0.00000000
1632163597.20631528,0.01200000,0.00000000,0.38557500,0.00000000
1632163597.30654788,0.01200000,0.00000000,0.38654500,0.00000000
1632163597.40681052,0.01200000,0.00000000,0.38751500,0.00000000
1632163597.50618482,0.01200000,0.00000000,0.38897000,0.00000000
1632163597.60642028,0.01200000,0.00000000,0.39091000,0.00000000
1632163597.70669317,0.01200000,0.00000000,0.39188000,0.00000000
1632163597.80663419,0.01100000,0.00000000,0.39285000,0.00000000
1632163597.90693021,0.01100000,0.00000000,0.39382000,0.00000000
1632163598.00736046,0.01100000,0.00000000,0.39479000,0.00000000
1632163598.10760355,0.01100000,0.00000000,0.39576000,0.00000000
1632163598.20786452,0.01100000,0.00000000,0.39673000,0.00000000
1632163598.30707145,0.01100000,0.00000000,0.39770000,0.00000000
1632163598.40741205,0.01100000,0.00000000,0.39867000,0.00000000
1632163598.50771618,0.01100000,0.00000000,0.40061000,0.00000000
1632163598.60713506,0.01100000,0.00000000,0.40158000,0.00000000
1632163598.70704699,0.01000000,0.00000000,0.40255000,0.00000000
1632163598.80790591,0.01000000,0.00000000,0.40352000,0.00000000
1632163598.90770698,0.01000000,0.00000000,0.40497500,0.00000000
1632163599.00780344,0.01000000,0.00000000,0.40594500,0.00000000
1632163599.10709238,0.01000000,0.00000000,0.40691500,0.00000000
1632163599.20783472,0.01000000,0.00000000,0.40788500,0.00000000
1632163599.30760956,0.01000000,0.00000000,0.40885500,0.00000000
1632163599.40769291,0.01000000,0.00000000,0.40982500,0.00000000
1632163599.50716186,0.00900000,0.00000000,0.40982500,0.00000000
1632163599.60753012,0.00900000,0.00000000,0.41079500,0.00000000
1632163599.70750785,0.00900000,0.00000000,0.41176500,0.00000000
1632163599.80751538,0.00900000,0.00000000,0.41273500,0.00000000
1632163599.90788317,0.00900000,0.00000000,0.41370500,0.00000000
1632163600.00750971,0.00900000,0.00000000,0.41467500,0.00000000
1632163600.10682702,0.00900000,0.00000000,0.41564500,0.00000000
1632163600.20720720,0.00900000,0.00000000,0.41661500,0.00000000
1632163600.30752635,0.00900000,0.00000000,0.41758500,0.00000000
1632163600.40780234,0.00900000,0.00000000,0.41855500,0.00000000
1632163600.50733066,0.00900000,0.00000000,0.41952500,0.00000000
1632163600.60720348,0.00900000,0.00000000,0.41952500,0.00000000
1632163600.70787430,0.00800000,0.00000000,0.42098000,0.00000000
1632163600.80730796,0.00800000,0.00000000,0.42195000,0.00000000
1632163600.90799928,0.00800000,0.00000000,0.42292000,0.00000000
1632163601.00830102,0.00800000,0.00000000,0.42389000,0.00000000
1632163601.10805297,0.00000000,0.00000000,0.42389000,0.00000000
1632163601.20834494,0.03000000,0.00000000,0.42680000,0.00000000
1632163601.30882740,0.06000000,0.00000000,0.43262000,0.00000000
1632163601.40876675,0.09000000,0.00000000,0.44183500,0.00000000
1632163601.50826383,0.12100000,0.00000000,0.45396000,0.00000000
1632163601.60887623,0.15100000,0.00000000,0.46899500,0.00000000
1632163601.70818233,0.15800000,0.00000000,0.48451500,0.00000000
1632163601.80864501,0.15700000,0.00000000,0.50052000,0.00000000
1632163601.90890145,0.15700000,0.00000000,0.51555500,0.00000000
1632163602.00790715,0.15600000,0.00000000,0.53156000,0.00000000
1632163602.10872126,0.15500000,0.00000000,0.54659500,0.00000000
1632163602.20819426,0.15300000,0.00000000,0.56260000,0.00000000
1632163602.30809689,0.15200000,0.00000000,0.57763500,0.00000000
1632163602.40887713,0.15000000,0.00000000,0.59267000,0.00000000
1632163602.50848317,0.14800000,0.00000000,0.60770500,0.00000000
1632163602.60897875,0.14700000,0.00000000,0.62177000,0.00000000
1632163602.70938873,0.14500000,0.00000000,0.63680500,0.00000000
1632163602.80974531,0.14400000,0.00000000,0.65087000,0.00000000
1632163602.90914321,0.14200000,0.00000000,0.66590500,0.00000000
1632163603.00946784,0.14100000,0.00000000,0.67997000,0.00000000
1632163603.10927892,0.13900000,0.00000000,0.69355000,0.00000000
1632163603.20964170,0.13800000,0.00000000,0.70664500,0.00000000
1632163603.30896211,0.13600000,0.00000000,0.72071000,0.00000000
1632163603.40949631,0.13500000,0.00000000,0.73380500,0.00000000
1632163603.50989842,0.13300000,0.00000000,0.74787000,0.00000000
1632163603.60923386,0.13200000,0.00000000,0.76096500,0.00000000
1632163603.70972514,0.13100000,0.00000000,0.77357500,0.00000000
1632163603.80921412,0.12900000,0.00000000,0.78667000,0.00000000
1632163603.90970755,0.12800000,0.00000000,0.79976500,0.00000000
1632163604.00917649,0.12700000,0.00000000,0.81189000,0.00000000
1632163604.10957336,0.12500000,0.00000000,0.82498500,0.00000000
1632163604.20917559,0.12400000,0.00000000,0.83662500,0.00000000
1632163604.30965471,0.12300000,0.00000000,0.84972000,0.00000000
1632163604.40930438,0.12100000,0.00000000,0.86184500,0.00000000
1632163604.50947857,0.12000000,0.00000000,0.87397000,0.00000000
1632163604.60913825,0.11900000,0.00000000,0.88561000,0.00000000
1632163604.70942116,0.11700000,0.00000000,0.89676500,0.00000000
1632163604.80881119,0.11600000,0.00000000,0.90889000,0.00000000
1632163604.90904951,0.11500000,0.00000000,0.91956000,0.00000000
1632163605.00925231,0.11400000,0.00000000,0.93168500,0.00000000
1632163605.10941005,0.11300000,0.00000000,0.94284000,0.00000000
1632163605.20959997,0.11100000,0.00000000,0.95399500,0.00000000
1632163605.30897760,0.11000000,0.00000000,0.96466500,0.00000000
1632163605.40915585,0.10900000,0.00000000,0.97582000,0.00000000
1632163605.50932789,0.10800000,0.00000000,0.98697500,0.00000000
1632163605.60949683,0.10700000,0.00000000,0.99667500,0.00000000
1632163605.70966506,0.10600000,0.00000000,1.00783000,0.00000000
1632163605.80882931,0.10500000,0.00000000,1.01898500,0.00000000
1632163605.90904307,0.10400000,0.00000000,1.02868500,0.00000000
1632163606.00925231,0.10200000,0.00000000,1.03887000,0.00000000
1632163606.10943842,0.10100000,0.00000000,1.04857000,0.00000000
1632163606.20961118,0.10000000,0.00000000,1.05875500,0.00000000
1632163606.30878115,0.09900000,0.00000000,1.06894000,0.00000000
1632163606.40898108,0.09800000,0.00000000,1.07864000,0.00000000
1632163606.50919986,0.09700000,0.00000000,1.08882500,0.00000000
1632163606.60961843,0.09600000,0.00000000,1.09755500,0.00000000
1632163606.70906091,0.09500000,0.00000000,1.10774000,0.00000000
1632163606.80948400,0.09400000,0.00000000,1.11695500,0.00000000
1632163606.90968490,0.09300000,0.00000000,1.12568500,0.00000000
1632163607.00907516,0.09200000,0.00000000,1.13587000,0.00000000
1632163607.10925961,0.09100000,0.00000000,1.14460000,0.00000000
1632163607.20951533,0.09000000,0.00000000,1.15381500,0.00000000
1632163607.30968714,0.08900000,0.00000000,1.16254500,0.00000000
1632163607.40888166,0.08800000,0.00000000,1.17079000,0.00000000
1632163607.50910449,0.08700000,0.00000000,1.17952000,0.00000000
1632163607.60932732,0.08600000,0.00000000,1.18873500,0.00000000
1632163607.70973969,0.08600000,0.00000000,1.19698000,0.00000000
1632163607.80996513,0.08500000,0.00000000,1.20571000,0.00000000
1632163607.91010261,0.08400000,0.00000000,1.21395500,0.00000000
1632163608.01036119,0.08300000,0.00000000,1.22171500,0.00000000
1632163608.11057758,0.08200000,0.00000000,1.23093000,0.00000000
1632163608.20984006,0.08100000,0.00000000,1.23869000,0.00000000
1632163608.31003284,0.08000000,0.00000000,1.24693500,0.00000000
1632163608.41042209,0.07900000,0.00000000,1.25469500,0.00000000
1632163608.51058912,0.07900000,0.00000000,1.26294000,0.00000000
1632163608.61078119,0.07800000,0.00000000,1.26973000,0.00000000
1632163608.71095109,0.07700000,0.00000000,1.27797500,0.00000000
1632163608.81118155,0.07600000,0.00000000,1.28573500,0.00000000
1632163608.91143608,0.07500000,0.00000000,1.29252500,0.00000000
1632163609.01179576,0.07500000,0.00000000,1.30077000,0.00000000
1632163609.11198974,0.07400000,0.00000000,1.30756000,0.00000000
1632163609.21218157,0.07300000,0.00000000,1.31483500,0.00000000
1632163609.31238961,0.07200000,0.00000000,1.32259500,0.00000000
1632163609.41259336,0.07100000,0.00000000,1.32987000,0.00000000
1632163609.51198244,0.07100000,0.00000000,1.33666000,0.00000000
1632163609.61241436,0.07000000,0.00000000,1.34393500,0.00000000
1632163609.71270823,0.06900000,0.00000000,1.35072500,0.00000000
1632163609.81211424,0.06900000,0.00000000,1.35751500,0.00000000
1632163609.91253448,0.06800000,0.00000000,1.36382000,0.00000000
1632163610.01273608,0.06700000,0.00000000,1.37061000,0.00000000
1632163610.11295629,0.06600000,0.00000000,1.37788500,0.00000000
1632163610.21316981,0.06600000,0.00000000,1.38370500,0.00000000
1632163610.31337976,0.06500000,0.00000000,1.39098000,0.00000000
1632163610.41363049,0.06400000,0.00000000,1.39680000,0.00000000
1632163610.51278496,0.06400000,0.00000000,1.40359000,0.00000000
1632163610.61324883,0.06300000,0.00000000,1.40989500,0.00000000
1632163610.71346402,0.06200000,0.00000000,1.41571500,0.00000000
1632163610.81366682,0.06200000,0.00000000,1.42153500,0.00000000
1632163610.91316509,0.06100000,0.00000000,1.42881000,0.00000000
1632163611.01357031,0.06000000,0.00000000,1.43366000,0.00000000
1632163611.11296630,0.06000000,0.00000000,1.43996500,0.00000000
1632163611.21336555,0.05900000,0.00000000,1.44578500,0.00000000
1632163611.31353712,0.05800000,0.00000000,1.45160500,0.00000000
1632163611.41371036,0.05800000,0.00000000,1.45791000,0.00000000
1632163611.51287723,0.05700000,0.00000000,1.46373000,0.00000000
1632163611.61305428,0.05700000,0.00000000,1.46858000,0.00000000
1632163611.71342254,0.05600000,0.00000000,1.47488500,0.00000000
1632163611.81375718,0.05500000,0.00000000,1.47973500,0.00000000
1632163611.91397715,0.05500000,0.00000000,1.48555500,0.00000000
1632163612.01420403,0.05400000,0.00000000,1.49089000,0.00000000
1632163612.11438608,0.05400000,0.00000000,1.49671000,0.00000000
1632163612.21460414,0.05300000,0.00000000,1.50156000,0.00000000
1632163612.31382656,0.05300000,0.00000000,1.50689500,0.00000000
1632163612.41399121,0.05200000,0.00000000,1.51271500,0.00000000
1632163612.51422763,0.02200000,0.00000000,1.51465500,0.00000000
1632163612.61442780,0.05200000,0.00000000,1.51999000,0.00000000
1632163612.71462178,0.08200000,0.00000000,1.52775000,0.00000000
1632163612.81383634,0.10000000,0.00000000,1.53793500,0.00000000
1632163612.91400456,0.09900000,0.00000000,1.54763500,0.00000000
1632163613.01439881,0.09900000,0.00000000,1.55782000,0.00000000
1632163613.11456895,0.09900000,0.00000000,1.56752000,0.00000000
1632163613.21474242,0.09800000,0.00000000,1.57770500,0.00000000
1632163613.31491375,0.09700000,0.00000000,1.58692000,0.00000000
1632163613.41526413,0.09600000,0.00000000,1.59662000,0.00000000
1632163613.51544714,0.09500000,0.00000000,1.60583500,0.00000000
1632163613.61563110,0.09400000,0.00000000,1.61553500,0.00000000
1632163613.71577477,0.09300000,0.00000000,1.62475000,0.00000000
1632163613.81616592,0.09200000,0.00000000,1.63396500,0.00000000
1632163613.91659212,0.09100000,0.00000000,1.64269500,0.00000000
1632163614.01596069,0.09000000,0.00000000,1.65191000,0.00000000
1632163614.11638689,0.08900000,0.00000000,1.66064000,0.00000000
1632163614.21659827,0.08800000,0.00000000,1.66985500,0.00000000
1632163614.31620646,0.08800000,0.00000000,1.67858500,0.00000000
1632163614.41642666,0.08700000,0.00000000,1.68780000,0.00000000
1632163614.51658511,0.08600000,0.00000000,1.69556000,0.00000000
1632163614.61666560,0.08500000,0.00000000,1.70477500,0.00000000
1632163614.71644855,0.08400000,0.00000000,1.71253500,0.00000000
1632163614.81609368,0.08300000,0.00000000,1.72078000,0.00000000
1632163614.91651464,0.08200000,0.00000000,1.72999500,0.00000000
1632163615.01666069,0.08100000,0.00000000,1.73775500,0.00000000
1632163615.11587524,0.08000000,0.00000000,1.74551500,0.00000000
1632163615.21611404,0.08000000,0.00000000,1.75376000,0.00000000
1632163615.31656480,0.07900000,0.00000000,1.76152000,0.00000000
1632163615.41702366,0.07800000,0.00000000,1.76879500,0.00000000
1632163615.51738572,0.07700000,0.00000000,1.77655500,0.00000000
1632163615.61778903,0.07600000,0.00000000,1.78480000,0.00000000
1632163615.71710944,0.07500000,0.00000000,1.79159000,0.00000000
1632163615.81768489,0.07500000,0.00000000,1.79983500,0.00000000
1632163615.91708159,0.07400000,0.00000000,1.80662500,0.00000000
1632163616.01743388,0.07300000,0.00000000,1.81487000,0.00000000
1632163616.11773658,0.07200000,0.00000000,1.82166000,0.00000000
1632163616.21708918,0.07200000,0.00000000,1.82893500,0.00000000
1632163616.31725454,0.07100000,0.00000000,1.83572500,0.00000000
1632163616.41774035,0.07000000,0.00000000,1.84251500,0.00000000
1632163616.51687884,0.06900000,0.00000000,1.84979000,0.00000000
1632163616.61737347,0.06900000,0.00000000,1.85658000,0.00000000
1632163616.71783376,0.06800000,0.00000000,1.86385500,0.00000000
1632163616.81712723,0.06700000,0.00000000,1.86967500,0.00000000
1632163616.91748857,0.06600000,0.00000000,1.87695000,0.00000000
1632163617.01789689,0.06600000,0.00000000,1.88374000,0.00000000
1632163617.11776233,0.06500000,0.00000000,1.88956000,0.00000000
1632163617.21732330,0.06400000,0.00000000,1.89683500,0.00000000
1632163617.31730533,0.06400000,0.00000000,1.90265500,0.00000000
1632163617.41720581,0.06300000,0.00000000,1.90896000,0.00000000
1632163617.51756454,0.06200000,0.00000000,1.91478000,0.00000000
1632163617.61788869,0.06200000,0.00000000,1.92157000,0.00000000
1632163617.71726203,0.06100000,0.00000000,1.92787500,0.00000000
1632163617.81753349,0.06000000,0.00000000,1.93369500,0.00000000
1632163617.91706729,0.06000000,0.00000000,1.93951500,0.00000000
1632163618.01772308,0.05900000,0.00000000,1.94582000,0.00000000
1632163618.11782598,0.05900000,0.00000000,1.95067000,0.00000000
1632163618.21730638,0.05800000,0.00000000,1.95697500,0.00000000
1632163618.31758881,0.05700000,0.00000000,1.96279500,0.00000000
1632163618.41781807,0.05700000,0.00000000,1.96861500,0.00000000
1632163618.51854825,0.05600000,0.00000000,1.97395000,0.00000000
1632163618.61893606,0.05500000,0.00000000,1.97977000,0.00000000
1632163618.71832061,0.05500000,0.00000000,1.98462000,0.00000000
1632163618.81863618,0.05400000,0.00000000,1.99092500,0.00000000
1632163618.91850424,0.05400000,0.00000000,1.99577500,0.00000000
1632163619.01895785,0.05300000,0.00000000,2.00062500,0.00000000
1632163619.11963725,0.05300000,0.00000000,2.00693000,0.00000000
1632163619.21961308,0.05200000,0.00000000,2.01178000,0.00000000
1632163619.31939912,0.05200000,0.00000000,2.01663000,0.00000000
1632163619.41983151,0.05100000,0.00000000,2.02196500,0.00000000
1632163619.51912880,0.05000000,0.00000000,2.02681500,0.00000000
1632163619.61943626,0.05000000,0.00000000,2.03166500,0.00000000
1632163619.71948719,0.05000000,0.00000000,2.03651500,0.00000000
1632163619.81935287,0.05000000,0.00000000,2.04185000,0.00000000
1632163619.91990757,0.05000000,0.00000000,2.04670000,0.00000000
1632163620.02001476,0.05000000,0.00000000,2.05155000,0.00000000
1632163620.12060976,0.05000000,0.00000000,2.05688500,0.00000000
1632163620.22008348,0.02000000,0.00000000,2.05882500,0.00000000
1632163620.32093787,0.00000000,0.00000000,2.05882500,0.00000000
1632163620.42065763,0.00000000,0.00000000,2.05882500,0.00000000
1632163620.52049494,0.00000000,0.00000000,2.05882500,0.00000000
1632163620.61989641,0.00000000,0.00000000,2.05882500,0.00000000
1632163620.72077680,0.00000000,0.00000000,2.05882500,0.00000000
1632163620.82079697,0.00000000,0.00000000,2.05882500,0.00000000
1632163620.92015743,0.00000000,0.00000000,2.05882500,0.00000000
1632163621.02087140,0.00000000,0.00000000,2.05882500,0.00000000
1632163621.12070799,0.00000000,0.00000000,2.05882500,0.00000000
1632163621.22081447,0.00000000,0.00000000,2.05882500,0.00000000
1632163621.32175136,0.00000000,0.00000000,2.05882500,0.00000000
1632163621.42143250,0.00000000,0.00000000,2.05882500,0.00000000
1632163621.52119660,0.00000000,0.00000000,2.05882500,0.00000000
1632163621.62194252,0.00000000,0.00000000,2.05882500,0.00000000
1632163621.72168803,0.00000000,0.00000000,2.05882500,0.00000000
1632163621.82153296,0.00000000,0.00000000,2.05882500,0.00000000
1632163621.92122221,0.00000000,0.00000000,2.05882500,0.00000000
1632163622.02200317,0.00000000,0.00000000,2.05882500,0.00000000
1632163622.12278056,0.00000000,0.00000000,2.05882500,0.00000000
1632163622.22246766,0.00000000,0.00000000,2.05882500,0.00000000
1632163622.32222724,0.00000000,0.00000000,2.05882500,0.00000000
1632163622.42300558,0.00000000,0.00000000,2.05882500,0.00000000
1632163622.52379107,0.00000000,0.00000000,2.05882500,0.00000000
1632163622.62329745,0.00000000,0.00000000,2.05882500,0.00000000
1632163622.72333813,0.00000000,0.00000000,2.05882500,0.00000000
1632163622.82319689,0.00000000,0.00000000,2.05882500,0.00000000
1632163622.92319751,0.00000000,0.00000000,2.05882500,0.00000000
1632163623.02328205,0.00000000,0.00000000,2.05882500,0.00000000
1632163623.12395620,0.00000000,0.00000000,2.05882500,0.00000000
1632163623.22485900,0.00000000,0.00000000,2.05882500,0.00000000
1632163623.32464314,0.00000000,0.00000000,2.05882500,0.00000000
1632163623.42431355,0.00000000,0.00000000,2.05882500,0.00000000
1632163623.52477074,0.00000000,0.00000000,2.05882500,0.00000000
1632163623.62464309,0.00000000,0.00000000,2.05882500,0.00000000
1632163623.72445655,0.00000000,0.00000000,2.05882500,0.00000000
1632163623.82419634,0.00000000,0.00000000,2.05882500,0.00000000
1632163623.92504382,0.00000000,0.00000000,2.05882500,0.00000000
1632163624.02556205,0.00000000,0.00000000,2.05882500,0.00000000
1632163624.12565970,0.00000000,0.00000000,2.05882500,0.00000000
1632163624.22545719,0.00000000,0.00000000,2.05882500,0.00000000
1632163624.32523894,0.00000000,0.00000000,2.05882500,0.00000000
1632163624.42598319,0.00000000,0.00000000,2.05882500,0.00000000
1632163624.52665520,0.00000000,0.00000000,2.05882500,0.00000000
1632163624.62662506,0.00000000,0.00000000,2.05882500,0.00000000
1632163624.72627068,0.00000000,0.00000000,2.05882500,0.00000000
1632163624.82668519,0.00000000,0.00000000,2.05882500,0.00000000
1632163624.92645288,0.00000000,0.00000000,2.05882500,0.00000000
1632163625.02620077,0.00000000,0.00000000,2.05882500,0.00000000
1632163625.12692428,0.00000000,0.00000000,2.05882500,0.00000000
1632163625.22652292,0.00000000,0.00000000,2.05882500,0.00000000
1632163625.32621408,0.00000000,0.00000000,2.05882500,0.00000000
1632163625.42617917,0.00000000,0.00000000,2.05882500,0.00000000
1632163625.52695990,0.00000000,0.00000000,2.05882500,0.00000000
1632163625.62666559,0.00000000,0.00000000,2.05882500,0.00000000
1632163625.72638202,0.00000000,0.00000000,2.05882500,0.00000000
1632163625.82605672,0.00000000,0.00000000,2.05882500,0.00000000
1632163625.92634606,0.00000000,0.00000000,2.05882500,0.00000000
1632163626.02675772,0.00000000,0.00000000,2.05882500,0.00000000
1632163626.12646937,0.00000000,0.00000000,2.05882500,0.00000000
