Seconds,Last,Current
1632159959.20943403,0,1
1632159966.00943255,1,2
1632159973.90942883,2,1
1632159975.40943241,1,0
1632159977.60945630,0,1
1632159985.30944848,1,2
1632159995.30942106,2,1
1632159996.60946488,1,0
1632160056.10964417,0,1
1632160063.30956841,1,2
1632160075.00977612,2,1
1632160076.30965829,1,0
1632160119.40968013,0,1
1632160130.70967555,1,0
1632160136.70970011,0,1
1632160142.40968943,1,2
1632160152.20975661,2,1
1632160153.40968013,1,0
1632160212.10968709,0,1
1632160219.30965900,1,2
1632160231.00968909,2,1
1632160232.30975628,1,0
1632160275.00967193,0,1
1632160282.80966449,1,2
1632160284.60975575,2,1
1632160286.80967832,1,0
1632160292.30947804,0,1
1632160298.40970564,1,2
1632160308.10943484,2,1
1632160309.40943313,1,0
1632160368.10943842,0,1
1632160375.30945373,1,2
1632160387.00944614,2,1
1632160388.30982804,1,0
1632160431.30967450,0,1
1632160442.70970845,1,0
1632160448.70968366,0,1
1632160454.40965128,1,2
1632160464.20967603,2,1
1632160465.40973711,1,0
1632160524.00969791,0,1
1632160531.20972610,1,2
1632160543.00945449,2,1
1632160544.20967317,1,0
