Seconds,x,y,z,w
1632313396.74621820,0.00000000,0.00000000,0.00000000,0.00000000
1632313396.84625626,0.00000000,0.00000000,0.00000000,0.00000000
1632313396.94622660,0.00000000,0.00000000,0.00000000,0.00000000
1632313397.04622006,0.00000000,0.00000000,0.00000000,0.00000000
1632313397.14621854,0.00000000,0.00000000,0.00000000,0.00000000
1632313397.24621797,0.00000000,0.00000000,0.00000000,0.00000000
1632313397.34621596,0.00000000,0.00000000,0.00000000,0.00000000
1632313397.44621825,0.00000000,0.00000000,0.00000000,0.00000000
1632313397.54625630,0.00000000,0.00000000,0.00000000,0.00000000
1632313397.64622188,0.00000000,0.00000000,0.00000000,0.00000000
1632313397.74621797,0.00000000,0.00000000,0.00000000,0.00000000
1632313397.84621763,0.00000000,0.00000000,0.00000000,0.00000000
1632313397.94621873,0.00000000,0.00000000,0.00000000,0.00000000
1632313398.04621220,0.00000000,0.00000000,0.00000000,0.00000000
1632313398.14621544,0.00000000,0.00000000,0.00000000,0.00000000
1632313398.24622130,0.00000000,0.00000000,0.00000000,0.00000000
1632313398.34626865,0.00000000,0.00000000,0.00000000,0.00000000
1632313398.44622040,0.00000000,0.00000000,0.00000000,0.00000000
1632313398.54626203,0.00000000,0.00000000,0.00000000,0.00000000
1632313398.64626265,0.00000000,0.00000000,0.00000000,0.00000000
1632313398.74621820,0.00000000,0.00000000,0.00000000,0.00000000
1632313398.84620976,0.00000000,0.00000000,0.00000000,0.00000000
1632313398.94622517,0.00000000,0.00000000,0.00000000,0.00000000
1632313399.04622531,0.00000000,0.00000000,0.00000000,0.00000000
1632313399.14621663,0.00000000,0.00000000,0.00000000,0.00000000
1632313399.24623370,0.00000000,0.00000000,0.00000000,0.00000000
1632313399.34621668,0.00000000,0.00000000,0.00000000,0.00000000
1632313399.44622540,0.00000000,0.00000000,0.00000000,0.00000000
1632313399.54625678,0.00000000,0.00000000,0.00000000,0.00000000
1632313399.64621615,0.00000000,0.00000000,0.00000000,0.00000000
1632313399.74625421,0.00000000,0.00000000,0.00000000,0.00000000
1632313399.84627032,0.00000000,0.00000000,0.00000000,0.00000000
1632313399.94621968,0.00000000,0.00000000,0.00000000,0.00000000
1632313400.04621625,0.00000000,0.00000000,0.00000000,0.00000000
1632313400.14621449,0.00000000,0.00000000,0.00000000,0.00000000
1632313400.24621463,0.00000000,0.00000000,0.00000000,0.00000000
1632313400.34622002,0.00000000,0.00000000,0.00000000,0.00000000
1632313400.44627523,0.00000000,0.00000000,0.00000000,0.00000000
1632313400.54626656,0.00000000,0.00000000,0.00000000,0.00000000
1632313400.64621520,0.00000000,0.00000000,0.00000000,0.00000000
1632313400.74625778,0.00000000,0.00000000,0.00000000,0.00000000
1632313400.84621263,0.00000000,0.00000000,0.00000000,0.00000000
1632313400.94627500,0.00000000,0.00000000,0.00000000,0.00000000
1632313401.04625559,0.00000000,0.00000000,0.00000000,0.00000000
1632313401.14621520,0.00000000,0.00000000,0.00000000,0.00000000
1632313401.24621701,0.00000000,0.00000000,0.00000000,0.00000000
1632313401.34621763,0.00000000,0.00000000,0.00000000,0.00000000
1632313401.44621825,0.00000000,0.00000000,0.00000000,0.00000000
1632313401.54627204,0.00000000,0.00000000,0.00000000,0.00000000
1632313401.64625502,0.00000000,0.00000000,0.00000000,0.00000000
1632313401.74623179,0.00000000,0.00000000,0.00000000,0.00000000
1632313401.84623194,0.00000000,0.00000000,0.00000000,0.00000000
1632313401.94621778,0.00000000,0.00000000,0.00000000,0.00000000
1632313402.04621696,0.00000000,0.00000000,0.00000000,0.00000000
1632313402.14625573,0.00000000,0.00000000,0.00000000,0.00000000
1632313402.24621296,0.00000000,0.00000000,0.00000000,0.00000000
1632313402.34623575,0.00000000,0.00000000,0.00000000,0.00000000
1632313402.44626427,0.00000000,0.00000000,0.00000000,0.00000000
1632313402.54625559,0.00000000,0.00000000,0.00000000,0.00000000
1632313402.64625859,0.00000000,0.00000000,0.00000000,0.00000000
1632313402.74622202,0.00000000,0.00000000,0.00000000,0.00000000
1632313402.84621978,0.00000000,0.00000000,0.00000000,0.00000000
1632313402.94622016,0.00000000,0.00000000,0.00000000,0.00000000
1632313403.04626322,0.00000000,0.00000000,0.00000000,0.00000000
1632313403.14622068,0.00000000,0.00000000,0.00000000,0.00000000
1632313403.24622273,0.00000000,0.00000000,0.00000000,0.00000000
1632313403.34622312,0.00000000,0.00000000,0.00000000,0.00000000
1632313403.44619823,0.00000000,0.00000000,0.00000000,0.00000000
1632313403.54622769,0.00000000,0.00000000,0.00000000,0.00000000
1632313403.64622259,0.00000000,0.00000000,0.00000000,0.00000000
1632313403.74623275,0.00000000,0.00000000,0.00000000,0.00000000
1632313403.84622240,0.00000000,0.00000000,0.00000000,0.00000000
1632313403.94625616,0.00000000,0.00000000,0.00000000,0.00000000
1632313404.04626656,0.00000000,0.00000000,0.00000000,0.00000000
1632313404.14622021,0.00000000,0.00000000,0.00000000,0.00000000
1632313404.24622893,0.00000000,0.00000000,0.00000000,0.00000000
1632313404.34621906,0.00000000,0.00000000,0.00000000,0.00000000
1632313404.44621539,0.00000000,0.00000000,0.00000000,0.00000000
1632313404.54620790,0.00000000,0.00000000,0.00000000,0.00000000
1632313404.64625549,0.00000000,0.00000000,0.00000000,0.00000000
1632313404.74625468,0.00000000,0.00000000,0.00000000,0.00000000
1632313404.84622169,0.00000000,0.00000000,0.00000000,0.00000000
1632313404.94621658,0.00000000,0.00000000,0.00000000,0.00000000
1632313405.04621792,0.00000000,0.00000000,0.00000000,0.00000000
1632313405.14625573,0.00000000,0.00000000,0.00000000,0.00000000
1632313405.24622130,0.00000000,0.00000000,0.00000000,0.00000000
1632313405.34622169,0.00000000,0.00000000,0.00000000,0.00000000
1632313405.44622350,0.00000000,0.00000000,0.00000000,0.00000000
1632313405.54625177,0.00000000,0.00000000,0.00000000,0.00000000
1632313405.64621234,0.00000000,0.00000000,0.00000000,0.00000000
1632313405.74622011,0.00000000,0.00000000,0.00000000,0.00000000
1632313405.84622526,0.00000000,0.00000000,0.00000000,0.00000000
1632313405.94623303,0.00000000,0.00000000,0.00000000,0.00000000
1632313406.04621911,0.00000000,0.00000000,0.00000000,0.00000000
1632313406.14626312,0.00000000,0.00000000,0.00000000,0.00000000
1632313406.24625444,0.00000000,0.00000000,0.00000000,0.00000000
1632313406.34623480,0.00000000,0.00000000,0.00000000,0.00000000
1632313406.44621706,0.00000000,0.00000000,0.00000000,0.00000000
1632313406.54621887,0.00000000,0.00000000,0.00000000,0.00000000
1632313406.64621806,0.00000000,0.00000000,0.00000000,0.00000000
1632313406.74621701,0.00000000,0.00000000,0.00000000,0.00000000
1632313406.84622312,0.00000000,0.00000000,0.00000000,0.00000000
1632313406.94621563,0.00000000,0.00000000,0.00000000,0.00000000
1632313407.04621887,0.00000000,0.00000000,0.00000000,0.00000000
1632313407.14625597,0.00000000,0.00000000,0.00000000,0.00000000
1632313407.24621749,0.00000000,0.00000000,0.00000000,0.00000000
1632313407.34622002,0.00000000,0.00000000,0.00000000,0.00000000
1632313407.44621634,0.00000000,0.00000000,0.00000000,0.00000000
1632313407.54621720,0.00000000,0.00000000,0.00000000,0.00000000
1632313407.64621806,0.00000000,0.00000000,0.00000000,0.00000000
1632313407.74621773,0.00000000,0.00000000,0.00000000,0.00000000
1632313407.84621716,0.00000000,0.00000000,0.00000000,0.00000000
1632313407.94622064,0.00000000,0.00000000,0.00000000,0.00000000
1632313408.04621625,0.00000000,0.00000000,0.00000000,0.00000000
1632313408.14621782,0.00000000,0.00000000,0.00000000,0.00000000
1632313408.24621582,0.00000000,0.00000000,0.00000000,0.00000000
1632313408.34621453,0.00000000,0.00000000,0.00000000,0.00000000
1632313408.44622540,0.00000000,0.00000000,0.00000000,0.00000000
1632313408.54622984,0.00000000,0.00000000,0.00000000,0.00000000
1632313408.64621782,0.00000000,0.00000000,0.00000000,0.00000000
1632313408.74623394,0.00000000,0.00000000,0.00000000,0.00000000
1632313408.84622073,0.00000000,0.00000000,0.00000000,0.00000000
1632313408.94621730,0.00000000,0.00000000,0.00000000,0.00000000
1632313409.04622698,0.00000000,0.00000000,0.00000000,0.00000000
1632313409.14622784,50.00000000,0.00000000,0.00000000,0.00000000
1632313409.24622464,45.24000000,0.00000000,0.00000000,0.00000000
1632313409.34626126,40.94000000,0.00000000,0.00000000,0.00000000
1632313409.44621396,37.04000000,0.00000000,0.00000000,0.00000000
1632313409.54623985,33.52000000,0.00000000,0.00000000,0.00000000
1632313409.64622545,30.33000000,0.00000000,0.00000000,0.00000000
1632313409.74623084,27.44000000,0.00000000,0.00000000,0.00000000
1632313409.84625316,24.83000000,0.00000000,0.00000000,0.00000000
1632313409.94628143,22.47000000,0.00000000,0.00000000,0.00000000
1632313410.04627204,20.33000000,0.00000000,0.00000000,0.00000000
1632313410.14622974,18.39000000,0.00000000,0.00000000,0.00000000
1632313410.24622512,16.64000000,0.00000000,0.00000000,0.00000000
1632313410.34626293,15.06000000,0.00000000,0.00000000,0.00000000
1632313410.44622684,13.63000000,0.00000000,0.00000000,0.00000000
1632313410.54626274,12.33000000,0.00000000,0.00000000,0.00000000
1632313410.64626122,11.16000000,0.00000000,0.00000000,0.00000000
1632313410.74626231,10.09000000,0.00000000,0.00000000,0.00000000
1632313410.84621763,9.13000000,0.00000000,0.00000000,0.00000000
1632313410.94622040,8.26000000,0.00000000,0.00000000,0.00000000
1632313411.04621887,7.48000000,0.00000000,0.00000000,0.00000000
1632313411.14623785,6.77000000,0.00000000,0.00000000,0.00000000
1632313411.24621868,6.12000000,0.00000000,0.00000000,0.00000000
1632313411.34621787,5.54000000,0.00000000,0.00000000,0.00000000
1632313411.44622731,5.01000000,0.00000000,0.00000000,0.00000000
1632313411.54621625,4.54000000,0.00000000,0.00000000,0.00000000
1632313411.64621973,4.10000000,0.00000000,0.00000000,0.00000000
1632313411.74622226,3.71000000,0.00000000,0.00000000,0.00000000
1632313411.84625602,3.36000000,0.00000000,0.00000000,0.00000000
1632313411.94622755,3.04000000,0.00000000,0.00000000,0.00000000
1632313412.04622245,2.75000000,0.00000000,0.00000000,0.00000000
1632313412.14621449,2.49000000,0.00000000,0.00000000,0.00000000
1632313412.24619770,2.25000000,0.00000000,0.00000000,0.00000000
1632313412.34625626,2.04000000,0.00000000,0.00000000,0.00000000
1632313412.44621778,1.84000000,0.00000000,0.00000000,0.00000000
1632313412.54621482,1.67000000,0.00000000,0.00000000,0.00000000
1632313412.64622092,1.51000000,0.00000000,0.00000000,0.00000000
1632313412.74621868,1.37000000,0.00000000,0.00000000,0.00000000
1632313412.84622121,1.24000000,0.00000000,0.00000000,0.00000000
1632313412.94621897,1.12000000,0.00000000,0.00000000,0.00000000
1632313413.04626870,1.01000000,0.00000000,0.00000000,0.00000000
1632313413.14622498,0.92000000,0.00000000,0.00000000,0.00000000
1632313413.24625206,0.83000000,0.00000000,0.00000000,0.00000000
1632313413.34621501,0.75000000,0.00000000,0.00000000,0.00000000
1632313413.44622374,0.68000000,0.00000000,0.00000000,0.00000000
1632313413.54623604,0.61000000,0.00000000,0.00000000,0.00000000
1632313413.64625430,0.56000000,0.00000000,0.00000000,0.00000000
1632313413.74621749,0.50000000,0.00000000,0.00000000,0.00000000
1632313413.84622383,0.45000000,0.00000000,0.00000000,0.00000000
1632313413.94621944,0.41000000,0.00000000,0.00000000,0.00000000
1632313414.04623795,0.37000000,0.00000000,0.00000000,0.00000000
1632313414.14621639,0.34000000,0.00000000,0.00000000,0.00000000
1632313414.24624705,0.30000000,0.00000000,0.00000000,0.00000000
1632313414.34630775,0.28000000,0.00000000,0.00000000,0.00000000
1632313414.44621897,0.25000000,0.00000000,0.00000000,0.00000000
1632313414.54622769,0.23000000,0.00000000,0.00000000,0.00000000
1632313414.64622092,0.20000000,0.00000000,0.00000000,0.00000000
1632313414.74630857,0.18000000,0.00000000,0.00000000,0.00000000
1632313414.84625649,0.17000000,0.00000000,0.00000000,0.00000000
1632313414.94622087,0.15000000,0.00000000,0.00000000,0.00000000
1632313415.04620910,0.14000000,0.00000000,0.00000000,0.00000000
1632313415.14625239,0.12000000,0.00000000,0.00000000,0.00000000
1632313415.24621773,0.11000000,0.00000000,0.00000000,0.00000000
1632313415.34621668,0.10000000,0.00000000,0.00000000,0.00000000
1632313415.44622231,0.09000000,0.00000000,0.00000000,0.00000000
1632313415.54621649,0.08000000,0.00000000,0.00000000,0.00000000
