Seconds,Detected,Distance,Angle,Child.X,Child.Y,Child.Angle
1632159787.46358919,1,7.00000000,0.00000000,7.00000000,0.00000000,0.00000000
1632159787.56359434,1,7.00000000,0.00000000,7.00000000,0.00000000,0.00000000
1632159787.66358972,1,7.00000000,0.00000000,7.00000000,0.00000000,0.00000000
1632159787.76359677,1,7.00000000,0.00000000,7.00000000,0.00000000,0.00000000
1632159787.86360097,1,7.00000000,0.00000000,7.00000000,0.00000000,0.00000000
1632159787.96359682,1,7.00000000,0.00000000,7.00000000,0.00000000,0.00000000
1632159788.06358409,1,7.00000000,0.00000000,7.00000000,0.00000000,0.00000000
1632159788.16360903,1,7.00000000,0.00000000,7.00000000,0.00000000,0.00000000
1632159788.26359940,1,7.00000000,0.00000000,7.00000000,0.00000000,0.00000000
1632159788.36359096,1,7.00000000,0.00000000,7.00000000,0.00000000,0.00000000
1632159788.46359515,1,7.00000000,0.00000000,7.00000000,0.00000000,0.00000000
1632159788.56359076,1,7.00000000,0.00000000,7.00000000,0.00000000,0.00000000
1632159788.66360402,1,7.00000000,0.00000000,7.00000000,0.00000000,0.00000000
1632159788.76359248,1,7.00000000,0.00000000,7.00000000,0.00000000,0.00000000
1632159788.86358929,1,7.00000000,0.00000000,7.00000000,0.00000000,0.00000000
1632159788.96351266,1,7.00000000,0.00000000,7.00000000,0.00000000,0.00000000
1632159789.06350446,1,7.00000000,0.00000000,7.00000000,0.00000000,0.00000000
1632159789.16351199,1,7.00000000,0.00000000,7.00000000,0.00000000,0.00000000
1632159789.26349282,1,7.00000000,0.00000000,7.00000000,0.00000000,0.00000000
1632159789.36351705,1,7.00000000,0.00000000,7.00000000,0.00000000,0.00000000
1632159789.46351552,1,7.00000000,0.00000000,7.00000000,0.00000000,0.00000000
1632159789.56349611,1,7.00000000,0.00000000,7.00000000,0.00000000,0.00000000
1632159789.66358089,1,7.00000000,0.00000000,7.00000000,0.00000000,0.00000000
1632159789.76358414,1,7.00000000,0.00000000,7.00000000,0.00000000,0.00000000
1632159789.86358333,1,7.00000000,0.00000000,7.00000000,0.00000000,0.00000000
1632159789.96358562,1,7.00000000,0.00000000,7.00000000,0.00000000,0.00000000
1632159790.06356478,1,7.00000000,0.00000000,7.00000000,0.00000000,0.00000000
1632159790.16356134,1,7.00000000,0.00000000,7.00000000,0.00000000,0.00000000
1632159790.26358700,1,7.00000000,0.00000000,7.00000000,0.00000000,0.00000000
1632159790.36359143,1,7.00000000,0.00000000,7.00000000,0.00000000,0.00000000
1632159790.46359158,1,7.00000000,0.00000000,7.00000000,0.00000000,0.00000000
1632159790.56358361,1,7.00000000,0.00000000,7.00000000,0.00000000,0.00000000
1632159790.66349578,1,7.00000000,0.00000000,7.00000000,0.00000000,0.00000000
1632159790.76350760,1,7.00000000,0.00000000,7.00000000,0.00000000,0.00000000
1632159790.86348915,1,7.00000000,0.00000000,7.00000000,0.00000000,0.00000000
1632159790.96353722,1,7.00000000,0.00000000,7.00000000,0.00000000,0.00000000
1632159791.06351161,1,7.00000000,0.00000000,7.00000000,0.00000000,0.00000000
1632159791.16351008,1,7.00000000,0.00000000,7.00000000,0.00000000,0.00000000
1632159791.26350856,1,7.00000000,0.00000000,7.00000000,0.00000000,0.00000000
1632159791.36349273,1,7.00000000,0.00000000,7.00000000,0.00000000,0.00000000
1632159791.46351337,1,7.00000000,0.00000000,7.00000000,0.00000000,0.00000000
1632159791.56349659,1,7.00000000,0.00000000,7.00000000,0.00000000,0.00000000
1632159791.66349006,1,7.00000000,0.00000000,7.00000000,0.00000000,0.00000000
1632159791.76351023,1,7.00000000,0.00000000,7.00000000,0.00000000,0.00000000
1632159791.86350799,1,7.00000000,0.00000000,7.00000000,0.00000000,0.00000000
1632159791.96348882,1,7.00000000,0.00000000,7.00000000,0.00000000,0.00000000
1632159792.06351447,1,7.00000000,0.00000000,7.00000000,0.00000000,0.00000000
1632159792.16351032,1,6.94999981,0.00000000,6.94999981,0.00000000,0.00000000
1632159792.26350760,1,6.90000010,0.00000000,6.90000010,0.00000000,0.00000000
1632159792.36350417,1,6.84999990,0.00000000,6.84999990,0.00000000,0.00000000
1632159792.46348214,1,6.80000019,0.00000000,6.80000019,0.00000000,0.00000000
1632159792.56348729,1,6.75000000,0.00000000,6.75000000,0.00000000,0.00000000
1632159792.66351771,1,6.69999981,0.00000000,6.69999981,0.00000000,0.00000000
1632159792.76350832,1,6.65000010,0.00000000,6.65000010,0.00000000,0.00000000
1632159792.86350894,1,6.59999990,0.00000000,6.59999990,0.00000000,0.00000000
1632159792.96350670,1,6.55000019,0.00000000,6.55000019,0.00000000,0.00000000
1632159793.06351113,1,6.50000000,0.00000000,6.50000000,0.00000000,0.00000000
1632159793.16350508,1,6.44999981,0.00000000,6.44999981,0.00000000,0.00000000
1632159793.26351023,1,6.40000010,0.00000000,6.40000010,0.00000000,0.00000000
1632159793.36351013,1,6.34999990,0.00000000,6.34999990,0.00000000,0.00000000
1632159793.46347713,1,6.30000019,0.00000000,6.30000019,0.00000000,0.00000000
1632159793.56351113,1,6.25000000,0.00000000,6.25000000,0.00000000,0.00000000
1632159793.66350913,1,6.19999981,0.00000000,6.19999981,0.00000000,0.00000000
1632159793.76350570,1,6.15000010,0.00000000,6.15000010,0.00000000,0.00000000
1632159793.86351180,1,6.09999990,0.00000000,6.09999990,0.00000000,0.00000000
1632159793.96350098,1,6.05000019,0.00000000,6.05000019,0.00000000,0.00000000
1632159794.06351376,1,6.00000000,0.00000000,6.00000000,0.00000000,0.00000000
1632159794.16351295,1,5.94999981,0.00000000,5.94999981,0.00000000,0.00000000
1632159794.26351333,1,5.90000010,0.00000000,5.90000010,0.00000000,0.00000000
1632159794.36350989,1,5.84999990,0.00000000,5.84999990,0.00000000,0.00000000
1632159794.46351051,1,5.80000019,0.00000000,5.80000019,0.00000000,0.00000000
1632159794.56352353,1,5.75000000,0.00000000,5.75000000,0.00000000,0.00000000
1632159794.66350937,1,5.69999981,0.00000000,5.69999981,0.00000000,0.00000000
1632159794.76350808,1,5.65000010,0.00000000,5.65291010,0.00000000,0.00000000
1632159794.86350822,1,5.59708977,0.00000000,5.60581977,0.00000000,0.00000000
1632159794.96350908,1,5.54126978,0.00000000,5.55921478,0.00000000,0.00000000
1632159795.06350923,1,5.48205519,0.00000000,5.51164019,0.00000000,0.00000000
1632159795.16350818,1,5.47041512,0.00000000,5.51406512,0.00000000,0.00000000
1632159795.26350904,1,5.45634985,0.00000000,5.51115485,0.00000000,0.00000000
1632159795.36350775,1,5.44519520,0.00000000,5.51406520,0.00000000,0.00000000
1632159795.46348786,1,5.43112993,0.00000000,5.51406493,0.00000000,0.00000000
1632159795.56351137,1,5.41706514,0.00000000,5.51358014,0.00000000,0.00000000
1632159795.66350842,1,5.40348482,0.00000000,5.51018482,0.00000000,0.00000000
1632159795.76350760,1,5.39330006,0.00000000,5.50824506,0.00000000,0.00000000
1632159795.86350751,1,5.38505507,0.00000000,5.51067007,0.00000000,0.00000000
1632159795.96347809,1,5.37438488,0.00000000,5.51406488,0.00000000,0.00000000
1632159796.06350994,1,5.36032009,0.00000000,5.51406509,0.00000000,0.00000000
1632159796.16351390,1,5.34625483,0.00000000,5.51406483,0.00000000,0.00000000
1632159796.26350641,1,5.33219004,0.00000000,5.51406504,0.00000000,0.00000000
1632159796.36350965,1,5.31812477,0.00000000,5.51309477,0.00000000,0.00000000
1632159796.46350574,1,5.30502987,0.00000000,5.51357987,0.00000000,0.00000000
1632159796.56351137,1,5.29145002,0.00000000,5.51309502,0.00000000,0.00000000
1632159796.66350985,1,5.27835512,0.00000000,5.51406512,0.00000000,0.00000000
1632159796.76351094,1,5.26428986,0.00000000,5.51309486,0.00000000,0.00000000
1632159796.86351156,1,5.25119495,0.00000000,5.51309495,0.00000000,0.00000000
1632159796.96350861,1,5.23810005,0.00000000,5.51309505,0.00000000,0.00000000
1632159797.06350827,1,5.22500515,0.00000000,5.51261015,0.00000000,0.00000000
1632159797.16351008,1,5.21239519,0.00000000,5.51212519,0.00000000,0.00000000
1632159797.26350904,1,5.20027018,0.00000000,5.51309518,0.00000000,0.00000000
1632159797.36351418,1,5.18717480,0.00000000,5.51212480,0.00000000,0.00000000
1632159797.46350646,1,5.17504978,0.00000000,5.51260978,0.00000000,0.00000000
1632159797.56350756,1,5.16243982,0.00000000,5.51212482,0.00000000,0.00000000
1632159797.66351438,1,5.15031481,0.00000000,5.51212481,0.00000000,0.00000000
1632159797.76347971,1,5.13818979,0.00000000,5.51212479,0.00000000,0.00000000
1632159797.86350822,1,5.12606478,0.00000000,5.51066978,0.00000000,0.00000000
1632159797.96350980,1,5.11539507,0.00000000,5.51212507,0.00000000,0.00000000
1632159798.06350970,1,5.10327005,0.00000000,5.51212505,0.00000000,0.00000000
1632159798.16350865,1,5.09114504,0.00000000,5.51067004,0.00000000,0.00000000
1632159798.26350951,1,5.08047485,0.00000000,5.51115485,0.00000000,0.00000000
1632159798.36351395,1,5.06932020,0.00000000,5.51115520,0.00000000,0.00000000
1632159798.46350908,1,5.05816507,0.00000000,5.51115507,0.00000000,0.00000000
1632159798.56350851,1,5.04700994,0.00000000,5.51066994,0.00000000,0.00000000
1632159798.66350842,1,5.03634024,0.00000000,5.51115524,0.00000000,0.00000000
1632159798.76350927,1,5.02518511,0.00000000,5.51115511,0.00000000,0.00000000
1632159798.86351061,1,5.01402998,0.00000000,5.50969998,0.00000000,0.00000000
1632159798.96351480,1,5.00433016,0.00000000,5.51115516,0.00000000,0.00000000
1632159799.06350756,1,4.99317503,0.00000000,5.50970003,0.00000000,0.00000000
1632159799.16350818,1,4.98347521,0.00000000,5.51115521,0.00000000,0.00000000
1632159799.26351190,1,4.97232008,0.00000000,5.51018508,0.00000000,0.00000000
1632159799.36351681,1,4.96213484,0.00000000,5.50969984,0.00000000,0.00000000
1632159799.46350980,1,4.95243502,0.00000000,5.50921502,0.00000000,0.00000000
1632159799.56351256,1,4.94322014,0.00000000,5.51018514,0.00000000,0.00000000
1632159799.66348934,1,4.93303490,0.00000000,5.50969990,0.00000000,0.00000000
1632159799.76348901,1,4.92333508,0.00000000,5.50921508,0.00000000,0.00000000
1632159799.86348796,1,4.91412020,0.00000000,5.50970020,0.00000000,0.00000000
1632159799.96348667,1,4.90441990,0.00000000,5.50921490,0.00000000,0.00000000
1632159800.06349158,1,4.89520502,0.00000000,5.51018502,0.00000000,0.00000000
1632159800.16348839,1,4.83502007,0.00000000,5.45873007,0.00000000,0.00000000
1632159800.26348853,1,4.77628994,0.00000000,5.40921494,0.00000000,0.00000000
1632159800.36348772,1,4.71707487,0.00000000,5.35872987,0.00000000,0.00000000
1632159800.46348929,1,4.65834522,0.00000000,5.30921522,0.00000000,0.00000000
1632159800.56349087,1,4.59913015,0.00000000,5.25873015,0.00000000,0.00000000
1632159800.66348767,1,4.54040003,0.00000000,5.20824503,0.00000000,0.00000000
1632159800.76348662,1,4.48215485,0.00000000,5.15775985,0.00000000,0.00000000
1632159800.86348701,1,4.42439508,0.00000000,5.10727508,0.00000000,0.00000000
1632159800.96347976,1,4.36711979,0.00000000,5.05775979,0.00000000,0.00000000
1632159801.06350994,1,4.30936003,0.00000000,5.00727503,0.00000000,0.00000000
1632159801.16348672,1,4.25208521,0.00000000,4.95679021,0.00000000,0.00000000
1632159801.26348710,1,4.19529486,0.00000000,4.90824486,0.00000000,0.00000000
1632159801.36348701,1,4.13705015,0.00000000,4.85679015,0.00000000,0.00000000
1632159801.46348834,1,4.08025980,0.00000000,4.80678980,0.00000000,0.00000000
1632159801.56350803,1,4.02346992,0.00000000,4.75727492,0.00000000,0.00000000
1632159801.66351962,1,3.96619511,0.00000000,4.70679011,0.00000000,0.00000000
1632159801.76350832,1,3.90940499,0.00000000,4.65727499,0.00000000,0.00000000
1632159801.86348128,1,3.85212994,0.00000000,4.60581994,0.00000000,0.00000000
1632159801.96351171,1,3.79630995,0.00000000,4.55630495,0.00000000,0.00000000
1632159802.06351590,1,3.74000502,0.00000000,4.50485002,0.00000000,0.00000000
1632159802.16351748,1,3.73515511,0.00000000,4.50485011,0.00000000,0.00000000
1632159802.26350832,1,3.73030496,0.00000000,4.50387996,0.00000000,0.00000000
1632159802.36350727,1,3.72642493,0.00000000,4.50436493,0.00000000,0.00000000
1632159802.46350336,1,3.72205997,0.00000000,4.50290997,0.00000000,0.00000000
1632159802.56350970,1,3.71915007,0.00000000,4.50194007,0.00000000,0.00000000
1632159802.66351151,1,3.71721005,0.00000000,4.50194005,0.00000000,0.00000000
1632159802.76351213,1,3.71527004,0.00000000,4.50291004,0.00000000,0.00000000
1632159802.86350751,1,3.71235991,0.00000000,4.50193991,0.00000000,0.00000000
1632159802.96350932,1,3.71041989,0.00000000,4.50193989,0.00000000,0.00000000
1632159803.06353116,1,3.70847988,0.00000000,4.50242488,0.00000000,0.00000000
1632159803.16353393,1,3.70605493,0.00000000,4.50290993,0.00000000,0.00000000
1632159803.26351118,1,3.70314503,0.00000000,4.50194003,0.00000000,0.00000000
1632159803.36353350,1,3.70120502,0.00000000,4.50194002,0.00000000,0.00000000
1632159803.46348000,1,3.69926500,0.00000000,4.50194000,0.00000000,0.00000000
1632159803.56350708,1,3.69732499,0.00000000,4.50193999,0.00000000,0.00000000
1632159803.66350794,1,3.69538498,0.00000000,4.50193998,0.00000000,0.00000000
1632159803.76350760,1,3.69344497,0.00000000,4.50242497,0.00000000,0.00000000
1632159803.86348367,1,3.69102001,0.00000000,4.50194001,0.00000000,0.00000000
1632159803.96351385,1,3.68908000,0.00000000,4.50194000,0.00000000,0.00000000
1632159804.06347823,1,3.68713999,0.00000000,4.50193999,0.00000000,0.00000000
1632159804.16351652,1,3.68519998,0.00000000,4.50193998,0.00000000,0.00000000
1632159804.26348281,1,3.68325996,0.00000000,4.50193996,0.00000000,0.00000000
1632159804.36348176,1,3.68131995,0.00000000,4.50193995,0.00000000,0.00000000
1632159804.46350837,1,3.67937994,0.00000000,4.50193994,0.00000000,0.00000000
1632159804.56355095,1,3.67743993,0.00000000,4.50242493,0.00000000,0.00000000
1632159804.66359425,1,3.67501497,0.00000000,4.50193997,0.00000000,0.00000000
1632159804.76358080,1,3.67307496,0.00000000,4.50096996,0.00000000,0.00000000
1632159804.86358666,1,3.67210507,0.00000000,4.50194007,0.00000000,0.00000000
1632159804.96358895,1,3.67016506,0.00000000,4.50194006,0.00000000,0.00000000
1632159805.06356907,1,3.66822505,0.00000000,4.50194005,0.00000000,0.00000000
1632159805.16358876,1,3.66628504,0.00000000,4.50194004,0.00000000,0.00000000
1632159805.26358843,1,3.66434503,0.00000000,4.50097003,0.00000000,0.00000000
1632159805.36358309,1,3.66337490,0.00000000,4.50193990,0.00000000,0.00000000
1632159805.46359110,1,3.66143489,0.00000000,4.50242489,0.00000000,0.00000000
1632159805.56353426,1,3.65900993,0.00000000,4.50096993,0.00000000,0.00000000
1632159805.66358709,1,3.65804005,0.00000000,4.50194005,0.00000000,0.00000000
1632159805.76357651,1,3.65610003,0.00000000,4.50194003,0.00000000,0.00000000
1632159805.86349964,1,3.65416002,0.00000000,4.50097002,0.00000000,0.00000000
1632159805.96354914,1,3.65318990,0.00000000,4.50193990,0.00000000,0.00000000
1632159806.06358409,1,3.65124989,0.00000000,4.50096989,0.00000000,0.00000000
1632159806.16358590,1,3.65028000,0.00000000,4.50194000,0.00000000,0.00000000
1632159806.26358700,1,3.64833999,0.00000000,4.50193999,0.00000000,0.00000000
1632159806.36359358,1,3.64639997,0.00000000,4.50096997,0.00000000,0.00000000
1632159806.46358109,1,3.64543009,0.00000000,4.50242509,0.00000000,0.00000000
1632159806.56358528,1,3.64300489,0.00000000,4.50096989,0.00000000,0.00000000
1632159806.66358566,1,3.64203501,0.00000000,4.50194001,0.00000000,0.00000000
1632159806.76358581,1,3.64009500,0.00000000,4.50097000,0.00000000,0.00000000
1632159806.86352420,1,3.63912511,0.00000000,4.50194011,0.00000000,0.00000000
1632159806.96358156,1,3.63718510,0.00000000,4.50097010,0.00000000,0.00000000
1632159807.06358361,1,3.63621497,0.00000000,4.50096997,0.00000000,0.00000000
1632159807.16357613,1,3.63524508,0.00000000,4.50194008,0.00000000,0.00000000
1632159807.26357412,1,3.63330507,0.00000000,4.50000007,0.00000000,0.00000000
1632159807.36356449,1,3.63330507,0.00000000,4.50291007,0.00000000,0.00000000
1632159807.46358681,1,3.63039494,0.00000000,4.50630494,0.00000000,0.00000000
1632159807.56358337,1,3.62408996,0.00000000,4.50872996,0.00000000,0.00000000
1632159807.66356683,1,3.61536002,0.00000000,4.51212502,0.00000000,0.00000000
1632159807.76357222,1,3.60323501,0.00000000,4.51503501,0.00000000,0.00000000
1632159807.86351180,1,3.58820009,0.00000000,4.51600509,0.00000000,0.00000000
1632159807.96350861,1,3.57219505,0.00000000,4.51697505,0.00000000,0.00000000
1632159808.06351161,1,3.55521989,0.00000000,4.51600489,0.00000000,0.00000000
1632159808.16358304,1,3.53921509,0.00000000,4.51600509,0.00000000,0.00000000
1632159808.26354456,1,3.52321005,0.00000000,4.51600505,0.00000000,0.00000000
1632159808.36359334,1,3.50720501,0.00000000,4.51600501,0.00000000,0.00000000
1632159808.46359229,1,3.49119997,0.00000000,4.51600497,0.00000000,0.00000000
1632159808.56359243,1,3.47519493,0.00000000,4.51503493,0.00000000,0.00000000
1632159808.66357946,1,3.46016002,0.00000000,4.51600502,0.00000000,0.00000000
1632159808.76358604,1,3.44415498,0.00000000,4.51503498,0.00000000,0.00000000
1632159808.86358714,1,3.42912006,0.00000000,4.51503506,0.00000000,0.00000000
1632159808.96358633,1,3.41408491,0.00000000,4.51503491,0.00000000,0.00000000
1632159809.06358647,1,3.39905000,0.00000000,4.51503500,0.00000000,0.00000000
1632159809.16358542,1,3.38401508,0.00000000,4.51358008,0.00000000,0.00000000
1632159809.26356554,1,3.37043500,0.00000000,4.51503500,0.00000000,0.00000000
1632159809.36358786,1,3.35540009,0.00000000,4.51406509,0.00000000,0.00000000
1632159809.46359086,1,3.34133506,0.00000000,4.51406506,0.00000000,0.00000000
1632159809.56358910,1,3.32727003,0.00000000,4.51406503,0.00000000,0.00000000
1632159809.66358876,1,3.31320500,0.00000000,4.51406500,0.00000000,0.00000000
1632159809.76358581,1,3.29913998,0.00000000,4.51406498,0.00000000,0.00000000
1632159809.86358929,1,3.28507495,0.00000000,4.51260995,0.00000000,0.00000000
1632159809.96358585,1,3.27246499,0.00000000,4.51406499,0.00000000,0.00000000
1632159810.06359172,1,3.25839996,0.00000000,4.51309496,0.00000000,0.00000000
1632159810.16359019,1,3.24530506,0.00000000,4.51309506,0.00000000,0.00000000
1632159810.26359797,1,3.23220992,0.00000000,4.51309492,0.00000000,0.00000000
1632159810.36357737,1,3.21911502,0.00000000,4.51309502,0.00000000,0.00000000
1632159810.46352839,1,3.20602012,0.00000000,4.51261012,0.00000000,0.00000000
1632159810.56358027,1,3.19340992,0.00000000,4.51212492,0.00000000,0.00000000
1632159810.66358447,1,3.18128490,0.00000000,4.51309490,0.00000000,0.00000000
1632159810.76358318,1,3.16819000,0.00000000,4.51212500,0.00000000,0.00000000
1632159810.86358643,1,3.15606499,0.00000000,4.51163999,0.00000000,0.00000000
1632159810.96356392,1,3.14442492,0.00000000,4.51212492,0.00000000,0.00000000
1632159811.06356430,1,3.13229990,0.00000000,4.51212490,0.00000000,0.00000000
1632159811.16358781,1,3.12017488,0.00000000,4.51212488,0.00000000,0.00000000
1632159811.26356792,1,3.10805011,0.00000000,4.51164011,0.00000000,0.00000000
1632159811.36358809,1,3.09641004,0.00000000,4.51115504,0.00000000,0.00000000
1632159811.46359849,1,3.08525491,0.00000000,4.51212491,0.00000000,0.00000000
1632159811.56357050,1,3.07312989,0.00000000,4.51066989,0.00000000,0.00000000
1632159811.66351962,1,3.06245995,0.00000000,4.51115495,0.00000000,0.00000000
1632159811.76356840,1,3.05130506,0.00000000,4.51115506,0.00000000,0.00000000
1632159811.86358786,1,3.04014993,0.00000000,4.51066993,0.00000000,0.00000000
1632159811.96358538,1,3.02947998,0.00000000,4.51115498,0.00000000,0.00000000
1632159812.06357932,1,3.01832509,0.00000000,4.51115509,0.00000000,0.00000000
1632159812.16360641,1,3.00758553,1.00000000,4.51111246,0.05248960,1.00000000
1632159812.26358628,1,2.99768353,2.00000000,4.50954242,0.10461765,2.00000000
1632159812.36356163,1,2.99007988,3.00000000,4.50985208,0.15648869,3.00000000
1632159812.46358490,1,2.98284268,4.00000000,4.51011663,0.20807259,4.00000000
1632159812.56358480,1,2.97597933,5.00000000,4.50937983,0.25937369,5.00000000
1632159812.66356969,1,2.97046304,6.00000000,4.50910053,0.31049794,6.00000000
1632159812.76359963,1,2.96581435,7.00000000,4.50831762,0.36144185,7.00000000
1632159812.86359882,1,2.96251822,8.00000000,4.50848219,0.41230285,8.00000000
1632159812.96360779,1,2.95961547,9.00000000,4.49995202,0.51211505,9.96428797
1632159813.06358552,1,2.95759058,9.00000000,4.50765768,0.51176468,9.96428797
1632159813.16358757,1,2.95692134,10.00000000,4.50684047,0.56239792,10.96428797
1632159813.26360488,1,2.95760441,11.00000000,4.49622333,0.66269330,12.92857594
1632159813.36353135,1,2.95847487,11.00000000,4.50628673,0.66288806,12.92857594
1632159813.46360111,1,2.96088934,12.00000000,4.49325478,0.76633246,14.98052645
1632159813.56354666,1,2.96323538,12.00000000,4.50425108,0.76790889,14.98052645
1632159813.66361737,1,2.96759772,13.00000000,4.49067219,0.86684780,16.94481442
1632159813.76358771,1,2.97166991,13.00000000,4.50038759,0.86900464,16.94481442
1632159813.86366916,1,2.98048139,14.00000000,4.48221639,0.96878779,18.90910239
1632159813.96354795,1,2.99130940,14.00000000,4.47855117,1.02408710,19.96105290
1632159814.06359529,1,3.00339627,13.00000000,4.51125598,0.97975961,18.96105290
1632159814.16358972,1,3.01638818,14.00000000,4.49118213,1.08118649,20.92534087
1632159814.26350808,1,3.03137803,14.00000000,4.48870962,1.13931014,21.97729138
1632159814.36355066,1,3.04585385,14.00000000,4.50649852,1.14472756,21.97729138
1632159814.46359587,1,3.06098366,15.00000000,4.48347572,1.24798232,23.94157935
1632159814.56359029,1,3.07690883,15.00000000,4.48049906,1.30159460,24.90586732
1632159814.66359353,1,3.09393978,15.00000000,4.49885615,1.30973683,24.90586732
1632159814.76350474,1,3.11214185,16.00000000,4.47050813,1.41860096,26.95781783
1632159814.86355090,1,3.13014007,15.00000000,4.51234570,1.37785148,25.95781783
1632159814.96352649,1,3.15140343,16.00000000,4.50695856,1.43639959,26.95781783
1632159815.06358910,1,3.17459726,17.00000000,4.50208450,1.49607911,27.95781783
1632159815.16358542,1,3.19840455,18.00000000,4.49651349,1.55631739,28.95781783
