Seconds, Linear Velocity, Angular Velocitiy,X,Y
1632312858.11704373,0.00000000,0.00000000,0.00000000,0.00000000
1632312858.21722770,0.00000000,0.00000000,0.00000000,0.00000000
1632312858.31725812,0.00000000,0.00000000,0.00000000,0.00000000
1632312858.41700888,0.00000000,0.00000000,0.00000000,0.00000000
1632312858.51777101,0.00000000,0.00000000,0.00000000,0.00000000
1632312858.61853123,0.00000000,0.00000000,0.00000000,0.00000000
1632312858.71810293,0.00000000,0.00000000,0.00000000,0.00000000
1632312858.81791711,0.00000000,0.00000000,0.00000000,0.00000000
1632312858.91849566,0.00000000,0.00000000,0.00000000,0.00000000
1632312859.01936841,0.00000000,0.00000000,0.00000000,0.00000000
1632312859.11915612,0.00000000,0.00000000,0.00000000,0.00000000
1632312859.21891427,0.00000000,0.00000000,0.00000000,0.00000000
1632312859.31877446,0.00000000,0.00000000,0.00000000,0.00000000
1632312859.41933799,0.00000000,0.00000000,0.00000000,0.00000000
1632312859.51935577,0.00000000,0.00000000,0.00000000,0.00000000
1632312859.61915684,0.00000000,0.00000000,0.00000000,0.00000000
1632312859.71894979,0.00000000,0.00000000,0.00000000,0.00000000
1632312859.81875873,0.00000000,0.00000000,0.00000000,0.00000000
1632312859.91955376,0.00000000,0.00000000,0.00000000,0.00000000
1632312860.01930070,0.00000000,0.00000000,0.00000000,0.00000000
1632312860.11892533,0.00000000,0.00000000,0.00000000,0.00000000
1632312860.21904826,0.00000000,0.00000000,0.00000000,0.00000000
1632312860.31862068,0.00000000,0.00000000,0.00000000,0.00000000
1632312860.41920328,0.00000000,0.00000000,0.00000000,0.00000000
1632312860.51904321,0.00000000,0.00000000,0.00000000,0.00000000
1632312860.61884189,0.00000000,0.00000000,0.00000000,0.00000000
1632312860.71959305,0.00000000,0.00000000,0.00000000,0.00000000
1632312860.81952834,0.00000000,0.00000000,0.00000000,0.00000000
1632312860.91932654,0.00000000,0.00000000,0.00000000,0.00000000
1632312861.01911616,0.00000000,0.00000000,0.00000000,0.00000000
1632312861.11889172,0.00000000,0.00000000,0.00000000,0.00000000
1632312861.21971250,0.00000000,0.00000000,0.00000000,0.00000000
1632312861.32031655,0.00000000,0.00000000,0.00000000,0.00000000
1632312861.42035961,0.00000000,0.00000000,0.00000000,0.00000000
1632312861.51995325,0.00000000,0.00000000,0.00000000,0.00000000
1632312861.61967993,0.00000000,0.00000000,0.00000000,0.00000000
1632312861.72023940,0.00000000,0.00000000,0.00000000,0.00000000
1632312861.82018375,0.00000000,0.00000000,0.00000000,0.00000000
1632312861.91993666,0.00000000,0.00000000,0.00000000,0.00000000
1632312862.02070379,0.00000000,0.00000000,0.00000000,0.00000000
1632312862.12145472,0.00000000,0.00000000,0.00000000,0.00000000
1632312862.22117519,0.00000000,0.00000000,0.00000000,0.00000000
1632312862.32094908,0.00000000,0.00000000,0.00000000,0.00000000
1632312862.42169094,0.00000000,0.00000000,0.00000000,0.00000000
1632312862.52219582,0.00000000,0.00000000,0.00000000,0.00000000
1632312862.62219858,0.00000000,0.00000000,0.00000000,0.00000000
1632312862.72173476,0.00000000,0.00000000,0.00000000,0.00000000
1632312862.82231998,0.00000000,0.00000000,0.00000000,0.00000000
1632312862.92198586,0.00000000,0.00000000,0.00000000,0.00000000
1632312863.02266407,0.00000000,0.00000000,0.00000000,0.00000000
1632312863.12326407,0.00000000,0.00000000,0.00000000,0.00000000
1632312863.22289395,0.00000000,0.00000000,0.00000000,0.00000000
1632312863.32279658,0.00000000,0.00000000,0.00000000,0.00000000
1632312863.42368340,0.00000000,0.00000000,0.00000000,0.00000000
1632312863.52407432,0.00000000,0.00000000,0.00000000,0.00000000
1632312863.62384987,0.00000000,0.00000000,0.00000000,0.00000000
1632312863.72362804,0.00000000,0.00000000,0.00000000,0.00000000
1632312863.82432532,0.00000000,0.00000000,0.00000000,0.00000000
1632312863.92386031,0.00000000,0.00000000,0.00000000,0.00000000
1632312864.02439499,0.00000000,0.00000000,0.00000000,0.00000000
1632312864.12399650,0.00000000,0.00000000,0.00000000,0.00000000
1632312864.22381473,0.00000000,0.00000000,0.00000000,0.00000000
1632312864.32458949,0.00000000,0.00000000,0.00000000,0.00000000
1632312864.42465377,0.00000000,0.00000000,0.00000000,0.00000000
1632312864.52531862,0.00000000,0.00000000,0.00000000,0.00000000
1632312864.62496662,0.00000000,0.00000000,0.00000000,0.00000000
1632312864.72452688,0.00000000,0.00000000,0.00000000,0.00000000
1632312864.82506061,0.00000000,0.00000000,0.00000000,0.00000000
1632312864.92462039,0.00000000,0.00000000,0.00000000,0.00000000
1632312865.02564955,0.00000000,0.00000000,0.00000000,0.00000000
1632312865.12505341,0.00000000,0.00000000,0.00000000,0.00000000
1632312865.22520828,0.00000000,0.00000000,0.00000000,0.00000000
1632312865.32494760,0.00000000,0.00000000,0.00000000,0.00000000
1632312865.42560482,0.00000000,0.00000000,0.00000000,0.00000000
1632312865.52520776,0.00000000,0.00000000,0.00000000,0.00000000
1632312865.62483382,0.00000000,0.00000000,0.00000000,0.00000000
1632312865.72551608,0.00000000,0.00000000,0.00000000,0.00000000
1632312865.82569504,0.00000000,0.00000000,0.00000000,0.00000000
1632312865.92612505,0.00000000,0.00000000,0.00000000,0.00000000
1632312866.02576470,0.00000000,0.00000000,0.00000000,0.00000000
1632312866.12634110,0.00000000,0.00000000,0.00000000,0.00000000
1632312866.22595930,0.00000000,0.00000000,0.00000000,0.00000000
1632312866.32555699,0.00000000,0.00000000,0.00000000,0.00000000
1632312866.42659760,0.00000000,0.00000000,0.00000000,0.00000000
1632312866.52639270,0.00000000,0.00000000,0.00000000,0.00000000
1632312866.62675023,0.00000000,0.00000000,0.00000000,0.00000000
1632312866.72685289,0.00000000,0.00000000,0.00000000,0.00000000
1632312866.82764482,0.00000000,0.00000000,0.00000000,0.00000000
1632312866.92740631,0.00000000,0.00000000,0.00000000,0.00000000
1632312867.02711034,0.00000000,0.00000000,0.00000000,0.00000000
1632312867.12660241,0.00000000,0.00000000,0.00000000,0.00000000
1632312867.22734189,0.00000000,0.00000000,0.00000000,0.00000000
1632312867.32695627,0.00000000,0.00000000,0.00000000,0.00000000
1632312867.42718768,0.00000000,0.00000000,0.00000000,0.00000000
1632312867.52729464,0.00000000,0.00000000,0.00000000,0.00000000
1632312867.62716198,0.00000000,0.00000000,0.00000000,0.00000000
1632312867.72690201,0.00000000,0.00000000,0.00000000,0.00000000
1632312867.82766938,0.00000000,0.00000000,0.00000000,0.00000000
1632312867.92837811,0.00000000,0.00000000,0.00000000,0.00000000
1632312868.02811956,0.00000000,0.00000000,0.00000000,0.00000000
1632312868.12846804,0.00000000,0.00000000,0.00000000,0.00000000
1632312868.22908330,0.00000000,0.00000000,0.00000000,0.00000000
1632312868.32876277,0.00000000,0.00000000,0.00000000,0.00000000
1632312868.42937613,0.00000000,0.00000000,0.00000000,0.00000000
1632312868.52906775,0.00000000,0.00000000,0.00000000,0.00000000
1632312868.62859178,0.00000000,0.00000000,0.00000000,0.00000000
1632312868.72911239,0.00000000,0.00000000,0.00000000,0.00000000
1632312868.82863569,0.00000000,0.00000000,0.00000000,0.00000000
1632312868.92934799,0.00000000,0.00000000,0.00000000,0.00000000
1632312869.02890468,0.00000000,0.00000000,0.00000000,0.00000000
1632312869.12882471,0.00000000,0.00000000,0.00000000,0.00000000
1632312869.22962594,0.00000000,0.00000000,0.00000000,0.00000000
1632312869.32923174,0.00000000,0.00000000,0.00000000,0.00000000
1632312869.42917228,0.00000000,0.00000000,0.00000000,0.00000000
1632312869.52888203,0.00000000,0.00000000,0.00000000,0.00000000
1632312869.62959385,0.00000000,0.00000000,0.00000000,0.00000000
1632312869.72927547,0.00000000,0.00000000,0.00000000,0.00000000
1632312869.82899451,0.00000000,0.00000000,0.00000000,0.00000000
1632312869.92948723,0.00000000,0.00000000,0.00000000,0.00000000
1632312870.03037453,0.00000000,0.00000000,0.00000000,0.00000000
1632312870.12996697,0.00000000,0.00000000,0.00000000,0.00000000
1632312870.22990489,0.00000000,0.00000000,0.00000000,0.00000000
1632312870.33048248,0.00000000,0.00000000,0.00000000,0.00000000
1632312870.43104482,0.00000000,0.00000000,0.00000000,0.00000000
1632312870.53060770,0.00000000,0.00000000,0.00000000,0.00000000
1632312870.63118410,0.00000000,0.00000000,0.00000000,0.00000000
1632312870.73075199,0.00000000,0.00000000,0.00000000,0.00000000
1632312870.83130765,0.00000000,0.00000000,0.00000000,0.00000000
1632312870.93084455,0.00000000,0.00000000,0.00000000,0.00000000
1632312871.03150654,0.00000000,0.00000000,0.00000000,0.00000000
1632312871.13206410,0.00000000,0.00000000,0.00000000,0.00000000
1632312871.23161173,0.00000000,0.00000000,0.00000000,0.00000000
1632312871.33215785,0.00000000,0.00000000,0.00000000,0.00000000
1632312871.43193889,0.00000000,0.00000000,0.00000000,0.00000000
1632312871.53156567,0.00000000,0.00000000,0.00000000,0.00000000
1632312871.63180614,0.03000000,0.00000000,0.00291000,0.00000000
1632312871.73190355,0.06000000,0.00000000,0.00873000,0.00000000
1632312871.83212757,0.09000000,0.00000000,0.01794500,0.00000000
1632312871.93230247,0.07200000,0.00000000,0.02473500,0.00000000
1632312872.03246832,0.10200000,0.00000000,0.03492000,0.00000000
1632312872.13265657,0.13200000,0.00000000,0.04898500,0.00000000
1632312872.23284888,0.10200000,0.00000000,0.05868500,0.00000000
1632312872.33300328,0.13200000,0.00000000,0.07178000,0.00000000
1632312872.43333316,0.14400000,0.00000000,0.08584500,0.00000000
1632312872.53348398,0.14200000,0.00000000,0.10088000,0.00000000
1632312872.63367844,0.11200000,0.00000000,0.11155000,0.00000000
1632312872.73406386,0.14200000,0.00000000,0.12561500,0.00000000
1632312872.83431888,0.14400000,0.00000000,0.14065000,0.00000000
1632312872.93475533,0.14300000,0.00000000,0.15471500,0.00000000
1632312873.03540564,0.14200000,0.00000000,0.16878000,0.00000000
1632312873.13482666,0.14000000,0.00000000,0.18284500,0.00000000
1632312873.23533082,0.13800000,0.00000000,0.19691000,0.00000000
1632312873.33472347,0.13800000,0.00000000,0.21097500,0.00000000
1632312873.43516731,0.13600000,0.00000000,0.22455500,0.00000000
1632312873.53456068,0.13400000,0.00000000,0.23765000,0.00000000
1632312873.63497758,0.13300000,0.00000000,0.25074500,0.00000000
1632312873.73488307,0.13200000,0.00000000,0.26384000,0.00000000
1632312873.83460641,0.13000000,0.00000000,0.27693500,0.00000000
1632312873.93504810,0.12900000,0.00000000,0.28954500,0.00000000
1632312874.03541017,0.12700000,0.00000000,0.30264000,0.00000000
1632312874.13515067,0.12600000,0.00000000,0.31476500,0.00000000
1632312874.23487735,0.12500000,0.00000000,0.32786000,0.00000000
1632312874.33520198,0.12400000,0.00000000,0.33998500,0.00000000
1632312874.43531895,0.12200000,0.00000000,0.35259500,0.00000000
1632312874.53455329,0.12100000,0.00000000,0.36472000,0.00000000
1632312874.63472605,0.12000000,0.00000000,0.37684500,0.00000000
1632312874.73523617,0.11800000,0.00000000,0.38897000,0.00000000
1632312874.83493996,0.11700000,0.00000000,0.39964000,0.00000000
1632312874.93515921,0.11600000,0.00000000,0.41176500,0.00000000
1632312875.03528333,0.11500000,0.00000000,0.42292000,0.00000000
1632312875.13560605,0.11300000,0.00000000,0.43456000,0.00000000
1632312875.23635626,0.11200000,0.00000000,0.44571500,0.00000000
1632312875.33649397,0.11100000,0.00000000,0.45687000,0.00000000
1632312875.43661857,0.11000000,0.00000000,0.46754000,0.00000000
1632312875.53669357,0.10900000,0.00000000,0.47869500,0.00000000
1632312875.63678360,0.10800000,0.00000000,0.48985000,0.00000000
1632312875.73694921,0.10700000,0.00000000,0.49955000,0.00000000
1632312875.83663368,0.10500000,0.00000000,0.51070500,0.00000000
1632312875.93693972,0.10400000,0.00000000,0.52089000,0.00000000
1632312876.03710413,0.10300000,0.00000000,0.53156000,0.00000000
1632312876.13725257,0.10200000,0.00000000,0.54174500,0.00000000
1632312876.23738337,0.10100000,0.00000000,0.55193000,0.00000000
1632312876.33750987,0.10000000,0.00000000,0.56163000,0.00000000
1632312876.43760538,0.09900000,0.00000000,0.57181500,0.00000000
1632312876.53773856,0.09800000,0.00000000,0.58151500,0.00000000
1632312876.63786674,0.09700000,0.00000000,0.59073000,0.00000000
1632312876.73800397,0.09600000,0.00000000,0.60091500,0.00000000
1632312876.83813000,0.09500000,0.00000000,0.60964500,0.00000000
1632312876.93825173,0.09400000,0.00000000,0.61983000,0.00000000
1632312877.03839302,0.09300000,0.00000000,0.62856000,0.00000000
1632312877.13850689,0.09200000,0.00000000,0.63777500,0.00000000
1632312877.23896432,0.09100000,0.00000000,0.64699000,0.00000000
1632312877.33907604,0.09000000,0.00000000,0.65572000,0.00000000
1632312877.43921041,0.08900000,0.00000000,0.66493500,0.00000000
1632312877.53867626,0.08800000,0.00000000,0.67366500,0.00000000
1632312877.63878989,0.08200000,0.00000000,0.68191000,0.00000000
1632312877.73891306,0.08100000,0.00000000,0.68967000,0.00000000
1632312877.83904481,0.08000000,0.00000000,0.69791500,0.00000000
1632312877.93923593,0.07900000,0.00000000,0.70567500,0.00000000
1632312878.03938055,0.07900000,0.00000000,0.71392000,0.00000000
1632312878.13876367,0.07800000,0.00000000,0.72168000,0.00000000
1632312878.23889470,0.07700000,0.00000000,0.72992500,0.00000000
1632312878.33900142,0.07600000,0.00000000,0.73671500,0.00000000
1632312878.43932962,0.07500000,0.00000000,0.74496000,0.00000000
1632312878.53871632,0.07400000,0.00000000,0.75175000,0.00000000
1632312878.63879824,0.07400000,0.00000000,0.75854000,0.00000000
1632312878.73890662,0.06900000,0.00000000,0.76581500,0.00000000
1632312878.83898067,0.06300000,0.00000000,0.77260500,0.00000000
1632312878.93937469,0.05700000,0.00000000,0.77794000,0.00000000
1632312879.03858542,0.05100000,0.00000000,0.78279000,0.00000000
1632312879.13876438,0.04500000,0.00000000,0.78764000,0.00000000
1632312879.23895645,0.04000000,0.00000000,0.79152000,0.00000000
1632312879.33908224,0.03400000,0.00000000,0.79491500,0.00000000
1632312879.43870497,0.02800000,0.00000000,0.79782500,0.00000000
1632312879.53882003,0.02300000,0.00000000,0.79976500,0.00000000
1632312879.63906765,0.02200000,0.00000000,0.80267500,0.00000000
1632312879.73924351,0.02200000,0.00000000,0.80461500,0.00000000
1632312879.83936143,0.02100000,0.00000000,0.80655500,0.00000000
1632312879.93955636,0.02100000,0.00000000,0.80898000,0.00000000
1632312880.03964710,0.02000000,0.00000000,0.81092000,0.00000000
1632312880.13979101,0.02000000,0.00000000,0.81286000,0.00000000
1632312880.23990941,0.02000000,0.00000000,0.81480000,0.00000000
1632312880.34006119,0.02000000,0.00000000,0.81674000,0.00000000
1632312880.44017386,0.02000000,0.00000000,0.81868000,0.00000000
1632312880.54035163,0.01900000,0.00000000,0.82062000,0.00000000
1632312880.64040709,0.01900000,0.00000000,0.82256000,0.00000000
1632312880.74049950,0.01900000,0.00000000,0.82498500,0.00000000
1632312880.84059572,0.01900000,0.00000000,0.82692500,0.00000000
1632312880.94072771,0.01900000,0.00000000,0.82886500,0.00000000
1632312881.04093528,0.01800000,0.00000000,0.82983500,0.00000000
1632312881.14103198,0.01800000,0.00000000,0.83177500,0.00000000
1632312881.24114847,0.01800000,0.00000000,0.83371500,0.00000000
1632312881.34125304,0.01800000,0.00000000,0.83565500,0.00000000
1632312881.44136286,0.01700000,0.00000000,0.83662500,0.00000000
1632312881.54067707,0.01700000,0.00000000,0.83856500,0.00000000
1632312881.64081311,0.01700000,0.00000000,0.84099000,0.00000000
1632312881.74105453,0.01700000,0.00000000,0.84293000,0.00000000
1632312881.84049892,0.01700000,0.00000000,0.84390000,0.00000000
1632312881.94063926,0.01700000,0.00000000,0.84584000,0.00000000
1632312882.04076433,0.01600000,0.00000000,0.84778000,0.00000000
1632312882.14090657,0.01600000,0.00000000,0.84875000,0.00000000
1632312882.24103379,0.01600000,0.00000000,0.85069000,0.00000000
1632312882.34132028,0.01600000,0.00000000,0.85166000,0.00000000
1632312882.44143701,0.01600000,0.00000000,0.85360000,0.00000000
1632312882.54157281,0.01600000,0.00000000,0.85554000,0.00000000
1632312882.64200759,0.01500000,0.00000000,0.85699500,0.00000000
1632312882.74213672,0.01500000,0.00000000,0.85893500,0.00000000
1632312882.84225965,0.01500000,0.00000000,0.85990500,0.00000000
1632312882.94237924,0.01500000,0.00000000,0.86184500,0.00000000
1632312883.04245615,0.01500000,0.00000000,0.86281500,0.00000000
1632312883.14276147,0.01500000,0.00000000,0.86378500,0.00000000
1632312883.24286461,0.01400000,0.00000000,0.86572500,0.00000000
1632312883.34297490,0.01400000,0.00000000,0.86669500,0.00000000
1632312883.44263935,0.01400000,0.00000000,0.86863500,0.00000000
1632312883.54274583,0.01400000,0.00000000,0.86960500,0.00000000
1632312883.64283490,0.01400000,0.00000000,0.87154500,0.00000000
1632312883.74298787,0.01400000,0.00000000,0.87251500,0.00000000
1632312883.84311414,0.01400000,0.00000000,0.87397000,0.00000000
1632312883.94350553,0.01300000,0.00000000,0.87591000,0.00000000
1632312884.04362035,0.01300000,0.00000000,0.87688000,0.00000000
1632312884.14398098,0.01300000,0.00000000,0.87785000,0.00000000
1632312884.24353218,0.00000000,0.00000000,0.87785000,0.00000000
1632312884.34364510,0.03000000,0.00000000,0.88076000,0.00000000
1632312884.44387317,0.06000000,0.00000000,0.88658000,0.00000000
1632312884.54404950,0.09000000,0.00000000,0.89579500,0.00000000
1632312884.64413142,0.12000000,0.00000000,0.90792000,0.00000000
1632312884.74426627,0.15000000,0.00000000,0.92295500,0.00000000
1632312884.84440732,0.16200000,0.00000000,0.93896000,0.00000000
1632312884.94367933,0.16200000,0.00000000,0.95496500,0.00000000
1632312885.04413390,0.16200000,0.00000000,0.97097000,0.00000000
1632312885.14425564,0.16100000,0.00000000,0.98794500,0.00000000
1632312885.24438405,0.16000000,0.00000000,1.00395000,0.00000000
1632312885.34356737,0.15900000,0.00000000,1.01898500,0.00000000
1632312885.44370365,0.15800000,0.00000000,1.03499000,0.00000000
1632312885.54380417,0.15600000,0.00000000,1.05099500,0.00000000
1632312885.64397168,0.15400000,0.00000000,1.06554500,0.00000000
1632312885.74409866,0.15300000,0.00000000,1.08155000,0.00000000
1632312885.84359717,0.15100000,0.00000000,1.09658500,0.00000000
1632312885.94369698,0.15000000,0.00000000,1.11162000,0.00000000
1632312886.04388523,0.14800000,0.00000000,1.12568500,0.00000000
1632312886.14405155,0.14600000,0.00000000,1.14072000,0.00000000
1632312886.24417138,0.14500000,0.00000000,1.15478500,0.00000000
1632312886.34448910,0.14300000,0.00000000,1.16982000,0.00000000
1632312886.44485068,0.14200000,0.00000000,1.18388500,0.00000000
1632312886.54503536,0.14000000,0.00000000,1.19795000,0.00000000
1632312886.64515162,0.13900000,0.00000000,1.21153000,0.00000000
1632312886.74525428,0.13700000,0.00000000,1.22559500,0.00000000
1632312886.84540725,0.13600000,0.00000000,1.23869000,0.00000000
1632312886.94482708,0.13500000,0.00000000,1.25275500,0.00000000
1632312887.04535604,0.13300000,0.00000000,1.26585000,0.00000000
1632312887.14447522,0.13200000,0.00000000,1.27894500,0.00000000
1632312887.24463034,0.13000000,0.00000000,1.29155500,0.00000000
1632312887.34483242,0.12900000,0.00000000,1.30465000,0.00000000
1632312887.44516230,0.12700000,0.00000000,1.31774500,0.00000000
1632312887.54529142,0.12600000,0.00000000,1.32987000,0.00000000
1632312887.64479852,0.12500000,0.00000000,1.34296500,0.00000000
1632312887.74498177,0.12300000,0.00000000,1.35460500,0.00000000
1632312887.84514451,0.12200000,0.00000000,1.36673000,0.00000000
1632312887.94536066,0.12100000,0.00000000,1.37982500,0.00000000
1632312888.04548335,0.12000000,0.00000000,1.39098000,0.00000000
1632312888.14562273,0.11800000,0.00000000,1.40262000,0.00000000
1632312888.24574995,0.11700000,0.00000000,1.41474500,0.00000000
1632312888.34593010,0.11600000,0.00000000,1.42687000,0.00000000
1632312888.44611859,0.11500000,0.00000000,1.43754000,0.00000000
1632312888.54642653,0.11300000,0.00000000,1.44869500,0.00000000
1632312888.64651322,0.11200000,0.00000000,1.46082000,0.00000000
1632312888.74655533,0.11100000,0.00000000,1.47197500,0.00000000
1632312888.84663653,0.11000000,0.00000000,1.48264500,0.00000000
1632312888.94673395,0.10900000,0.00000000,1.49380000,0.00000000
1632312889.04690123,0.10700000,0.00000000,1.50398500,0.00000000
1632312889.14700031,0.10600000,0.00000000,1.51465500,0.00000000
1632312889.24660707,0.10500000,0.00000000,1.52484000,0.00000000
1632312889.34676671,0.10400000,0.00000000,1.53599500,0.00000000
1632312889.44690824,0.10300000,0.00000000,1.54569500,0.00000000
1632312889.54706097,0.10200000,0.00000000,1.55588000,0.00000000
1632312889.64677143,0.10050000,0.01745329,1.56558000,0.00000000
1632312889.74744582,0.09950000,0.01745329,1.57673500,0.00000000
1632312889.84836769,0.09850000,0.03490659,1.58595000,0.00000000
1632312889.94809651,0.09750000,0.03490659,1.59565000,0.00000000
1632312890.04780912,0.09650000,0.05235988,1.60583500,0.00000000
1632312890.14753127,0.09550000,0.06981317,1.61553500,0.00000000
1632312890.24820781,0.09550000,0.06981317,1.62475000,0.00097000
1632312890.34790850,0.09450000,0.08726646,1.63493500,0.00097000
1632312890.44759154,0.09450000,0.08726646,1.64366500,0.00097000
1632312890.54828691,0.09350000,0.10471976,1.65385000,0.00194000
1632312890.64797211,0.09350000,0.10471976,1.66258000,0.00194000
1632312890.74763727,0.09350000,0.10471976,1.67179500,0.00291000
1632312890.84846306,0.06350000,0.10471976,1.67858500,0.00291000
1632312890.94932461,0.04150000,0.10471976,1.68295000,0.00388000
1632312891.04906392,0.04050000,0.12217305,1.68683000,0.00388000
1632312891.14894509,0.03550000,0.12217305,1.69071000,0.00485000
1632312891.24881124,0.03750000,0.12217305,1.69362000,0.00485000
1632312891.34866214,0.03250000,0.12217305,1.69798500,0.00485000
1632312891.44854641,0.03250000,0.13962634,1.70089500,0.00582000
1632312891.54927349,0.02550000,0.13962634,1.70380500,0.00582000
1632312891.64910722,0.02150000,0.12217305,1.70574500,0.00679000
1632312891.74882913,0.01900000,0.13962634,1.70768500,0.00679000
1632312891.84850836,0.01900000,0.13962634,1.70865500,0.00679000
1632312891.94916487,0.01600000,0.13962634,1.71059500,0.00776000
1632312892.04882598,0.01700000,0.13962634,1.71253500,0.00776000
1632312892.14850640,0.01500000,0.13962634,1.71399000,0.00873000
1632312892.24855471,0.01400000,0.13962634,1.71496000,0.00873000
1632312892.34925151,0.01300000,0.13962634,1.71690000,0.00873000
1632312892.44911671,0.01200000,0.12217305,1.71787000,0.00970000
1632312892.54898310,0.01100000,0.13962634,1.71884000,0.00970000
1632312892.64867091,0.01200000,0.13962634,1.71981000,0.00970000
1632312892.74941516,0.01100000,0.13962634,1.72078000,0.01067000
1632312892.84933162,0.01000000,0.13962634,1.72175000,0.01067000
1632312892.94917870,0.00900000,0.12217305,1.72272000,0.01067000
1632312893.04904532,0.01000000,0.13962634,1.72369000,0.01164000
1632312893.14874339,0.00900000,0.13962634,1.72466000,0.01164000
1632312893.24869466,0.00800000,0.13962634,1.72466000,0.01164000
1632312893.34941459,0.00800000,0.12217305,1.72563000,0.01261000
1632312893.44910073,0.00800000,0.13962634,1.72660000,0.01261000
1632312893.54895759,0.00800000,0.13962634,1.72757000,0.01261000
1632312893.64868474,0.00800000,0.12217305,1.72757000,0.01358000
1632312893.74851775,0.00800000,0.12217305,1.72854000,0.01358000
1632312893.84926367,0.00700000,0.12217305,1.72999500,0.01358000
1632312893.94899487,0.00700000,0.12217305,1.72999500,0.01455000
1632312894.04877186,0.00700000,0.12217305,1.73096500,0.01455000
1632312894.14869642,0.00700000,0.12217305,1.73096500,0.01455000
1632312894.24945140,0.00700000,0.12217305,1.73193500,0.01552000
1632312894.35015345,0.00600000,0.12217305,1.73290500,0.01552000
1632312894.44989347,0.00600000,0.12217305,1.73290500,0.01552000
1632312894.54952240,0.00600000,0.12217305,1.73387500,0.01697500
1632312894.65039539,0.00600000,0.12217305,1.73387500,0.01697500
1632312894.75026751,0.00600000,0.12217305,1.73484500,0.01697500
1632312894.85017037,0.00600000,0.12217305,1.73484500,0.01794500
1632312894.95009184,0.00600000,0.10471976,1.73581500,0.01794500
1632312895.04978657,0.00600000,0.12217305,1.73581500,0.01794500
1632312895.15048528,0.00500000,0.10471976,1.73678500,0.01891500
1632312895.25121951,0.00600000,0.10471976,1.73678500,0.01891500
1632312895.35092568,0.00500000,0.10471976,1.73678500,0.01891500
1632312895.45063329,0.03450000,0.13962634,1.73969500,0.02085500
1632312895.55127597,0.00500000,0.10471976,1.74066500,0.02182500
1632312895.65099430,0.03450000,0.12217305,1.74260500,0.02376500
1632312895.75085068,0.05550000,0.10471976,1.74794000,0.02667500
1632312895.85069728,0.05550000,0.10471976,1.75182000,0.03055500
1632312895.95055628,0.05550000,0.10471976,1.75570000,0.03492000
1632312896.05160141,0.05550000,0.08726646,1.75958000,0.03880000
1632312896.15227771,0.05550000,0.08726646,1.76394500,0.04171000
1632312896.25196552,0.05450000,0.08726646,1.76782500,0.04559000
1632312896.35167384,0.05450000,0.06981317,1.77170500,0.04995500
1632312896.45153213,0.05450000,0.06981317,1.77558500,0.05383500
1632312896.55227900,0.05350000,0.06981317,1.77995000,0.05674500
1632312896.65197825,0.05350000,0.05235988,1.78383000,0.06062500
1632312896.75166726,0.05250000,0.05235988,1.78771000,0.06499000
1632312896.85234952,0.05250000,0.03490659,1.79062000,0.06887000
1632312896.95230579,0.05150000,0.03490659,1.79498500,0.07178000
1632312897.05209851,0.05150000,0.03490659,1.79886500,0.07566000
1632312897.15186286,0.05050000,0.03490659,1.80177500,0.07954000
1632312897.25208855,0.05050000,0.03490659,1.80565500,0.08293500
1632312897.35197377,0.04950000,0.01745329,1.80856500,0.08681500
1632312897.45188212,0.04950000,0.01745329,1.81293000,0.09069500
1632312897.55179453,0.04850000,0.01745329,1.81584000,0.09360500
1632312897.65170598,0.04850000,0.01745329,1.81972000,0.09797000
1632312897.75158024,0.04750000,0.01745329,1.82263000,0.10088000
1632312897.85225391,0.04750000,0.01745329,1.82554000,0.10476000
1632312897.95191240,0.04650000,0.01745329,1.82893500,0.10767000
1632312898.05185437,0.04650000,0.01745329,1.83281500,0.11058000
1632312898.15173650,0.04550000,0.01745329,1.83572500,0.11494500
1632312898.25160837,0.04550000,0.01745329,1.83863500,0.11785500
1632312898.35248899,0.04450000,0.01745329,1.84154500,0.12076500
1632312898.45339584,0.04500000,0.00000000,1.84494000,0.12464500
1632312898.55327415,0.04400000,0.00000000,1.84785000,0.12755500
1632312898.65316033,0.04400000,0.00000000,1.85076000,0.13095000
1632312898.75288677,0.04300000,0.00000000,1.85367000,0.13386000
1632312898.85278511,0.04300000,0.00000000,1.85658000,0.13774000
1632312898.95265079,0.04200000,0.00000000,1.85997500,0.14065000
1632312899.05251241,0.04200000,0.00000000,1.86288500,0.14356000
1632312899.15344119,0.04100000,0.00000000,1.86482500,0.14695500
1632312899.25344753,0.04100000,0.00000000,1.86773500,0.14986500
1632312899.35332417,0.04100000,0.00000000,1.87064500,0.15277500
1632312899.45327806,0.04000000,0.00000000,1.87355500,0.15568500
1632312899.55308795,0.04000000,0.00000000,1.87598000,0.15859500
1632312899.65284896,0.03900000,0.00000000,1.87889000,0.16053500
1632312899.75263190,0.03900000,0.00000000,1.88180000,0.16393000
1632312899.85334086,0.03800000,0.00000000,1.88374000,0.16684000
1632312899.95321512,0.03800000,0.00000000,1.88665000,0.16975000
1632312900.05320644,0.03800000,0.00000000,1.88859000,0.17266000
1632312900.15305114,0.03700000,0.00000000,1.89198500,0.17460000
1632312900.25300789,0.03700000,0.00000000,1.89392500,0.17799500
1632312900.35277915,0.03600000,0.00000000,1.89683500,0.18090500
1632312900.45252037,0.03600000,0.00000000,1.89877500,0.18284500
1632312900.55330205,0.03600000,0.00000000,1.90168500,0.18575500
1632312900.65304327,0.03500000,0.00000000,1.90362500,0.18866500
1632312900.75283647,0.03500000,0.00000000,1.90556500,0.19060500
1632312900.85260582,0.03400000,0.00000000,1.90896000,0.19351500
1632312900.95336676,0.03400000,0.00000000,1.91090000,0.19594000
1632312901.05316567,0.03400000,0.00000000,1.91284000,0.19885000
1632312901.15293884,0.03300000,0.00000000,1.91575000,0.20079000
1632312901.25272512,0.03300000,0.00000000,1.91769000,0.20273000
1632312901.35253906,0.03300000,0.00000000,1.91963000,0.20564000
1632312901.45336270,0.03200000,0.00000000,1.92157000,0.20758000
1632312901.55314803,0.03200000,0.00000000,1.92399500,0.21097500
1632312901.65293598,0.03200000,0.00000000,1.92690500,0.21291500
1632312901.75272250,0.03100000,0.00000000,1.92884500,0.21485500
1632312901.85346937,0.03100000,0.00000000,1.93078500,0.21679500
1632312901.95422482,0.03100000,0.00000000,1.93272500,0.21970500
1632312902.05408454,0.03000000,0.00000000,1.93466500,0.22164500
1632312902.15385437,0.03000000,0.00000000,1.93660500,0.22358500
1632312902.25361013,0.03000000,0.00000000,1.93854500,0.22552500
1632312902.35438108,0.02900000,0.00000000,1.94097000,0.22795000
1632312902.45422244,0.02900000,0.00000000,1.94291000,0.23086000
1632312902.55380130,0.00000000,0.00000000,1.94291000,0.23086000
1632312902.65357614,0.03000000,0.00000000,1.94485000,0.23280000
1632312902.75433135,0.06000000,0.00000000,1.94873000,0.23668000
1632312902.85411692,0.09000000,0.00000000,1.95455000,0.24395500
1632312902.95381355,0.12000000,0.00000000,1.96279500,0.25268500
1632312903.05373168,0.15000000,0.00000000,1.97395000,0.26384000
1632312903.15369987,0.17700000,0.00000000,1.98559000,0.27693500
1632312903.25441027,0.17700000,0.00000000,1.99771500,0.28954500
1632312903.35432100,0.17700000,0.00000000,2.00984000,0.30264000
1632312903.45421124,0.17600000,0.00000000,2.02196500,0.31573500
1632312903.55412912,0.17500000,0.00000000,2.03360500,0.32786000
1632312903.65402818,0.17400000,0.00000000,2.04476000,0.34095500
1632312903.75394154,0.17200000,0.00000000,2.05688500,0.35356500
1632312903.85387015,0.17100000,0.00000000,2.06852500,0.36569000
1632312903.95379663,0.16900000,0.00000000,2.07968000,0.37878500
1632312904.05370831,0.16700000,0.00000000,2.09180500,0.39091000
1632312904.15362692,0.16500000,0.00000000,2.10296000,0.40255000
1632312904.25353718,0.16400000,0.00000000,2.11363000,0.41467500
1632312904.35443330,0.16200000,0.00000000,2.12478500,0.42680000
1632312904.45521498,0.16000000,0.00000000,2.13594000,0.43892500
1632312904.55493474,0.15800000,0.00000000,2.14661000,0.44959500
1632312904.65484333,0.15700000,0.00000000,2.15679500,0.46172000
1632312904.75484133,0.15500000,0.00000000,2.16795000,0.47287500
1632312904.85461950,0.15300000,0.00000000,2.17765000,0.48451500
1632312904.95537758,0.15200000,0.00000000,2.18880500,0.49567000
1632312905.05463862,0.15000000,0.00000000,2.19899000,0.50682500
1632312905.15454841,0.14900000,0.00000000,2.20869000,0.51798000
1632312905.25529027,0.14700000,0.00000000,2.21887500,0.52865000
1632312905.35502005,0.14500000,0.00000000,2.22857500,0.53883500
1632312905.45477390,0.14400000,0.00000000,2.23876000,0.54999000
1632312905.55552030,0.14200000,0.00000000,2.24797500,0.55969000
1632312905.65625715,0.13650000,0.01745329,2.25670500,0.56987500
1632312905.75599766,0.13150000,0.01745329,2.26592000,0.57957500
1632312905.85578823,0.12750000,0.01745329,2.27465000,0.58879000
1632312905.95554614,0.12250000,0.03490659,2.28289500,0.59752000
1632312906.05620408,0.11750000,0.03490659,2.29065500,0.60673500
1632312906.15597367,0.11250000,0.05235988,2.29890000,0.61498000
1632312906.25572920,0.10850000,0.05235988,2.30569000,0.62371000
1632312906.35647726,0.10350000,0.06981317,2.31296500,0.63098500
1632312906.45722914,0.09950000,0.06981317,2.31975500,0.63874500
1632312906.55705619,0.09550000,0.08726646,2.32557500,0.64553500
1632312906.65681815,0.09150000,0.06981317,2.33188000,0.65281000
1632312906.75656748,0.08750000,0.08726646,2.33673000,0.65960000
1632312906.85735226,0.08250000,0.08726646,2.34255000,0.66590500
1632312906.95713830,0.07850000,0.10471976,2.34788500,0.67172500
1632312907.05685902,0.07550000,0.10471976,2.35176500,0.67754500
1632312907.15666556,0.07150000,0.10471976,2.35661500,0.68385000
1632312907.25658798,0.06850000,0.10471976,2.36098000,0.68967000
1632312907.35649157,0.06450000,0.12217305,2.36486000,0.69452000
1632312907.45745492,0.06150000,0.12217305,2.36777000,0.69985500
1632312907.55833268,0.05850000,0.13962634,2.37165000,0.70470500
1632312907.65818214,0.05550000,0.13962634,2.37456000,0.70858500
1632312907.75794339,0.05250000,0.13962634,2.37795500,0.71392000
1632312907.85768414,0.04950000,0.13962634,2.37989500,0.71780000
1632312907.95845962,0.04750000,0.13962634,2.38280500,0.72168000
1632312908.05921841,0.04450000,0.15707963,2.38474500,0.72556000
1632312908.15902209,0.04250000,0.15707963,2.38668500,0.72992500
1632312908.25879264,0.04050000,0.15707963,2.38862500,0.73283500
1632312908.35854626,0.03850000,0.15707963,2.39056500,0.73671500
1632312908.45936036,0.03650000,0.17453293,2.39299000,0.73962500
1632312908.55911517,0.03450000,0.17453293,2.39493000,0.74253500
1632312908.65891504,0.03250000,0.17453293,2.39590000,0.74593000
1632312908.75867319,0.03150000,0.17453293,2.39687000,0.74884000
1632312908.85944986,0.03000000,0.17453293,2.39784000,0.75175000
1632312908.96024728,0.02900000,0.17453293,2.39978000,0.75369000
1632312909.06000137,0.02800000,0.17453293,2.40075000,0.75660000
1632312909.15976024,0.02700000,0.17453293,2.40172000,0.75854000
1632312909.25952172,0.02600000,0.19198622,2.40172000,0.76193500
1632312909.36019897,0.02500000,0.19198622,2.40269000,0.76387500
1632312909.45996690,0.02400000,0.19198622,2.40366000,0.76678500
1632312909.55975127,0.02400000,0.19198622,2.40463000,0.76872500
1632312909.65952492,0.02300000,0.19198622,2.40463000,0.77066500
1632312909.76023674,0.02300000,0.19198622,2.40560000,0.77260500
1632312909.85997343,0.02300000,0.20943951,2.40560000,0.77551500
1632312909.95977759,0.02200000,0.20943951,2.40657000,0.77794000
1632312910.05956841,0.01100000,0.19198622,2.40657000,0.77891000
1632312910.16029835,0.01100000,0.19198622,2.40657000,0.77988000
1632312910.26017308,0.01000000,0.19198622,2.40657000,0.78085000
1632312910.35980606,0.00900000,0.19198622,2.40657000,0.78182000
1632312910.45955443,0.00900000,0.19198622,2.40657000,0.78279000
1632312910.56028986,0.00900000,0.20943951,2.40657000,0.78376000
1632312910.66001701,0.00800000,0.19198622,2.40657000,0.78376000
1632312910.75977588,0.00700000,0.19198622,2.40754000,0.78473000
1632312910.86048031,0.00700000,0.19198622,2.40754000,0.78570000
1632312910.96116996,0.00700000,0.19198622,2.40754000,0.78667000
1632312911.06083584,0.00600000,0.19198622,2.40754000,0.78667000
1632312911.16059828,0.00600000,0.19198622,2.40754000,0.78764000
1632312911.26136994,0.00600000,0.19198622,2.40705500,0.78764000
1632312911.36107779,0.00500000,0.19198622,2.40705500,0.78861000
1632312911.46114421,0.00500000,0.19198622,2.40705500,0.78861000
1632312911.56080699,0.00500000,0.19198622,2.40705500,0.78958000
1632312911.66062093,0.00500000,0.19198622,2.40705500,0.78958000
1632312911.76134849,0.00500000,0.19198622,2.40705500,0.79055000
1632312911.86111259,0.00500000,0.19198622,2.40705500,0.79055000
1632312911.96089697,0.00400000,0.19198622,2.40705500,0.79152000
1632312912.06067634,0.00500000,0.19198622,2.40705500,0.79152000
1632312912.16139865,0.00400000,0.19198622,2.40705500,0.79297500
1632312912.26114392,0.00400000,0.19198622,2.40705500,0.79297500
1632312912.36083841,0.00400000,0.19198622,2.40705500,0.79297500
1632312912.46075749,0.00400000,0.19198622,2.40705500,0.79394500
1632312912.56065893,0.00400000,0.19198622,2.40608500,0.79394500
1632312912.66143060,0.00400000,0.19198622,2.40608500,0.79394500
1632312912.76116848,0.00400000,0.19198622,2.40608500,0.79491500
1632312912.86090326,0.00400000,0.17453293,2.40608500,0.79491500
1632312912.96080613,0.00400000,0.17453293,2.40608500,0.79588500
1632312913.06050372,0.00300000,0.17453293,2.40608500,0.79588500
1632312913.16120005,0.00400000,0.17453293,2.40608500,0.79588500
1632312913.26113081,0.00400000,0.17453293,2.40511500,0.79685500
1632312913.36098552,0.00300000,0.17453293,2.40511500,0.79685500
1632312913.46073508,0.00300000,0.17453293,2.40511500,0.79685500
1632312913.56151152,0.00300000,0.17453293,2.40511500,0.79685500
1632312913.66229272,0.00300000,0.17453293,2.40511500,0.79782500
1632312913.76200318,0.00300000,0.17453293,2.40511500,0.79782500
1632312913.86170912,0.00300000,0.15707963,2.40511500,0.79782500
1632312913.96245337,0.00400000,0.15707963,2.40414500,0.79879500
1632312914.06316185,0.00300000,0.15707963,2.40414500,0.79879500
1632312914.16282272,0.00300000,0.15707963,2.40414500,0.79879500
1632312914.26270223,0.00300000,0.15707963,2.40414500,0.79879500
1632312914.36290169,0.00300000,0.15707963,2.40414500,0.79976500
1632312914.46295953,0.00300000,0.13962634,2.40414500,0.79976500
1632312914.56273198,0.00300000,0.13962634,2.40317500,0.79976500
1632312914.66376948,0.00300000,0.13962634,2.40317500,0.79976500
1632312914.76412845,0.00300000,0.13962634,2.40317500,0.80073500
1632312914.86459851,0.00300000,0.13962634,2.40317500,0.80073500
1632312914.96392417,0.00300000,0.12217305,2.40317500,0.80073500
1632312915.06390882,0.00300000,0.12217305,2.40220500,0.80073500
1632312915.16391873,0.00000000,0.12217305,2.40220500,0.80073500
1632312915.26423907,0.00400000,0.12217305,2.40220500,0.80170500
1632312915.36468363,0.00400000,0.12217305,2.40220500,0.80170500
1632312915.46483302,0.00400000,0.12217305,2.40220500,0.80170500
1632312915.56527495,0.00400000,0.10471976,2.40123500,0.80170500
1632312915.66549516,0.00400000,0.10471976,2.40123500,0.80267500
1632312915.76559973,0.00400000,0.10471976,2.40123500,0.80267500
1632312915.86633897,0.00400000,0.10471976,2.40026500,0.80267500
1632312915.96643519,0.00400000,0.10471976,2.40026500,0.80364500
1632312916.06652308,0.00400000,0.10471976,2.40026500,0.80364500
1632312916.16590524,0.00400000,0.10471976,2.40026500,0.80364500
1632312916.26574397,0.00400000,0.08726646,2.39929500,0.80364500
1632312916.36570191,0.00400000,0.10471976,2.39929500,0.80461500
1632312916.46609235,0.03350000,0.10471976,2.39638500,0.80655500
1632312916.56642246,0.00400000,0.10471976,2.39638500,0.80655500
1632312916.66665268,0.00100000,0.08726646,2.39638500,0.80655500
1632312916.76705265,0.00100000,0.08726646,2.39638500,0.80655500
1632312916.86737657,0.00100000,0.08726646,2.39638500,0.80655500
1632312916.96679568,0.00100000,0.08726646,2.39638500,0.80655500
1632312917.06738925,0.00100000,0.08726646,2.39638500,0.80655500
1632312917.16769338,0.00100000,0.08726646,2.39638500,0.80655500
1632312917.26798296,0.00100000,0.06981317,2.39638500,0.80752500
1632312917.36835194,0.00100000,0.06981317,2.39541500,0.80752500
1632312917.46784163,0.00100000,0.06981317,2.39541500,0.80752500
1632312917.56854820,0.00100000,0.06981317,2.39541500,0.80752500
1632312917.66790986,0.00100000,0.06981317,2.39541500,0.80752500
1632312917.76818323,0.00100000,0.06981317,2.39541500,0.80752500
1632312917.86802244,0.00100000,0.06981317,2.39541500,0.80752500
1632312917.96846700,0.00100000,0.06981317,2.39541500,0.80752500
1632312918.06866002,0.00200000,0.06981317,2.39541500,0.80752500
1632312918.16890764,0.00100000,0.06981317,2.39541500,0.80752500
1632312918.26920247,0.00100000,0.06981317,2.39541500,0.80752500
1632312918.36910367,0.00200000,0.05235988,2.39444500,0.80752500
1632312918.46898055,0.00200000,0.06981317,2.39444500,0.80752500
1632312918.56884885,0.00200000,0.06981317,2.39444500,0.80752500
1632312918.66910243,0.00200000,0.05235988,2.39444500,0.80898000
1632312918.76934528,0.00200000,0.05235988,2.39444500,0.80898000
1632312918.86959887,0.00200000,0.05235988,2.39444500,0.80898000
1632312918.96880889,0.00200000,0.05235988,2.39347500,0.80898000
1632312919.06917024,0.00200000,0.05235988,2.39347500,0.80898000
1632312919.16949105,0.00200000,0.05235988,2.39347500,0.80898000
1632312919.26912713,0.00200000,0.05235988,2.39347500,0.80898000
1632312919.36941171,0.00200000,0.05235988,2.39347500,0.80898000
1632312919.46924734,0.00200000,0.05235988,2.39347500,0.80898000
1632312919.56962633,0.00200000,0.05235988,2.39202000,0.80898000
1632312919.66895700,0.00200000,0.05235988,2.39202000,0.80995000
1632312919.76926064,0.00200000,0.05235988,2.39202000,0.80995000
1632312919.86964655,0.00200000,0.05235988,2.39202000,0.80995000
1632312919.96870255,0.00200000,0.05235988,2.39202000,0.80995000
1632312920.06856537,0.00200000,0.05235988,2.39105000,0.80995000
1632312920.16939688,0.00200000,0.05235988,2.39105000,0.80995000
1632312920.26950336,0.00200000,0.05235988,2.39105000,0.80995000
1632312920.36926079,0.00200000,0.05235988,2.39105000,0.80995000
1632312920.46974707,0.00200000,0.03490659,2.39105000,0.80995000
1632312920.57012105,0.00200000,0.03490659,2.39105000,0.80995000
1632312920.67042804,0.00200000,0.05235988,2.39008000,0.80995000
1632312920.77063417,0.00200000,0.03490659,2.39008000,0.80995000
1632312920.86991048,0.00200000,0.03490659,2.39008000,0.81092000
1632312920.97003651,0.00200000,0.03490659,2.39008000,0.81092000
1632312921.07045865,0.00200000,0.03490659,2.39008000,0.81092000
1632312921.17157435,0.00200000,0.03490659,2.38911000,0.81092000
1632312921.27077007,0.00200000,0.03490659,2.38911000,0.81092000
1632312921.37091184,0.00300000,0.03490659,2.38911000,0.81092000
1632312921.47134686,0.00200000,0.03490659,2.38911000,0.81092000
1632312921.57169271,0.00300000,0.03490659,2.38911000,0.81092000
1632312921.67200208,0.00300000,0.03490659,2.38814000,0.81092000
1632312921.77226019,0.00300000,0.03490659,2.38814000,0.81092000
1632312921.87255311,0.00300000,0.03490659,2.38814000,0.81189000
1632312921.97190809,0.00300000,0.03490659,2.38717000,0.81189000
1632312922.07213569,0.00300000,0.03490659,2.38717000,0.81189000
1632312922.17233062,0.00300000,0.03490659,2.38717000,0.81189000
1632312922.27267694,0.00300000,0.03490659,2.38717000,0.81189000
1632312922.37291908,0.00300000,0.03490659,2.38620000,0.81189000
1632312922.47273850,0.00300000,0.03490659,2.38620000,0.81189000
1632312922.57377028,0.00300000,0.03490659,2.38620000,0.81189000
1632312922.67399073,0.00300000,0.03490659,2.38620000,0.81189000
1632312922.77417588,0.00300000,0.03490659,2.38523000,0.81286000
1632312922.87442040,0.00300000,0.03490659,2.38523000,0.81286000
1632312922.97460961,0.00300000,0.03490659,2.38523000,0.81286000
1632312923.07387614,0.00300000,0.01745329,2.38426000,0.81286000
1632312923.17422581,0.00300000,0.01745329,2.38426000,0.81286000
1632312923.27454066,0.00300000,0.01745329,2.38426000,0.81286000
1632312923.37383032,0.00300000,0.03490659,2.38426000,0.81286000
1632312923.47432733,0.00400000,0.03490659,2.38329000,0.81286000
1632312923.57427216,0.00300000,0.01745329,2.38329000,0.81286000
1632312923.67466760,0.00300000,0.01745329,2.38329000,0.81383000
1632312923.77395582,0.00350000,0.01745329,2.38232000,0.81383000
1632312923.87442470,0.00300000,0.01745329,2.38232000,0.81383000
1632312923.97387385,0.00300000,0.01745329,2.38232000,0.81383000
1632312924.07438135,0.00300000,0.01745329,2.38135000,0.81383000
1632312924.17468309,0.00400000,0.03490659,2.38135000,0.81383000
1632312924.27557349,0.00300000,0.01745329,2.38135000,0.81383000
1632312924.37486887,0.00300000,0.01745329,2.38038000,0.81383000
1632312924.47517514,0.00350000,0.01745329,2.38038000,0.81383000
1632312924.57545805,0.00300000,0.01745329,2.38038000,0.81383000
1632312924.67479610,0.00350000,0.01745329,2.37941000,0.81480000
1632312924.77512693,0.03350000,0.03490659,2.37601500,0.81577000
1632312924.87547970,0.06350000,0.03490659,2.37019500,0.81771000
1632312924.97491884,0.09350000,0.03490659,2.36146500,0.82062000
1632312925.07527518,0.12350000,0.03490659,2.34934000,0.82353000
1632312925.17559505,0.15350000,0.03490659,2.33527500,0.82886500
1632312925.27480769,0.12350000,0.01745329,2.32315000,0.83177500
1632312925.37525082,0.15350000,0.03490659,2.30811500,0.83662500
1632312925.47566056,0.18350000,0.03490659,2.29114000,0.84196000
1632312925.57600284,0.21350000,0.03490659,2.27028500,0.84875000
1632312925.67638993,0.24350000,0.03490659,2.24700500,0.85457000
1632312925.77578211,0.27450000,0.01745329,2.22033000,0.86281500
1632312925.87617850,0.24450000,0.01745329,2.19705000,0.86960500
1632312925.97649217,0.27450000,0.01745329,2.17037500,0.87785000
1632312926.07574892,0.30450000,0.01745329,2.14127500,0.88561000
1632312926.17626595,0.33450000,0.01745329,2.10926500,0.89482500
1632312926.27652311,0.36450000,0.01745329,2.07337500,0.90452500
1632312926.37652516,0.39450000,0.01745329,2.03603000,0.91568000
1632312926.47680879,0.36550000,0.01745329,2.00111000,0.92586500
1632312926.57724190,0.39350000,0.01745329,1.96328000,0.93556500
1632312926.67772412,0.39050000,0.01745329,1.92545000,0.94672000
1632312926.77868128,0.38750000,0.01745329,1.88713500,0.95690500
1632312926.87886500,0.38350000,0.01745329,1.85027500,0.96660500
1632312926.97912073,0.37950000,0.01745329,1.81438500,0.97679000
1632312927.07940722,0.37550000,0.01745329,1.77704000,0.98697500
1632312927.17966104,0.37250000,0.01745329,1.74115000,0.99570500
1632312927.27988815,0.36500000,0.00000000,1.70526000,1.00589000
1632312927.38011956,0.36500000,0.00000000,1.67034000,1.01462000
1632312927.48051739,0.36100000,0.00000000,1.63542000,1.02383500
1632312927.57986307,0.35700000,0.00000000,1.60147000,1.03256500
1632312927.67982554,0.35300000,0.00000000,1.56703500,1.04178000
1632312927.77980924,0.34900000,0.00000000,1.53308500,1.05099500
1632312927.88023067,0.34600000,0.00000000,1.49913500,1.05972500
1632312927.98050237,0.34200000,0.00000000,1.46615500,1.06894000
1632312928.08014584,0.33800000,0.00000000,1.43414500,1.07670000
1632312928.18052077,0.33500000,0.00000000,1.40116500,1.08591500
1632312928.27991509,0.33100000,0.00000000,1.37012500,1.09367500
1632312928.38025165,0.32800000,0.00000000,1.33811500,1.10289000
1632312928.48053932,0.32400000,0.00000000,1.30610500,1.11065000
1632312928.57986069,0.32100000,0.00000000,1.27506500,1.11889500
1632312928.67996311,0.31700000,0.00000000,1.24548000,1.12665500
1632312928.78044653,0.31400000,0.00000000,1.21444000,1.13490000
1632312928.88016200,0.31100000,0.00000000,1.18437000,1.14266000
1632312928.97979093,0.30800000,0.00000000,1.15527000,1.15090500
1632312929.08051062,0.30400000,0.00000000,1.12520000,1.15866500
1632312929.18008471,0.30100000,0.00000000,1.09610000,1.16691000
1632312929.28018618,0.29800000,0.00000000,1.06700000,1.17370000
1632312929.38067031,0.29500000,0.00000000,1.03935500,1.18194500
1632312929.48099709,0.29200000,0.00000000,1.01122500,1.18873500
1632312929.58161139,0.28900000,0.00000000,0.98309500,1.19698000
1632312929.68108344,0.28600000,0.00000000,0.95545000,1.20377000
1632312929.78118491,0.28200000,0.00000000,0.92829000,1.21056000
1632312929.88080621,0.27900000,0.00000000,0.90113000,1.21783500
1632312929.98081040,0.27600000,0.00000000,0.87445500,1.22462500
1632312930.08082390,0.27400000,0.00000000,0.84826500,1.23190000
1632312930.18080997,0.27100000,0.00000000,0.82110500,1.23869000
1632312930.28113818,0.26800000,0.00000000,0.79637000,1.24596500
1632312930.38156796,0.26500000,0.00000000,0.77018000,1.25275500
1632312930.48114038,0.26200000,0.00000000,0.74447500,1.25857500
1632312930.58172393,0.25900000,0.00000000,0.71925500,1.26585000
1632312930.68216920,0.25700000,0.00000000,0.69500500,1.27264000
1632312930.78218675,0.25400000,0.00000000,0.67027000,1.27894500
1632312930.88176990,0.25100000,0.00000000,0.64602000,1.28573500
1632312930.98205233,0.24900000,0.00000000,0.62225500,1.29155500
1632312931.08209443,0.24600000,0.00000000,0.59800500,1.29786000
1632312931.18251562,0.24300000,0.00000000,0.57521000,1.30368000
1632312931.28278661,0.24100000,0.00000000,0.55241500,1.30998500
1632312931.38332295,0.23800000,0.00000000,0.52913500,1.31677500
1632312931.48295403,0.23600000,0.00000000,0.50634000,1.32259500
1632312931.58348680,0.23300000,0.00000000,0.48306000,1.32793000
1632312931.68310332,0.23100000,0.00000000,0.46123500,1.33375000
1632312931.78359604,0.22800000,0.00000000,0.43941000,1.33957000
1632312931.88313699,0.22600000,0.00000000,0.41710000,1.34587500
1632312931.98335242,0.22400000,0.00000000,0.39527500,1.35169500
1632312932.08320618,0.22100000,0.00000000,0.37442000,1.35654500
1632312932.18304110,0.21900000,0.00000000,0.35308000,1.36285000
1632312932.28313231,0.21600000,0.00000000,0.33222500,1.36770000
1632312932.38280797,0.21400000,0.00000000,0.31137000,1.37352000
1632312932.48337030,0.21200000,0.00000000,0.29100000,1.37885500
1632312932.58332014,0.21000000,0.00000000,0.27014500,1.38467500
1632312932.68278265,0.20800000,0.00000000,0.25026000,1.38952500
1632312932.78286433,0.20500000,0.00000000,0.23037500,1.39486000
1632312932.88355803,0.20300000,0.00000000,0.21146000,1.39971000
1632312932.98345709,0.20100000,0.00000000,0.19109000,1.40553000
1632312933.08328986,0.19900000,0.00000000,0.17217500,1.41086500
1632312933.18346858,0.19700000,0.00000000,0.15326000,1.41571500
1632312933.28292799,0.19500000,0.00000000,0.13434500,1.42056500
1632312933.38355088,0.19300000,0.00000000,0.11640000,1.42590000
1632312933.48333240,0.19100000,0.00000000,0.09700000,1.43075000
1632312933.58274817,0.18900000,0.00000000,0.07905500,1.43463000
1632312933.68342066,0.18600000,0.00000000,0.06111000,1.43996500
1632312933.78280091,0.18500000,0.00000000,0.04316500,1.44481500
1632312933.88300824,0.18300000,0.00000000,0.02522000,1.44966500
1632312933.98357391,0.18100000,0.00000000,0.00824500,1.45354500
1632312934.08302784,0.17900000,0.00000000,-0.00970000,1.45888000
1632312934.18352222,0.17700000,0.00000000,-0.02667500,1.46276000
1632312934.28294206,0.17500000,0.00000000,-0.04365000,1.46761000
1632312934.38351917,0.17300000,0.00000000,-0.06062500,1.47197500
1632312934.48285627,0.17100000,0.00000000,-0.07663000,1.47682500
1632312934.58289027,0.17000000,0.00000000,-0.09360500,1.48070500
1632312934.68296075,0.16800000,0.00000000,-0.10961000,1.48458500
1632312934.78320265,0.16600000,0.00000000,-0.12561500,1.48895000
1632312934.88295317,0.16400000,0.00000000,-0.14162000,1.49380000
1632312934.98336530,0.16200000,0.00000000,-0.15665500,1.49768000
1632312935.08351445,0.16100000,0.00000000,-0.17266000,1.50156000
1632312935.18307734,0.15900000,0.00000000,-0.18769500,1.50592500
1632312935.28306651,0.15700000,0.00000000,-0.20370000,1.50980500
1632312935.38275480,0.15600000,0.00000000,-0.21873500,1.51368500
1632312935.48299956,0.15400000,0.00000000,-0.23377000,1.51756500
1632312935.58277893,0.15200000,0.00000000,-0.24783500,1.52193000
1632312935.68356085,0.12200000,0.00000000,-0.25996000,1.52484000
1632312935.78284335,0.15200000,0.00000000,-0.27499500,1.52872000
1632312935.88341546,0.15300000,0.00000000,-0.28857500,1.53260000
1632312935.98295259,0.15100000,0.00000000,-0.30361000,1.53599500
1632312936.08377433,0.14900000,0.00000000,-0.31767500,1.53987500
1632312936.18376732,0.14750000,0.01745329,-0.33271000,1.54375500
1632312936.28429699,0.14350000,0.01745329,-0.34677500,1.54763500
1632312936.38456750,0.14250000,0.01745329,-0.35987000,1.55054500
1632312936.48425245,0.14050000,0.01745329,-0.37393500,1.55491000
1632312936.58361673,0.13950000,0.01745329,-0.38751500,1.55782000
1632312936.68447542,0.11000000,0.00000000,-0.39770000,1.56073000
1632312936.78448820,0.08000000,0.00000000,-0.40594500,1.56267000
1632312936.88390899,0.05000000,0.00000000,-0.41079500,1.56364000
1632312936.98393154,0.01950000,0.01745329,-0.41273500,1.56461000
1632312937.08425283,0.00000000,0.01745329,-0.41273500,1.56461000
1632312937.18383503,0.00000000,0.00000000,-0.41273500,1.56461000
1632312937.28442860,0.00000000,0.00000000,-0.41273500,1.56461000
1632312937.38531208,0.00000000,0.00000000,-0.41273500,1.56461000
1632312937.48537827,0.00000000,0.00000000,-0.41273500,1.56461000
1632312937.58555198,0.00000000,0.00000000,-0.41273500,1.56461000
1632312937.68556523,0.00000000,0.00000000,-0.41273500,1.56461000
1632312937.78526878,0.00000000,0.00000000,-0.41273500,1.56461000
1632312937.88478971,0.00000000,0.01745329,-0.41273500,1.56461000
1632312937.98556519,0.00000000,0.01745329,-0.41273500,1.56461000
1632312938.08503556,0.00000000,0.01745329,-0.41273500,1.56461000
1632312938.18568993,0.00000000,0.01745329,-0.41273500,1.56461000
1632312938.28645444,0.00000000,0.01745329,-0.41273500,1.56461000
1632312938.38632369,0.00000000,0.01745329,-0.41273500,1.56461000
1632312938.48590708,0.00000000,0.01745329,-0.41273500,1.56461000
1632312938.58653426,0.00000000,0.01745329,-0.41273500,1.56461000
1632312938.68612146,0.00000000,0.01745329,-0.41273500,1.56461000
1632312938.78650618,0.00000000,0.01745329,-0.41273500,1.56461000
1632312938.88623738,0.00000000,0.01745329,-0.41273500,1.56461000
1632312938.98670053,0.00000000,0.01745329,-0.41273500,1.56461000
1632312939.08683205,0.00000000,0.01745329,-0.41273500,1.56461000
1632312939.18761349,0.00000000,0.00000000,-0.41273500,1.56461000
1632312939.28760195,0.00000000,0.00000000,-0.41273500,1.56461000
1632312939.38744068,0.00000000,0.00000000,-0.41273500,1.56461000
1632312939.48729897,0.00000000,0.00000000,-0.41273500,1.56461000
1632312939.58686590,0.00000000,0.00000000,-0.41273500,1.56461000
1632312939.68678737,0.00000000,0.00000000,-0.41273500,1.56461000
1632312939.78749943,0.00000000,0.00000000,-0.41273500,1.56461000
1632312939.88713217,0.00000000,0.00000000,-0.41273500,1.56461000
1632312939.98712349,0.00000000,0.00000000,-0.41273500,1.56461000
1632312940.08705974,0.00000000,0.00000000,-0.41273500,1.56461000
1632312940.18703961,0.00000000,0.00000000,-0.41273500,1.56461000
1632312940.28720212,0.00000000,0.00000000,-0.41273500,1.56461000
1632312940.38741446,0.00000000,0.00000000,-0.41273500,1.56461000
1632312940.48760557,0.00000000,0.00000000,-0.41273500,1.56461000
1632312940.58729172,0.00000000,0.00000000,-0.41273500,1.56461000
1632312940.68703556,0.00000000,0.00000000,-0.41273500,1.56461000
1632312940.78681564,0.00000000,0.00000000,-0.41273500,1.56461000
1632312940.88685799,0.00000000,0.00000000,-0.41273500,1.56461000
1632312940.98764610,0.00000000,0.00000000,-0.41273500,1.56461000
1632312941.08803225,0.00000000,0.00000000,-0.41273500,1.56461000
1632312941.18777347,0.00000000,0.00000000,-0.41273500,1.56461000
1632312941.28798270,0.00000000,0.00000000,-0.41273500,1.56461000
1632312941.38786554,0.00000000,0.00000000,-0.41273500,1.56461000
1632312941.48783970,0.00000000,0.00000000,-0.41273500,1.56461000
1632312941.58773041,0.00000000,0.00000000,-0.41273500,1.56461000
1632312941.68852353,0.00000000,0.00000000,-0.41273500,1.56461000
1632312941.78837895,0.00000000,0.00000000,-0.41273500,1.56461000
1632312941.88835907,0.00000000,0.00000000,-0.41273500,1.56461000
1632312941.98822045,0.00000000,0.00000000,-0.41273500,1.56461000
1632312942.08798599,0.00000000,0.00000000,-0.41273500,1.56461000
1632312942.18770146,0.00000000,0.00000000,-0.41273500,1.56461000
1632312942.28775311,0.00000000,0.00000000,-0.41273500,1.56461000
1632312942.38853431,0.00000000,0.00000000,-0.41273500,1.56461000
1632312942.48841000,0.00000000,0.00000000,-0.41273500,1.56461000
1632312942.58844781,0.00000000,0.00000000,-0.41273500,1.56461000
1632312942.68865323,0.00000000,0.00000000,-0.41273500,1.56461000
1632312942.78793812,0.00000000,0.00000000,-0.41273500,1.56461000
1632312942.88875675,0.00000000,0.00000000,-0.41273500,1.56461000
1632312942.98892951,0.00000000,0.00000000,-0.41273500,1.56461000
1632312943.08895278,0.00000000,0.00000000,-0.41273500,1.56461000
1632312943.18876123,0.00000000,0.00000000,-0.41273500,1.56461000
1632312943.28966093,0.00000000,0.00000000,-0.41273500,1.56461000
1632312943.38938451,0.00000000,0.00000000,-0.41273500,1.56461000
1632312943.48927665,0.00000000,0.00000000,-0.41273500,1.56461000
1632312943.58887148,0.00000000,0.00000000,-0.41273500,1.56461000
1632312943.68906283,0.00000000,0.00000000,-0.41273500,1.56461000
1632312943.78890729,0.00000000,0.00000000,-0.41273500,1.56461000
1632312943.88898730,0.00000000,0.00000000,-0.41273500,1.56461000
1632312943.98968577,0.00000000,0.00000000,-0.41273500,1.56461000
1632312944.09049869,0.00000000,0.00000000,-0.41273500,1.56461000
1632312944.19016218,0.00000000,0.00000000,-0.41273500,1.56461000
1632312944.28996563,0.00000000,0.00000000,-0.41273500,1.56461000
1632312944.39074945,0.00000000,0.00000000,-0.41273500,1.56461000
1632312944.49137211,0.00000000,0.00000000,-0.41273500,1.56461000
1632312944.59119272,0.00000000,0.00000000,-0.41273500,1.56461000
1632312944.69104671,0.00000000,0.00000000,-0.41273500,1.56461000
1632312944.79171348,0.00000000,0.00000000,-0.41273500,1.56461000
1632312944.89245200,0.00000000,0.00000000,-0.41273500,1.56461000
1632312944.99247885,0.00000000,0.00000000,-0.41273500,1.56461000
1632312945.09218645,0.00000000,0.00000000,-0.41273500,1.56461000
1632312945.19179177,0.00000000,0.00000000,-0.41273500,1.56461000
1632312945.29238367,0.00000000,0.00000000,-0.41273500,1.56461000
1632312945.39189196,0.00000000,0.00000000,-0.41273500,1.56461000
1632312945.49186659,0.00000000,0.00000000,-0.41273500,1.56461000
1632312945.59275937,0.00000000,0.00000000,-0.41273500,1.56461000
1632312945.69319963,0.00000000,0.00000000,-0.41273500,1.56461000
1632312945.79292941,0.00000000,0.00000000,-0.41273500,1.56461000
1632312945.89361978,0.00000000,0.00000000,-0.41273500,1.56461000
1632312945.99434304,0.00000000,0.00000000,-0.41273500,1.56461000
1632312946.09462547,0.00000000,0.00000000,-0.41273500,1.56461000
1632312946.19537783,0.00000000,0.00000000,-0.41273500,1.56461000
1632312946.29515982,0.00000000,0.00000000,-0.41273500,1.56461000
1632312946.39493990,0.00000000,0.00000000,-0.41273500,1.56461000
1632312946.49447060,0.00000000,0.00000000,-0.41273500,1.56461000
1632312946.59511304,0.00000000,0.00000000,-0.41273500,1.56461000
1632312946.69464827,0.00000000,0.00000000,-0.41273500,1.56461000
1632312946.79521108,0.00000000,0.00000000,-0.41273500,1.56461000
1632312946.89486456,0.00000000,0.00000000,-0.41273500,1.56461000
1632312946.99548244,0.00000000,0.00000000,-0.41273500,1.56461000
1632312947.09608912,0.00000000,0.00000000,-0.41273500,1.56461000
1632312947.19577980,0.00000000,0.00000000,-0.41273500,1.56461000
1632312947.29630566,0.00000000,0.00000000,-0.41273500,1.56461000
1632312947.39588046,0.00000000,0.00000000,-0.41273500,1.56461000
1632312947.49642777,0.00000000,0.00000000,-0.41273500,1.56461000
1632312947.59696269,0.00000000,0.00000000,-0.41273500,1.56461000
1632312947.69663906,0.00000000,0.00000000,-0.41273500,1.56461000
1632312947.79730034,0.00000000,0.00000000,-0.41273500,1.56461000
1632312947.89692998,0.00000000,0.00000000,-0.41273500,1.56461000
1632312947.99650073,0.00000000,0.00000000,-0.41273500,1.56461000
1632312948.09706926,0.00000000,0.00000000,-0.41273500,1.56461000
1632312948.19670582,0.00000000,0.00000000,-0.41273500,1.56461000
1632312948.29734540,0.00000000,0.00000000,-0.41273500,1.56461000
1632312948.39689064,0.00000000,0.00000000,-0.41273500,1.56461000
1632312948.49742675,0.00000000,0.00000000,-0.41273500,1.56461000
1632312948.59816098,0.00000000,0.01745329,-0.41273500,1.56461000
1632312948.69777870,0.00000000,0.01745329,-0.41273500,1.56461000
1632312948.79842067,0.00000000,0.01745329,-0.41273500,1.56461000
1632312948.89914918,0.00000000,0.01745329,-0.41273500,1.56461000
1632312948.99883795,0.00000000,0.01745329,-0.41273500,1.56461000
1632312949.09951067,0.00000000,0.03490659,-0.41273500,1.56461000
1632312949.20014548,0.00000000,0.03490659,-0.41273500,1.56461000
1632312949.29978752,0.00000000,0.03490659,-0.41273500,1.56461000
1632312949.40046549,0.00000000,0.03490659,-0.41273500,1.56461000
1632312949.50110936,0.00000000,0.03490659,-0.41273500,1.56461000
1632312949.60092711,0.00000000,0.03490659,-0.41273500,1.56461000
1632312949.70068359,0.00000000,0.03490659,-0.41273500,1.56461000
1632312949.80146503,0.00000000,0.05235988,-0.41273500,1.56461000
1632312949.90151405,0.00000000,0.05235988,-0.41273500,1.56461000
1632312950.00215220,0.00000000,0.05235988,-0.41273500,1.56461000
1632312950.10180306,0.00000000,0.05235988,-0.41273500,1.56461000
1632312950.20166564,0.00000000,0.05235988,-0.41273500,1.56461000
1632312950.30154157,0.00000000,0.05235988,-0.41273500,1.56461000
1632312950.40220761,0.00000000,0.05235988,-0.41273500,1.56461000
1632312950.50241446,0.00000000,0.05235988,-0.41273500,1.56461000
1632312950.60269332,0.00000000,0.05235988,-0.41273500,1.56461000
1632312950.70312977,0.00000000,0.06981317,-0.41273500,1.56461000
1632312950.80341935,0.00000000,0.05235988,-0.41273500,1.56461000
1632312950.90375352,0.00000000,0.05235988,-0.41273500,1.56461000
1632312951.00401831,0.00000000,0.06981317,-0.41273500,1.56461000
1632312951.10439777,0.00000000,0.06981317,-0.41273500,1.56461000
1632312951.20468068,0.00000000,0.06981317,-0.41273500,1.56461000
1632312951.30493021,0.00000000,0.06981317,-0.41273500,1.56461000
1632312951.40528512,0.00000000,0.06981317,-0.41273500,1.56461000
1632312951.50550508,0.00000000,0.06981317,-0.41273500,1.56461000
1632312951.60628700,0.00000000,0.06981317,-0.41273500,1.56461000
1632312951.70573568,0.00000000,0.06981317,-0.41273500,1.56461000
1632312951.80572200,0.00000000,0.06981317,-0.41273500,1.56461000
1632312951.90674686,0.00000000,0.06981317,-0.41273500,1.56461000
1632312952.00652623,0.00000000,0.06981317,-0.41273500,1.56461000
1632312952.10749531,0.00000000,0.06981317,-0.41273500,1.56461000
1632312952.20734906,0.00000000,0.06981317,-0.41273500,1.56461000
1632312952.30714726,0.00000000,0.06981317,-0.41273500,1.56461000
1632312952.40763354,0.00000000,0.06981317,-0.41273500,1.56461000
1632312952.50698829,0.00000000,0.06981317,-0.41273500,1.56461000
1632312952.60719681,0.00000000,0.06981317,-0.41273500,1.56461000
1632312952.70667553,0.00000000,0.06981317,-0.41273500,1.56461000
1632312952.80699396,0.00000000,0.06981317,-0.41273500,1.56461000
1632312952.90731573,0.00000000,0.06981317,-0.41273500,1.56461000
1632312953.00717187,0.00000000,0.06981317,-0.41273500,1.56461000
1632312953.10728979,0.00000000,0.06981317,-0.41273500,1.56461000
1632312953.20719290,0.00000000,0.06981317,-0.41273500,1.56461000
1632312953.30690622,0.00000000,0.06981317,-0.41273500,1.56461000
1632312953.40704703,0.00000000,0.06981317,-0.41273500,1.56461000
1632312953.50741673,0.00000000,0.06981317,-0.41273500,1.56461000
1632312953.60725188,0.00000000,0.06981317,-0.41273500,1.56461000
1632312953.70745921,0.00000000,0.06981317,-0.41273500,1.56461000
1632312953.80772448,0.00000000,0.06981317,-0.41273500,1.56461000
1632312953.90793872,0.00000000,0.06981317,-0.41273500,1.56461000
1632312954.00825453,0.00000000,0.06981317,-0.41273500,1.56461000
1632312954.10857058,0.00000000,0.06981317,-0.41273500,1.56461000
1632312954.20868969,0.00000000,0.06981317,-0.41273500,1.56461000
1632312954.30872941,0.00000000,0.06981317,-0.41273500,1.56461000
1632312954.40906429,0.00000000,0.06981317,-0.41273500,1.56461000
1632312954.50957561,0.00000000,0.06981317,-0.41273500,1.56461000
1632312954.60969377,0.00000000,0.06981317,-0.41273500,1.56461000
1632312954.71001363,0.00000000,0.06981317,-0.41273500,1.56461000
1632312954.81052947,0.00000000,0.06981317,-0.41273500,1.56461000
1632312954.91040492,0.00000000,0.06981317,-0.41273500,1.56461000
1632312955.01044154,0.00000000,0.06981317,-0.41273500,1.56461000
1632312955.11065578,0.00000000,0.06981317,-0.41273500,1.56461000
1632312955.21141577,0.00000000,0.06981317,-0.41273500,1.56461000
1632312955.31165290,0.00000000,0.06981317,-0.41273500,1.56461000
1632312955.41086936,0.00000000,0.06981317,-0.41273500,1.56461000
1632312955.51138401,0.00000000,0.06981317,-0.41273500,1.56461000
1632312955.61151290,0.00000000,0.06981317,-0.41273500,1.56461000
1632312955.71171069,0.00000000,0.06981317,-0.41273500,1.56461000
1632312955.81184649,0.00000000,0.06981317,-0.41273500,1.56461000
1632312955.91212654,0.00000000,0.06981317,-0.41273500,1.56461000
1632312956.01230502,0.00000000,0.06981317,-0.41273500,1.56461000
1632312956.11251903,0.00000000,0.06981317,-0.41273500,1.56461000
1632312956.21158147,0.00000000,0.06981317,-0.41273500,1.56461000
1632312956.31233549,0.00000000,0.06981317,-0.41273500,1.56461000
1632312956.41255331,0.00000000,0.06981317,-0.41273500,1.56461000
1632312956.51184797,0.00000000,0.06981317,-0.41273500,1.56461000
1632312956.61222839,0.00000000,0.06981317,-0.41273500,1.56461000
1632312956.71210957,0.00000000,0.06981317,-0.41273500,1.56461000
1632312956.81194854,0.00000000,0.06981317,-0.41273500,1.56461000
1632312956.91191506,0.00000000,0.06981317,-0.41273500,1.56461000
1632312957.01177692,0.00000000,0.06981317,-0.41273500,1.56461000
1632312957.11221194,0.00000000,0.06981317,-0.41273500,1.56461000
1632312957.21253562,0.00000000,0.05235988,-0.41273500,1.56461000
1632312957.31180668,0.00000000,0.06981317,-0.41273500,1.56461000
1632312957.41213560,0.00000000,0.06981317,-0.41273500,1.56461000
1632312957.51246214,0.00000000,0.05235988,-0.41273500,1.56461000
1632312957.61270070,0.00000000,0.05235988,-0.41273500,1.56461000
1632312957.71347594,0.00000000,0.05235988,-0.41273500,1.56461000
1632312957.81469035,0.00000000,0.05235988,-0.41273500,1.56461000
1632312957.91514993,0.00000000,0.05235988,-0.41273500,1.56461000
1632312958.01534748,0.00000000,0.05235988,-0.41273500,1.56461000
1632312958.11496401,0.00000000,0.00000000,-0.41273500,1.56461000
1632312958.21509695,0.00000000,0.00000000,-0.41273500,1.56461000
1632312958.31502223,0.00000000,0.00000000,-0.41273500,1.56461000
1632312958.41525507,0.00000000,0.00000000,-0.41273500,1.56461000
1632312958.51502275,0.00000000,0.00000000,-0.41273500,1.56461000
1632312958.61576748,0.00000000,0.00000000,-0.41273500,1.56461000
1632312958.71650791,0.00000000,0.00000000,-0.41273500,1.56461000
1632312958.81619668,0.00000000,0.00000000,-0.41273500,1.56461000
1632312958.91584420,0.00000000,0.00000000,-0.41273500,1.56461000
1632312959.01656175,0.00000000,0.00000000,-0.41273500,1.56461000
1632312959.11595774,0.00000000,0.00000000,-0.41273500,1.56461000
1632312959.21673512,0.00000000,0.00000000,-0.41273500,1.56461000
1632312959.31737471,0.00000000,0.00000000,-0.41273500,1.56461000
1632312959.41696215,0.00000000,0.00000000,-0.41273500,1.56461000
1632312959.51761961,0.00000000,0.00000000,-0.41273500,1.56461000
1632312959.61708856,0.00000000,0.00000000,-0.41273500,1.56461000
1632312959.71691775,0.00000000,0.00000000,-0.41273500,1.56461000
1632312959.81712270,0.00000000,0.00000000,-0.41273500,1.56461000
1632312959.91698718,0.00000000,0.00000000,-0.41273500,1.56461000
1632312960.01705122,0.00000000,0.00000000,-0.41273500,1.56461000
1632312960.11695313,0.00000000,0.00000000,-0.41273500,1.56461000
1632312960.21759725,0.00000000,0.00000000,-0.41273500,1.56461000
1632312960.31733036,0.00000000,0.00000000,-0.41273500,1.56461000
1632312960.41725659,0.00000000,0.00000000,-0.41273500,1.56461000
1632312960.51766205,0.00000000,0.00000000,-0.41273500,1.56461000
1632312960.61727238,0.00000000,0.00000000,-0.41273500,1.56461000
1632312960.71703863,0.00000000,0.00000000,-0.41273500,1.56461000
1632312960.81777453,0.00000000,0.00000000,-0.41273500,1.56461000
1632312960.91817331,0.00000000,0.00000000,-0.41273500,1.56461000
1632312961.01818323,0.00000000,0.00000000,-0.41273500,1.56461000
1632312961.11862373,0.00000000,0.00000000,-0.41273500,1.56461000
1632312961.21870756,0.00000000,0.00000000,-0.41273500,1.56461000
1632312961.31931067,0.00000000,0.00000000,-0.41273500,1.56461000
1632312961.41896200,0.00000000,0.00000000,-0.41273500,1.56461000
1632312961.51959205,0.00000000,0.00000000,-0.41273500,1.56461000
1632312961.61926770,0.00000000,0.00000000,-0.41273500,1.56461000
1632312961.71902966,0.00000000,0.00000000,-0.41273500,1.56461000
1632312961.81861615,0.00000000,0.00000000,-0.41273500,1.56461000
1632312961.91889644,0.00000000,0.00000000,-0.41273500,1.56461000
1632312962.01977587,0.00000000,0.00000000,-0.41273500,1.56461000
1632312962.12059975,0.00000000,0.00000000,-0.41273500,1.56461000
1632312962.22041726,0.00000000,0.00000000,-0.41273500,1.56461000
1632312962.31989670,0.00000000,0.00000000,-0.41273500,1.56461000
1632312962.41984081,0.00000000,0.00000000,-0.41273500,1.56461000
1632312962.52061391,0.00000000,0.00000000,-0.41273500,1.56461000
1632312962.62012672,0.00000000,0.00000000,-0.41273500,1.56461000
1632312962.72048998,0.00000000,0.00000000,-0.41273500,1.56461000
1632312962.82030296,0.00000000,0.00000000,-0.41273500,1.56461000
1632312962.91994190,0.00000000,0.00000000,-0.41273500,1.56461000
1632312963.02064061,0.00000000,0.00000000,-0.41273500,1.56461000
1632312963.12034750,0.00000000,0.00000000,-0.41273500,1.56461000
1632312963.22049594,0.00000000,0.00000000,-0.41273500,1.56461000
1632312963.32136798,0.00000000,0.00000000,-0.41273500,1.56461000
1632312963.42109227,0.00000000,0.00000000,-0.41273500,1.56461000
1632312963.52083874,0.00000000,0.00000000,-0.41273500,1.56461000
1632312963.62155223,0.00000000,0.00000000,-0.41273500,1.56461000
1632312963.72133160,0.00000000,0.00000000,-0.41273500,1.56461000
1632312963.82165551,0.00000000,0.00000000,-0.41273500,1.56461000
1632312963.92133021,0.00000000,0.00000000,-0.41273500,1.56461000
1632312964.02104712,0.00000000,0.00000000,-0.41273500,1.56461000
1632312964.12082696,0.00000000,0.00000000,-0.41273500,1.56461000
