Seconds,ChildArea,Child Observation Distance,Robot bounds proximity
1632159628.45337796,0,0.00000000,0.00000000
1632159628.55341005,0,0.00000000,0.00000000
1632159628.65337276,0,0.00000000,0.00000000
1632159628.75337577,0,0.00000000,0.00000000
1632159628.85337377,0,0.00000000,0.00000000
1632159628.95334768,0,0.00000000,0.00000000
1632159629.05334282,0,0.00000000,0.00000000
1632159629.15334463,0,0.00000000,0.00000000
1632159629.25334740,0,0.00000000,0.00000000
1632159629.35338712,0,0.00000000,0.00000000
1632159629.45338964,0,0.00000000,0.00000000
1632159629.55337548,0,0.00000000,0.00000000
1632159629.65339017,0,0.00000000,0.00000000
1632159629.75337720,0,0.00000000,0.00000000
1632159629.85337496,0,0.00000000,0.00000000
1632159629.95338130,0,0.00000000,0.00000000
1632159630.05335784,0,0.00000000,0.00000000
1632159630.15334940,0,0.00000000,0.00000000
1632159630.25334477,0,0.00000000,0.00000000
1632159630.35335445,0,0.00000000,0.00000000
1632159630.45331955,0,0.00000000,0.00000000
1632159630.55338836,0,0.00000000,0.00000000
1632159630.65337539,0,0.00000000,0.00000000
1632159630.75334239,0,0.00000000,0.00000000
1632159630.85337520,0,0.00000000,0.00000000
1632159630.95337439,0,0.00000000,0.00000000
1632159631.05337405,0,0.00000000,0.00000000
1632159631.15337610,0,0.00000000,0.00000000
1632159631.25331926,0,0.00000000,0.00000000
1632159631.35336041,0,0.00000000,0.00000000
1632159631.45337009,0,0.00000000,0.00000000
1632159631.55333757,0,0.00000000,0.00000000
1632159631.65334511,0,0.00000000,0.00000000
1632159631.75335073,0,0.00000000,0.00000000
1632159631.85337591,0,0.00000000,0.00000000
1632159631.95337415,0,0.00000000,0.00000000
1632159632.05337572,0,0.00000000,0.00000000
1632159632.15335774,0,0.00000000,0.00000000
1632159632.25337267,0,0.00000000,0.00000000
1632159632.35335207,0,0.00000000,0.00000000
1632159632.45334697,0,0.00000000,0.00000000
1632159632.55334544,0,0.00000000,0.00000000
1632159632.65335488,0,0.00000000,0.00000000
1632159632.75331640,0,0.00000000,0.00000000
1632159632.85334849,0,0.00000000,0.00000000
1632159632.95335579,0,0.00000000,0.00000000
1632159633.05334997,0,0.00000000,0.00000000
1632159633.15331745,0,0.00000000,0.00000000
1632159633.25334311,0,0.00000000,0.00000000
1632159633.35334563,0,0.00000000,0.00000000
1632159633.45334315,0,0.00000000,0.00000000
1632159633.55335689,0,0.00000000,0.00000000
1632159633.65337181,0,0.00000000,0.00000000
1632159633.75337458,0,0.00000000,0.00000000
1632159633.85337400,0,0.00000000,0.00000000
1632159633.95337439,0,0.00000000,0.00000000
1632159634.05337310,0,0.00000000,0.00000000
1632159634.15337443,0,0.00000000,0.00000000
1632159634.25337505,0,0.00000000,0.00000000
1632159634.35338163,0,0.00000000,0.00000000
1632159634.45338368,0,0.00000000,0.00000000
1632159634.55338597,0,0.00000000,0.00000000
1632159634.65335059,0,0.00000000,0.00000000
1632159634.75331807,0,0.00000000,0.00000000
1632159634.85334659,0,0.00000000,0.00000000
1632159634.95334721,0,0.00000000,0.00000000
1632159635.05338740,0,0.00000000,0.00000000
1632159635.15337420,0,0.00000000,0.00000000
1632159635.25337315,0,0.00000000,0.00000000
1632159635.35335636,0,0.00000000,0.00000000
1632159635.45338035,0,0.00000000,0.00000000
1632159635.55338168,0,0.00000000,0.00000000
1632159635.65337658,0,0.00000000,0.00000000
1632159635.75338912,0,0.00000000,0.00000000
1632159635.85337639,0,0.00000000,0.00000000
1632159635.95337486,0,0.00000000,0.00000000
1632159636.05335832,0,0.00000000,0.00000000
1632159636.15338397,0,0.00000000,0.00000000
1632159636.25337577,0,0.00000000,0.00000000
1632159636.35337734,0,0.00000000,0.00000000
1632159636.45338488,0,0.00000000,0.00000000
1632159636.55337477,0,0.00000000,0.00000000
1632159636.65337467,0,0.00000000,0.00000000
1632159636.75337720,0,0.00000000,0.00000000
1632159636.85337496,0,0.00000000,0.00000000
1632159636.95337510,0,0.00000000,0.00000000
1632159637.05337501,0,0.00000000,0.00000000
1632159637.15335464,0,0.00000000,0.00000000
1632159637.25334620,0,0.00000000,0.00000000
1632159637.35337043,0,0.00000000,0.00000000
1632159637.45337486,0,0.00000000,0.00000000
1632159637.55337429,0,0.00000000,0.00000000
1632159637.65337443,1,1.00000000,0.00000000
1632159637.75337839,1,0.94999981,0.00000000
1632159637.85337353,1,0.90000010,0.00000000
1632159637.95337510,1,0.84999990,0.00000000
1632159638.05338025,1,0.80000019,0.00000000
1632159638.15337181,1,0.75000000,0.00000000
1632159638.25338078,1,0.69999981,0.00000000
1632159638.35338688,1,0.65291010,0.00000000
1632159638.45331573,1,0.60581977,0.00000000
1632159638.55337739,1,0.55921478,0.00000000
1632159638.65338159,1,0.50679019,0.00000000
1632159638.75337148,1,0.51018503,0.00000000
1632159638.85337353,1,0.51260978,0.00000000
1632159638.95338273,1,0.51115483,0.00000000
1632159639.05338168,1,0.51309517,0.00000000
1632159639.15337777,1,0.51406480,0.00000000
1632159639.25337529,1,0.51406501,0.00000000
1632159639.35333610,1,0.51067022,0.00000000
1632159639.45337296,1,0.51503503,0.00000000
1632159639.55338144,1,0.51406488,0.00000000
1632159639.65337396,1,0.51406509,0.00000000
1632159639.75338197,1,0.51406483,0.00000000
1632159639.85337520,1,0.51406504,0.00000000
1632159639.95335579,1,0.51406477,0.00000000
1632159640.05334425,1,0.51357998,0.00000000
1632159640.15334606,1,0.51406514,0.00000000
1632159640.25334764,1,0.51309487,0.00000000
1632159640.35335588,1,0.51406497,0.00000000
1632159640.45331597,1,0.51309518,0.00000000
1632159640.55337954,1,0.51309480,0.00000000
1632159640.65334463,1,0.51260990,0.00000000
1632159640.75334334,1,0.51309494,0.00000000
1632159640.85334992,1,0.51212504,0.00000000
1632159640.95331597,1,0.51309502,0.00000000
1632159641.05334735,1,0.51212512,0.00000000
1632159641.15332031,1,0.51164011,0.00000000
1632159641.25332594,1,0.51309503,0.00000000
1632159641.35335946,1,0.51115513,0.00000000
1632159641.45337605,1,0.51164000,0.00000000
1632159641.55337620,1,0.51212493,0.00000000
1632159641.65337610,1,0.51115492,0.00000000
1632159641.75337458,1,0.51212479,0.00000000
1632159641.85337591,1,0.51066977,0.00000000
1632159641.95337653,1,0.51212506,0.00000000
1632159642.05338025,1,0.51115505,0.00000000
1632159642.15337658,1,0.51066992,0.00000000
1632159642.25337625,1,0.51115521,0.00000000
1632159642.35332513,1,0.51018508,0.00000000
1632159642.45337319,1,0.51066984,0.00000000
1632159642.55338120,1,0.51115513,0.00000000
1632159642.65332222,1,0.51018501,0.00000000
1632159642.75333166,1,0.51066976,0.00000000
1632159642.85337186,1,0.51018506,0.00000000
1632159642.95338154,1,0.51018481,0.00000000
1632159643.05334449,1,0.50970005,0.00000000
1632159643.15337396,1,0.51018523,0.00000000
1632159643.25333595,1,0.50872999,0.00000000
1632159643.35338259,1,0.51018505,0.00000000
1632159643.45337510,1,0.51018481,0.00000000
1632159643.55338359,1,0.50873004,0.00000000
1632159643.65337801,1,0.51018511,0.00000000
1632159643.75337934,1,0.45873015,0.00000000
1632159643.85337901,1,0.40921503,0.00000000
1632159643.95341253,1,0.35921496,0.00000000
1632159644.05331779,1,0.30872989,0.00000000
1632159644.15338039,1,0.25921477,0.00000000
1632159644.25338149,1,0.20873017,0.00000000
1632159644.35337639,1,0.15824505,0.00000000
1632159644.45334721,1,0.10775987,0.00000000
1632159644.55332375,1,0.05824510,0.00000000
1632159644.65332031,1,0.00775992,0.00000000
1632159644.75337195,2,0.00000000,0.00000000
1632159644.85338211,2,0.00000000,0.00000000
1632159644.95337439,2,0.00000000,0.00000000
1632159645.05337954,2,0.00000000,0.00000000
1632159645.15335011,2,0.00000000,0.00000000
1632159645.25338411,2,0.00000000,0.00000000
1632159645.35332894,2,0.00000000,0.00000000
1632159645.45334697,2,0.00000000,0.00000000
1632159645.55337191,2,0.00000000,0.00000000
1632159645.65337276,2,0.00000000,0.00000000
1632159645.75337315,2,0.00000000,0.00000000
1632159645.85337901,2,0.00000000,0.00000000
1632159645.95338821,2,0.00000000,0.00000000
1632159646.05337715,2,0.00000000,0.00000000
1632159646.15338016,2,0.00000000,0.00000000
1632159646.25337458,2,0.00000000,0.00000000
1632159646.35340595,2,0.00000000,0.00000000
1632159646.45337653,2,0.00000000,0.00000000
1632159646.55338383,2,0.00000000,0.00000000
1632159646.65332031,2,0.00000000,0.00000000
1632159646.75334549,2,0.00000000,0.00000000
1632159646.85331821,2,0.00000000,0.00000000
1632159646.95337319,2,0.00000000,0.00000000
1632159647.05337715,2,0.00000000,0.00000000
1632159647.15337753,2,0.00000000,0.00000000
1632159647.25337553,2,0.00000000,0.00000000
1632159647.35338211,2,0.00000000,0.00000000
1632159647.45337462,2,0.00000000,0.00000000
1632159647.55334806,2,0.00000000,0.00000000
1632159647.65335751,2,0.00000000,0.00000000
1632159647.75337839,2,0.00000000,0.00000000
1632159647.85337877,2,0.00000000,0.00000000
1632159647.95350456,2,0.00000000,0.00000000
1632159648.05338693,2,0.00000000,0.00000000
1632159648.15332198,2,0.00000000,0.00000000
1632159648.25333047,2,0.00000000,0.00000000
1632159648.35338926,2,0.00000000,0.00000000
1632159648.45337605,2,0.00000000,0.00000000
1632159648.55340314,2,0.00000000,0.00000000
1632159648.65337682,2,0.00000000,0.00000000
1632159648.75337505,2,0.00000000,0.00000000
1632159648.85335541,2,0.00000000,0.00000000
1632159648.95337534,2,0.00000000,0.00000000
1632159649.05335355,2,0.00000000,0.00000000
1632159649.15340686,2,0.00000000,0.00000000
1632159649.25333858,2,0.00000000,0.00000000
1632159649.35342979,2,0.00000000,0.00000000
1632159649.45336795,2,0.00000000,0.00000000
1632159649.55335283,2,0.00000000,0.00000000
1632159649.65334630,2,0.00000000,0.00000000
1632159649.75334740,2,0.00000000,0.00000000
1632159649.85337138,2,0.00000000,0.00000000
1632159649.95337582,2,0.00000000,0.00000000
1632159650.05334210,2,0.00000000,0.00000000
1632159650.15334368,2,0.00000000,0.00000000
1632159650.25337553,2,0.00000000,0.00000000
1632159650.35338449,2,0.00000000,0.00000000
1632159650.45337319,2,0.00000000,0.00000000
1632159650.55337405,2,0.00000000,0.00000000
1632159650.65338731,2,0.00000000,0.00000000
1632159650.75339055,2,0.00000000,0.00000000
1632159650.85338688,2,0.00000000,0.00000000
1632159650.95338035,2,0.00000000,0.00000000
1632159651.05338120,2,0.00000000,0.00000000
1632159651.15333915,2,0.00000000,0.00000000
1632159651.25333905,2,0.00000000,0.00000000
1632159651.35342884,2,0.00000000,0.00000000
1632159651.45334339,2,0.00000000,0.00000000
1632159651.55337572,2,0.00000000,0.00000000
1632159651.65337229,2,0.00000000,0.00000000
1632159651.75337982,2,0.00000000,0.00000000
1632159651.85337400,2,0.00000000,0.00000000
1632159651.95337296,2,0.00000000,0.00000000
1632159652.05338287,2,0.00000000,0.00000000
1632159652.15337420,2,0.00000000,0.00000000
1632159652.25337601,2,0.00000000,0.00000000
1632159652.35335922,2,0.00000000,0.00000000
1632159652.45337439,2,0.00000000,0.00000000
1632159652.55339026,2,0.00000000,0.00000000
1632159652.65337610,2,0.00000000,0.00000000
1632159652.75337458,2,0.00000000,0.00000000
1632159652.85337496,2,0.00000000,0.00000000
1632159652.95337486,2,0.00000000,0.00000000
1632159653.05333757,2,0.00000000,0.00000000
1632159653.15338111,2,0.00000000,0.00000000
1632159653.25331688,2,0.00000000,0.00000000
1632159653.35337973,2,0.00000000,0.00000000
1632159653.45337677,2,0.00000000,0.00000000
1632159653.55334020,2,0.00000000,0.00000000
1632159653.65337443,2,0.00000000,0.00000000
1632159653.75337863,2,0.00000000,0.00000000
1632159653.85335159,2,0.00000000,0.00000000
1632159653.95337796,2,0.00000000,0.00000000
1632159654.05333757,2,0.00000000,0.00000000
1632159654.15335941,2,0.00000000,0.00000000
1632159654.25337481,2,0.00000000,0.00000000
1632159654.35337996,2,0.00000000,0.00000000
1632159654.45337367,2,0.00000000,0.00000000
1632159654.55337262,2,0.00000000,0.00000000
1632159654.65337801,2,0.00000000,0.00000000
1632159654.75334096,2,0.00000000,0.00000000
1632159654.85337257,2,0.00000000,0.00000000
1632159654.95333028,2,0.00000000,0.00000000
1632159655.05334568,2,0.00000000,0.00000000
1632159655.15335298,2,0.00000000,0.00000000
1632159655.25337219,2,0.00000000,0.00000000
1632159655.35337758,2,0.00000000,0.00000000
1632159655.45335722,2,0.00000000,0.00000000
1632159655.55334854,2,0.00000000,0.00000000
1632159655.65337801,2,0.00000000,0.00000000
1632159655.75334811,2,0.00000000,0.00000000
1632159655.85337114,2,0.00000000,0.00000000
1632159655.95333791,2,0.00000000,0.00000000
1632159656.05332613,2,0.00000000,0.00000000
1632159656.15338087,2,0.00000000,0.00000000
1632159656.25334883,2,0.00000000,0.00000000
1632159656.35337305,2,0.00000000,0.00000000
1632159656.45333958,2,0.00000000,0.00000000
1632159656.55337620,2,0.00000000,0.00000000
1632159656.65337467,2,0.00000000,0.00000000
1632159656.75334811,2,0.00000000,0.00000000
1632159656.85334873,2,0.00000000,0.00000000
1632159656.95337439,2,0.00000000,0.00000000
1632159657.05335426,2,0.00000000,0.00000000
1632159657.15336728,2,0.00000000,0.00000000
1632159657.25337005,2,0.00000000,0.00000000
1632159657.35336828,2,0.00000000,0.00000000
1632159657.45332956,2,0.00000000,0.00000000
1632159657.55338740,2,0.00000000,0.00000000
1632159657.65337420,2,0.00000000,0.00000000
1632159657.75337720,2,0.00000000,0.00000000
1632159657.85337353,2,0.00000000,0.00000000
1632159657.95332193,2,0.00000000,0.00000000
1632159658.05337691,2,0.00000000,0.00000000
1632159658.15337396,2,0.00000000,0.00000000
1632159658.25337291,2,0.00000000,0.00000000
1632159658.35336661,2,0.00000000,0.00000000
1632159658.45334625,2,0.00000000,0.00000000
1632159658.55336952,2,0.00000000,0.00000000
1632159658.65334773,2,0.00000000,0.00000000
1632159658.75334215,2,0.00000000,0.00000000
1632159658.85334158,2,0.00000000,0.00000000
1632159658.95334148,2,0.00000000,0.00000000
1632159659.05333829,2,0.00000000,0.00000000
1632159659.15332246,2,0.00000000,0.00000000
1632159659.25337029,2,0.00000000,0.00000000
1632159659.35337901,2,0.00000000,0.00000000
1632159659.45337224,2,0.00000000,0.00000000
1632159659.55338287,2,0.00000000,0.00000000
1632159659.65337563,2,0.00000000,0.00000000
1632159659.75337481,2,0.00000000,0.00000000
1632159659.85337043,2,0.00000000,0.00000000
1632159659.95335507,2,0.00000000,0.00000000
1632159660.05337262,2,0.00000000,0.00000000
1632159660.15337873,2,0.00000000,0.00000000
1632159660.25337553,2,0.00000000,0.00000000
1632159660.35333204,2,0.00000000,0.00000000
1632159660.45338392,2,0.00000000,0.00000000
1632159660.55334210,2,0.00000000,0.00000000
1632159660.65337276,2,0.00000000,0.00000000
1632159660.75337696,2,0.00000000,0.00000000
1632159660.85337496,2,0.00000000,0.00000000
1632159660.95338130,2,0.00000000,0.00000000
1632159661.05337286,2,0.00000000,0.00000000
1632159661.15337634,2,0.00000000,0.00000000
1632159661.25337458,2,0.00000000,0.00000000
1632159661.35338402,2,0.00000000,0.00000000
1632159661.45337534,2,0.00000000,0.00000000
1632159661.55337238,2,0.00000000,0.00000000
1632159661.65337420,2,0.00000000,0.00000000
1632159661.75335717,2,0.00000000,0.00000000
1632159661.85333753,2,0.00000000,0.00000000
1632159661.95337558,2,0.00000000,0.00000000
1632159662.05337453,2,0.00000000,0.00000000
1632159662.15336895,2,0.00000000,0.00000000
1632159662.25335073,2,0.00000000,0.00000000
1632159662.35334802,2,0.00000000,0.00000000
1632159662.45331693,2,0.00000000,0.00000000
1632159662.55333209,2,0.00000000,0.00000000
1632159662.65340734,2,0.00000000,0.00000000
1632159662.75332403,2,0.00000000,0.00000000
1632159662.85338235,2,0.00000000,0.00000000
1632159662.95342708,2,0.00000000,0.00000000
1632159663.05339813,2,0.00000000,0.00000000
1632159663.15333605,2,0.00000000,0.00000000
1632159663.25337696,2,0.00000000,0.00000000
1632159663.35332584,2,0.00000000,0.00000000
1632159663.45337534,2,0.00000000,0.00000000
1632159663.55338502,2,0.00000000,0.00000000
1632159663.65338326,2,0.00000000,0.00000000
1632159663.75337696,2,0.00000000,0.00000000
1632159663.85337639,2,0.00000000,0.00000000
1632159663.95338488,2,0.00000000,0.00000000
1632159664.05338025,2,0.00000000,0.00000000
1632159664.15338159,2,0.00000000,0.00000000
1632159664.25337887,2,0.00000000,0.00000000
1632159664.35337782,2,0.00000000,0.00000000
1632159664.45334697,2,0.00000000,0.00000000
1632159664.55339003,2,0.00000000,0.00000000
1632159664.65338111,2,0.00000000,0.00000000
1632159664.75337768,2,0.00000000,0.00000000
1632159664.85338163,2,0.00000000,0.00000000
1632159664.95338154,2,0.00000000,0.00000000
1632159665.05334091,2,0.00000000,0.00000000
1632159665.15337658,2,0.00000000,0.00000000
1632159665.25337720,2,0.00000000,0.00000000
1632159665.35334682,2,0.00000000,0.00000000
1632159665.45338035,2,0.00000000,0.00000000
1632159665.55334806,2,0.00000000,0.00000000
1632159665.65337348,2,0.00000000,0.00000000
1632159665.75338864,2,0.00000000,0.00000000
1632159665.85338283,2,0.00000000,0.00000000
1632159665.95337844,2,0.00000000,0.00000000
1632159666.05338550,2,0.00000000,0.00000000
1632159666.15337658,2,0.00000000,0.00000000
1632159666.25333190,2,0.00000000,0.00000000
1632159666.35338616,2,0.00000000,0.00000000
1632159666.45337605,2,0.00000000,0.00000000
1632159666.55336189,2,0.00000000,0.00000000
1632159666.65337753,2,0.00000000,0.00000000
1632159666.75337815,2,0.00000000,0.00000000
1632159666.85338449,2,0.00000000,0.00000000
1632159666.95337868,2,0.00000000,0.00000000
1632159667.05338168,2,0.00000000,0.00000000
1632159667.15337777,2,0.00000000,0.00000000
1632159667.25337768,2,0.00000000,0.00000000
1632159667.35337710,2,0.00000000,0.00000000
1632159667.45337844,2,0.00000000,0.00000000
1632159667.55338216,2,0.00000000,0.00000000
1632159667.65337873,2,0.00000000,0.00000000
1632159667.75337648,2,0.00000000,0.00000000
1632159667.85337806,2,0.00000000,0.00000000
1632159667.95335865,2,0.00000000,0.00000000
1632159668.05338430,2,0.00000000,0.00000000
1632159668.15338302,2,0.00000000,0.00000000
1632159668.25335360,2,0.00000000,0.00000000
1632159668.35337448,2,0.00000000,0.00000000
1632159668.45331979,2,0.00000000,0.00000000
1632159668.55338025,2,0.00000000,0.00000000
1632159668.65338302,2,0.00000000,0.00000000
1632159668.75337648,2,0.00000000,0.00000000
1632159668.85337758,2,0.00000000,0.00000000
1632159668.95337772,2,0.00000000,0.00000000
1632159669.05337763,2,0.00000000,0.00000000
1632159669.15337729,2,0.00000000,0.00000000
1632159669.25338221,2,0.00000000,0.00000000
1632159669.35338354,2,0.00000000,0.00000000
1632159669.45338297,2,0.00000000,0.00000000
1632159669.55336356,2,0.00000000,0.00000000
1632159669.65333843,2,0.00000000,0.00000000
1632159669.75339270,2,0.00000000,0.00000000
1632159669.85334086,2,0.00000000,0.00000000
1632159669.95338464,2,0.00000000,0.00000000
1632159670.05337334,2,0.00000000,0.00000000
1632159670.15338039,2,0.00000000,0.00000000
1632159670.25337744,2,0.00000000,0.00000000
1632159670.35334539,2,0.00000000,0.00000000
1632159670.45334077,2,0.00000000,0.00000000
1632159670.55334377,2,0.00000000,0.00000000
1632159670.65334249,2,0.00000000,0.00000000
1632159670.75334358,2,0.00000000,0.00000000
1632159670.85331631,2,0.00000000,0.00000000
1632159670.95334530,2,0.00000000,0.00000000
1632159671.05334449,2,0.00000000,0.00000000
1632159671.15334463,2,0.00000000,0.00000000
1632159671.25334191,2,0.00000000,0.00000000
1632159671.35332298,2,0.00000000,0.00000000
1632159671.45331860,2,0.00000000,0.00000000
1632159671.55331826,2,0.00000000,0.00000000
1632159671.65331721,2,0.00000000,0.00000000
1632159671.75334311,2,0.00000000,0.00000000
1632159671.85334492,2,0.00000000,0.00000000
1632159671.95334387,2,0.00000000,0.00000000
1632159672.05331397,2,0.00000000,0.00000000
1632159672.15334582,2,0.00000000,0.00000000
1632159672.25331736,2,0.00000000,0.00000000
1632159672.35331893,2,0.00000000,0.00000000
1632159672.45331526,2,0.00000000,0.00000000
1632159672.55334449,2,0.00000000,0.00000000
1632159672.65334535,2,0.00000000,0.00000000
1632159672.75334382,2,0.00000000,0.00000000
1632159672.85334349,2,0.00000000,0.00000000
1632159672.95334530,2,0.00000000,0.00000000
1632159673.05331779,2,0.00000000,0.00000000
1632159673.15338421,2,0.00000000,0.00000000
1632159673.25335884,2,0.00000000,0.00000000
1632159673.35337710,2,0.00000000,0.00000000
1632159673.45337605,2,0.00000000,0.00000000
1632159673.55339074,2,0.00000000,0.00000000
1632159673.65338087,2,0.00000000,0.00000000
1632159673.75337648,2,0.00000000,0.00000000
1632159673.85335994,2,0.00000000,0.00000000
1632159673.95342588,2,0.00000000,0.00000000
1632159674.05338597,2,0.00000000,0.00000000
1632159674.15332866,2,0.00000000,0.00000000
1632159674.25336432,2,0.00000000,0.00000000
1632159674.35335970,2,0.00000000,0.00000000
1632159674.45332575,2,0.00000000,0.00000000
1632159674.55335045,2,0.00000000,0.00000000
1632159674.65331721,2,0.00000000,0.00000000
1632159674.75335312,2,0.00000000,0.00000000
1632159674.85337877,2,0.00000000,0.00000000
1632159674.95334506,2,0.00000000,0.00000000
1632159675.05334640,2,0.00000000,0.00000000
1632159675.15342712,2,0.00000000,0.00000000
1632159675.25339580,2,0.00000000,0.00000000
1632159675.35338378,2,0.00000000,0.00000000
1632159675.45337653,2,0.00000000,0.00000000
1632159675.55340314,2,0.00000000,0.00000000
1632159675.65339160,2,0.00000000,0.00000000
1632159675.75339413,2,0.00000000,0.00000000
1632159675.85337472,2,0.00000000,0.00000000
1632159675.95338035,2,0.00000000,0.00000000
1632159676.05337453,2,0.00000000,0.00000000
1632159676.15337491,2,0.00000000,0.00000000
1632159676.25334549,2,0.00000000,0.00000000
1632159676.35340619,2,0.00000000,0.00000000
1632159676.45334768,2,0.00000000,0.00000000
1632159676.55342245,2,0.00000000,0.00000000
1632159676.65337372,2,0.00000000,0.00000000
1632159676.75334835,2,0.00000000,0.00000000
1632159676.85337138,2,0.00000000,0.00000000
1632159676.95338106,2,0.00000000,0.00000000
1632159677.05335569,2,0.00000000,0.00000000
1632159677.15337586,2,0.00000000,0.00000000
1632159677.25337505,2,0.00000000,0.00000000
1632159677.35339308,2,0.00000000,0.00000000
1632159677.45338392,2,0.00000000,0.00000000
1632159677.55337954,2,0.00000000,0.00000000
1632159677.65338135,2,0.00000000,0.00000000
1632159677.75337839,2,0.00000000,0.00000000
1632159677.85337853,2,0.00000000,0.00000000
1632159677.95338178,2,0.00000000,0.00000000
1632159678.05337977,2,0.00000000,0.00000000
1632159678.15338159,2,0.00000000,0.00000000
1632159678.25334191,2,0.00000000,0.00000000
1632159678.35337853,2,0.00000000,0.00000000
1632159678.45338154,2,0.00000000,0.00000000
1632159678.55335259,2,0.00000000,0.00000000
1632159678.65339279,2,0.00000000,0.00000000
1632159678.75337577,2,0.00000000,0.00000000
1632159678.85337615,2,0.00000000,0.00000000
1632159678.95337629,2,0.00000000,0.00000000
1632159679.05340242,2,0.00000000,0.00000000
1632159679.15334487,2,0.00000000,0.00000000
1632159679.25338340,2,0.00000000,0.00000000
1632159679.35338092,2,0.00000000,0.00000000
1632159679.45337558,2,0.00000000,0.00000000
1632159679.55338120,2,0.00000000,0.00000000
1632159679.65332937,2,0.00000000,0.00000000
1632159679.75339222,2,0.00000000,0.00000000
1632159679.85337210,2,0.00000000,0.00000000
1632159679.95338416,2,0.00000000,0.00000000
1632159680.05335212,2,0.00000000,0.00000000
1632159680.15332627,2,0.00000000,0.00000000
1632159680.25338364,2,0.00000000,0.00000000
1632159680.35338306,2,0.00000000,0.00000000
1632159680.45337677,2,0.00000000,0.00000000
1632159680.55337691,2,0.00000000,0.00000000
1632159680.65338206,2,0.00000000,0.00000000
1632159680.75337529,2,0.00000000,0.00000000
1632159680.85338187,2,0.00000000,0.00000000
1632159680.95337605,2,0.00000000,0.00000000
1632159681.05333543,2,0.00000000,0.00000000
1632159681.15338135,2,0.00000000,0.00000000
1632159681.25337625,2,0.00000000,0.00000000
1632159681.35337639,2,0.00000000,0.00000000
1632159681.45337915,2,0.00000000,0.00000000
1632159681.55338049,2,0.00000000,0.00000000
1632159681.65337539,2,0.00000000,0.00000000
1632159681.75337577,2,0.00000000,0.00000000
1632159681.85334325,2,0.00000000,0.00000000
1632159681.95336962,2,0.00000000,0.00000000
1632159682.05338907,2,0.00000000,0.00000000
1632159682.15338326,2,0.00000000,0.00000000
1632159682.25335193,2,0.00000000,0.00000000
1632159682.35336900,2,0.00000000,0.00000000
1632159682.45337605,2,0.00000000,0.00000000
1632159682.55337739,2,0.00000000,0.00000000
1632159682.65337563,2,0.00000000,0.00000000
1632159682.75337696,2,0.00000000,0.00000000
1632159682.85338330,2,0.00000000,0.00000000
1632159682.95337725,2,0.00000000,0.00000000
1632159683.05338669,2,0.00000000,0.00000000
1632159683.15334940,2,0.00000000,0.00000000
1632159683.25337505,2,0.00000000,0.00000000
1632159683.35337496,2,0.00000000,0.00000000
1632159683.45337462,2,0.00000000,0.00000000
1632159683.55337524,2,0.00000000,0.00000000
1632159683.65337539,2,0.00000000,0.00000000
1632159683.75337553,2,0.00000000,0.00000000
1632159683.85337496,2,0.00000000,0.00000000
1632159683.95337558,2,0.00000000,0.00000000
1632159684.05335164,2,0.00000000,0.00000000
1632159684.15337229,2,0.00000000,0.00000000
1632159684.25337672,2,0.00000000,0.00000000
1632159684.35337639,2,0.00000000,0.00000000
1632159684.45339489,2,0.00000000,0.00000000
1632159684.55337071,2,0.00000000,0.00000000
1632159684.65337682,2,0.00000000,0.00000000
1632159684.75337577,2,0.00000000,0.00000000
1632159684.85337996,2,0.00000000,0.00000000
1632159684.95337796,2,0.00000000,0.00000000
1632159685.05333662,2,0.00000000,0.00000000
1632159685.15337563,2,0.00000000,0.00000000
1632159685.25337601,2,0.00000000,0.00000000
1632159685.35337567,2,0.00000000,0.00000000
1632159685.45333862,2,0.00000000,0.00000000
1632159685.55337644,2,0.00000000,0.00000000
1632159685.65333796,2,0.00000000,0.00000000
1632159685.75337672,2,0.00000000,0.00000000
1632159685.85337591,2,0.00000000,0.00000000
1632159685.95337582,2,0.00000000,0.00000000
1632159686.05338216,2,0.00000000,0.00000000
1632159686.15339303,2,0.00000000,0.00000000
1632159686.25337601,2,0.00000000,0.00000000
1632159686.35337639,2,0.00000000,0.00000000
1632159686.45337653,2,0.00000000,0.00000000
1632159686.55337453,2,0.00000000,0.00000000
1632159686.65335202,2,0.00000000,0.00000000
1632159686.75337982,2,0.00000000,0.00000000
1632159686.85337639,2,0.00000000,0.00000000
1632159686.95337677,2,0.00000000,0.00000000
1632159687.05333471,2,0.00000000,0.00000000
1632159687.15338445,2,0.00000000,0.00000000
1632159687.25337887,2,0.00000000,0.00000000
1632159687.35332680,2,0.00000000,0.00000000
1632159687.45337152,2,0.00000000,0.00000000
1632159687.55337596,2,0.00000000,0.00000000
1632159687.65338516,2,0.00000000,0.00000000
1632159687.75337553,2,0.00000000,0.00000000
1632159687.85337591,2,0.00000000,0.00000000
1632159687.95337605,2,0.00000000,0.00000000
1632159688.05338120,2,0.00000000,0.00000000
1632159688.15334868,2,0.00000000,0.00000000
1632159688.25338149,2,0.00000000,0.00000000
1632159688.35337567,2,0.00000000,0.00000000
1632159688.45337629,2,0.00000000,0.00000000
1632159688.55337381,2,0.00000000,0.00000000
1632159688.65338039,2,0.00000000,0.00000000
1632159688.75338435,2,0.00000000,0.00000000
1632159688.85339236,2,0.00000000,0.00000000
1632159688.95337939,2,0.00000000,0.00000000
1632159689.05337620,2,0.00000000,0.00000000
1632159689.15339375,2,0.00000000,0.00000000
1632159689.25337601,2,0.00000000,0.00000000
1632159689.35337639,2,0.00000000,0.00000000
1632159689.45337486,2,0.00000000,0.00000000
1632159689.55337548,2,0.00000000,0.00000000
1632159689.65334773,2,0.00000000,0.00000000
1632159689.75337648,2,0.00000000,0.00000000
1632159689.85337830,2,0.00000000,0.00000000
1632159689.95338225,2,0.00000000,0.00000000
1632159690.05337429,2,0.00000000,0.00000000
1632159690.15335035,2,0.00000000,0.00000000
1632159690.25338602,2,0.00000000,0.00000000
1632159690.35339355,2,0.00000000,0.00000000
1632159690.45337629,2,0.00000000,0.00000000
1632159690.55337477,2,0.00000000,0.00000000
1632159690.65338516,1,0.00259898,0.00000000
1632159690.75338149,1,0.04934094,0.00000000
1632159690.85338211,1,0.09731470,0.00000000
1632159690.95338869,1,0.14885458,0.00000000
1632159691.05331874,1,0.19334730,0.00000000
1632159691.15334439,1,0.24139828,0.00000000
1632159691.25336885,1,0.36630256,0.00000000
1632159691.35335088,1,0.38094323,0.00000000
1632159691.45337605,1,0.43203451,0.00000000
1632159691.55337834,1,0.48360533,0.00000000
1632159691.65338326,1,0.53467611,0.00000000
1632159691.75338173,1,0.57117939,0.00000000
1632159691.85338068,1,0.53942312,0.00000000
1632159691.95338297,1,0.53547070,0.00000000
1632159692.05337572,1,0.53827844,0.00000000
1632159692.15338969,1,0.54164695,0.00000000
1632159692.25333571,1,0.57842152,0.00000000
1632159692.35337615,1,0.54557916,0.00000000
1632159692.45336795,1,0.54304684,0.00000000
1632159692.55338001,1,0.54553964,0.00000000
1632159692.65339208,1,0.54927052,0.00000000
1632159692.75337553,1,0.55145486,0.00000000
1632159692.85337830,1,0.55413917,0.00000000
1632159692.95337605,1,0.55097996,0.00000000
1632159693.05338192,1,0.55506432,0.00000000
1632159693.15338111,1,0.55648895,0.00000000
1632159693.25337625,1,0.59235777,0.00000000
1632159693.35337639,1,0.55679630,0.00000000
1632159693.45337629,1,0.55774020,0.00000000
1632159693.55337739,1,0.55735608,0.00000000
1632159693.65338230,1,0.55706350,0.00000000
1632159693.75337982,1,0.55613602,0.00000000
1632159693.85337234,1,0.55599915,0.00000000
1632159693.95338178,1,0.55510667,0.00000000
1632159694.05334163,1,0.55629577,0.00000000
1632159694.15339208,1,0.55589790,0.00000000
1632159694.25337648,1,0.55561108,0.00000000
1632159694.35337496,1,0.55464079,0.00000000
1632159694.45337391,1,0.55475494,0.00000000
1632159694.55337405,1,0.55473399,0.00000000
1632159694.65337920,1,0.55381202,0.00000000
1632159694.75337601,1,0.55400416,0.00000000
1632159694.85337400,1,0.55387137,0.00000000
1632159694.95337391,1,0.55318703,0.00000000
1632159695.05334973,1,0.55300517,0.00000000
1632159695.15337372,1,0.55272989,0.00000000
1632159695.25337481,1,0.55227666,0.00000000
1632159695.35338163,1,0.55343645,0.00000000
1632159695.45337439,1,0.55250448,0.00000000
1632159695.55337572,1,0.55165714,0.00000000
1632159695.65338278,1,0.55162229,0.00000000
1632159695.75338030,1,0.55116780,0.00000000
1632159695.85337543,1,0.55199703,0.00000000
1632159695.95333552,1,0.55090647,0.00000000
1632159696.05337572,1,0.55120015,0.00000000
1632159696.15338731,1,0.55053735,0.00000000
1632159696.25337958,1,0.55029504,0.00000000
1632159696.35337496,1,0.55008468,0.00000000
1632159696.45337439,1,0.54978836,0.00000000
1632159696.55337477,1,0.55030211,0.00000000
1632159696.65334678,1,0.54949672,0.00000000
1632159696.75333834,1,0.54898778,0.00000000
1632159696.85337520,1,0.54955969,0.00000000
1632159696.95337582,1,0.54870435,0.00000000
1632159697.05337429,1,0.54809092,0.00000000
1632159697.15337706,1,0.54889759,0.00000000
1632159697.25336480,1,0.54828883,0.00000000
1632159697.35331535,1,0.54806769,0.00000000
1632159697.45331407,1,0.54753384,0.00000000
1632159697.55339408,1,0.54811671,0.00000000
1632159697.65334868,1,0.54759895,0.00000000
1632159697.75337958,1,0.54716431,0.00000000
1632159697.85337925,1,0.54681628,0.00000000
1632159697.95337987,1,0.54696068,0.00000000
1632159698.05334854,1,0.54744303,0.00000000
1632159698.15334988,1,0.54611066,0.00000000
1632159698.25334048,1,0.54604137,0.00000000
1632159698.35334587,1,0.54658820,0.00000000
1632159698.45334554,1,0.54619372,0.00000000
1632159698.55331516,1,0.54663799,0.00000000
1632159698.65333796,1,0.54518788,0.00000000
1632159698.75340033,1,0.54546933,0.00000000
1632159698.85337377,1,0.54529820,0.00000000
1632159698.95337582,1,0.54505709,0.00000000
1632159699.05338955,1,0.54549169,0.00000000
1632159699.15337753,1,0.54462530,0.00000000
1632159699.25334382,1,0.54453047,0.00000000
1632159699.35337734,1,0.54521067,0.00000000
1632159699.45337844,1,0.54375760,0.00000000
1632159699.55340362,1,0.54387208,0.00000000
1632159699.65337181,1,0.54372534,0.00000000
1632159699.75337815,1,0.54370021,0.00000000
1632159699.85338640,1,0.54428465,0.00000000
1632159699.95338297,1,0.54293226,0.00000000
1632159700.05337811,1,0.54385591,0.00000000
1632159700.15337324,1,0.54292802,0.00000000
1632159700.25337696,1,0.54320807,0.00000000
1632159700.35337520,1,0.54324386,0.00000000
1632159700.45337510,1,0.54216832,0.00000000
1632159700.55337429,1,0.54308943,0.00000000
1632159700.65337610,1,0.54241198,0.00000000
1632159700.75337481,1,0.54221780,0.00000000
1632159700.85337520,1,0.54295536,0.00000000
1632159700.95337534,1,0.54140999,0.00000000
1632159701.05335569,1,0.54259433,0.00000000
1632159701.15337777,1,0.54141491,0.00000000
1632159701.25337481,1,0.54156257,0.00000000
1632159701.35337520,1,0.54167268,0.00000000
1632159701.45342827,1,0.54185788,0.00000000
1632159701.55336952,1,0.54160169,0.00000000
1632159701.65335488,1,0.54023059,0.00000000
1632159701.75333238,1,0.58894546,0.00000000
1632159701.85338235,1,0.63807399,0.00000000
1632159701.95340133,1,0.68542830,0.00000000
1632159702.05338025,1,0.73373054,0.00000000
1632159702.15339112,1,0.78209153,0.00000000
1632159702.25334406,1,0.84924758,0.00000000
1632159702.35337448,1,0.90157988,0.00000000
1632159702.45337367,1,0.94993040,0.00000000
1632159702.55337644,1,0.99730079,0.00000000
1632159702.65334010,0,0.00000000,0.00000000
1632159702.75337505,0,0.00000000,0.00000000
1632159702.85337567,0,0.00000000,0.00000000
1632159702.95337391,0,0.00000000,0.00000000
1632159703.05334616,0,0.00000000,0.00000000
1632159703.15333438,0,0.00000000,0.00000000
1632159703.25337577,0,0.00000000,0.00000000
1632159703.35337448,0,0.00000000,0.00000000
1632159703.45337486,0,0.00000000,0.00000000
1632159703.55337906,0,0.00000000,0.00000000
1632159703.65338421,0,0.00000000,0.00000000
1632159703.75338125,0,0.00000000,0.00000000
1632159703.85338092,0,0.00000000,0.00000000
1632159703.95337582,0,0.00000000,0.00000000
1632159704.05337477,0,0.00000000,0.00000000
1632159704.15339017,0,0.00000000,0.00000000
1632159704.25338006,0,0.00000000,0.00000000
1632159704.35338020,0,0.00000000,0.00000000
1632159704.45338154,0,0.00000000,0.00000000
1632159704.55338216,0,0.00000000,0.00000000
1632159704.65337873,0,0.00000000,0.00000000
1632159704.75337625,0,0.00000000,0.00000000
1632159704.85338545,0,0.00000000,0.00000000
1632159704.95337391,0,0.00000000,0.00000000
1632159705.05333352,0,0.00000000,0.00000000
1632159705.15337062,0,0.00000000,0.00000000
1632159705.25337481,0,0.00000000,0.00000000
1632159705.35337472,0,0.00000000,0.00000000
1632159705.45336676,0,0.00000000,0.00000000
1632159705.55335164,0,0.00000000,0.00000000
1632159705.65339541,0,0.00000000,0.00000000
1632159705.75334692,0,0.00000000,0.00000000
1632159705.85335469,0,0.00000000,0.00000000
1632159705.95332909,0,0.00000000,0.00000000
1632159706.05340219,0,0.00000000,0.00000000
1632159706.15335870,0,0.00000000,0.00000000
1632159706.25337410,0,0.00000000,0.00000000
1632159706.35336304,0,0.00000000,0.00000000
1632159706.45337558,0,0.00000000,0.00000000
1632159706.55337548,0,0.00000000,0.00000000
1632159706.65338588,0,0.00000000,0.00000000
1632159706.75336051,0,0.00000000,0.00000000
1632159706.85337687,0,0.00000000,0.00000000
1632159706.95337462,0,0.00000000,0.00000000
1632159707.05337405,0,0.00000000,0.00000000
1632159707.15333676,0,0.00000000,0.00000000
1632159707.25333595,0,0.00000000,0.00000000
1632159707.35337377,0,0.00000000,0.00000000
1632159707.45337367,0,0.00000000,0.00000000
1632159707.55337834,0,0.00000000,0.00000000
1632159707.65338230,0,0.00000000,0.00000000
1632159707.75335598,0,0.00000000,0.00000000
1632159707.85337162,0,0.00000000,0.00000000
1632159707.95337319,0,0.00000000,0.00000000
1632159708.05334735,0,0.00000000,0.00000000
1632159708.15338373,0,0.00000000,0.00000000
1632159708.25337529,0,0.00000000,0.00000000
1632159708.35337424,0,0.00000000,0.00000000
1632159708.45337558,0,0.00000000,0.00000000
1632159708.55337334,0,0.00000000,0.00000000
1632159708.65338111,0,0.00000000,0.00000000
1632159708.75337481,0,0.00000000,0.00000000
1632159708.85338259,0,0.00000000,0.00000000
1632159708.95337510,0,0.00000000,0.00000000
1632159709.05333734,0,0.00000000,0.00000000
1632159709.15338063,0,0.00000000,0.00000000
1632159709.25337458,0,0.00000000,0.00000000
1632159709.35337448,0,0.00000000,0.00000000
1632159709.45337892,0,0.00000000,0.00000000
1632159709.55337620,0,0.00000000,0.00000000
1632159709.65337157,0,0.00000000,0.00000000
1632159709.75338387,0,0.00000000,0.00000000
1632159709.85337639,0,0.00000000,0.00000000
1632159709.95337439,0,0.00000000,0.00000000
1632159710.05337167,0,0.00000000,0.00000000
1632159710.15333128,0,0.00000000,0.00000000
1632159710.25335622,0,0.00000000,0.00000000
1632159710.35338235,0,0.00000000,0.00000000
1632159710.45338035,0,0.00000000,0.00000000
1632159710.55333829,0,0.00000000,0.00000000
1632159710.65338755,0,0.00000000,0.00000000
1632159710.75338292,0,0.00000000,0.00000000
1632159710.85338497,0,0.00000000,0.00000000
1632159710.95337582,0,0.00000000,0.00000000
1632159711.05338240,0,0.00000000,0.00000000
1632159711.15338683,0,0.00000000,0.00000000
1632159711.25337505,0,0.00000000,0.00000000
1632159711.35337830,0,0.00000000,0.00000000
1632159711.45337582,0,0.00000000,0.00000000
1632159711.55333710,0,0.00000000,0.00000000
1632159711.65337563,0,0.00000000,0.00000000
1632159711.75341988,0,0.00000000,0.00000000
1632159711.85337758,0,0.00000000,0.00000000
1632159711.95338082,0,0.00000000,0.00000000
1632159712.05333900,0,0.00000000,0.00000000
1632159712.15338349,0,0.00000000,0.00000000
1632159712.25338340,0,0.00000000,0.00000000
1632159712.35338020,0,0.00000000,0.00000000
1632159712.45337486,0,0.00000000,0.00000000
1632159712.55337501,0,0.00000000,0.00000000
1632159712.65337777,0,0.00000000,0.00000000
1632159712.75337625,0,0.00000000,0.00000000
1632159712.85337639,0,0.00000000,0.00000000
1632159712.95337868,0,0.00000000,0.00000000
1632159713.05338216,0,0.00000000,0.00000000
1632159713.15338087,0,0.00000000,0.00000000
1632159713.25335336,0,0.00000000,0.00000000
1632159713.35337591,0,0.00000000,0.00000000
1632159713.45338702,0,0.00000000,0.00000000
1632159713.55337763,0,0.00000000,0.00000000
1632159713.65343070,0,0.00000000,0.00000000
1632159713.75337219,0,0.00000000,0.00000000
1632159713.85334229,0,0.00000000,0.00000000
1632159713.95338130,0,0.00000000,0.00000000
1632159714.05337334,0,0.00000000,0.00000000
1632159714.15337610,0,0.00000000,0.00000000
1632159714.25337458,0,0.00000000,0.00000000
1632159714.35337567,0,0.00000000,0.00000000
1632159714.45337582,0,0.00000000,0.00000000
1632159714.55337501,0,0.00000000,0.00000000
1632159714.65337634,0,0.00000000,0.00000000
1632159714.75335884,0,0.00000000,0.00000000
1632159714.85337281,0,0.00000000,0.00000000
1632159714.95337462,0,0.00000000,0.00000000
1632159715.05337334,0,0.00000000,0.00000000
1632159715.15337586,0,0.00000000,0.00000000
1632159715.25338030,0,0.00000000,0.00000000
1632159715.35336065,0,0.00000000,0.00000000
1632159715.45333385,0,0.00000000,0.00000000
1632159715.55338120,0,0.00000000,0.00000000
1632159715.65337610,0,0.00000000,0.00000000
1632159715.75337648,0,0.00000000,0.00000000
1632159715.85337520,0,0.00000000,0.00000000
1632159715.95337462,0,0.00000000,0.00000000
1632159716.05337429,0,0.00000000,0.00000000
1632159716.15338469,0,0.00000000,0.00000000
1632159716.25337338,0,0.00000000,0.00000000
1632159716.35337758,0,0.00000000,0.00000000
1632159716.45337391,0,0.00000000,0.00000000
1632159716.55337834,0,0.00000000,0.00000000
1632159716.65331697,0,0.00000000,0.00000000
1632159716.75332785,0,0.00000000,0.00000000
1632159716.85337758,0,0.00000000,0.00000000
1632159716.95334768,0,0.00000000,0.00000000
1632159717.05334854,0,0.00000000,0.00000000
1632159717.15342379,0,0.00000000,0.00000000
1632159717.25337291,0,0.00000000,0.00000000
1632159717.35337472,0,0.00000000,0.00000000
1632159717.45337439,0,0.00000000,0.00000000
1632159717.55334878,0,0.00000000,0.00000000
1632159717.65338397,0,0.00000000,0.00000000
1632159717.75338173,0,0.00000000,0.00000000
1632159717.85335994,0,0.00000000,0.00000000
1632159717.95338178,0,0.00000000,0.00000000
1632159718.05339718,0,0.00000000,0.00000000
1632159718.15337491,0,0.00000000,0.00000000
1632159718.25337625,0,0.00000000,0.00000000
1632159718.35332918,0,0.00000000,0.00000000
1632159718.45337367,0,0.00000000,0.00000000
1632159718.55334401,0,0.00000000,0.00000000
1632159718.65337658,0,0.00000000,0.00000000
1632159718.75338054,0,0.00000000,0.00000000
1632159718.85337305,0,0.00000000,0.00000000
1632159718.95335507,0,0.00000000,0.00000000
1632159719.05337334,0,0.00000000,0.00000000
1632159719.15337467,0,0.00000000,0.00000000
1632159719.25338006,0,0.00000000,0.00000000
1632159719.35337496,0,0.00000000,0.00000000
1632159719.45337510,0,0.00000000,0.00000000
1632159719.55337477,0,0.00000000,0.00000000
1632159719.65338826,0,0.00000000,0.00000000
1632159719.75337410,0,0.00000000,0.00000000
1632159719.85337424,0,0.00000000,0.00000000
1632159719.95337486,0,0.00000000,0.00000000
1632159720.05337238,0,0.00000000,0.00000000
1632159720.15337563,0,0.00000000,0.00000000
1632159720.25338006,0,0.00000000,0.00000000
1632159720.35334754,0,0.00000000,0.00000000
1632159720.45338941,0,0.00000000,0.00000000
1632159720.55338216,0,0.00000000,0.00000000
1632159720.65339136,0,0.00000000,0.00000000
1632159720.75337791,0,0.00000000,0.00000000
1632159720.85337973,0,0.00000000,0.00000000
1632159720.95334101,0,0.00000000,0.00000000
1632159721.05333662,0,0.00000000,0.00000000
1632159721.15333319,0,0.00000000,0.00000000
1632159721.25337648,0,0.00000000,0.00000000
1632159721.35337639,0,0.00000000,0.00000000
1632159721.45338058,0,0.00000000,0.00000000
1632159721.55338001,0,0.00000000,0.00000000
1632159721.65337300,0,0.00000000,0.00000000
1632159721.75338101,0,0.00000000,0.00000000
1632159721.85337615,0,0.00000000,0.00000000
1632159721.95337605,0,0.00000000,0.00000000
1632159722.05337501,0,0.00000000,0.00000000
1632159722.15335917,0,0.00000000,0.00000000
1632159722.25334954,0,0.00000000,0.00000000
1632159722.35332942,0,0.00000000,0.00000000
1632159722.45333338,0,0.00000000,0.00000000
1632159722.55338240,0,0.00000000,0.00000000
1632159722.65334558,0,0.00000000,0.00000000
1632159722.75334430,0,0.00000000,0.00000000
1632159722.85337782,0,0.00000000,0.00000000
1632159722.95337725,0,0.00000000,0.00000000
1632159723.05333519,0,0.00000000,0.00000000
1632159723.15338135,0,0.00000000,0.00000000
1632159723.25337625,0,0.00000000,0.00000000
1632159723.35337806,0,0.00000000,0.00000000
1632159723.45338178,0,0.00000000,0.00000000
1632159723.55337763,0,0.00000000,0.00000000
1632159723.65338182,0,0.00000000,0.00000000
1632159723.75337839,0,0.00000000,0.00000000
1632159723.85337687,0,0.00000000,0.00000000
1632159723.95337677,0,0.00000000,0.00000000
1632159724.05338430,0,0.00000000,0.00000000
1632159724.15338326,0,0.00000000,0.00000000
1632159724.25339437,0,0.00000000,0.00000000
1632159724.35337996,0,0.00000000,0.00000000
1632159724.45337939,0,0.00000000,0.00000000
1632159724.55337787,0,0.00000000,0.00000000
1632159724.65337706,0,0.00000000,0.00000000
1632159724.75339890,0,0.00000000,0.00000000
1632159724.85337996,0,0.00000000,0.00000000
1632159724.95332813,0,0.00000000,0.00000000
1632159725.05335355,0,0.00000000,0.00000000
1632159725.15340662,0,0.00000000,0.00000000
1632159725.25338674,0,0.00000000,0.00000000
1632159725.35338593,0,0.00000000,0.00000000
1632159725.45339489,0,0.00000000,0.00000000
1632159725.55338526,0,0.00000000,0.00000000
1632159725.65338540,0,0.00000000,0.00000000
1632159725.75334835,0,0.00000000,0.00000000
1632159725.85335588,0,0.00000000,0.00000000
1632159725.95337749,0,0.00000000,0.00000000
1632159726.05335569,0,0.00000000,0.00000000
1632159726.15338492,0,0.00000000,0.00000000
1632159726.25335455,0,0.00000000,0.00000000
1632159726.35335302,0,0.00000000,0.00000000
1632159726.45336509,0,0.00000000,0.00000000
1632159726.55338883,0,0.00000000,0.00000000
1632159726.65339160,0,0.00000000,0.00000000
1632159726.75338221,0,0.00000000,0.00000000
1632159726.85338187,0,0.00000000,0.00000000
1632159726.95338249,0,0.00000000,0.00000000
1632159727.05338216,0,0.00000000,0.00000000
1632159727.15338349,0,0.00000000,0.00000000
1632159727.25339055,0,0.00000000,0.00000000
1632159727.35338140,0,0.00000000,0.00000000
1632159727.45335793,0,0.00000000,0.00000000
1632159727.55338168,0,0.00000000,0.00000000
1632159727.65338850,0,0.00000000,0.00000000
1632159727.75332236,0,0.00000000,0.00000000
1632159727.85338020,0,0.00000000,0.00000000
1632159727.95338345,0,0.00000000,0.00000000
1632159728.05334091,0,0.00000000,0.00000000
1632159728.15338778,0,0.00000000,0.00000000
1632159728.25338006,0,0.00000000,0.00000000
1632159728.35338283,0,0.00000000,0.00000000
1632159728.45337844,0,0.00000000,0.00000000
1632159728.55341315,0,0.00000000,0.00000000
1632159728.65338850,0,0.00000000,0.00000000
1632159728.75337768,0,0.00000000,0.00000000
1632159728.85338092,0,0.00000000,0.00000000
1632159728.95337820,0,0.00000000,0.00000000
1632159729.05334187,0,0.00000000,0.00000000
1632159729.15338230,0,0.00000000,0.00000000
1632159729.25335193,0,0.00000000,0.00000000
1632159729.35337806,0,0.00000000,0.00000000
1632159729.45337534,0,0.00000000,0.00000000
1632159729.55338168,0,0.00000000,0.00000000
1632159729.65337729,0,0.00000000,0.00000000
