Seconds,Last,Current
1632160696.15381718,0,1
1632160703.05380511,1,2
1632160710.85380411,2,1
1632160712.35384679,1,0
1632160714.65380764,0,1
1632160722.35380363,1,2
1632160732.25383210,2,1
1632160733.55381870,1,0
1632160793.25404406,0,1
1632160800.55405712,1,2
1632160812.05411649,2,1
1632160813.25406885,1,0
1632160856.05403781,0,1
1632160864.25405669,1,2
1632160865.35401845,2,1
1632160867.75415111,1,0
1632160873.45406389,0,1
1632160879.35380387,1,2
1632160889.05381203,2,1
1632160890.35381031,1,0
