Seconds,Desired Distance
1632312864.51141381,3.50000000
1632312864.61110640,3.50000000
1632312864.71106720,3.50000000
1632312864.81104565,3.50000000
1632312864.91106272,3.50000000
1632312865.01126146,3.50000000
1632312865.11117697,3.50000000
1632312865.21122456,3.50000000
1632312865.31130481,3.50000000
1632312865.41127348,3.50000000
1632312865.51127338,3.50000000
1632312865.61129832,3.50000000
1632312865.71133375,3.50000000
1632312865.81127858,3.50000000
1632312865.91114068,3.50000000
1632312866.01101065,3.50000000
1632312866.11105442,3.50000000
1632312866.21105456,3.50000000
1632312866.31111670,3.50000000
1632312866.41126895,3.50000000
1632312866.51130509,3.50000000
1632312866.61128807,3.50000000
1632312866.71126676,3.50000000
1632312866.81130004,3.50000000
1632312866.91132188,3.50000000
1632312867.01133275,3.50000000
1632312867.11105776,3.50000000
1632312867.21117473,3.50000000
1632312867.31124830,3.50000000
1632312867.41137934,3.50000000
1632312867.51109648,3.50000000
1632312867.61136413,3.50000000
1632312867.71127057,3.50000000
1632312867.81128120,3.50000000
1632312867.91135669,3.50000000
1632312868.01134706,3.50000000
1632312868.11115599,3.50000000
1632312868.21104765,3.50000000
1632312868.31106472,3.50000000
1632312868.41109228,3.50000000
1632312868.51104808,3.50000000
1632312868.61106062,3.50000000
1632312868.71104527,3.50000000
1632312868.81104159,3.50000000
1632312868.91105437,3.50000000
1632312869.01104712,3.50000000
1632312869.11103415,3.50000000
1632312869.21124959,3.50000000
1632312869.31124091,3.50000000
1632312869.41139603,3.50000000
1632312869.51122475,3.50000000
1632312869.61126351,3.50000000
1632312869.71126699,3.50000000
1632312869.81123924,3.50000000
1632312869.91111660,3.50000000
1632312870.01123786,3.50000000
1632312870.11112070,3.50000000
1632312870.21109581,3.50000000
1632312870.31104112,3.50000000
1632312870.41105652,3.50000000
1632312870.51105690,3.50000000
1632312870.61104822,3.50000000
1632312870.71102786,3.50000000
1632312870.81104946,3.50000000
1632312870.91104412,3.50000000
1632312871.01103520,3.50000000
1632312871.11103559,3.50000000
1632312871.21127129,3.50000000
1632312871.31104779,3.50000000
1632312871.41104221,3.50000000
1632312871.51105714,3.50000000
1632312871.61104345,3.50000000
1632312871.71108460,3.50000000
1632312871.81104493,3.50000000
1632312871.91105461,3.50000000
1632312872.01104116,3.50000000
1632312872.11104131,3.50000000
1632312872.21104074,3.50000000
1632312872.31104374,3.50000000
1632312872.41105318,3.50000000
1632312872.51104307,3.50000000
1632312872.61104107,3.50000000
1632312872.71104598,3.50000000
1632312872.81104112,3.50000000
1632312872.91128850,3.50000000
1632312873.01103067,3.50000000
1632312873.11104035,3.50000000
1632312873.21129227,3.50000000
1632312873.31101179,3.50000000
1632312873.41103673,3.50000000
1632312873.51112247,3.50000000
1632312873.61104131,3.50000000
1632312873.71103978,3.50000000
1632312873.81103277,3.50000000
1632312873.91125798,3.50000000
1632312874.01129413,3.50000000
1632312874.11112714,3.50000000
1632312874.21114063,3.50000000
1632312874.31130695,3.50000000
1632312874.41104698,3.50000000
1632312874.51103544,3.50000000
1632312874.61104560,3.50000000
1632312874.71103573,3.50000000
1632312874.81102157,3.50000000
1632312874.91104174,3.50000000
1632312875.01105261,3.50000000
1632312875.11104941,3.50000000
1632312875.21104574,3.50000000
1632312875.31104445,3.50000000
1632312875.41105199,3.50000000
1632312875.51102996,3.50000000
1632312875.61104655,3.50000000
1632312875.71127510,3.50000000
1632312875.81104636,3.50000000
1632312875.91103530,3.50000000
1632312876.01103473,3.50000000
1632312876.11103988,3.50000000
1632312876.21104145,3.50000000
1632312876.31104302,3.50000000
1632312876.41104221,3.50000000
1632312876.51105118,3.50000000
1632312876.61102319,3.50000000
1632312876.71105289,3.50000000
1632312876.81103301,3.50000000
1632312876.91104007,3.50000000
1632312877.01105070,3.50000000
1632312877.11105013,3.50000000
1632312877.21104455,3.50000000
1632312877.31104445,3.50000000
1632312877.41105199,3.50000000
1632312877.51104712,3.50000000
1632312877.61104250,3.50000000
1632312877.71104765,3.50000000
1632312877.81105042,3.50000000
1632312877.91103816,3.50000000
1632312878.01104355,3.50000000
1632312878.11104250,3.50000000
1632312878.21101069,3.50000000
1632312878.31104493,3.50000000
1632312878.41104007,3.50000000
1632312878.51103377,3.50000000
1632312878.61106014,3.50000000
1632312878.71107960,3.50000000
1632312878.81103921,3.50000000
1632312878.91104126,3.50000000
1632312879.01105261,3.50000000
1632312879.11104345,3.50000000
1632312879.21105194,3.50000000
1632312879.31105065,3.50000000
1632312879.41106462,3.50000000
1632312879.51105571,3.50000000
1632312879.61104274,3.50000000
1632312879.71105123,3.50000000
1632312879.81106877,3.50000000
1632312879.91105199,3.50000000
1632312880.01103616,3.50000000
1632312880.11104178,3.50000000
1632312880.21112752,3.50000000
1632312880.31104755,3.50000000
1632312880.41105747,3.50000000
1632312880.51104808,3.50000000
1632312880.61104560,3.50000000
1632312880.71103597,3.50000000
1632312880.81101179,3.50000000
1632312880.91104198,3.50000000
1632312881.01104259,3.50000000
1632312881.11104774,3.50000000
1632312881.21105218,3.50000000
1632312881.31103969,3.50000000
1632312881.41101027,3.50000000
1632312881.51103806,3.50000000
1632312881.61103511,3.50000000
1632312881.71104813,3.50000000
1632312881.81104684,3.50000000
1632312881.91101003,3.50000000
1632312882.01104236,3.50000000
1632312882.11104202,3.50000000
1632312882.21103191,3.50000000
1632312882.31105137,3.50000000
1632312882.41103506,3.50000000
1632312882.51104760,3.50000000
1632312882.61104178,3.50000000
1632312882.71104169,3.50000000
1632312882.81104350,3.50000000
1632312882.91104984,3.50000000
1632312883.01104641,3.50000000
1632312883.11104703,3.50000000
1632312883.21104097,3.50000000
1632312883.31106496,3.50000000
1632312883.41104674,3.50000000
1632312883.51103902,3.50000000
1632312883.61106491,3.50000000
1632312883.71106315,3.50000000
1632312883.81107020,2.00000000
1632312883.91104174,2.00000000
1632312884.01104951,2.00000000
1632312884.11104488,2.00000000
1632312884.21105003,2.00000000
1632312884.31104374,2.00000000
1632312884.41107082,2.00000000
1632312884.51104307,2.00000000
1632312884.61104274,2.00000000
1632312884.71101618,2.00000000
1632312884.81104088,2.00000000
1632312884.91104221,2.00000000
1632312885.01104236,2.00000000
1632312885.11104679,2.00000000
1632312885.21104240,2.00000000
1632312885.31104040,2.00000000
1632312885.41105008,2.00000000
1632312885.51107860,2.00000000
1632312885.61104321,2.00000000
1632312885.71105123,2.00000000
1632312885.81104302,2.00000000
1632312885.91104579,2.00000000
1632312886.01104331,2.00000000
1632312886.11102986,2.00000000
1632312886.21104503,2.00000000
1632312886.31104684,2.00000000
1632312886.41101432,2.00000000
1632312886.51104760,2.00000000
1632312886.61105490,2.00000000
1632312886.71105003,2.00000000
1632312886.81105828,2.00000000
1632312886.91107082,2.00000000
1632312887.01106048,2.00000000
1632312887.11107445,2.00000000
1632312887.21103644,2.00000000
1632312887.31106639,2.00000000
1632312887.41106057,2.00000000
1632312887.51105142,2.00000000
1632312887.61103892,2.00000000
1632312887.71104622,2.00000000
1632312887.81105471,2.00000000
1632312887.91105604,2.00000000
1632312888.01104426,2.00000000
1632312888.11108017,2.00000000
1632312888.21105456,2.00000000
1632312888.31104517,2.00000000
1632312888.41105676,2.00000000
1632312888.51105833,2.00000000
1632312888.61104298,2.00000000
1632312888.71104956,2.00000000
1632312888.81106877,2.00000000
1632312888.91105008,2.00000000
1632312889.01105404,2.00000000
1632312889.11104536,2.00000000
1632312889.21103811,2.00000000
1632312889.31104112,2.00000000
1632312889.41102123,2.00000000
1632312889.51105118,2.00000000
1632312889.61104894,2.00000000
1632312889.71104693,2.00000000
1632312889.81104207,2.00000000
1632312889.91105318,2.00000000
1632312890.01104593,2.00000000
1632312890.11104512,2.00000000
1632312890.21104097,2.00000000
1632312890.31104183,2.00000000
1632312890.41108418,2.00000000
1632312890.51106405,2.00000000
1632312890.61106610,2.00000000
1632312890.71104860,2.00000000
1632312890.81105423,2.00000000
1632312890.91104507,2.00000000
1632312891.01104856,2.00000000
1632312891.11106038,2.00000000
1632312891.21105981,2.00000000
1632312891.31104922,2.00000000
1632312891.41103625,2.00000000
1632312891.51105452,2.00000000
1632312891.61104655,2.00000000
1632312891.71104193,2.00000000
1632312891.81104803,2.00000000
1632312891.91105270,2.00000000
1632312892.01102543,2.00000000
1632312892.11104298,2.00000000
1632312892.21104312,2.00000000
1632312892.31101108,2.00000000
1632312892.41107702,2.00000000
1632312892.51104760,2.00000000
1632312892.61104226,2.00000000
1632312892.71105671,2.00000000
1632312892.81105065,2.00000000
1632312892.91106153,2.00000000
1632312893.01104426,2.00000000
1632312893.11105680,2.00000000
1632312893.21105385,2.00000000
1632312893.31104732,2.00000000
1632312893.41108561,2.00000000
1632312893.51105714,2.00000000
1632312893.61105299,2.00000000
1632312893.71105480,2.00000000
1632312893.81104469,2.00000000
1632312893.91103935,2.00000000
1632312894.01106977,2.00000000
1632312894.11105824,2.00000000
1632312894.21104264,2.00000000
1632312894.31104755,2.00000000
1632312894.41105485,2.00000000
1632312894.51107430,2.00000000
1632312894.61107254,2.00000000
1632312894.71104693,2.00000000
1632312894.81103826,2.00000000
1632312894.91103125,2.00000000
1632312895.01105690,3.50000000
1632312895.11104155,3.50000000
1632312895.21101213,3.50000000
1632312895.31101537,3.50000000
1632312895.41104245,3.50000000
1632312895.51104069,3.50000000
1632312895.61102080,3.50000000
1632312895.71105814,3.50000000
1632312895.81104589,3.50000000
1632312895.91106200,3.50000000
1632312896.01103568,3.50000000
1632312896.11104226,3.50000000
1632312896.21105003,3.50000000
1632312896.31107235,3.50000000
1632312896.41104317,3.50000000
1632312896.51104259,3.50000000
1632312896.61102939,3.50000000
1632312896.71105075,3.50000000
1632312896.81105137,3.50000000
1632312896.91102839,3.50000000
1632312897.01108265,3.50000000
1632312897.11104798,3.50000000
1632312897.21103454,3.50000000
1632312897.31104064,3.50000000
1632312897.41101718,3.50000000
1632312897.51105547,3.50000000
1632312897.61104369,3.50000000
1632312897.71105003,3.50000000
1632312897.81104207,3.50000000
1632312897.91104269,3.50000000
1632312898.01105714,3.50000000
1632312898.11105084,3.50000000
1632312898.21106195,3.50000000
1632312898.31102347,3.50000000
1632312898.41105342,3.50000000
1632312898.51104045,3.50000000
1632312898.61104035,3.50000000
1632312898.71104336,3.50000000
1632312898.81105018,3.50000000
1632312898.91104221,3.50000000
1632312899.01101160,3.50000000
1632312899.11104417,3.50000000
1632312899.21104097,3.50000000
1632312899.31104255,3.50000000
1632312899.41105294,3.50000000
1632312899.51104522,3.50000000
1632312899.61104751,3.50000000
1632312899.71104836,3.50000000
1632312899.81106377,3.50000000
1632312899.91105628,3.50000000
1632312900.01101971,3.50000000
1632312900.11104655,3.50000000
1632312900.21108055,3.50000000
1632312900.31104445,3.50000000
1632312900.41105437,3.50000000
1632312900.51105428,3.50000000
1632312900.61105394,3.50000000
1632312900.71104789,3.50000000
1632312900.81104255,3.50000000
1632312900.91104388,3.50000000
1632312901.01104641,3.50000000
1632312901.11104321,3.50000000
1632312901.21104789,3.50000000
1632312901.31104851,3.50000000
1632312901.41104150,3.50000000
1632312901.51105952,3.50000000
1632312901.61100793,3.50000000
1632312901.71104169,3.50000000
1632312901.81104255,3.50000000
1632312901.91104484,3.50000000
1632312902.01104498,3.50000000
1632312902.11104918,2.00000000
1632312902.21105313,2.00000000
1632312902.31104612,2.00000000
1632312902.41102958,2.00000000
1632312902.51105595,2.00000000
1632312902.61105490,2.00000000
1632312902.71103835,2.00000000
1632312902.81106019,2.00000000
1632312902.91105962,2.00000000
1632312903.01101041,2.00000000
1632312903.11102509,2.00000000
1632312903.21100879,2.00000000
1632312903.31104875,2.00000000
1632312903.41108131,2.00000000
1632312903.51102901,2.00000000
1632312903.61104417,2.00000000
1632312903.71103907,2.00000000
1632312903.81104946,2.00000000
1632312903.91105652,2.00000000
1632312904.01104522,2.00000000
1632312904.11104894,2.00000000
1632312904.21125269,2.00000000
1632312904.31102371,2.00000000
1632312904.41106939,2.00000000
1632312904.51105714,2.00000000
1632312904.61105609,2.00000000
1632312904.71108007,2.00000000
1632312904.81103182,2.00000000
1632312904.91105700,2.00000000
1632312905.01104832,2.00000000
1632312905.11100483,2.00000000
1632312905.21104288,2.00000000
1632312905.31104064,2.00000000
1632312905.41105247,2.00000000
1632312905.51104593,2.00000000
1632312905.61104274,2.00000000
1632312905.71105194,2.00000000
1632312905.81105447,2.00000000
1632312905.91103530,2.00000000
1632312906.01104069,2.00000000
1632312906.11104274,2.00000000
1632312906.21104217,2.00000000
1632312906.31103635,2.00000000
1632312906.41104102,2.00000000
1632312906.51104689,2.00000000
1632312906.61105895,2.00000000
1632312906.71101928,2.00000000
1632312906.81105256,2.00000000
1632312906.91104054,2.00000000
1632312907.01104856,2.00000000
1632312907.11106157,2.00000000
1632312907.21101308,2.00000000
1632312907.31105375,2.00000000
1632312907.41104627,2.00000000
1632312907.51103044,2.00000000
1632312907.61105824,2.00000000
1632312907.71104121,2.00000000
1632312907.81108761,2.00000000
1632312907.91104841,2.00000000
1632312908.01104307,2.00000000
1632312908.11104345,2.00000000
1632312908.21104765,2.00000000
1632312908.31105518,2.00000000
1632312908.41104102,2.00000000
1632312908.51104450,2.00000000
1632312908.61105490,2.00000000
1632312908.71104693,2.00000000
1632312908.81104326,2.00000000
1632312908.91104412,2.00000000
1632312909.01101184,2.00000000
1632312909.11104035,2.00000000
1632312909.21104550,2.00000000
1632312909.31105876,2.00000000
1632312909.41102099,2.00000000
1632312909.51106119,2.00000000
1632312909.61102891,2.00000000
1632312909.71104693,2.00000000
1632312909.81104922,2.00000000
1632312909.91104031,2.00000000
1632312910.01104021,2.00000000
1632312910.11103964,2.00000000
1632312910.21104813,2.00000000
1632312910.31104851,2.00000000
1632312910.41104364,2.00000000
1632312910.51105285,2.00000000
1632312910.61104846,2.00000000
1632312910.71104932,2.00000000
1632312910.81104422,2.00000000
1632312910.91104126,2.00000000
1632312911.01104259,2.00000000
1632312911.11104012,2.00000000
1632312911.21104550,2.00000000
1632312911.31105089,2.00000000
1632312911.41105485,2.00000000
1632312911.51104522,2.00000000
1632312911.61104059,2.00000000
1632312911.71105289,2.00000000
1632312911.81104064,2.00000000
1632312911.91104603,2.00000000
1632312912.01106858,2.00000000
1632312912.11104918,2.00000000
1632312912.21104789,2.00000000
1632312912.31105614,2.00000000
1632312912.41101384,2.00000000
1632312912.51104403,2.00000000
1632312912.61104965,2.00000000
1632312912.71107006,2.00000000
1632312912.81104660,2.00000000
1632312912.91104388,2.00000000
1632312913.01109576,2.00000000
1632312913.11105514,2.00000000
1632312913.21104693,2.00000000
1632312913.31103730,2.00000000
1632312913.41104293,2.00000000
1632312913.51104665,2.00000000
1632312913.61105013,2.00000000
1632312913.71104121,2.00000000
1632312913.81106853,2.00000000
1632312913.91107631,2.00000000
1632312914.01106071,2.00000000
1632312914.11101651,2.00000000
1632312914.21104932,2.00000000
1632312914.31106210,2.00000000
1632312914.41106272,2.00000000
1632312914.51104546,2.00000000
1632312914.61115003,2.00000000
1632312914.71131468,1.50000000
1632312914.81138754,1.50000000
1632312914.91125751,1.50000000
1632312915.01126671,1.50000000
1632312915.11119366,1.50000000
1632312915.21133304,1.50000000
1632312915.31134439,1.50000000
1632312915.41133094,1.50000000
1632312915.51114893,1.50000000
1632312915.61129570,1.50000000
1632312915.71127152,1.50000000
1632312915.81127667,1.50000000
1632312915.91129208,1.50000000
1632312916.01136589,3.50000000
1632312916.11104941,3.50000000
1632312916.21107268,3.50000000
1632312916.31112266,3.50000000
1632312916.41110063,3.50000000
1632312916.51129007,3.50000000
1632312916.61125970,3.50000000
1632312916.71117473,3.50000000
1632312916.81130743,3.50000000
1632312916.91127586,3.50000000
1632312917.01129198,3.50000000
1632312917.11137462,3.50000000
1632312917.21131825,3.50000000
1632312917.31131601,3.50000000
1632312917.41129923,3.50000000
1632312917.51126552,3.50000000
1632312917.61128020,3.50000000
1632312917.71128345,3.50000000
1632312917.81126404,3.50000000
1632312917.91134429,3.50000000
1632312918.01130033,3.50000000
1632312918.11131597,3.50000000
1632312918.21148515,3.50000000
1632312918.31134534,3.50000000
1632312918.41130733,3.50000000
1632312918.51136184,3.50000000
1632312918.61137486,3.50000000
1632312918.71133971,3.50000000
1632312918.81136680,3.50000000
1632312918.91137934,3.50000000
1632312919.01138091,3.50000000
1632312919.11137199,3.50000000
1632312919.21136427,3.50000000
1632312919.31133032,3.50000000
1632312919.41137195,3.50000000
1632312919.51133394,3.50000000
1632312919.61136746,3.50000000
1632312919.71138477,3.50000000
1632312919.81115794,3.50000000
1632312919.91109657,3.50000000
1632312920.01103497,3.50000000
1632312920.11104870,3.50000000
1632312920.21107888,3.50000000
1632312920.31129289,3.50000000
1632312920.41133404,3.50000000
1632312920.51133227,3.50000000
1632312920.61133313,3.50000000
1632312920.71132898,3.50000000
1632312920.81127048,3.50000000
1632312920.91135740,3.50000000
1632312921.01104188,3.50000000
1632312921.11108160,3.50000000
1632312921.21122456,3.50000000
1632312921.31131864,3.50000000
1632312921.41131401,3.50000000
1632312921.51127768,3.50000000
1632312921.61131620,3.50000000
1632312921.71127820,3.50000000
1632312921.81129646,3.50000000
1632312921.91128778,3.50000000
1632312922.01133823,3.50000000
1632312922.11128902,3.50000000
1632312922.21134448,3.50000000
1632312922.31134105,3.50000000
1632312922.41113877,3.50000000
1632312922.51124024,3.50000000
1632312922.61129117,3.50000000
1632312922.71132135,3.50000000
1632312922.81134200,3.50000000
1632312922.91129589,3.50000000
1632312923.01132202,3.50000000
1632312923.11129332,3.50000000
1632312923.21130943,3.50000000
1632312923.31132293,3.50000000
1632312923.41121626,3.50000000
1632312923.51134133,3.50000000
1632312923.61125994,3.50000000
1632312923.71136975,3.50000000
1632312923.81135988,3.50000000
1632312923.91139364,3.50000000
1632312924.01135230,3.50000000
1632312924.11135697,3.50000000
1632312924.21136045,3.50000000
1632312924.31127453,3.50000000
1632312924.41133523,3.50000000
1632312924.51128507,3.50000000
1632312924.61126542,3.50000000
1632312924.71127415,3.50000000
1632312924.81128550,3.50000000
1632312924.91129422,3.50000000
1632312925.01127386,3.50000000
1632312925.11125493,3.50000000
1632312925.21124911,3.50000000
1632312925.31123972,3.50000000
1632312925.41129971,3.50000000
1632312925.51127839,3.50000000
1632312925.61126423,3.50000000
1632312925.71129727,3.50000000
1632312925.81129265,3.50000000
1632312925.91127110,3.50000000
1632312926.01131320,3.50000000
1632312926.11128306,3.50000000
1632312926.21129847,3.50000000
1632312926.31137466,3.50000000
1632312926.41113305,3.50000000
1632312926.51127005,3.50000000
1632312926.61129665,3.50000000
1632312926.71126175,3.50000000
1632312926.81128240,3.50000000
1632312926.91137981,3.50000000
1632312927.01131964,3.50000000
1632312927.11127162,3.50000000
1632312927.21132874,3.50000000
1632312927.31128192,3.50000000
1632312927.41124678,3.50000000
1632312927.51128912,3.50000000
1632312927.61128855,3.50000000
1632312927.71130180,3.50000000
1632312927.81127787,3.50000000
1632312927.91126060,3.50000000
1632312928.01129365,3.50000000
1632312928.11133218,3.50000000
1632312928.21138811,3.50000000
1632312928.31130648,3.50000000
1632312928.41128659,3.50000000
1632312928.51130748,3.50000000
1632312928.61129379,3.50000000
1632312928.71128464,3.50000000
1632312928.81126738,3.50000000
1632312928.91137457,3.50000000
1632312929.01128221,3.50000000
1632312929.11125016,3.50000000
1632312929.21111679,3.50000000
1632312929.31109309,3.50000000
1632312929.41127229,3.50000000
1632312929.51118255,3.50000000
1632312929.61128902,3.50000000
1632312929.71117663,3.50000000
1632312929.81131387,3.50000000
1632312929.91113353,3.50000000
1632312930.01112747,3.50000000
1632312930.11104536,3.50000000
1632312930.21128011,3.50000000
1632312930.31113315,3.50000000
1632312930.41129947,3.50000000
1632312930.51127934,3.50000000
1632312930.61127996,3.50000000
1632312930.71128511,3.50000000
1632312930.81127071,3.50000000
1632312930.91136575,3.50000000
1632312931.01126933,3.50000000
1632312931.11139750,3.50000000
1632312931.21127367,3.50000000
1632312931.31125665,3.50000000
1632312931.41136646,3.50000000
1632312931.51129174,3.50000000
1632312931.61133885,3.50000000
1632312931.71127582,3.50000000
1632312931.81123662,3.50000000
1632312931.91127920,3.50000000
1632312932.01128268,3.50000000
1632312932.11128521,3.50000000
1632312932.21123815,3.50000000
1632312932.31122375,3.50000000
1632312932.41143155,3.50000000
1632312932.51133847,3.50000000
1632312932.61126494,3.50000000
1632312932.71133542,3.50000000
1632312932.81126928,3.50000000
1632312932.91129375,3.50000000
1632312933.01129127,3.50000000
1632312933.11111784,3.50000000
1632312933.21125412,3.50000000
1632312933.31128454,3.50000000
1632312933.41136312,3.50000000
1632312933.51123381,3.50000000
1632312933.61128592,3.50000000
1632312933.71123648,3.50000000
1632312933.81128955,3.50000000
1632312933.91126180,3.50000000
1632312934.01128268,3.50000000
1632312934.11128044,3.50000000
1632312934.21134472,3.50000000
1632312934.31134200,3.50000000
1632312934.41136408,3.50000000
1632312934.51124811,3.50000000
1632312934.61126542,3.50000000
1632312934.71126986,3.50000000
1632312934.81128216,3.50000000
1632312934.91134405,3.50000000
1632312935.01126862,3.50000000
1632312935.11141014,3.50000000
1632312935.21111917,3.50000000
1632312935.31127501,3.50000000
1632312935.41118312,3.50000000
1632312935.51127768,3.50000000
1632312935.61125374,3.50000000
1632312935.71122718,3.50000000
1632312935.81131864,3.50000000
1632312935.91128230,3.50000000
1632312936.01128364,3.50000000
1632312936.11133289,3.50000000
1632312936.21128154,3.50000000
1632312936.31127501,3.50000000
1632312936.41126394,3.50000000
1632312936.51130509,3.50000000
1632312936.61119485,3.50000000
1632312936.71135259,3.50000000
1632312936.81129813,3.50000000
1632312936.91126871,3.50000000
1632312937.01105285,3.50000000
1632312937.11104059,3.50000000
1632312937.21104789,3.50000000
1632312937.31111717,3.50000000
1632312937.41110206,3.50000000
1632312937.51133537,3.50000000
1632312937.61128187,3.50000000
1632312937.71140528,3.50000000
1632312937.81117702,3.50000000
1632312937.91132474,3.50000000
1632312938.01129246,3.50000000
1632312938.11122632,3.50000000
1632312938.21128702,3.50000000
1632312938.31119275,3.50000000
1632312938.41123962,3.50000000
1632312938.51134825,3.50000000
1632312938.61127973,3.50000000
1632312938.71126747,3.50000000
1632312938.81117868,3.50000000
1632312938.91129923,3.50000000
1632312939.01134205,3.50000000
1632312939.11134458,3.50000000
1632312939.21129847,3.50000000
1632312939.31126785,3.50000000
1632312939.41130328,3.50000000
1632312939.51129794,3.50000000
1632312939.61101842,3.50000000
1632312939.71136165,3.50000000
1632312939.81127262,3.50000000
1632312939.91106200,3.50000000
1632312940.01126552,3.50000000
1632312940.11130953,3.50000000
1632312940.21125388,3.50000000
1632312940.31128359,3.50000000
1632312940.41130614,3.50000000
1632312940.51128387,3.50000000
1632312940.61128283,3.50000000
1632312940.71126866,3.50000000
1632312940.81127024,3.50000000
1632312940.91128540,3.50000000
1632312941.01131988,3.50000000
1632312941.11127329,3.50000000
1632312941.21132922,3.50000000
1632312941.31131339,3.50000000
1632312941.41128469,3.50000000
1632312941.51127434,3.50000000
1632312941.61128950,3.50000000
1632312941.71126318,3.50000000
1632312941.81124878,3.50000000
1632312941.91128731,3.50000000
1632312942.01130366,3.50000000
1632312942.11133432,3.50000000
1632312942.21126676,3.50000000
1632312942.31134415,3.50000000
1632312942.41136813,3.50000000
1632312942.51126647,3.50000000
1632312942.61126900,3.50000000
1632312942.71122074,3.50000000
1632312942.81127095,3.50000000
1632312942.91134214,3.50000000
1632312943.01126885,3.50000000
1632312943.11128473,3.50000000
1632312943.21133447,3.50000000
1632312943.31127691,3.50000000
1632312943.41125059,3.50000000
1632312943.51113868,3.50000000
1632312943.61130500,3.50000000
1632312943.71106958,3.50000000
1632312943.81114364,3.50000000
1632312943.91126609,3.50000000
1632312944.01127958,3.50000000
1632312944.11128759,3.50000000
1632312944.21128869,3.50000000
1632312944.31127596,3.50000000
1632312944.41131997,3.50000000
1632312944.51105356,3.50000000
1632312944.61128592,3.50000000
1632312944.71131659,3.50000000
1632312944.81124616,3.50000000
1632312944.91128635,3.50000000
1632312945.01132464,3.50000000
1632312945.11132312,3.50000000
1632312945.21107030,3.50000000
1632312945.31103301,3.50000000
1632312945.41112041,3.50000000
1632312945.51127100,3.50000000
1632312945.61129522,3.50000000
1632312945.71104455,3.50000000
1632312945.81127071,3.50000000
1632312945.91129494,3.50000000
1632312946.01133132,3.50000000
1632312946.11134148,3.50000000
1632312946.21130705,3.50000000
1632312946.31134009,3.50000000
1632312946.41103864,3.50000000
1632312946.51104283,3.50000000
1632312946.61103296,3.50000000
1632312946.71103930,3.50000000
1632312946.81104803,3.50000000
1632312946.91101813,3.50000000
1632312947.01107287,3.50000000
1632312947.11109066,3.50000000
1632312947.21106029,3.50000000
1632312947.31104350,3.50000000
1632312947.41104817,3.50000000
1632312947.51103997,3.50000000
1632312947.61105156,3.50000000
1632312947.71104312,3.50000000
1632312947.81105399,3.50000000
1632312947.91105461,3.50000000
1632312948.01103973,3.50000000
1632312948.11105680,3.50000000
1632312948.21101952,3.50000000
1632312948.31103539,3.50000000
1632312948.41123915,3.50000000
1632312948.51106763,3.50000000
1632312948.61104298,3.50000000
1632312948.71104527,3.50000000
1632312948.81104302,3.50000000
1632312948.91105580,3.50000000
1632312949.01103568,3.50000000
1632312949.11104822,3.50000000
1632312949.21105170,3.50000000
1632312949.31104994,3.50000000
1632312949.41107678,3.50000000
1632312949.51106024,3.50000000
1632312949.61104703,3.50000000
1632312949.71102428,3.50000000
1632312949.81104803,3.50000000
1632312949.91104698,3.50000000
1632312950.01104283,3.50000000
1632312950.11105800,3.50000000
1632312950.21106315,3.50000000
1632312950.31102800,3.50000000
1632312950.41104650,3.50000000
1632312950.51122451,3.50000000
1632312950.61125326,3.50000000
1632312950.71126842,3.50000000
1632312950.81126928,3.50000000
1632312950.91131592,3.50000000
1632312951.01136565,3.50000000
1632312951.11130333,3.50000000
1632312951.21129036,3.50000000
1632312951.31128573,3.50000000
1632312951.41132450,3.50000000
1632312951.51105618,3.50000000
1632312951.61117506,3.50000000
1632312951.71129084,3.50000000
1632312951.81107545,3.50000000
1632312951.91125274,3.50000000
1632312952.01108146,3.50000000
1632312952.11129999,3.50000000
1632312952.21130466,3.50000000
1632312952.31128335,3.50000000
1632312952.41134620,3.50000000
1632312952.51127672,3.50000000
1632312952.61125445,3.50000000
1632312952.71111655,3.50000000
1632312952.81122971,3.50000000
1632312952.91133285,3.50000000
1632312953.01129961,3.50000000
1632312953.11112595,3.50000000
1632312953.21120048,3.50000000
1632312953.31130266,3.50000000
1632312953.41132474,3.50000000
1632312953.51122594,3.50000000
1632312953.61128139,3.50000000
1632312953.71124792,3.50000000
1632312953.81125307,3.50000000
1632312953.91128850,3.50000000
1632312954.01119161,3.50000000
1632312954.11128426,3.50000000
1632312954.21124125,3.50000000
1632312954.31116199,3.50000000
1632312954.41143847,3.50000000
1632312954.51131392,3.50000000
1632312954.61137033,3.50000000
1632312954.71140265,3.50000000
1632312954.81126285,3.50000000
1632312954.91111350,3.50000000
1632312955.01114583,3.50000000
1632312955.11120605,3.50000000
1632312955.21132183,3.50000000
1632312955.31123757,3.50000000
1632312955.41136146,3.50000000
1632312955.51128387,3.50000000
1632312955.61129427,3.50000000
1632312955.71127629,3.50000000
1632312955.81129885,3.50000000
1632312955.91127253,3.50000000
1632312956.01131916,3.50000000
1632312956.11129260,3.50000000
1632312956.21115208,3.50000000
1632312956.31104350,3.50000000
1632312956.41131020,3.50000000
1632312956.51124001,3.50000000
1632312956.61124754,3.50000000
1632312956.71128082,3.50000000
1632312956.81126404,3.50000000
1632312956.91104865,3.50000000
1632312957.01114559,3.50000000
1632312957.11129045,3.50000000
1632312957.21133137,3.50000000
1632312957.31129026,3.50000000
1632312957.41136646,3.50000000
1632312957.51134276,3.50000000
1632312957.61133742,3.50000000
1632312957.71112227,3.50000000
1632312957.81130099,3.50000000
1632312957.91126871,3.50000000
1632312958.01139998,3.50000000
1632312958.11117411,3.50000000
1632312958.21112728,3.50000000
1632312958.31120396,3.50000000
1632312958.41132927,3.50000000
1632312958.51128006,3.50000000
1632312958.61133409,3.50000000
1632312958.71127176,3.50000000
