Seconds,Desired Distance
1632161260.67688012,3.50000000
1632161260.77677464,3.50000000
1632161260.87678862,3.50000000
1632161260.97676492,3.50000000
1632161261.07657075,3.50000000
1632161261.17669272,3.50000000
1632161261.27674556,3.50000000
1632161261.37672114,3.50000000
1632161261.47674918,3.50000000
1632161261.57665443,3.50000000
1632161261.67677808,3.50000000
1632161261.77676082,3.50000000
1632161261.87676978,3.50000000
1632161261.97676277,3.50000000
1632161262.07660913,3.50000000
1632161262.17652321,3.50000000
1632161262.27651167,3.50000000
1632161262.37650895,3.50000000
1632161262.47675848,3.50000000
1632161262.57676792,3.50000000
1632161262.67678070,3.50000000
1632161262.77684760,3.50000000
1632161262.87683702,3.50000000
1632161262.97682643,3.50000000
1632161263.07675838,3.50000000
1632161263.17677164,3.50000000
1632161263.27674532,3.50000000
1632161263.37651086,3.50000000
1632161263.47649312,3.50000000
1632161263.57647109,3.50000000
1632161263.67647099,3.50000000
1632161263.77651787,3.50000000
1632161263.87648940,3.50000000
1632161263.97650623,3.50000000
1632161264.07651138,3.50000000
1632161264.17650533,3.50000000
1632161264.27653313,3.50000000
1632161264.37650442,3.50000000
1632161264.47650170,3.50000000
1632161264.57652450,3.50000000
1632161264.67653108,3.50000000
1632161264.77651739,3.50000000
1632161264.87648916,3.50000000
1632161264.97651076,3.50000000
1632161265.07655025,3.50000000
1632161265.17651153,3.50000000
1632161265.27658677,3.50000000
1632161265.37652636,3.50000000
1632161265.47652721,3.50000000
1632161265.57652736,3.50000000
1632161265.67653036,3.50000000
1632161265.77650380,3.50000000
1632161265.87651300,3.50000000
1632161265.97647691,3.50000000
1632161266.07654381,3.50000000
1632161266.17650986,3.50000000
1632161266.27651072,3.50000000
1632161266.37650847,3.50000000
1632161266.47650361,3.50000000
1632161266.57650018,3.50000000
1632161266.67646503,3.50000000
1632161266.77649856,3.50000000
1632161266.87651134,3.50000000
1632161266.97647429,3.50000000
1632161267.07646871,3.50000000
1632161267.17647195,3.50000000
1632161267.27653503,3.50000000
1632161267.37648439,3.50000000
1632161267.47649980,3.50000000
1632161267.57646394,3.50000000
1632161267.67650461,3.50000000
1632161267.77651238,3.50000000
1632161267.87647057,3.50000000
1632161267.97646928,3.50000000
1632161268.07647204,3.50000000
1632161268.17647839,3.50000000
1632161268.27647543,3.50000000
1632161268.37653303,3.50000000
1632161268.47649837,3.50000000
1632161268.57650185,3.50000000
1632161268.67647910,3.50000000
1632161268.77649808,3.50000000
1632161268.87647128,3.50000000
1632161268.97651386,3.50000000
1632161269.07650757,3.50000000
1632161269.17650008,3.50000000
1632161269.27650785,3.50000000
1632161269.37650394,3.50000000
1632161269.47649717,3.50000000
1632161269.57650304,3.50000000
1632161269.67650223,3.50000000
1632161269.77649927,3.50000000
1632161269.87648463,3.50000000
1632161269.97650981,3.50000000
1632161270.07651258,3.50000000
1632161270.17650533,3.50000000
1632161270.27651119,3.50000000
1632161270.37649989,3.50000000
1632161270.47651315,3.50000000
1632161270.57651138,3.50000000
1632161270.67651796,3.50000000
1632161270.77651858,3.50000000
1632161270.87649751,3.50000000
1632161270.97651553,3.50000000
1632161271.07650089,3.50000000
1632161271.17651987,3.50000000
1632161271.27651596,3.50000000
1632161271.37650895,3.50000000
1632161271.47653341,3.50000000
1632161271.57646346,3.50000000
1632161271.67649031,3.50000000
1632161271.77649808,3.50000000
1632161271.87649393,3.50000000
1632161271.97650599,3.50000000
1632161272.07654905,3.50000000
1632161272.17654371,3.50000000
1632161272.27651596,3.50000000
1632161272.37650919,3.50000000
1632161272.47653794,3.50000000
1632161272.57654667,3.50000000
1632161272.67652917,3.50000000
1632161272.77650666,3.50000000
1632161272.87650442,3.50000000
1632161272.97650743,3.50000000
1632161273.07652378,3.50000000
1632161273.17651248,3.50000000
1632161273.27651882,3.50000000
1632161273.37651896,3.50000000
1632161273.47651887,3.50000000
1632161273.57651687,3.50000000
1632161273.67651081,3.50000000
1632161273.77650762,3.50000000
1632161273.87648821,3.50000000
1632161273.97649026,3.50000000
1632161274.07650661,3.50000000
1632161274.17651200,3.50000000
1632161274.27651167,3.50000000
1632161274.37647963,3.50000000
1632161274.47652197,3.50000000
1632161274.57651687,3.50000000
1632161274.67650867,3.50000000
1632161274.77653575,3.50000000
1632161274.87655783,3.50000000
1632161274.97655058,3.50000000
1632161275.07653332,3.50000000
1632161275.17649722,3.50000000
1632161275.27654099,3.50000000
1632161275.37652826,3.50000000
1632161275.47651887,3.50000000
1632161275.57654047,3.50000000
1632161275.67655921,3.50000000
1632161275.77651453,3.50000000
1632161275.87652802,3.50000000
1632161275.97652483,3.50000000
1632161276.07651687,3.50000000
1632161276.17652345,3.50000000
1632161276.27651858,3.50000000
1632161276.37646961,3.50000000
1632161276.47650361,3.50000000
1632161276.57651567,3.50000000
1632161276.67650676,3.50000000
1632161276.77650738,3.50000000
1632161276.87649274,3.50000000
1632161276.97647166,3.50000000
1632161277.07653546,3.50000000
1632161277.17651248,3.50000000
1632161277.27649546,3.50000000
1632161277.37651563,3.50000000
1632161277.47650695,3.50000000
1632161277.57649851,3.50000000
1632161277.67653394,3.50000000
1632161277.77650762,3.50000000
1632161277.87651277,3.50000000
1632161277.97650170,3.50000000
1632161278.07650661,3.50000000
1632161278.17647624,3.50000000
1632161278.27646685,3.50000000
1632161278.37649870,3.50000000
1632161278.47652912,3.50000000
1632161278.57650709,3.50000000
1632161278.67650890,3.50000000
1632161278.77647114,3.50000000
1632161278.87650156,3.50000000
1632161278.97650623,3.50000000
1632161279.07654309,3.50000000
1632161279.17649269,3.50000000
1632161279.27650213,3.50000000
1632161279.37651205,3.50000000
1632161279.47651935,3.50000000
1632161279.57651830,3.50000000
1632161279.67649770,3.50000000
1632161279.77649927,3.50000000
1632161279.87647939,3.50000000
1632161279.97652078,2.00000000
1632161280.07649422,2.00000000
1632161280.17650604,2.00000000
1632161280.27651072,2.00000000
1632161280.37650633,2.00000000
1632161280.47654390,2.00000000
1632161280.57650852,2.00000000
1632161280.67651081,2.00000000
1632161280.77653074,2.00000000
1632161280.87650561,2.00000000
1632161280.97649288,2.00000000
1632161281.07652211,2.00000000
1632161281.17647433,2.00000000
1632161281.27650189,2.00000000
1632161281.37648010,2.00000000
1632161281.47651267,2.00000000
1632161281.57650638,2.00000000
1632161281.67651439,2.00000000
1632161281.77656937,2.00000000
1632161281.87650561,2.00000000
1632161281.97650790,2.00000000
1632161282.07651949,2.00000000
1632161282.17649865,2.00000000
1632161282.27648520,2.00000000
1632161282.37650800,2.00000000
1632161282.47651315,2.00000000
1632161282.57650995,2.00000000
1632161282.67650676,2.00000000
1632161282.77651191,2.00000000
1632161282.87647557,2.00000000
1632161282.97650433,2.00000000
1632161283.07646656,2.00000000
1632161283.17651439,2.00000000
1632161283.27652264,2.00000000
1632161283.37651515,2.00000000
1632161283.47646832,2.00000000
1632161283.57652354,2.00000000
1632161283.67654157,2.00000000
1632161283.77647114,2.00000000
1632161283.87647367,2.00000000
1632161283.97651124,2.00000000
1632161284.07653260,2.00000000
1632161284.17652893,2.00000000
1632161284.27646780,2.00000000
1632161284.37650681,2.00000000
1632161284.47647047,2.00000000
1632161284.57651424,2.00000000
1632161284.67651129,2.00000000
1632161284.77650547,2.00000000
1632161284.87651515,2.00000000
1632161284.97652602,2.00000000
1632161285.07651997,2.00000000
1632161285.17651749,2.00000000
1632161285.27649879,2.00000000
1632161285.37651134,2.00000000
1632161285.47653079,2.00000000
1632161285.57649088,2.00000000
1632161285.67650151,2.00000000
1632161285.77645946,2.00000000
1632161285.87654114,2.00000000
1632161285.97651553,2.00000000
1632161286.07652783,2.00000000
1632161286.17650867,2.00000000
1632161286.27649689,2.00000000
1632161286.37650657,2.00000000
1632161286.47651839,2.00000000
1632161286.57651830,2.00000000
1632161286.67652607,2.00000000
1632161286.77651429,2.00000000
1632161286.87652111,2.00000000
1632161286.97650862,2.00000000
1632161287.07648396,2.00000000
1632161287.17650127,2.00000000
1632161287.27650166,2.00000000
1632161287.37650466,2.00000000
1632161287.47650123,2.00000000
1632161287.57647729,2.00000000
1632161287.67650986,2.00000000
1632161287.77650404,2.00000000
1632161287.87650013,2.00000000
1632161287.97650552,2.00000000
1632161288.07655358,2.00000000
1632161288.17647052,2.00000000
1632161288.27646255,2.00000000
1632161288.37650681,2.00000000
1632161288.47646809,2.00000000
1632161288.57653213,2.00000000
1632161288.67650175,2.00000000
1632161288.77650976,2.00000000
1632161288.87647080,2.00000000
1632161288.97651386,2.00000000
1632161289.07651091,2.00000000
1632161289.17647409,2.00000000
1632161289.27650094,2.00000000
1632161289.37651563,2.00000000
1632161289.47649264,2.00000000
1632161289.57656956,2.00000000
1632161289.67649698,2.00000000
1632161289.77647567,2.00000000
1632161289.87670970,2.00000000
1632161289.97651696,2.00000000
1632161290.07650352,2.00000000
1632161290.17650437,2.00000000
1632161290.27651811,2.00000000
1632161290.37651610,2.00000000
1632161290.47650862,2.00000000
1632161290.57650280,2.00000000
1632161290.67650938,2.00000000
1632161290.77651620,2.00000000
1632161290.87649441,2.00000000
1632161290.97651100,2.00000000
1632161291.07651711,3.50000000
1632161291.17651796,3.50000000
1632161291.27651000,3.50000000
1632161291.37650275,3.50000000
1632161291.47651029,3.50000000
1632161291.57654381,3.50000000
1632161291.67649555,3.50000000
1632161291.77652049,3.50000000
1632161291.87649798,3.50000000
1632161291.97653580,3.50000000
1632161292.07653737,3.50000000
1632161292.17649746,3.50000000
1632161292.27650738,3.50000000
1632161292.37651062,3.50000000
1632161292.47651315,3.50000000
1632161292.57651448,3.50000000
1632161292.67650557,3.50000000
1632161292.77647018,3.50000000
1632161292.87654662,3.50000000
1632161292.97651768,3.50000000
1632161293.07646608,3.50000000
1632161293.17650461,3.50000000
1632161293.27651048,3.50000000
1632161293.37660265,3.50000000
1632161293.47645903,3.50000000
1632161293.57650638,3.50000000
1632161293.67652798,3.50000000
1632161293.77649999,3.50000000
1632161293.87648773,3.50000000
1632161293.97650123,3.50000000
1632161294.07647419,3.50000000
1632161294.17651534,3.50000000
1632161294.27648592,3.50000000
1632161294.37651563,3.50000000
1632161294.47647667,3.50000000
1632161294.57647777,3.50000000
1632161294.67651057,3.50000000
1632161294.77650952,3.50000000
1632161294.87655354,3.50000000
1632161294.97654223,3.50000000
1632161295.07652450,3.50000000
1632161295.17647886,3.50000000
1632161295.27649355,3.50000000
1632161295.37648869,3.50000000
1632161295.47649145,3.50000000
1632161295.57651162,3.50000000
1632161295.67647958,3.50000000
1632161295.77652502,3.50000000
1632161295.87652779,3.50000000
1632161295.97652483,3.50000000
1632161296.07651567,3.50000000
1632161296.17649722,3.50000000
1632161296.27652907,3.50000000
1632161296.37646794,3.50000000
1632161296.47652078,3.50000000
1632161296.57650447,3.50000000
1632161296.67650223,3.50000000
1632161296.77647138,3.50000000
1632161296.87652969,3.50000000
1632161296.97651458,3.50000000
1632161297.07649755,3.50000000
1632161297.17652225,3.50000000
1632161297.27645707,3.50000000
1632161297.37655377,3.50000000
1632161297.47650099,3.50000000
1632161297.57650852,3.50000000
1632161297.67651153,3.50000000
1632161297.77655244,3.50000000
1632161297.87651896,3.50000000
1632161297.97650599,3.50000000
1632161298.07650948,3.50000000
1632161298.17650104,3.50000000
1632161298.27652717,3.50000000
1632161298.37653208,3.50000000
1632161298.47650981,2.00000000
1632161298.57654214,2.00000000
1632161298.67651749,2.00000000
1632161298.77650404,2.00000000
1632161298.87650228,2.00000000
1632161298.97650266,2.00000000
1632161299.07651019,2.00000000
1632161299.17653108,2.00000000
1632161299.27648139,2.00000000
1632161299.37655354,2.00000000
1632161299.47650266,2.00000000
1632161299.57651687,2.00000000
1632161299.67650700,2.00000000
1632161299.77650380,2.00000000
1632161299.87649393,2.00000000
1632161299.97652841,2.00000000
1632161300.07648587,2.00000000
1632161300.17650795,2.00000000
1632161300.27650857,2.00000000
1632161300.37650371,2.00000000
1632161300.47650433,2.00000000
1632161300.57650137,2.00000000
1632161300.67651176,2.00000000
1632161300.77649426,2.00000000
1632161300.87648964,2.00000000
1632161300.97649837,2.00000000
1632161301.07649350,2.00000000
1632161301.17655492,2.00000000
1632161301.27647853,2.00000000
1632161301.37650776,2.00000000
1632161301.47652292,2.00000000
1632161301.57650352,2.00000000
1632161301.67651153,2.00000000
1632161301.77651405,2.00000000
1632161301.87646937,2.00000000
1632161301.97650504,2.00000000
1632161302.07651520,2.00000000
1632161302.17653441,2.00000000
1632161302.27650547,2.00000000
1632161302.37651253,2.00000000
1632161302.47650719,2.00000000
1632161302.57650805,2.00000000
1632161302.67650962,2.00000000
1632161302.77650690,2.00000000
1632161302.87650442,2.00000000
1632161302.97651529,2.00000000
1632161303.07651019,2.00000000
1632161303.17651486,2.00000000
1632161303.27652097,2.00000000
1632161303.37651062,2.00000000
1632161303.47653508,2.00000000
1632161303.57651591,2.00000000
1632161303.67651606,2.00000000
1632161303.77650428,2.00000000
1632161303.87649560,2.00000000
1632161303.97647500,2.00000000
1632161304.07651711,2.00000000
1632161304.17651010,2.00000000
1632161304.27652526,2.00000000
1632161304.37650108,2.00000000
1632161304.47651744,2.00000000
1632161304.57650661,2.00000000
1632161304.67653155,2.00000000
1632161304.77652955,2.00000000
1632161304.87656307,2.00000000
1632161304.97651863,2.00000000
1632161305.07651329,2.00000000
1632161305.17653036,2.00000000
1632161305.27653766,2.00000000
1632161305.37657070,2.00000000
1632161305.47653794,2.00000000
1632161305.57650685,2.00000000
1632161305.67653322,2.00000000
1632161305.77647424,2.00000000
1632161305.87647533,2.00000000
1632161305.97650123,2.00000000
1632161306.07653618,2.00000000
1632161306.17654061,2.00000000
1632161306.27653623,2.00000000
1632161306.37650824,2.00000000
1632161306.47650504,2.00000000
1632161306.57651496,2.00000000
1632161306.67651820,2.00000000
1632161306.77651191,2.00000000
1632161306.87650466,2.00000000
1632161306.97651434,2.00000000
1632161307.07650256,2.00000000
1632161307.17651463,2.00000000
1632161307.27652144,2.00000000
1632161307.37650919,2.00000000
1632161307.47650075,2.00000000
1632161307.57652187,2.00000000
1632161307.67653465,2.00000000
1632161307.77650476,2.00000000
1632161307.87650466,2.00000000
1632161307.97652078,2.00000000
1632161308.07651830,2.00000000
1632161308.17652273,2.00000000
1632161308.27658510,2.00000000
1632161308.37662888,2.00000000
1632161308.47651553,2.00000000
1632161308.57651353,2.00000000
1632161308.67646384,2.00000000
1632161308.77649951,2.00000000
1632161308.87647891,2.00000000
1632161308.97652078,2.00000000
1632161309.07650566,2.00000000
1632161309.17650342,2.00000000
1632161309.27649927,2.00000000
1632161309.37650704,2.00000000
1632161309.47654104,2.00000000
1632161309.57650280,2.00000000
1632161309.67650270,2.00000000
1632161309.77650547,2.00000000
1632161309.87651253,2.00000000
1632161309.97647095,2.00000000
1632161310.07650232,2.00000000
1632161310.17650986,2.00000000
1632161310.27647591,2.00000000
1632161310.37648726,2.00000000
1632161310.47653055,2.00000000
1632161310.57646275,2.00000000
1632161310.67651701,2.00000000
1632161310.77646708,2.00000000
1632161310.87650394,2.00000000
1632161310.97650146,2.00000000
1632161311.07648158,2.00000000
1632161311.17647791,2.00000000
1632161311.27646375,2.00000000
1632161311.37650394,2.00000000
1632161311.47648692,2.00000000
1632161311.57651496,2.00000000
1632161311.67650652,2.00000000
1632161311.77650309,2.00000000
1632161311.87651634,2.00000000
1632161311.97648287,2.00000000
1632161312.07656360,2.00000000
1632161312.17650580,2.00000000
1632161312.27653933,3.50000000
1632161312.37653399,3.50000000
1632161312.47649956,3.50000000
1632161312.57650113,3.50000000
1632161312.67651081,3.50000000
1632161312.77650571,3.50000000
1632161312.87650347,3.50000000
1632161312.97650242,3.50000000
1632161313.07650232,3.50000000
1632161313.17650485,3.50000000
1632161313.27648306,3.50000000
1632161313.37646961,3.50000000
1632161313.47649860,3.50000000
1632161313.57649994,3.50000000
1632161313.67647076,3.50000000
1632161313.77647638,3.50000000
1632161313.87646818,3.50000000
1632161313.97651243,3.50000000
1632161314.07650757,3.50000000
1632161314.17651653,3.50000000
1632161314.27650118,3.50000000
1632161314.37651730,3.50000000
1632161314.47652054,3.50000000
1632161314.57652187,3.50000000
1632161314.67651725,3.50000000
1632161314.77650237,3.50000000
1632161314.87650490,3.50000000
1632161314.97647119,3.50000000
1632161315.07651806,3.50000000
1632161315.17650294,3.50000000
1632161315.27650571,3.50000000
1632161315.37651730,3.50000000
1632161315.47651529,3.50000000
1632161315.57651329,3.50000000
1632161315.67650962,3.50000000
1632161315.77649283,3.50000000
1632161315.87647796,3.50000000
1632161315.97652483,3.50000000
1632161316.07650399,3.50000000
1632161316.17645741,3.50000000
1632161316.27650213,3.50000000
1632161316.37647510,3.50000000
1632161316.47650862,3.50000000
1632161316.57650948,3.50000000
1632161316.67652059,3.50000000
1632161316.77649832,3.50000000
1632161316.87651014,3.50000000
1632161316.97649837,3.50000000
1632161317.07646704,3.50000000
1632161317.17651224,3.50000000
1632161317.27648139,3.50000000
1632161317.37650824,3.50000000
1632161317.47650552,3.50000000
1632161317.57647276,3.50000000
1632161317.67649293,3.50000000
1632161317.77651548,3.50000000
1632161317.87650323,3.50000000
1632161317.97650862,3.50000000
1632161318.07647038,3.50000000
1632161318.17648196,3.50000000
1632161318.27650738,3.50000000
1632161318.37650657,3.50000000
1632161318.47653079,3.50000000
1632161318.57651949,3.50000000
1632161318.67651653,3.50000000
1632161318.77649879,3.50000000
1632161318.87650776,3.50000000
1632161318.97653484,3.50000000
1632161319.07651854,3.50000000
1632161319.17651296,3.50000000
1632161319.27650070,3.50000000
1632161319.37650681,3.50000000
1632161319.47651291,3.50000000
1632161319.57652068,3.50000000
1632161319.67651534,3.50000000
1632161319.77649689,3.50000000
1632161319.87651014,3.50000000
1632161319.97647738,3.50000000
1632161320.07649636,3.50000000
1632161320.17649293,3.50000000
1632161320.27649474,3.50000000
1632161320.37647724,3.50000000
1632161320.47650337,3.50000000
1632161320.57651114,3.50000000
1632161320.67649770,3.50000000
1632161320.77649903,3.50000000
1632161320.87649894,3.50000000
1632161320.97650456,3.50000000
1632161321.07651019,3.50000000
1632161321.17646432,3.50000000
1632161321.27651143,3.50000000
1632161321.37650919,3.50000000
1632161321.47651410,3.50000000
1632161321.57650495,3.50000000
1632161321.67649460,3.50000000
1632161321.77652550,3.50000000
1632161321.87652707,3.50000000
1632161321.97650170,3.50000000
1632161322.07649970,3.50000000
1632161322.17649031,3.50000000
1632161322.27651262,3.50000000
1632161322.37652564,3.50000000
1632161322.47650504,3.50000000
1632161322.57650447,3.50000000
1632161322.67649269,3.50000000
1632161322.77646875,3.50000000
1632161322.87646413,3.50000000
1632161322.97651005,3.50000000
1632161323.07649994,3.50000000
1632161323.17648149,3.50000000
1632161323.27646685,3.50000000
1632161323.37650323,3.50000000
1632161323.47647071,3.50000000
1632161323.57646441,3.50000000
1632161323.67646861,3.50000000
1632161323.77649403,3.50000000
1632161323.87645936,3.50000000
1632161323.97648954,3.50000000
1632161324.07649589,3.50000000
1632161324.17647433,3.50000000
1632161324.27650595,3.50000000
1632161324.37647700,3.50000000
1632161324.47648120,3.50000000
1632161324.57649684,3.50000000
1632161324.67650390,3.50000000
1632161324.77650285,3.50000000
1632161324.87649465,3.50000000
1632161324.97647071,3.50000000
1632161325.07649779,3.50000000
1632161325.17650199,3.50000000
1632161325.27650476,3.50000000
1632161325.37651157,3.50000000
1632161325.47650933,3.50000000
1632161325.57652330,3.50000000
1632161325.67647505,3.50000000
1632161325.77651119,3.50000000
1632161325.87652373,3.50000000
1632161325.97651124,3.50000000
1632161326.07652354,3.50000000
1632161326.17647552,3.50000000
1632161326.27651811,3.50000000
1632161326.37651014,3.50000000
1632161326.47653270,3.50000000
1632161326.57651758,3.50000000
1632161326.67651248,3.50000000
1632161326.77650309,3.50000000
1632161326.87650442,3.50000000
1632161326.97656488,3.50000000
1632161327.07651329,3.50000000
1632161327.17649961,3.50000000
1632161327.27649474,3.50000000
1632161327.37650371,3.50000000
1632161327.47647047,3.50000000
1632161327.57650518,3.50000000
1632161327.67650032,3.50000000
1632161327.77652168,3.50000000
1632161327.87649584,3.50000000
1632161327.97650146,3.50000000
1632161328.07650971,3.50000000
1632161328.17650223,3.50000000
1632161328.27649903,3.50000000
1632161328.37650180,3.50000000
1632161328.47646904,3.50000000
1632161328.57650352,3.50000000
1632161328.67646527,3.50000000
1632161328.77654505,3.50000000
1632161328.87652588,3.50000000
1632161328.97661662,3.50000000
1632161329.07652116,3.50000000
1632161329.17650938,3.50000000
1632161329.27653122,3.50000000
1632161329.37651277,3.50000000
1632161329.47652316,3.50000000
1632161329.57650661,3.50000000
1632161329.67650509,3.50000000
1632161329.77647567,3.50000000
1632161329.87650275,3.50000000
1632161329.97651172,3.50000000
1632161330.07647133,3.50000000
1632161330.17652035,3.50000000
1632161330.27650046,3.50000000
1632161330.37652326,3.50000000
1632161330.47650409,3.50000000
1632161330.57649851,3.50000000
1632161330.67650771,3.50000000
1632161330.77650356,3.50000000
1632161330.87650847,3.50000000
1632161330.97648931,3.50000000
1632161331.07650566,3.50000000
1632161331.17650080,3.50000000
1632161331.27650166,3.50000000
1632161331.37650466,3.50000000
1632161331.47652507,3.50000000
1632161331.57646894,3.50000000
1632161331.67650104,3.50000000
1632161331.77652478,3.50000000
1632161331.87650132,3.50000000
1632161331.97650862,3.50000000
1632161332.07649803,3.50000000
1632161332.17650008,3.50000000
1632161332.27652240,3.50000000
1632161332.37650347,3.50000000
1632161332.47649908,3.50000000
1632161332.57649755,3.50000000
1632161332.67650032,3.50000000
1632161332.77651048,3.50000000
1632161332.87650156,3.50000000
1632161332.97649360,3.50000000
1632161333.07647610,3.50000000
1632161333.17651510,3.50000000
1632161333.27652264,3.50000000
1632161333.37651396,3.50000000
1632161333.47650671,3.50000000
1632161333.57651114,3.50000000
1632161333.67650723,3.50000000
1632161333.77651215,3.50000000
1632161333.87650990,3.50000000
1632161333.97651410,3.50000000
1632161334.07649899,3.50000000
1632161334.17651200,3.50000000
1632161334.27650285,3.50000000
1632161334.37650824,3.50000000
1632161334.47649646,3.50000000
1632161334.57650971,3.50000000
1632161334.67649817,3.50000000
1632161334.77648807,3.50000000
1632161334.87650466,3.50000000
1632161334.97649002,3.50000000
1632161335.07647300,3.50000000
1632161335.17651367,3.50000000
1632161335.27646470,3.50000000
1632161335.37651372,3.50000000
1632161335.47645712,3.50000000
1632161335.57649302,3.50000000
1632161335.67650890,3.50000000
1632161335.77650523,3.50000000
1632161335.87650180,3.50000000
1632161335.97650146,3.50000000
1632161336.07646489,3.50000000
1632161336.17655540,3.50000000
1632161336.27647376,3.50000000
1632161336.37657356,3.50000000
1632161336.47650671,3.50000000
1632161336.57649994,3.50000000
1632161336.67651248,3.50000000
1632161336.77646756,3.50000000
1632161336.87649608,3.50000000
1632161336.97650290,3.50000000
1632161337.07660747,3.50000000
1632161337.17650557,3.50000000
1632161337.27650690,3.50000000
1632161337.37650776,3.50000000
1632161337.47648168,3.50000000
1632161337.57648039,3.50000000
1632161337.67651105,3.50000000
1632161337.77651238,3.50000000
1632161337.87651587,3.50000000
1632161337.97652555,3.50000000
1632161338.07652402,3.50000000
1632161338.17651129,3.50000000
1632161338.27652764,3.50000000
1632161338.37648535,3.50000000
1632161338.47648907,3.50000000
1632161338.57651901,3.50000000
1632161338.67650771,3.50000000
1632161338.77651215,3.50000000
1632161338.87653327,3.50000000
1632161338.97651434,3.50000000
1632161339.07651234,3.50000000
1632161339.17650461,3.50000000
1632161339.27651262,3.50000000
1632161339.37648559,3.50000000
1632161339.47651577,3.50000000
1632161339.57650375,3.50000000
1632161339.67651272,3.50000000
1632161339.77653241,3.50000000
1632161339.87653232,3.50000000
1632161339.97650671,3.50000000
1632161340.07650638,3.50000000
1632161340.17648196,3.50000000
1632161340.27651453,3.50000000
1632161340.37650371,3.50000000
1632161340.47649813,3.50000000
1632161340.57650876,3.50000000
1632161340.67650938,3.50000000
1632161340.77650571,3.50000000
1632161340.87649870,3.50000000
1632161340.97648740,3.50000000
1632161341.07654238,3.50000000
1632161341.17651320,3.50000000
1632161341.27650738,3.50000000
1632161341.37650108,3.50000000
1632161341.47650385,3.50000000
1632161341.57652259,3.50000000
1632161341.67650652,3.50000000
1632161341.77651072,3.50000000
1632161341.87649393,3.50000000
1632161341.97649837,3.50000000
1632161342.07651567,3.50000000
1632161342.17650723,3.50000000
1632161342.27652645,3.50000000
1632161342.37647486,3.50000000
1632161342.47650981,3.50000000
1632161342.57649875,3.50000000
1632161342.67650127,3.50000000
1632161342.77650809,3.50000000
1632161342.87650466,3.50000000
1632161342.97651553,3.50000000
1632161343.07651734,3.50000000
1632161343.17650151,3.50000000
1632161343.27650166,3.50000000
1632161343.37650418,3.50000000
1632161343.47650480,3.50000000
1632161343.57650566,3.50000000
1632161343.67650771,3.50000000
1632161343.77647519,3.50000000
1632161343.87650466,3.50000000
1632161343.97649932,3.50000000
1632161344.07650065,3.50000000
1632161344.17646980,3.50000000
1632161344.27650094,3.50000000
1632161344.37650490,3.50000000
1632161344.47650385,3.50000000
1632161344.57647967,3.50000000
1632161344.67650294,3.50000000
1632161344.77651405,3.50000000
1632161344.87651157,3.50000000
1632161344.97650337,3.50000000
1632161345.07647991,3.50000000
1632161345.17651415,3.50000000
1632161345.27650261,3.50000000
1632161345.37650394,3.50000000
1632161345.47651339,3.50000000
1632161345.57650328,3.50000000
1632161345.67652941,3.50000000
1632161345.77651453,3.50000000
1632161345.87649632,3.50000000
1632161345.97651482,3.50000000
1632161346.07650065,3.50000000
1632161346.17649436,3.50000000
1632161346.27648473,3.50000000
1632161346.37651372,3.50000000
1632161346.47652292,3.50000000
1632161346.57646132,3.50000000
1632161346.67651010,3.50000000
1632161346.77648306,3.50000000
1632161346.87654591,3.50000000
1632161346.97651076,3.50000000
1632161347.07649827,3.50000000
1632161347.17649364,3.50000000
1632161347.27652097,3.50000000
1632161347.37650347,3.50000000
1632161347.47651839,3.50000000
1632161347.57650161,3.50000000
1632161347.67649007,3.50000000
1632161347.77652359,3.50000000
1632161347.87648320,3.50000000
1632161347.97646403,3.50000000
1632161348.07650399,3.50000000
1632161348.17650986,3.50000000
1632161348.27651739,3.50000000
1632161348.37649989,3.50000000
1632161348.47649288,3.50000000
1632161348.57650924,3.50000000
1632161348.67649865,3.50000000
1632161348.77649426,3.50000000
1632161348.87650394,3.50000000
1632161348.97650218,3.50000000
1632161349.07649565,3.50000000
1632161349.17650986,3.50000000
1632161349.27650952,3.50000000
1632161349.37649894,3.50000000
1632161349.47651196,3.50000000
1632161349.57649684,3.50000000
1632161349.67650366,3.50000000
1632161349.77648950,3.50000000
1632161349.87651658,3.50000000
1632161349.97650790,3.50000000
1632161350.07650518,3.50000000
1632161350.17650723,3.50000000
1632161350.27651525,3.50000000
1632161350.37647843,3.50000000
1632161350.47649765,3.50000000
1632161350.57646227,3.50000000
1632161350.67652845,3.50000000
1632161350.77646589,3.50000000
1632161350.87650728,3.50000000
1632161350.97651935,3.50000000
1632161351.07651067,3.50000000
1632161351.17653155,3.50000000
1632161351.27651501,3.50000000
1632161351.37651896,3.50000000
1632161351.47650576,3.50000000
1632161351.57650352,3.50000000
1632161351.67647743,3.50000000
1632161351.77646947,3.50000000
1632161351.87651253,3.50000000
1632161351.97651649,3.50000000
1632161352.07649302,3.50000000
1632161352.17648244,3.50000000
1632161352.27651691,3.50000000
1632161352.37651467,3.50000000
1632161352.47649145,3.50000000
1632161352.57651973,3.50000000
1632161352.67649961,3.50000000
1632161352.77651215,3.50000000
1632161352.87651253,3.50000000
1632161352.97652793,3.50000000
1632161353.07652116,3.50000000
1632161353.17649794,3.50000000
1632161353.27653575,3.50000000
1632161353.37653565,3.50000000
1632161353.47651029,3.50000000
1632161353.57654357,3.50000000
1632161353.67651391,3.50000000
1632161353.77651238,3.50000000
1632161353.87654281,3.50000000
1632161353.97650647,3.50000000
1632161354.07651615,3.50000000
1632161354.17646694,3.50000000
1632161354.27651000,3.50000000
1632161354.37647510,3.50000000
1632161354.47651529,3.50000000
1632161354.57652569,3.50000000
1632161354.67649961,3.50000000
1632161354.77651358,3.50000000
1632161354.87651968,3.50000000
1632161354.97651052,3.50000000
1632161355.07652426,3.50000000
1632161355.17650318,3.50000000
1632161355.27650642,3.50000000
1632161355.37650633,3.50000000
1632161355.47651768,3.50000000
1632161355.57647252,3.50000000
1632161355.67647529,3.50000000
1632161355.77650690,3.50000000
1632161355.87650561,3.50000000
1632161355.97650194,3.50000000
1632161356.07658601,3.50000000
1632161356.17652869,3.50000000
1632161356.27651405,3.50000000
1632161356.37650633,3.50000000
1632161356.47650886,3.50000000
1632161356.57651234,3.50000000
1632161356.67650628,3.50000000
1632161356.77650976,3.50000000
1632161356.87653685,3.50000000
1632161356.97650075,3.50000000
1632161357.07652879,3.50000000
1632161357.17650652,3.50000000
1632161357.27651811,3.50000000
1632161357.37651277,3.50000000
1632161357.47652006,3.50000000
1632161357.57650900,3.50000000
1632161357.67654729,3.50000000
1632161357.77652788,3.50000000
1632161357.87653160,3.50000000
1632161357.97651434,3.50000000
1632161358.07654238,3.50000000
1632161358.17650318,3.50000000
1632161358.27652836,3.50000000
1632161358.37651753,3.50000000
1632161358.47649956,3.50000000
1632161358.57650352,3.50000000
1632161358.67652845,3.50000000
1632161358.77651763,3.50000000
1632161358.87650228,3.50000000
1632161358.97650576,3.50000000
1632161359.07652164,3.50000000
1632161359.17651296,3.50000000
1632161359.27650857,3.50000000
1632161359.37651181,3.50000000
1632161359.47649813,3.50000000
1632161359.57661891,3.50000000
1632161359.67651463,3.50000000
1632161359.77651024,3.50000000
1632161359.87651181,3.50000000
1632161359.97654772,3.50000000
1632161360.07652044,3.50000000
1632161360.17652345,3.50000000
1632161360.27651191,3.50000000
1632161360.37652969,3.50000000
1632161360.47650242,3.50000000
1632161360.57652020,3.50000000
1632161360.67653704,3.50000000
1632161360.77648115,3.50000000
1632161360.87655306,3.50000000
1632161360.97647285,3.50000000
1632161361.07651186,3.50000000
1632161361.17651081,3.50000000
1632161361.27649546,3.50000000
1632161361.37651181,3.50000000
1632161361.47652912,3.50000000
1632161361.57652617,3.50000000
1632161361.67649698,3.50000000
1632161361.77650809,3.50000000
1632161361.87650466,3.50000000
1632161361.97647953,3.50000000
1632161362.07652402,3.50000000
1632161362.17650366,3.50000000
1632161362.27651739,3.50000000
1632161362.37650561,3.50000000
1632161362.47650766,3.50000000
1632161362.57670355,3.50000000
1632161362.67647839,3.50000000
1632161362.77651310,3.50000000
1632161362.87651753,3.50000000
1632161362.97651172,3.50000000
1632161363.07647157,3.50000000
1632161363.17650652,3.50000000
1632161363.27649879,3.50000000
1632161363.37650490,3.50000000
1632161363.47650385,3.50000000
1632161363.57647824,3.50000000
1632161363.67651677,3.50000000
1632161363.77650785,3.50000000
1632161363.87650275,3.50000000
1632161363.97650099,3.50000000
1632161364.07655025,3.50000000
1632161364.17650390,3.50000000
1632161364.27650523,3.50000000
1632161364.37652779,3.50000000
1632161364.47655058,3.50000000
1632161364.57653594,3.50000000
1632161364.67657089,3.50000000
1632161364.77653170,3.50000000
1632161364.87651801,3.50000000
1632161364.97651362,3.50000000
1632161365.07651138,3.50000000
1632161365.17653894,3.50000000
1632161365.27653503,3.50000000
1632161365.37652659,3.50000000
1632161365.47650623,3.50000000
1632161365.57650399,3.50000000
1632161365.67650247,3.50000000
1632161365.77649760,3.50000000
1632161365.87651229,3.50000000
1632161365.97651839,3.50000000
1632161366.07650447,3.50000000
1632161366.17650008,3.50000000
1632161366.27650380,3.50000000
1632161366.37652278,3.50000000
1632161366.47653341,3.50000000
1632161366.57651138,3.50000000
1632161366.67651248,3.50000000
1632161366.77651167,3.50000000
1632161366.87650704,3.50000000
1632161366.97653604,3.50000000
1632161367.07651782,3.50000000
1632161367.17654228,3.50000000
1632161367.27653623,3.50000000
1632161367.37653923,3.50000000
1632161367.47650051,3.50000000
1632161367.57653141,3.50000000
1632161367.67650366,3.50000000
1632161367.77650595,3.50000000
1632161367.87650299,3.50000000
1632161367.97652626,3.50000000
1632161368.07651043,3.50000000
1632161368.17651105,3.50000000
1632161368.27648139,3.50000000
1632161368.37653184,3.50000000
1632161368.47652459,3.50000000
1632161368.57650924,3.50000000
1632161368.67655635,3.50000000
1632161368.77653861,3.50000000
1632161368.87650251,3.50000000
1632161368.97650433,3.50000000
1632161369.07650828,3.50000000
1632161369.17649460,3.50000000
1632161369.27648163,3.50000000
1632161369.37651777,3.50000000
1632161369.47650671,3.50000000
1632161369.57649922,3.50000000
1632161369.67651391,3.50000000
1632161369.77653646,3.50000000
1632161369.87655210,3.50000000
1632161369.97654319,3.50000000
1632161370.07650614,3.50000000
1632161370.17655897,3.50000000
1632161370.27652717,3.50000000
1632161370.37652659,3.50000000
1632161370.47651577,3.50000000
1632161370.57650089,3.50000000
1632161370.67651391,3.50000000
1632161370.77650142,3.50000000
1632161370.87646747,3.50000000
1632161370.97648621,3.50000000
1632161371.07653713,3.50000000
1632161371.17650104,3.50000000
1632161371.27649403,3.50000000
1632161371.37647057,3.50000000
1632161371.47652054,3.50000000
1632161371.57647109,3.50000000
1632161371.67649865,3.50000000
1632161371.77646971,3.50000000
1632161371.87649560,3.50000000
1632161371.97654510,3.50000000
1632161372.07650352,3.50000000
1632161372.17647386,3.50000000
1632161372.27646065,3.50000000
1632161372.37650084,3.50000000
1632161372.47652245,3.50000000
1632161372.57650495,3.50000000
1632161372.67650008,3.50000000
1632161372.77653623,3.50000000
1632161372.87650895,3.50000000
1632161372.97649598,3.50000000
1632161373.07649302,3.50000000
1632161373.17653060,3.50000000
1632161373.27651095,3.50000000
1632161373.37650251,3.50000000
1632161373.47653580,3.50000000
1632161373.57651305,3.50000000
1632161373.67651725,3.50000000
1632161373.77653623,3.50000000
1632161373.87650204,3.50000000
1632161373.97651076,3.50000000
1632161374.07651758,3.50000000
1632161374.17652369,3.50000000
1632161374.27650070,3.50000000
1632161374.37649608,3.50000000
1632161374.47647357,3.50000000
1632161374.57651138,3.50000000
1632161374.67652464,3.50000000
1632161374.77650023,3.50000000
1632161374.87650537,3.50000000
1632161374.97652006,3.50000000
1632161375.07651043,3.50000000
1632161375.17649722,3.50000000
1632161375.27651000,3.50000000
1632161375.37649941,3.50000000
1632161375.47651029,3.50000000
1632161375.57650781,3.50000000
1632161375.67650938,3.50000000
1632161375.77650094,3.50000000
1632161375.87650657,3.50000000
1632161375.97646594,3.50000000
1632161376.07651305,3.50000000
1632161376.17650032,3.50000000
1632161376.27650118,3.50000000
1632161376.37650895,3.50000000
1632161376.47649527,3.50000000
1632161376.57650113,3.50000000
1632161376.67651534,3.50000000
1632161376.77651668,3.50000000
1632161376.87651181,3.50000000
1632161376.97650981,3.50000000
1632161377.07652569,2.00000000
1632161377.17651844,2.00000000
1632161377.27649879,2.00000000
1632161377.37651873,2.00000000
1632161377.47649765,2.00000000
1632161377.57650542,2.00000000
1632161377.67653370,2.00000000
1632161377.77651167,2.00000000
1632161377.87646627,2.00000000
1632161377.97651005,2.00000000
1632161378.07654452,2.00000000
1632161378.17646050,2.00000000
1632161378.27646065,2.00000000
1632161378.37650657,2.00000000
1632161378.47651577,2.00000000
1632161378.57650733,2.00000000
1632161378.67646694,2.00000000
1632161378.77651429,2.00000000
1632161378.87651515,2.00000000
1632161378.97647452,2.00000000
1632161379.07650638,2.00000000
1632161379.17650318,2.00000000
1632161379.27653956,2.00000000
1632161379.37647796,2.00000000
1632161379.47651196,2.00000000
1632161379.57650971,2.00000000
1632161379.67650223,2.00000000
1632161379.77647233,2.00000000
1632161379.87647581,2.00000000
1632161379.97649884,2.00000000
1632161380.07651329,2.00000000
1632161380.17651486,2.00000000
1632161380.27649689,2.00000000
1632161380.37650895,2.00000000
1632161380.47650003,2.00000000
1632161380.57646561,2.00000000
1632161380.67650652,2.00000000
1632161380.77650309,2.00000000
1632161380.87652755,2.00000000
1632161380.97645950,2.00000000
1632161381.07650614,2.00000000
1632161381.17650008,2.00000000
1632161381.27650642,2.00000000
1632161381.37649775,2.00000000
1632161381.47650266,2.00000000
1632161381.57649994,2.00000000
1632161381.67651129,2.00000000
1632161381.77650046,2.00000000
1632161381.87650490,2.00000000
1632161381.97649813,2.00000000
1632161382.07650805,2.00000000
1632161382.17650890,2.00000000
1632161382.27652931,2.00000000
1632161382.37652278,2.00000000
1632161382.47650933,2.00000000
1632161382.57651258,2.00000000
1632161382.67650461,2.00000000
1632161382.77651334,2.00000000
1632161382.87650228,2.00000000
1632161382.97650194,2.00000000
1632161383.07651114,2.00000000
1632161383.17650437,2.00000000
1632161383.27649975,2.00000000
1632161383.37654257,2.00000000
1632161383.47650623,2.00000000
1632161383.57653975,2.00000000
1632161383.67648745,2.00000000
1632161383.77647066,2.00000000
1632161383.87647080,2.00000000
1632161383.97652078,2.00000000
1632161384.07651138,2.00000000
1632161384.17650390,2.00000000
1632161384.27652812,2.00000000
1632161384.37650633,2.00000000
1632161384.47650266,2.00000000
1632161384.57649612,2.00000000
1632161384.67648411,2.00000000
1632161384.77651739,2.00000000
1632161384.87650299,2.00000000
1632161384.97650337,2.00000000
1632161385.07650685,2.00000000
1632161385.17650461,2.00000000
1632161385.27649808,2.00000000
1632161385.37650704,2.00000000
1632161385.47650266,2.00000000
1632161385.57649231,2.00000000
1632161385.67650843,2.00000000
1632161385.77649236,2.00000000
1632161385.87649536,2.00000000
1632161385.97651458,2.00000000
1632161386.07650447,2.00000000
1632161386.17651033,2.00000000
1632161386.27651477,2.00000000
1632161386.37651491,2.00000000
1632161386.47651100,2.00000000
1632161386.57650089,2.00000000
1632161386.67650652,2.00000000
1632161386.77649212,2.00000000
1632161386.87647486,2.00000000
1632161386.97652316,2.00000000
1632161387.07651734,2.00000000
1632161387.17650986,2.00000000
1632161387.27650428,2.00000000
1632161387.37650418,2.00000000
1632161387.47651100,2.00000000
1632161387.57652235,2.00000000
1632161387.67650938,2.00000000
1632161387.77648115,2.00000000
1632161387.87650895,2.00000000
1632161387.97650576,2.00000000
1632161388.07648706,2.00000000
1632161388.17650366,2.00000000
1632161388.27652550,2.00000000
1632161388.37650633,2.00000000
1632161388.47650909,2.00000000
1632161388.57649398,2.00000000
1632161388.67653775,2.00000000
1632161388.77653289,2.00000000
1632161388.87651920,2.00000000
1632161388.97651458,2.00000000
1632161389.07652140,2.00000000
1632161389.17646980,2.00000000
1632161389.27651858,2.00000000
1632161389.37655258,1.50000000
1632161389.47652221,1.50000000
1632161389.57652330,1.50000000
1632161389.67651534,1.50000000
1632161389.77652311,1.50000000
1632161389.87650824,1.50000000
1632161389.97647119,1.50000000
1632161390.07649326,1.50000000
1632161390.17651749,1.50000000
1632161390.27652597,1.50000000
1632161390.37649465,1.50000000
1632161390.47650790,1.50000000
1632161390.57651305,1.50000000
1632161390.67650795,1.50000000
1632161390.77655768,1.50000000
1632161390.87652469,1.50000000
1632161390.97651124,1.50000000
1632161391.07647061,1.50000000
1632161391.17647338,1.50000000
1632161391.27650976,1.50000000
1632161391.37651896,1.50000000
1632161391.47650743,1.50000000
1632161391.57650518,1.50000000
1632161391.67650986,1.50000000
1632161391.77656221,1.50000000
1632161391.87652707,1.50000000
1632161391.97650027,1.50000000
1632161392.07649946,3.50000000
1632161392.17650104,3.50000000
1632161392.27651262,3.50000000
1632161392.37650609,3.50000000
1632161392.47655201,3.50000000
1632161392.57653165,3.50000000
1632161392.67654777,3.50000000
1632161392.77650452,3.50000000
1632161392.87651134,3.50000000
1632161392.97651529,3.50000000
1632161393.07651043,3.50000000
1632161393.17647433,3.50000000
1632161393.27653742,3.50000000
1632161393.37652469,3.50000000
1632161393.47652197,3.50000000
1632161393.57650852,3.50000000
1632161393.67647314,3.50000000
1632161393.77646446,3.50000000
1632161393.87649202,3.50000000
1632161393.97650743,3.50000000
1632161394.07650161,3.50000000
1632161394.17651248,3.50000000
1632161394.27653217,3.50000000
1632161394.37653255,3.50000000
1632161394.47647834,3.50000000
1632161394.57646823,3.50000000
1632161394.67650604,3.50000000
1632161394.77653098,3.50000000
1632161394.87652826,3.50000000
1632161394.97651172,3.50000000
1632161395.07658577,3.50000000
1632161395.17650652,3.50000000
1632161395.27652001,3.50000000
1632161395.37650275,3.50000000
1632161395.47650146,3.50000000
1632161395.57651114,3.50000000
1632161395.67650032,3.50000000
1632161395.77650952,3.50000000
1632161395.87650108,3.50000000
1632161395.97652125,3.50000000
1632161396.07650709,3.50000000
1632161396.17650509,3.50000000
1632161396.27653766,3.50000000
1632161396.37650824,3.50000000
1632161396.47650814,3.50000000
1632161396.57650471,3.50000000
1632161396.67651176,3.50000000
1632161396.77647042,3.50000000
1632161396.87646770,3.50000000
1632161396.97651291,3.50000000
1632161397.07652283,3.50000000
1632161397.17650795,3.50000000
1632161397.27651143,3.50000000
1632161397.37647557,3.50000000
1632161397.47650456,3.50000000
1632161397.57653356,3.50000000
1632161397.67649770,3.50000000
1632161397.77650595,3.50000000
1632161397.87652302,3.50000000
1632161397.97652555,3.50000000
1632161398.07660413,3.50000000
1632161398.17650080,3.50000000
1632161398.27651691,3.50000000
1632161398.37653708,3.50000000
1632161398.47652912,3.50000000
1632161398.57650733,3.50000000
1632161398.67650795,3.50000000
1632161398.77650595,3.50000000
1632161398.87650657,3.50000000
1632161398.97651291,3.50000000
1632161399.07652950,3.50000000
1632161399.17649937,3.50000000
1632161399.27650523,3.50000000
1632161399.37654519,3.50000000
1632161399.47658825,3.50000000
1632161399.57650328,3.50000000
1632161399.67649722,3.50000000
1632161399.77647567,3.50000000
1632161399.87647533,3.50000000
1632161399.97652102,3.50000000
1632161400.07649899,3.50000000
1632161400.17653155,3.50000000
1632161400.27650785,3.50000000
1632161400.37652898,3.50000000
1632161400.47650123,3.50000000
1632161400.57652116,3.50000000
1632161400.67648959,3.50000000
1632161400.77648640,3.50000000
1632161400.87650704,3.50000000
1632161400.97649050,3.50000000
1632161401.07650924,3.50000000
1632161401.17649174,3.50000000
1632161401.27657175,3.50000000
1632161401.37646556,3.50000000
1632161401.47650766,3.50000000
1632161401.57651520,3.50000000
1632161401.67654777,3.50000000
1632161401.77647042,3.50000000
1632161401.87650037,3.50000000
1632161401.97650647,3.50000000
1632161402.07652807,3.50000000
1632161402.17652225,3.50000000
1632161402.27647018,3.50000000
1632161402.37651992,3.50000000
1632161402.47655463,3.50000000
1632161402.57648635,3.50000000
1632161402.67658067,3.50000000
1632161402.77650261,3.50000000
1632161402.87652993,3.50000000
1632161402.97652364,3.50000000
1632161403.07647634,3.50000000
1632161403.17650318,3.50000000
1632161403.27650499,3.50000000
1632161403.37653208,3.50000000
1632161403.47652531,3.50000000
1632161403.57651854,3.50000000
1632161403.67650008,3.50000000
1632161403.77651954,3.50000000
1632161403.87653255,3.50000000
1632161403.97652650,3.50000000
1632161404.07653141,3.50000000
1632161404.17651868,3.50000000
1632161404.27656054,3.50000000
1632161404.37653112,3.50000000
1632161404.47652149,3.50000000
1632161404.57653904,3.50000000
1632161404.67653871,3.50000000
1632161404.77649522,3.50000000
1632161404.87650514,3.50000000
1632161404.97650838,3.50000000
1632161405.07650065,3.50000000
1632161405.17653227,3.50000000
1632161405.27651858,3.50000000
1632161405.37651443,3.50000000
1632161405.47650480,3.50000000
1632161405.57655525,3.50000000
1632161405.67654228,3.50000000
1632161405.77653360,3.50000000
1632161405.87651825,3.50000000
1632161405.97649050,3.50000000
1632161406.07653785,3.50000000
1632161406.17647338,3.50000000
1632161406.27651811,3.50000000
1632161406.37646985,3.50000000
1632161406.47647715,3.50000000
1632161406.57651615,3.50000000
1632161406.67652726,3.50000000
1632161406.77651572,3.50000000
1632161406.87651086,3.50000000
1632161406.97650385,3.50000000
1632161407.07652402,3.50000000
1632161407.17650747,3.50000000
1632161407.27657342,3.50000000
1632161407.37653184,3.50000000
1632161407.47650981,3.50000000
1632161407.57652688,3.50000000
1632161407.67650604,3.50000000
1632161407.77651739,3.50000000
1632161407.87650728,3.50000000
1632161407.97650933,3.50000000
1632161408.07651615,3.50000000
1632161408.17650199,3.50000000
1632161408.27650642,3.50000000
1632161408.37650394,3.50000000
1632161408.47653604,3.50000000
1632161408.57661939,3.50000000
1632161408.67649531,3.50000000
1632161408.77646852,3.50000000
1632161408.87650514,3.50000000
1632161408.97652292,3.50000000
1632161409.07654643,3.50000000
1632161409.17647219,3.50000000
1632161409.27650905,3.50000000
1632161409.37650299,3.50000000
1632161409.47650766,3.50000000
1632161409.57654881,3.50000000
1632161409.67651224,3.50000000
1632161409.77647018,3.50000000
1632161409.87649083,3.50000000
1632161409.97648358,3.50000000
1632161410.07647634,3.50000000
1632161410.17646861,3.50000000
1632161410.27653694,3.50000000
1632161410.37654400,3.50000000
1632161410.47653031,3.50000000
1632161410.57650781,3.50000000
1632161410.67652369,3.50000000
1632161410.77649093,3.50000000
1632161410.87651277,3.50000000
1632161410.97652054,3.50000000
1632161411.07651281,3.50000000
1632161411.17650914,3.50000000
1632161411.27651930,3.50000000
1632161411.37650466,3.50000000
1632161411.47650862,3.50000000
1632161411.57651472,3.50000000
1632161411.67647123,3.50000000
1632161411.77651429,3.50000000
1632161411.87651110,3.50000000
1632161411.97650909,3.50000000
1632161412.07649732,3.50000000
1632161412.17650628,3.50000000
1632161412.27647829,3.50000000
1632161412.37651110,3.50000000
1632161412.47652841,3.50000000
1632161412.57647562,3.50000000
1632161412.67650533,3.50000000
1632161412.77651262,3.50000000
1632161412.87650561,3.50000000
1632161412.97650528,3.50000000
1632161413.07651305,3.50000000
1632161413.17646456,3.50000000
1632161413.27650070,3.50000000
1632161413.37650108,3.50000000
1632161413.47651815,3.50000000
1632161413.57647324,3.50000000
1632161413.67651010,3.50000000
1632161413.77654791,3.50000000
1632161413.87650657,3.50000000
1632161413.97650599,3.50000000
1632161414.07650352,3.50000000
1632161414.17650867,3.50000000
1632161414.27650380,3.50000000
1632161414.37647653,3.50000000
1632161414.47650766,3.50000000
1632161414.57651520,3.50000000
1632161414.67651629,3.50000000
1632161414.77650189,3.50000000
1632161414.87650919,3.50000000
1632161414.97650003,3.50000000
1632161415.07650399,3.50000000
1632161415.17651320,3.50000000
1632161415.27647185,3.50000000
1632161415.37649775,3.50000000
1632161415.47651052,3.50000000
1632161415.57650113,3.50000000
1632161415.67652106,3.50000000
1632161415.77652121,3.50000000
1632161415.87651229,3.50000000
1632161415.97650719,3.50000000
1632161416.07651258,3.50000000
1632161416.17651701,3.50000000
1632161416.27651262,3.50000000
1632161416.37651300,3.50000000
1632161416.47651005,3.50000000
1632161416.57650447,3.50000000
1632161416.67652082,3.50000000
1632161416.77651834,3.50000000
1632161416.87648511,3.50000000
1632161416.97652149,3.50000000
1632161417.07650948,3.50000000
1632161417.17652965,3.50000000
1632161417.27650571,3.50000000
1632161417.37651563,3.50000000
1632161417.47651911,3.50000000
1632161417.57652402,3.50000000
1632161417.67650223,3.50000000
1632161417.77651048,3.50000000
1632161417.87651300,3.50000000
1632161417.97651887,3.50000000
1632161418.07651448,3.50000000
1632161418.17650843,3.50000000
1632161418.27651167,3.50000000
1632161418.37652159,3.50000000
1632161418.47649360,3.50000000
1632161418.57653832,3.50000000
1632161418.67649746,3.50000000
1632161418.77649760,3.50000000
1632161418.87650490,3.50000000
1632161418.97651577,3.50000000
1632161419.07651591,3.50000000
1632161419.17646956,3.50000000
1632161419.27650619,3.50000000
1632161419.37651563,3.50000000
1632161419.47651076,3.50000000
1632161419.57651258,3.50000000
1632161419.67651081,3.50000000
1632161419.77647901,3.50000000
1632161419.87650657,3.50000000
1632161419.97649908,3.50000000
1632161420.07652283,3.50000000
1632161420.17650890,3.50000000
1632161420.27652764,3.50000000
1632161420.37650752,3.50000000
1632161420.47647119,3.50000000
1632161420.57651806,3.50000000
1632161420.67647004,3.50000000
1632161420.77650905,3.50000000
1632161420.87650967,3.50000000
1632161420.97652316,3.50000000
1632161421.07651734,3.50000000
1632161421.17647719,3.50000000
1632161421.27652216,3.50000000
1632161421.37650847,3.50000000
1632161421.47646117,3.50000000
1632161421.57648826,3.50000000
1632161421.67651534,3.50000000
1632161421.77650213,3.50000000
1632161421.87650108,3.50000000
1632161421.97651577,3.50000000
1632161422.07646704,3.50000000
1632161422.17651391,3.50000000
1632161422.27647638,3.50000000
1632161422.37650561,3.50000000
1632161422.47651291,3.50000000
1632161422.57647562,3.50000000
1632161422.67651129,3.50000000
1632161422.77650237,3.50000000
1632161422.87650013,3.50000000
1632161422.97653365,3.50000000
1632161423.07650256,3.50000000
1632161423.17651772,3.50000000
1632161423.27652955,3.50000000
1632161423.37647843,3.50000000
1632161423.47650194,3.50000000
1632161423.57649803,3.50000000
1632161423.67647719,3.50000000
1632161423.77651072,3.50000000
1632161423.87651777,3.50000000
1632161423.97651196,3.50000000
1632161424.07650757,3.50000000
1632161424.17650867,3.50000000
1632161424.27650666,3.50000000
1632161424.37650585,3.50000000
1632161424.47649336,3.50000000
1632161424.57651830,3.50000000
1632161424.67652059,3.50000000
1632161424.77650285,3.50000000
1632161424.87650990,3.50000000
1632161424.97650957,3.50000000
1632161425.07652521,3.50000000
1632161425.17654204,3.50000000
1632161425.27649975,3.50000000
1632161425.37651467,3.50000000
1632161425.47658753,3.50000000
1632161425.57651854,3.50000000
1632161425.67650867,3.50000000
1632161425.77650189,3.50000000
1632161425.87650442,3.50000000
1632161425.97652221,3.50000000
1632161426.07651258,3.50000000
1632161426.17652011,3.50000000
1632161426.27656531,3.50000000
1632161426.37650633,3.50000000
1632161426.47650146,3.50000000
1632161426.57650352,3.50000000
1632161426.67650604,3.50000000
1632161426.77650166,3.50000000
1632161426.87651443,3.50000000
1632161426.97650647,3.50000000
1632161427.07651043,3.50000000
1632161427.17650414,3.50000000
1632161427.27654147,3.50000000
1632161427.37650633,3.50000000
1632161427.47651100,3.50000000
1632161427.57651496,3.50000000
1632161427.67647934,3.50000000
1632161427.77651930,3.50000000
1632161427.87653089,3.50000000
1632161427.97650290,3.50000000
1632161428.07651019,3.50000000
1632161428.17652822,3.50000000
1632161428.27651858,3.50000000
1632161428.37650204,3.50000000
1632161428.47651267,3.50000000
1632161428.57651091,3.50000000
1632161428.67650962,3.50000000
1632161428.77647257,3.50000000
1632161428.87651157,3.50000000
1632161428.97650933,3.50000000
1632161429.07652044,3.50000000
1632161429.17650867,3.50000000
1632161429.27651238,3.50000000
1632161429.37650657,3.50000000
1632161429.47651744,3.50000000
1632161429.57647157,3.50000000
1632161429.67650557,3.50000000
1632161429.77647734,3.50000000
1632161429.87650442,3.50000000
1632161429.97650814,3.50000000
1632161430.07649994,3.50000000
1632161430.17649221,3.50000000
1632161430.27653027,3.50000000
1632161430.37649274,3.50000000
1632161430.47651029,3.50000000
1632161430.57650900,3.50000000
1632161430.67651606,3.50000000
1632161430.77650547,3.50000000
1632161430.87651396,3.50000000
1632161430.97650933,3.50000000
1632161431.07650757,3.50000000
1632161431.17647123,3.50000000
1632161431.27651143,3.50000000
1632161431.37650561,3.50000000
1632161431.47651243,3.50000000
1632161431.57650924,3.50000000
1632161431.67650867,3.50000000
1632161431.77651238,3.50000000
1632161431.87651253,3.50000000
1632161431.97649956,3.50000000
1632161432.07652164,3.50000000
1632161432.17651272,3.50000000
1632161432.27651978,3.50000000
1632161432.37652183,3.50000000
1632161432.47650027,3.50000000
1632161432.57649994,3.50000000
1632161432.67649794,3.50000000
1632161432.77649713,3.50000000
1632161432.87651467,3.50000000
1632161432.97649288,3.50000000
1632161433.07651806,3.50000000
1632161433.17651987,3.50000000
1632161433.27650785,3.50000000
1632161433.37650514,3.50000000
1632161433.47648406,3.50000000
1632161433.57646585,3.50000000
1632161433.67650485,3.50000000
1632161433.77649951,3.50000000
1632161433.87650776,3.50000000
1632161433.97650766,3.50000000
1632161434.07651472,3.50000000
1632161434.17650199,3.50000000
1632161434.27650738,3.50000000
1632161434.37651730,3.50000000
1632161434.47650576,3.50000000
1632161434.57651305,3.50000000
1632161434.67650485,3.50000000
1632161434.77651143,3.50000000
1632161434.87651730,3.50000000
1632161434.97650075,3.50000000
1632161435.07651329,3.50000000
1632161435.17646790,3.50000000
1632161435.27652144,3.50000000
1632161435.37649846,3.50000000
1632161435.47649980,3.50000000
1632161435.57651496,3.50000000
1632161435.67651892,3.50000000
1632161435.77650261,3.50000000
1632161435.87650108,3.50000000
1632161435.97650814,3.50000000
1632161436.07650948,3.50000000
1632161436.17649221,3.50000000
1632161436.27650738,3.50000000
1632161436.37650657,3.50000000
1632161436.47649741,3.50000000
1632161436.57651329,3.50000000
1632161436.67650342,3.50000000
1632161436.77650118,3.50000000
1632161436.87650347,3.50000000
1632161436.97649002,3.50000000
1632161437.07649279,3.50000000
1632161437.17650414,3.50000000
1632161437.27645898,3.50000000
1632161437.37651467,3.50000000
1632161437.47649479,3.50000000
1632161437.57651210,3.50000000
1632161437.67651248,3.50000000
1632161437.77647281,3.50000000
1632161437.87651563,3.50000000
1632161437.97650480,3.50000000
1632161438.07651782,3.50000000
1632161438.17650986,3.50000000
1632161438.27649951,3.50000000
1632161438.37649941,3.50000000
1632161438.47651410,3.50000000
1632161438.57649589,3.50000000
1632161438.67655540,3.50000000
1632161438.77650189,3.50000000
1632161438.87647843,3.50000000
1632161438.97650528,3.50000000
1632161439.07650828,3.50000000
1632161439.17651057,3.50000000
1632161439.27648354,3.50000000
1632161439.37650275,3.50000000
1632161439.47652006,3.50000000
1632161439.57652617,3.50000000
1632161439.67651105,3.50000000
1632161439.77651954,3.50000000
1632161439.87652397,2.00000000
1632161439.97652102,2.00000000
1632161440.07651091,2.00000000
1632161440.17649937,2.00000000
1632161440.27649784,2.00000000
1632161440.37650228,2.00000000
1632161440.47652411,2.00000000
1632161440.57646441,2.00000000
1632161440.67650604,2.00000000
1632161440.77650809,2.00000000
1632161440.87652087,2.00000000
1632161440.97651315,2.00000000
1632161441.07650590,2.00000000
1632161441.17652178,2.00000000
1632161441.27651024,2.00000000
1632161441.37651825,2.00000000
1632161441.47650862,2.00000000
1632161441.57650375,2.00000000
1632161441.67647433,2.00000000
1632161441.77654624,2.00000000
1632161441.87652183,2.00000000
1632161441.97651005,2.00000000
1632161442.07650399,2.00000000
1632161442.17652440,2.00000000
1632161442.27650666,2.00000000
1632161442.37650514,2.00000000
1632161442.47650051,2.00000000
1632161442.57647681,2.00000000
1632161442.67651796,2.00000000
1632161442.77649713,2.00000000
1632161442.87649298,2.00000000
1632161442.97649312,2.00000000
1632161443.07651019,2.00000000
1632161443.17655683,2.00000000
1632161443.27646184,2.00000000
1632161443.37649727,2.00000000
1632161443.47650743,2.00000000
1632161443.57646704,2.00000000
1632161443.67650747,2.00000000
1632161443.77649546,2.00000000
1632161443.87656474,2.00000000
1632161443.97651839,2.00000000
1632161444.07651782,2.00000000
1632161444.17647004,2.00000000
1632161444.27654505,2.00000000
1632161444.37649202,2.00000000
1632161444.47652364,2.00000000
1632161444.57650828,2.00000000
1632161444.67649508,2.00000000
1632161444.77650142,2.00000000
1632161444.87651539,2.00000000
1632161444.97649956,2.00000000
1632161445.07651234,2.00000000
1632161445.17650795,2.00000000
1632161445.27651048,2.00000000
1632161445.37647510,2.00000000
1632161445.47650719,2.00000000
1632161445.57650208,2.00000000
1632161445.67650318,2.00000000
1632161445.77651477,2.00000000
1632161445.87651348,2.00000000
1632161445.97652531,2.00000000
1632161446.07650208,2.00000000
1632161446.17651987,2.00000000
1632161446.27652907,2.00000000
1632161446.37653017,2.00000000
1632161446.47654462,3.50000000
1632161446.57650161,3.50000000
1632161446.67653823,3.50000000
1632161446.77653575,3.50000000
1632161446.87653136,3.50000000
1632161446.97646427,3.50000000
1632161447.07647395,3.50000000
1632161447.17646670,3.50000000
1632161447.27651000,3.50000000
1632161447.37652922,3.50000000
1632161447.47650528,3.50000000
1632161447.57650185,3.50000000
1632161447.67650008,3.50000000
1632161447.77649641,3.50000000
1632161447.87652564,3.50000000
1632161447.97652507,3.50000000
1632161448.07651424,3.50000000
1632161448.17646837,3.50000000
1632161448.27650404,3.50000000
1632161448.37651038,3.50000000
1632161448.47650480,3.50000000
1632161448.57650614,3.50000000
1632161448.67651176,3.50000000
1632161448.77648234,3.50000000
1632161448.87650847,3.50000000
1632161448.97650123,3.50000000
1632161449.07646489,3.50000000
1632161449.17651606,3.50000000
1632161449.27650881,3.50000000
1632161449.37651181,3.50000000
1632161449.47651267,3.50000000
1632161449.57650542,3.50000000
1632161449.67648244,3.50000000
1632161449.77651525,3.50000000
1632161449.87651563,3.50000000
1632161449.97650909,3.50000000
1632161450.07650280,3.50000000
1632161450.17648625,3.50000000
1632161450.27650309,3.50000000
1632161450.37649488,3.50000000
1632161450.47650290,3.50000000
1632161450.57647991,3.50000000
1632161450.67652035,3.50000000
1632161450.77652073,3.50000000
1632161450.87650394,3.50000000
1632161450.97651720,3.50000000
1632161451.07651114,3.50000000
1632161451.17651176,3.50000000
1632161451.27651763,3.50000000
1632161451.37653470,3.50000000
1632161451.47651052,3.50000000
1632161451.57648778,3.50000000
1632161451.67649817,3.50000000
1632161451.77651000,3.50000000
1632161451.87650704,3.50000000
1632161451.97653461,3.50000000
1632161452.07651544,3.50000000
1632161452.17651916,3.50000000
1632161452.27646828,3.50000000
1632161452.37651634,3.50000000
1632161452.47651553,3.50000000
1632161452.57652760,3.50000000
1632161452.67650771,3.50000000
1632161452.77652168,3.50000000
1632161452.87651801,3.50000000
1632161452.97650433,3.50000000
1632161453.07650208,3.50000000
1632161453.17647552,3.50000000
1632161453.27650380,3.50000000
1632161453.37649965,3.50000000
1632161453.47651434,3.50000000
1632161453.57650542,3.50000000
1632161453.67651033,3.50000000
1632161453.77650476,3.50000000
1632161453.87650847,3.50000000
1632161453.97651601,3.50000000
1632161454.07647586,3.50000000
1632161454.17651176,3.50000000
1632161454.27652383,3.50000000
1632161454.37651706,3.50000000
1632161454.47646713,3.50000000
1632161454.57649755,3.50000000
1632161454.67651749,3.50000000
1632161454.77650833,3.50000000
1632161454.87649131,3.50000000
1632161454.97651649,3.50000000
1632161455.07651424,3.50000000
1632161455.17651343,3.50000000
1632161455.27650642,3.50000000
1632161455.37647343,3.50000000
1632161455.47646952,3.50000000
1632161455.57650876,3.50000000
1632161455.67647171,3.50000000
1632161455.77650666,3.50000000
1632161455.87650871,3.50000000
1632161455.97651553,3.50000000
1632161456.07650614,3.50000000
1632161456.17650628,3.50000000
1632161456.27654433,3.50000000
1632161456.37650824,3.50000000
1632161456.47651291,3.50000000
1632161456.57650852,3.50000000
1632161456.67650247,3.50000000
1632161456.77651238,3.50000000
1632161456.87650204,3.50000000
1632161456.97651172,3.50000000
1632161457.07652688,2.00000000
1632161457.17652440,2.00000000
1632161457.27651644,2.00000000
1632161457.37652707,2.00000000
1632161457.47650075,2.00000000
1632161457.57647920,2.00000000
1632161457.67650914,2.00000000
1632161457.77650762,2.00000000
1632161457.87652063,2.00000000
1632161457.97651553,2.00000000
1632161458.07661057,2.00000000
1632161458.17651010,2.00000000
1632161458.27650023,2.00000000
1632161458.37649632,2.00000000
1632161458.47651672,2.00000000
1632161458.57651520,2.00000000
1632161458.67650890,2.00000000
1632161458.77651143,2.00000000
1632161458.87651253,2.00000000
1632161458.97651196,2.00000000
1632161459.07650065,2.00000000
1632161459.17650080,2.00000000
1632161459.27650690,2.00000000
1632161459.37651777,2.00000000
1632161459.47652864,2.00000000
1632161459.57650065,2.00000000
1632161459.67650437,2.00000000
1632161459.77651048,2.00000000
1632161459.87651134,2.00000000
1632161459.97647262,2.00000000
1632161460.07650065,2.00000000
1632161460.17651606,2.00000000
1632161460.27650476,2.00000000
1632161460.37650013,2.00000000
1632161460.47650504,2.00000000
1632161460.57654166,2.00000000
1632161460.67648721,2.00000000
1632161460.77652001,2.00000000
1632161460.87650919,2.00000000
1632161460.97650695,2.00000000
1632161461.07649994,2.00000000
1632161461.17647791,2.00000000
1632161461.27651215,2.00000000
1632161461.37652040,2.00000000
1632161461.47650838,2.00000000
1632161461.57653570,2.00000000
1632161461.67652106,2.00000000
1632161461.77651429,2.00000000
1632161461.87650084,2.00000000
1632161461.97648859,2.00000000
1632161462.07648206,2.00000000
1632161462.17650700,2.00000000
1632161462.27652001,2.00000000
1632161462.37654042,2.00000000
1632161462.47651315,2.00000000
1632161462.57650256,2.00000000
1632161462.67652130,2.00000000
1632161462.77651000,2.00000000
1632161462.87653470,2.00000000
1632161462.97649980,2.00000000
1632161463.07647467,2.00000000
1632161463.17650390,2.00000000
1632161463.27650166,2.00000000
1632161463.37651801,2.00000000
1632161463.47650433,2.00000000
1632161463.57649851,2.00000000
1632161463.67648125,2.00000000
1632161463.77651787,2.00000000
1632161463.87650967,2.00000000
1632161463.97650027,2.00000000
1632161464.07650661,2.00000000
1632161464.17652392,2.00000000
1632161464.27650619,2.00000000
1632161464.37649941,2.00000000
1632161464.47650838,2.00000000
1632161464.57651043,2.00000000
1632161464.67650199,2.00000000
1632161464.77650523,2.00000000
1632161464.87650228,2.00000000
1632161464.97650218,2.00000000
1632161465.07651234,2.00000000
1632161465.17651200,2.00000000
1632161465.27651024,2.00000000
1632161465.37649393,2.00000000
1632161465.47651863,2.00000000
1632161465.57650065,2.00000000
1632161465.67650247,2.00000000
1632161465.77648950,2.00000000
1632161465.87655425,2.00000000
1632161465.97650361,2.00000000
1632161466.07650137,2.00000000
1632161466.17651343,2.00000000
1632161466.27650380,2.00000000
1632161466.37650585,2.00000000
1632161466.47650313,2.00000000
1632161466.57650256,2.00000000
1632161466.67650557,2.00000000
1632161466.77646542,2.00000000
1632161466.87649107,2.00000000
1632161466.97650790,2.00000000
1632161467.07650256,2.00000000
1632161467.17650628,2.00000000
1632161467.27647781,2.00000000
1632161467.37646270,2.00000000
1632161467.47649765,2.00000000
1632161467.57650256,2.00000000
1632161467.67655730,2.00000000
1632161467.77650070,2.00000000
1632161467.87650967,2.00000000
1632161467.97650599,2.00000000
1632161468.07650065,2.00000000
1632161468.17647243,2.00000000
1632161468.27649689,2.00000000
1632161468.37646174,2.00000000
1632161468.47650981,2.00000000
1632161468.57650518,2.00000000
1632161468.67649221,2.00000000
1632161468.77649951,2.00000000
1632161468.87650347,2.00000000
1632161468.97655725,2.00000000
1632161469.07658052,3.50000000
1632161469.17649817,3.50000000
1632161469.27656031,3.50000000
1632161469.37651873,3.50000000
1632161469.47652507,3.50000000
1632161469.57652307,3.50000000
1632161469.67652130,3.50000000
1632161469.77652240,3.50000000
1632161469.87651014,3.50000000
1632161469.97650862,3.50000000
1632161470.07650137,3.50000000
1632161470.17650914,3.50000000
1632161470.27650452,3.50000000
1632161470.37652254,3.50000000
1632161470.47651863,3.50000000
1632161470.57650256,3.50000000
1632161470.67646670,3.50000000
1632161470.77649736,3.50000000
1632161470.87648606,3.50000000
1632161470.97649884,3.50000000
1632161471.07652092,3.50000000
1632161471.17651343,3.50000000
1632161471.27649236,3.50000000
1632161471.37647319,3.50000000
1632161471.47650957,3.50000000
1632161471.57646751,3.50000000
1632161471.67651367,3.50000000
1632161471.77650189,3.50000000
1632161471.87649775,3.50000000
1632161471.97649837,3.50000000
1632161472.07651186,3.50000000
1632161472.17651176,3.50000000
1632161472.27651572,3.50000000
1632161472.37650466,3.50000000
1632161472.47648644,3.50000000
1632161472.57653403,3.50000000
1632161472.67650294,3.50000000
1632161472.77650523,3.50000000
1632161472.87647820,3.50000000
1632161472.97658587,3.50000000
1632161473.07649875,3.50000000
1632161473.17651463,3.50000000
1632161473.27651262,3.50000000
1632161473.37649441,3.50000000
1632161473.47649527,3.50000000
1632161473.57649922,3.50000000
1632161473.67652488,3.50000000
1632161473.77652025,3.50000000
1632161473.87650228,3.50000000
1632161473.97652316,3.50000000
1632161474.07651496,3.50000000
1632161474.17652822,3.50000000
1632161474.27647352,3.50000000
1632161474.37649059,3.50000000
1632161474.47650361,3.50000000
1632161474.57678199,3.50000000
1632161474.67678928,3.50000000
1632161474.77668047,3.50000000
1632161474.87678528,3.50000000
1632161474.97674751,3.50000000
1632161475.07675433,3.50000000
1632161475.17680788,3.50000000
1632161475.27659559,3.50000000
1632161475.37675595,3.50000000
1632161475.47659922,3.50000000
1632161475.57677269,3.50000000
1632161475.67681670,3.50000000
1632161475.77677536,3.50000000
1632161475.87680626,3.50000000
1632161475.97661614,3.50000000
1632161476.07663727,3.50000000
1632161476.17658734,3.50000000
1632161476.27675915,3.50000000
1632161476.37673187,3.50000000
1632161476.47678947,3.50000000
1632161476.57650828,3.50000000
1632161476.67653251,3.50000000
1632161476.77676582,3.50000000
1632161476.87678146,3.50000000
1632161476.97667289,3.50000000
1632161477.07658434,3.50000000
1632161477.17684507,3.50000000
1632161477.27649975,3.50000000
1632161477.37674379,3.50000000
1632161477.47669315,3.50000000
1632161477.57674026,3.50000000
1632161477.67675638,3.50000000
1632161477.77675819,3.50000000
1632161477.87670612,3.50000000
1632161477.97654343,3.50000000
1632161478.07679176,3.50000000
1632161478.17676783,3.50000000
1632161478.27681971,3.50000000
1632161478.37674689,3.50000000
