Seconds,Desired Distance
1632312988.87760639,3.50000000
1632312988.97778726,3.50000000
1632312989.07763672,3.50000000
1632312989.17787957,3.50000000
1632312989.27775025,3.50000000
1632312989.37778664,3.50000000
1632312989.47780228,3.50000000
1632312989.57774019,3.50000000
1632312989.67775917,3.50000000
1632312989.77781487,3.50000000
1632312989.87779355,3.50000000
1632312989.97756195,3.50000000
1632312990.07762575,3.50000000
1632312990.17783165,3.50000000
1632312990.27785587,3.50000000
1632312990.37754345,3.50000000
1632312990.47757769,3.50000000
1632312990.57756186,3.50000000
1632312990.67751288,3.50000000
1632312990.77790332,3.50000000
1632312990.87779546,3.50000000
1632312990.97788262,3.50000000
1632312991.07756686,3.50000000
1632312991.17755651,3.50000000
1632312991.27754760,3.50000000
1632312991.37758517,3.50000000
1632312991.47757125,3.50000000
1632312991.57757401,3.50000000
1632312991.67757654,3.50000000
1632312991.77754378,3.50000000
1632312991.87755609,3.50000000
1632312991.97756433,3.50000000
1632312992.07757473,3.50000000
1632312992.17756248,3.50000000
1632312992.27756643,3.50000000
1632312992.37753654,3.50000000
1632312992.47756076,3.50000000
1632312992.57756233,3.50000000
1632312992.67760801,3.50000000
1632312992.77757430,3.50000000
1632312992.87756395,3.50000000
1632312992.97755694,3.50000000
1632312993.07755184,3.50000000
1632312993.17755985,3.50000000
1632312993.27755618,3.50000000
1632312993.37752056,3.50000000
1632312993.47756314,3.50000000
1632312993.57757163,3.50000000
1632312993.67756844,3.50000000
1632312993.77754211,3.50000000
1632312993.87755585,3.50000000
1632312993.97755575,3.50000000
1632312994.07755709,3.50000000
1632312994.17755365,3.50000000
1632312994.27755475,3.50000000
1632312994.37755799,3.50000000
1632312994.47755647,3.50000000
1632312994.57755804,3.50000000
1632312994.67755270,3.50000000
1632312994.77755499,3.50000000
1632312994.87755084,3.50000000
1632312994.97759843,3.50000000
1632312995.07757854,3.50000000
1632312995.17757416,3.50000000
1632312995.27753019,3.50000000
1632312995.37759161,3.50000000
1632312995.47755504,3.50000000
1632312995.57755303,3.50000000
1632312995.67752266,3.50000000
1632312995.77756238,3.50000000
1632312995.87754869,3.50000000
1632312995.97752261,3.50000000
1632312996.07755518,3.50000000
1632312996.17755485,3.50000000
1632312996.27755284,3.50000000
1632312996.37752342,3.50000000
1632312996.47756886,3.50000000
1632312996.57755923,3.50000000
1632312996.67755246,3.50000000
1632312996.77755046,3.50000000
1632312996.87752843,3.50000000
1632312996.97755980,3.50000000
1632312997.07755256,3.50000000
1632312997.17755103,3.50000000
1632312997.27751994,3.50000000
1632312997.37755680,3.50000000
1632312997.47758436,3.50000000
1632312997.57755923,3.50000000
1632312997.67755389,3.50000000
1632312997.77755165,3.50000000
1632312997.87752938,3.50000000
1632312997.97754717,3.50000000
1632312998.07753301,3.50000000
1632312998.17755890,3.50000000
1632312998.27753472,3.50000000
1632312998.37754750,3.50000000
1632312998.47756028,3.50000000
1632312998.57755876,3.50000000
1632312998.67756057,3.50000000
1632312998.77754164,3.50000000
1632312998.87755322,3.50000000
1632312998.97757387,3.50000000
1632312999.07756066,3.50000000
1632312999.17752910,3.50000000
1632312999.27757359,3.50000000
1632312999.37755775,3.50000000
1632312999.47755957,3.50000000
1632312999.57756543,3.50000000
1632312999.67760992,3.50000000
1632312999.77753592,3.50000000
1632312999.87755895,3.50000000
1632312999.97755980,3.50000000
1632313000.07755899,3.50000000
1632313000.17753816,3.50000000
1632313000.27755690,3.50000000
1632313000.37754750,3.50000000
1632313000.47756124,3.50000000
1632313000.57756257,3.50000000
1632313000.67758298,3.50000000
1632313000.77755928,3.50000000
1632313000.87755799,3.50000000
1632313000.97756267,3.50000000
1632313001.07755923,3.50000000
1632313001.17756057,3.50000000
1632313001.27755976,3.50000000
1632313001.37754631,3.50000000
1632313001.47757077,3.50000000
1632313001.57755804,3.50000000
1632313001.67756057,3.50000000
1632313001.77755713,3.50000000
1632313001.87755537,3.50000000
1632313001.97755480,3.50000000
1632313002.07755852,3.50000000
1632313002.17756200,3.50000000
1632313002.27757096,3.50000000
1632313002.37753916,3.50000000
1632313002.47753048,3.50000000
1632313002.57755709,3.50000000
1632313002.67759490,3.50000000
1632313002.77757931,3.50000000
1632313002.87755680,3.50000000
1632313002.97755814,3.50000000
1632313003.07760239,3.50000000
1632313003.17758036,3.50000000
1632313003.27760267,3.50000000
1632313003.37756395,3.50000000
1632313003.47757244,3.50000000
1632313003.57756186,3.50000000
1632313003.67755866,3.50000000
1632313003.77757144,3.50000000
1632313003.87756157,3.50000000
1632313003.97755885,3.50000000
1632313004.07756734,3.50000000
1632313004.17756486,3.50000000
1632313004.27755833,3.50000000
1632313004.37754130,3.50000000
1632313004.47759533,3.50000000
1632313004.57756615,3.50000000
1632313004.67758274,3.50000000
1632313004.77757001,3.50000000
1632313004.87757182,3.50000000
1632313004.97767663,3.50000000
1632313005.07756138,3.50000000
1632313005.17756200,3.50000000
1632313005.27755976,3.50000000
1632313005.37756777,3.50000000
1632313005.47756577,3.50000000
1632313005.57757139,3.50000000
1632313005.67755961,3.50000000
1632313005.77758670,3.50000000
1632313005.87756133,3.50000000
1632313005.97756076,3.50000000
1632313006.07759714,3.50000000
1632313006.17757034,3.50000000
1632313006.27756000,3.50000000
1632313006.37753773,3.50000000
1632313006.47757125,3.50000000
1632313006.57756162,3.50000000
1632313006.67756104,3.50000000
1632313006.77755809,3.50000000
1632313006.87755632,3.50000000
1632313006.97756124,3.50000000
1632313007.07756281,3.50000000
1632313007.17755961,3.50000000
1632313007.27756000,3.50000000
1632313007.37757134,3.50000000
1632313007.47756243,3.50000000
1632313007.57753181,3.50000000
1632313007.67756152,3.50000000
1632313007.77752471,3.50000000
1632313007.87757134,3.50000000
1632313007.97755551,3.50000000
1632313008.07755589,3.50000000
1632313008.17757034,2.00000000
1632313008.27755809,2.00000000
1632313008.37756753,2.00000000
1632313008.47755623,2.00000000
1632313008.57757473,2.00000000
1632313008.67756081,2.00000000
1632313008.77755761,2.00000000
1632313008.87756300,2.00000000
1632313008.97755694,2.00000000
1632313009.07756114,2.00000000
1632313009.17756248,2.00000000
1632313009.27756047,2.00000000
1632313009.37753129,2.00000000
1632313009.47755933,2.00000000
1632313009.57757139,2.00000000
1632313009.67755747,2.00000000
1632313009.77756310,2.00000000
1632313009.87756300,2.00000000
1632313009.97758937,2.00000000
1632313010.07755685,2.00000000
1632313010.17753124,2.00000000
1632313010.27756333,2.00000000
1632313010.37756681,2.00000000
1632313010.47756958,2.00000000
1632313010.57756019,2.00000000
1632313010.67756438,2.00000000
1632313010.77758861,2.00000000
1632313010.87758827,2.00000000
1632313010.97756124,2.00000000
1632313011.07756376,2.00000000
1632313011.17755890,2.00000000
1632313011.27755189,2.00000000
1632313011.37758994,2.00000000
1632313011.47755885,2.00000000
1632313011.57756066,2.00000000
1632313011.67752934,2.00000000
1632313011.77757263,2.00000000
1632313011.87756419,2.00000000
1632313011.97756028,2.00000000
1632313012.07756257,2.00000000
1632313012.17756057,2.00000000
1632313012.27759075,2.00000000
1632313012.37757182,2.00000000
1632313012.47758031,2.00000000
1632313012.57755947,2.00000000
1632313012.67755318,2.00000000
1632313012.77757955,2.00000000
1632313012.87753296,2.00000000
1632313012.97752857,2.00000000
1632313013.07752824,2.00000000
1632313013.17756128,2.00000000
1632313013.27758074,2.00000000
1632313013.37756014,2.00000000
1632313013.47756433,2.00000000
1632313013.57755709,2.00000000
1632313013.67756319,2.00000000
1632313013.77756882,2.00000000
1632313013.87755752,2.00000000
1632313013.97755933,2.00000000
1632313014.07756042,2.00000000
1632313014.17756057,2.00000000
1632313014.27755737,2.00000000
1632313014.37755013,2.00000000
1632313014.47756982,2.00000000
1632313014.57755780,2.00000000
1632313014.67755914,2.00000000
1632313014.77755499,2.00000000
1632313014.87756348,2.00000000
1632313014.97757506,2.00000000
1632313015.07755852,2.00000000
1632313015.17756295,2.00000000
1632313015.27755690,2.00000000
1632313015.37759256,2.00000000
1632313015.47755814,2.00000000
1632313015.57755876,2.00000000
1632313015.67756248,2.00000000
1632313015.77755642,2.00000000
1632313015.87755585,2.00000000
1632313015.97755909,2.00000000
1632313016.07756162,2.00000000
1632313016.17755485,2.00000000
1632313016.27755499,2.00000000
1632313016.37753129,2.00000000
1632313016.47755647,2.00000000
1632313016.57755589,2.00000000
1632313016.67755651,2.00000000
1632313016.77755809,2.00000000
1632313016.87755966,2.00000000
1632313016.97755909,2.00000000
1632313017.07755804,2.00000000
1632313017.17755532,2.00000000
1632313017.27755761,2.00000000
1632313017.37757564,2.00000000
1632313017.47753119,2.00000000
1632313017.57755470,2.00000000
1632313017.67755628,2.00000000
1632313017.77759123,2.00000000
1632313017.87755442,2.00000000
1632313017.97755742,2.00000000
1632313018.07755685,2.00000000
1632313018.17755580,2.00000000
1632313018.27755475,2.00000000
1632313018.37755680,2.00000000
1632313018.47755766,2.00000000
1632313018.57755303,2.00000000
1632313018.67755795,2.00000000
1632313018.77755666,2.00000000
1632313018.87756324,2.00000000
1632313018.97752881,2.00000000
1632313019.07755661,2.00000000
1632313019.17755508,2.00000000
1632313019.27758169,3.50000000
1632313019.37755847,3.50000000
1632313019.47755718,3.50000000
1632313019.57756901,3.50000000
1632313019.67755651,3.50000000
1632313019.77753234,3.50000000
1632313019.87755346,3.50000000
1632313019.97755790,3.50000000
1632313020.07755804,3.50000000
1632313020.17755723,3.50000000
1632313020.27755570,3.50000000
1632313020.37763429,3.50000000
1632313020.47756076,3.50000000
1632313020.57755733,3.50000000
1632313020.67755628,3.50000000
1632313020.77755785,3.50000000
1632313020.87755942,3.50000000
1632313020.97755957,3.50000000
1632313021.07756901,3.50000000
1632313021.17755485,3.50000000
1632313021.27755833,3.50000000
1632313021.37753630,3.50000000
1632313021.47756004,3.50000000
1632313021.57761049,3.50000000
1632313021.67756772,3.50000000
1632313021.77752805,3.50000000
1632313021.87755418,3.50000000
1632313021.97755384,3.50000000
1632313022.07755637,3.50000000
1632313022.17752981,3.50000000
1632313022.27755594,3.50000000
1632313022.37753654,3.50000000
1632313022.47755814,3.50000000
1632313022.57756090,3.50000000
1632313022.67756319,3.50000000
1632313022.77755952,3.50000000
1632313022.87756705,3.50000000
1632313022.97756195,3.50000000
1632313023.07756376,3.50000000
1632313023.17756343,3.50000000
1632313023.27755785,3.50000000
1632313023.37755537,3.50000000
1632313023.47759414,3.50000000
1632313023.57753158,3.50000000
1632313023.67755437,3.50000000
1632313023.77755857,3.50000000
1632313023.87755609,3.50000000
1632313023.97755837,3.50000000
1632313024.07756877,3.50000000
1632313024.17755866,3.50000000
1632313024.27755404,3.50000000
1632313024.37756705,3.50000000
1632313024.47755909,3.50000000
1632313024.57759929,3.50000000
1632313024.67755795,3.50000000
1632313024.77755308,3.50000000
1632313024.87755632,3.50000000
1632313024.97755742,3.50000000
1632313025.07757616,3.50000000
1632313025.17753625,3.50000000
1632313025.27756953,3.50000000
1632313025.37756753,3.50000000
1632313025.47755694,3.50000000
1632313025.57753253,3.50000000
1632313025.67755532,3.50000000
1632313025.77756405,3.50000000
1632313025.87757039,3.50000000
1632313025.97755623,3.50000000
1632313026.07755232,3.50000000
1632313026.17756343,3.50000000
1632313026.27756262,3.50000000
1632313026.37753177,3.50000000
1632313026.47755861,3.50000000
1632313026.57756519,3.50000000
1632313026.67756581,2.00000000
1632313026.77755857,2.00000000
1632313026.87755871,2.00000000
1632313026.97757006,2.00000000
1632313027.07755923,2.00000000
1632313027.17757797,2.00000000
1632313027.27756667,2.00000000
1632313027.37753439,2.00000000
1632313027.47757983,2.00000000
1632313027.57757449,2.00000000
1632313027.67757368,2.00000000
1632313027.77755213,2.00000000
1632313027.87757516,2.00000000
1632313027.97755718,2.00000000
1632313028.07755971,2.00000000
1632313028.17757106,2.00000000
1632313028.27756906,2.00000000
1632313028.37756801,2.00000000
1632313028.47756529,2.00000000
1632313028.57756066,2.00000000
1632313028.67756033,2.00000000
1632313028.77755904,2.00000000
1632313028.87754250,2.00000000
1632313028.97755837,2.00000000
1632313029.07757211,2.00000000
1632313029.17759585,2.00000000
1632313029.27755499,2.00000000
1632313029.37755752,2.00000000
1632313029.47755623,2.00000000
1632313029.57755852,2.00000000
1632313029.67756295,2.00000000
1632313029.77755547,2.00000000
1632313029.87756038,2.00000000
1632313029.97756600,2.00000000
1632313030.07756114,2.00000000
1632313030.17756271,2.00000000
1632313030.27755833,2.00000000
1632313030.37757707,2.00000000
1632313030.47756433,2.00000000
1632313030.57755685,2.00000000
1632313030.67756152,2.00000000
1632313030.77756381,2.00000000
1632313030.87752748,2.00000000
1632313030.97755933,2.00000000
1632313031.07757187,2.00000000
1632313031.17755890,2.00000000
1632313031.27755761,2.00000000
1632313031.37758923,2.00000000
1632313031.47755957,2.00000000
1632313031.57756162,2.00000000
1632313031.67755437,2.00000000
1632313031.77755666,2.00000000
1632313031.87756157,2.00000000
1632313031.97755909,2.00000000
1632313032.07757211,2.00000000
1632313032.17755961,2.00000000
1632313032.27756119,2.00000000
1632313032.37753940,2.00000000
1632313032.47755957,2.00000000
1632313032.57756114,2.00000000
1632313032.67755818,2.00000000
1632313032.77755880,2.00000000
1632313032.87756371,2.00000000
1632313032.97756839,2.00000000
1632313033.07755947,2.00000000
1632313033.17756271,2.00000000
1632313033.27757835,2.00000000
1632313033.37753344,2.00000000
1632313033.47756028,2.00000000
1632313033.57756901,2.00000000
1632313033.67756224,2.00000000
1632313033.77755570,2.00000000
1632313033.87755966,2.00000000
1632313033.97757840,2.00000000
1632313034.07757401,2.00000000
1632313034.17756152,2.00000000
1632313034.27755809,2.00000000
1632313034.37760878,2.00000000
1632313034.47756505,2.00000000
1632313034.57755756,2.00000000
1632313034.67755842,2.00000000
1632313034.77755809,2.00000000
1632313034.87755823,2.00000000
1632313034.97758102,2.00000000
1632313035.07756948,2.00000000
1632313035.17756224,2.00000000
1632313035.27757263,2.00000000
1632313035.37757921,2.00000000
1632313035.47758484,2.00000000
1632313035.57753325,2.00000000
1632313035.67755890,2.00000000
1632313035.77755380,2.00000000
1632313035.87755132,2.00000000
1632313035.97755647,2.00000000
1632313036.07756042,2.00000000
1632313036.17755938,2.00000000
1632313036.27752495,2.00000000
1632313036.37757683,2.00000000
1632313036.47756934,2.00000000
1632313036.57755852,2.00000000
1632313036.67755604,2.00000000
1632313036.77755761,2.00000000
1632313036.87755775,2.00000000
1632313036.97756028,2.00000000
1632313037.07756615,2.00000000
1632313037.17756796,2.00000000
1632313037.27756119,2.00000000
1632313037.37757182,2.00000000
1632313037.47756672,2.00000000
1632313037.57756376,2.00000000
1632313037.67757988,2.00000000
1632313037.77756572,2.00000000
1632313037.87756801,2.00000000
1632313037.97755909,2.00000000
1632313038.07756901,2.00000000
1632313038.17758012,2.00000000
1632313038.27756739,2.00000000
1632313038.37757730,2.00000000
1632313038.47753453,2.00000000
1632313038.57752967,2.00000000
1632313038.67756033,2.00000000
1632313038.77755165,2.00000000
1632313038.87757206,2.00000000
1632313038.97755790,2.00000000
1632313039.07755947,2.00000000
1632313039.17759800,2.00000000
1632313039.27756000,2.00000000
1632313039.37757421,2.00000000
1632313039.47755599,2.00000000
1632313039.57755518,2.00000000
1632313039.67755818,2.00000000
1632313039.77756763,2.00000000
1632313039.87755775,2.00000000
1632313039.97756934,2.00000000
1632313040.07755589,2.00000000
1632313040.17755961,2.00000000
1632313040.27755833,2.00000000
1632313040.37756038,2.00000000
1632313040.47758508,3.50000000
1632313040.57755613,3.50000000
1632313040.67755580,3.50000000
1632313040.77753448,3.50000000
1632313040.87755561,3.50000000
1632313040.97755408,3.50000000
1632313041.07755971,3.50000000
1632313041.17757297,3.50000000
1632313041.27755642,3.50000000
1632313041.37755513,3.50000000
1632313041.47755790,3.50000000
1632313041.57756019,3.50000000
1632313041.67755723,3.50000000
1632313041.77755570,3.50000000
1632313041.87755632,3.50000000
1632313041.97755980,3.50000000
1632313042.07756162,3.50000000
1632313042.17753077,3.50000000
1632313042.27755690,3.50000000
1632313042.37756205,3.50000000
1632313042.47756004,3.50000000
1632313042.57756281,3.50000000
1632313042.67757130,3.50000000
1632313042.77755547,3.50000000
1632313042.87753296,3.50000000
1632313042.97755957,3.50000000
1632313043.07755876,3.50000000
1632313043.17755437,3.50000000
1632313043.27756119,3.50000000
1632313043.37756133,3.50000000
1632313043.47755527,3.50000000
1632313043.57753229,3.50000000
1632313043.67755127,3.50000000
1632313043.77756143,3.50000000
1632313043.87755513,3.50000000
1632313043.97756290,3.50000000
1632313044.07755899,3.50000000
1632313044.17755198,3.50000000
1632313044.27755880,3.50000000
1632313044.37755871,3.50000000
1632313044.47756004,3.50000000
1632313044.57755828,3.50000000
1632313044.67756057,3.50000000
1632313044.77753186,3.50000000
1632313044.87755656,3.50000000
1632313044.97755623,3.50000000
1632313045.07755756,3.50000000
1632313045.17756701,3.50000000
1632313045.27755976,3.50000000
1632313045.37756538,3.50000000
1632313045.47755575,3.50000000
1632313045.57755661,3.50000000
1632313045.67756176,3.50000000
1632313045.77756882,3.50000000
1632313045.87755847,3.50000000
1632313045.97756505,3.50000000
1632313046.07756758,3.50000000
1632313046.17756867,3.50000000
1632313046.27756929,3.50000000
1632313046.37752557,3.50000000
1632313046.47753859,3.50000000
1632313046.57756186,3.50000000
1632313046.67757726,3.50000000
1632313046.77756763,3.50000000
1632313046.87757516,3.50000000
1632313046.97756124,3.50000000
1632313047.07757998,3.50000000
1632313047.17756629,3.50000000
1632313047.27760959,3.50000000
1632313047.37757468,3.50000000
1632313047.47757363,3.50000000
1632313047.57756686,3.50000000
1632313047.67755699,3.50000000
1632313047.77756810,3.50000000
1632313047.87759876,3.50000000
1632313047.97755551,3.50000000
1632313048.07756901,3.50000000
1632313048.17757583,3.50000000
1632313048.27755833,3.50000000
1632313048.37755966,3.50000000
1632313048.47755980,3.50000000
1632313048.57757211,3.50000000
1632313048.67756534,3.50000000
1632313048.77756071,3.50000000
1632313048.87756801,3.50000000
1632313048.97757173,3.50000000
1632313049.07755899,3.50000000
1632313049.17756701,3.50000000
1632313049.27756310,3.50000000
1632313049.37756371,3.50000000
1632313049.47756791,3.50000000
1632313049.57759690,3.50000000
1632313049.67756939,3.50000000
1632313049.77756381,3.50000000
1632313049.87761402,3.50000000
1632313049.97756243,3.50000000
1632313050.07753396,3.50000000
1632313050.17757249,3.50000000
1632313050.27755785,3.50000000
1632313050.37755561,3.50000000
1632313050.47756171,3.50000000
1632313050.57755709,3.50000000
1632313050.67755699,3.50000000
1632313050.77755523,3.50000000
1632313050.87755585,3.50000000
1632313050.97755790,3.50000000
1632313051.07755399,3.50000000
1632313051.17755342,3.50000000
1632313051.27755737,3.50000000
1632313051.37756729,3.50000000
1632313051.47756529,3.50000000
1632313051.57755470,3.50000000
1632313051.67755747,3.50000000
1632313051.77755904,3.50000000
1632313051.87755823,3.50000000
1632313051.97752643,3.50000000
1632313052.07752728,3.50000000
1632313052.17756748,3.50000000
1632313052.27755642,3.50000000
1632313052.37753129,3.50000000
1632313052.47753716,3.50000000
1632313052.57752347,3.50000000
1632313052.67752314,3.50000000
1632313052.77753925,3.50000000
1632313052.87756562,3.50000000
1632313052.97756028,3.50000000
1632313053.07755923,3.50000000
1632313053.17756319,3.50000000
1632313053.27755761,3.50000000
1632313053.37755942,3.50000000
1632313053.47756171,3.50000000
1632313053.57756233,3.50000000
1632313053.67755628,3.50000000
1632313053.77755809,3.50000000
1632313053.87756562,3.50000000
1632313053.97756124,3.50000000
1632313054.07755947,3.50000000
1632313054.17755961,3.50000000
1632313054.27756500,3.50000000
1632313054.37755537,3.50000000
1632313054.47756171,3.50000000
1632313054.57756114,3.50000000
1632313054.67756009,3.50000000
1632313054.77758789,3.50000000
1632313054.87756371,3.50000000
1632313054.97755933,3.50000000
1632313055.07756138,3.50000000
1632313055.17755985,3.50000000
1632313055.27756619,3.50000000
1632313055.37755919,3.50000000
1632313055.47756720,3.50000000
1632313055.57756352,3.50000000
1632313055.67756200,3.50000000
1632313055.77756238,3.50000000
1632313055.87755895,3.50000000
1632313055.97756124,3.50000000
1632313056.07755947,3.50000000
1632313056.17756152,3.50000000
1632313056.27756429,3.50000000
1632313056.37756205,3.50000000
1632313056.47756863,3.50000000
1632313056.57755923,3.50000000
1632313056.67756295,3.50000000
1632313056.77755904,3.50000000
1632313056.87757540,3.50000000
1632313056.97756100,3.50000000
1632313057.07753205,3.50000000
1632313057.17756629,3.50000000
1632313057.27755880,3.50000000
1632313057.37756371,3.50000000
1632313057.47753310,3.50000000
1632313057.57756877,3.50000000
1632313057.67756271,3.50000000
1632313057.77755904,3.50000000
1632313057.87755752,3.50000000
1632313057.97756100,3.50000000
1632313058.07755971,3.50000000
1632313058.17755771,3.50000000
1632313058.27755666,3.50000000
1632313058.37755990,3.50000000
1632313058.47755814,3.50000000
1632313058.57756233,3.50000000
1632313058.67755675,3.50000000
1632313058.77755976,3.50000000
1632313058.87756681,3.50000000
1632313058.97756362,3.50000000
1632313059.07756543,3.50000000
1632313059.17756009,3.50000000
1632313059.27756023,3.50000000
1632313059.37753510,3.50000000
1632313059.47756338,3.50000000
1632313059.57756901,3.50000000
1632313059.67755699,3.50000000
1632313059.77755880,3.50000000
1632313059.87755966,3.50000000
1632313059.97755861,3.50000000
1632313060.07753038,3.50000000
1632313060.17755604,3.50000000
1632313060.27753878,3.50000000
1632313060.37757707,3.50000000
1632313060.47756076,3.50000000
1632313060.57756186,3.50000000
1632313060.67755604,3.50000000
1632313060.77756763,3.50000000
1632313060.87756038,3.50000000
1632313060.97756553,3.50000000
1632313061.07755780,3.50000000
1632313061.17753386,3.50000000
1632313061.27757406,3.50000000
1632313061.37755895,3.50000000
1632313061.47755623,3.50000000
1632313061.57756615,3.50000000
1632313061.67756009,3.50000000
1632313061.77756166,3.50000000
1632313061.87757540,3.50000000
1632313061.97755623,3.50000000
1632313062.07756567,3.50000000
1632313062.17756557,3.50000000
1632313062.27756095,3.50000000
1632313062.37756038,3.50000000
1632313062.47756505,3.50000000
1632313062.57756495,3.50000000
1632313062.67755938,3.50000000
1632313062.77756023,3.50000000
1632313062.87756515,3.50000000
1632313062.97755909,3.50000000
1632313063.07756138,3.50000000
1632313063.17756963,3.50000000
1632313063.27756286,3.50000000
1632313063.37755728,3.50000000
1632313063.47753429,3.50000000
1632313063.57756329,3.50000000
1632313063.67755890,3.50000000
1632313063.77757263,3.50000000
1632313063.87756181,3.50000000
1632313063.97755957,3.50000000
1632313064.07756519,3.50000000
1632313064.17755961,3.50000000
1632313064.27755952,3.50000000
1632313064.37756300,3.50000000
1632313064.47756314,3.50000000
1632313064.57755923,3.50000000
1632313064.67755985,3.50000000
1632313064.77756023,3.50000000
1632313064.87759089,3.50000000
1632313064.97756338,3.50000000
1632313065.07755971,3.50000000
1632313065.17755938,3.50000000
1632313065.27755761,3.50000000
1632313065.37756348,3.50000000
1632313065.47756433,3.50000000
1632313065.57757020,3.50000000
1632313065.67757559,3.50000000
1632313065.77756190,3.50000000
1632313065.87756228,3.50000000
1632313065.97758293,3.50000000
1632313066.07756639,3.50000000
1632313066.17756510,3.50000000
1632313066.27755952,3.50000000
1632313066.37755513,3.50000000
1632313066.47755861,3.50000000
1632313066.57756186,3.50000000
1632313066.67755795,3.50000000
1632313066.77756143,3.50000000
1632313066.87755990,3.50000000
1632313066.97753930,3.50000000
1632313067.07753158,3.50000000
1632313067.17753887,3.50000000
1632313067.27753377,3.50000000
1632313067.37756062,3.50000000
1632313067.47756338,3.50000000
1632313067.57753325,3.50000000
1632313067.67757535,3.50000000
1632313067.77753401,3.50000000
1632313067.87757015,3.50000000
1632313067.97756529,3.50000000
1632313068.07756543,3.50000000
1632313068.17756772,3.50000000
1632313068.27757525,3.50000000
1632313068.37755942,3.50000000
1632313068.47755980,3.50000000
1632313068.57753563,3.50000000
1632313068.67755675,3.50000000
1632313068.77756214,3.50000000
1632313068.87756157,3.50000000
1632313068.97755504,3.50000000
1632313069.07756615,3.50000000
1632313069.17755890,3.50000000
1632313069.27756262,3.50000000
1632313069.37756801,3.50000000
1632313069.47756052,3.50000000
1632313069.57756162,3.50000000
1632313069.67752695,3.50000000
1632313069.77755165,3.50000000
1632313069.87756991,3.50000000
1632313069.97757053,3.50000000
1632313070.07755852,3.50000000
1632313070.17755699,3.50000000
1632313070.27753425,3.50000000
1632313070.37755680,3.50000000
1632313070.47755718,3.50000000
1632313070.57756138,3.50000000
1632313070.67752624,3.50000000
1632313070.77755952,3.50000000
1632313070.87756443,3.50000000
1632313070.97755742,3.50000000
1632313071.07755804,3.50000000
1632313071.17757440,3.50000000
1632313071.27756500,3.50000000
1632313071.37756181,3.50000000
1632313071.47756386,3.50000000
1632313071.57757020,3.50000000
1632313071.67761016,3.50000000
1632313071.77756810,3.50000000
1632313071.87757206,3.50000000
1632313071.97757292,3.50000000
1632313072.07756305,3.50000000
1632313072.17756224,3.50000000
1632313072.27757001,3.50000000
1632313072.37757087,3.50000000
1632313072.47756529,3.50000000
1632313072.57756233,3.50000000
1632313072.67756367,3.50000000
1632313072.77756524,3.50000000
1632313072.87756324,3.50000000
1632313072.97756815,3.50000000
1632313073.07756019,3.50000000
1632313073.17756343,3.50000000
1632313073.27756023,3.50000000
1632313073.37753367,3.50000000
1632313073.47755957,3.50000000
1632313073.57755971,3.50000000
1632313073.67756104,3.50000000
1632313073.77755737,3.50000000
1632313073.87756228,3.50000000
1632313073.97756267,3.50000000
1632313074.07756686,3.50000000
1632313074.17756867,3.50000000
1632313074.27755928,3.50000000
1632313074.37755704,3.50000000
1632313074.47752953,3.50000000
1632313074.57755780,3.50000000
1632313074.67752886,3.50000000
1632313074.77755785,3.50000000
1632313074.87755442,3.50000000
1632313074.97756577,3.50000000
1632313075.07755518,3.50000000
1632313075.17755961,3.50000000
1632313075.27756143,3.50000000
1632313075.37755895,3.50000000
1632313075.47753119,3.50000000
1632313075.57755947,3.50000000
1632313075.67756081,3.50000000
1632313075.77756429,3.50000000
1632313075.87756300,3.50000000
1632313075.97755742,3.50000000
1632313076.07756805,3.50000000
1632313076.17757177,3.50000000
1632313076.27756453,3.50000000
1632313076.37756467,3.50000000
1632313076.47756743,3.50000000
1632313076.57754946,3.50000000
1632313076.67756581,3.50000000
1632313076.77756810,3.50000000
1632313076.87753773,3.50000000
1632313076.97753954,3.50000000
1632313077.07755899,3.50000000
1632313077.17756867,3.50000000
1632313077.27755952,3.50000000
1632313077.37755322,3.50000000
1632313077.47756553,3.50000000
1632313077.57756257,3.50000000
1632313077.67755651,3.50000000
1632313077.77755809,3.50000000
1632313077.87755013,3.50000000
1632313077.97757506,3.50000000
1632313078.07755685,3.50000000
1632313078.17755556,3.50000000
1632313078.27755928,3.50000000
1632313078.37756109,3.50000000
1632313078.47755837,3.50000000
1632313078.57755995,3.50000000
1632313078.67756152,3.50000000
1632313078.77755928,3.50000000
1632313078.87755680,3.50000000
1632313078.97755694,3.50000000
1632313079.07756209,3.50000000
1632313079.17755795,3.50000000
1632313079.27756739,3.50000000
1632313079.37756419,3.50000000
1632313079.47756505,3.50000000
1632313079.57753348,3.50000000
1632313079.67755985,3.50000000
1632313079.77752876,3.50000000
1632313079.87755847,3.50000000
1632313079.97755814,3.50000000
1632313080.07756352,3.50000000
1632313080.17757225,3.50000000
1632313080.27755809,3.50000000
1632313080.37755704,3.50000000
1632313080.47754931,3.50000000
1632313080.57755852,3.50000000
1632313080.67756033,3.50000000
1632313080.77755618,3.50000000
1632313080.87757659,3.50000000
1632313080.97755980,3.50000000
1632313081.07756042,3.50000000
1632313081.17755914,3.50000000
1632313081.27752709,3.50000000
1632313081.37756085,3.50000000
1632313081.47756696,3.50000000
1632313081.57755899,3.50000000
1632313081.67758751,3.50000000
1632313081.77756214,3.50000000
1632313081.87756252,3.50000000
1632313081.97755980,3.50000000
1632313082.07753229,3.50000000
1632313082.17755985,3.50000000
1632313082.27756119,3.50000000
1632313082.37756205,3.50000000
1632313082.47757292,3.50000000
1632313082.57756472,3.50000000
1632313082.67756486,3.50000000
1632313082.77757096,3.50000000
1632313082.87756801,3.50000000
1632313082.97759223,3.50000000
1632313083.07756567,3.50000000
1632313083.17756987,3.50000000
1632313083.27756143,3.50000000
1632313083.37756586,3.50000000
1632313083.47756243,3.50000000
1632313083.57756686,3.50000000
1632313083.67756104,3.50000000
1632313083.77756071,3.50000000
1632313083.87756038,3.50000000
1632313083.97756124,3.50000000
1632313084.07755733,3.50000000
1632313084.17755771,3.50000000
1632313084.27753329,3.50000000
1632313084.37758994,3.50000000
1632313084.47755909,3.50000000
1632313084.57752872,3.50000000
1632313084.67752886,3.50000000
1632313084.77753329,3.50000000
1632313084.87756109,3.50000000
1632313084.97755909,3.50000000
1632313085.07756805,3.50000000
1632313085.17756081,3.50000000
1632313085.27756715,3.50000000
1632313085.37752795,3.50000000
1632313085.47756028,3.50000000
1632313085.57756186,3.50000000
1632313085.67756867,3.50000000
1632313085.77755690,3.50000000
1632313085.87755418,3.50000000
1632313085.97756076,3.50000000
1632313086.07755828,3.50000000
1632313086.17753601,3.50000000
1632313086.27755809,3.50000000
1632313086.37756419,3.50000000
1632313086.47756147,3.50000000
1632313086.57755923,3.50000000
1632313086.67755961,3.50000000
1632313086.77756429,3.50000000
1632313086.87757182,3.50000000
1632313086.97756076,3.50000000
1632313087.07755971,3.50000000
1632313087.17755675,3.50000000
1632313087.27756977,3.50000000
1632313087.37755728,3.50000000
1632313087.47755623,3.50000000
1632313087.57755566,3.50000000
1632313087.67753458,3.50000000
1632313087.77752876,3.50000000
1632313087.87752891,3.50000000
1632313087.97755766,3.50000000
1632313088.07755542,3.50000000
1632313088.17755580,3.50000000
1632313088.27756166,3.50000000
1632313088.37756801,3.50000000
1632313088.47756028,3.50000000
1632313088.57755709,3.50000000
1632313088.67756915,3.50000000
1632313088.77755904,3.50000000
1632313088.87756515,3.50000000
1632313088.97756338,3.50000000
1632313089.07756853,3.50000000
1632313089.17755723,3.50000000
1632313089.27755785,3.50000000
1632313089.37755990,3.50000000
1632313089.47756267,3.50000000
1632313089.57757092,3.50000000
1632313089.67756391,3.50000000
1632313089.77756095,3.50000000
1632313089.87754178,3.50000000
1632313089.97755885,3.50000000
1632313090.07757092,3.50000000
1632313090.17755985,3.50000000
1632313090.27755857,3.50000000
1632313090.37755871,3.50000000
1632313090.47756600,3.50000000
1632313090.57755518,3.50000000
1632313090.67756176,3.50000000
1632313090.77755618,3.50000000
1632313090.87755680,3.50000000
1632313090.97755623,3.50000000
1632313091.07755470,3.50000000
1632313091.17755151,3.50000000
1632313091.27757788,3.50000000
1632313091.37757516,3.50000000
1632313091.47757459,3.50000000
1632313091.57755971,3.50000000
1632313091.67755938,3.50000000
1632313091.77756047,3.50000000
1632313091.87755799,3.50000000
1632313091.97755957,3.50000000
1632313092.07756090,3.50000000
1632313092.17756128,3.50000000
1632313092.27756071,3.50000000
1632313092.37757182,3.50000000
1632313092.47755694,3.50000000
1632313092.57754660,3.50000000
1632313092.67755866,3.50000000
1632313092.77755523,3.50000000
1632313092.87755799,3.50000000
1632313092.97754598,3.50000000
1632313093.07755780,3.50000000
1632313093.17755342,3.50000000
1632313093.27756119,3.50000000
1632313093.37755823,3.50000000
1632313093.47757673,3.50000000
1632313093.57755828,3.50000000
1632313093.67754936,3.50000000
1632313093.77754998,3.50000000
1632313093.87756753,3.50000000
1632313093.97756600,3.50000000
1632313094.07756186,3.50000000
1632313094.17755723,3.50000000
1632313094.27757072,3.50000000
1632313094.37756181,3.50000000
1632313094.47756004,3.50000000
1632313094.57755733,3.50000000
1632313094.67756557,3.50000000
1632313094.77753663,3.50000000
1632313094.87752819,3.50000000
1632313094.97755384,3.50000000
1632313095.07753205,3.50000000
1632313095.17755890,3.50000000
1632313095.27755666,3.50000000
1632313095.37755775,3.50000000
1632313095.47755933,3.50000000
1632313095.57755780,3.50000000
1632313095.67756152,3.50000000
1632313095.77755952,3.50000000
1632313095.87753034,3.50000000
1632313095.97755122,3.50000000
1632313096.07756615,3.50000000
1632313096.17755532,3.50000000
1632313096.27755356,3.50000000
1632313096.37756228,3.50000000
1632313096.47755623,3.50000000
1632313096.57755828,3.50000000
1632313096.67755818,3.50000000
1632313096.77755642,3.50000000
1632313096.87752867,3.50000000
1632313096.97752881,3.50000000
1632313097.07756090,3.50000000
1632313097.17756343,3.50000000
1632313097.27756381,3.50000000
1632313097.37756014,3.50000000
1632313097.47757006,3.50000000
1632313097.57756305,3.50000000
1632313097.67774224,3.50000000
1632313097.77755880,3.50000000
1632313097.87752819,3.50000000
1632313097.97757101,3.50000000
1632313098.07753348,3.50000000
1632313098.17756128,3.50000000
1632313098.27755570,3.50000000
1632313098.37755871,3.50000000
1632313098.47756124,3.50000000
1632313098.57756042,3.50000000
1632313098.67753482,3.50000000
1632313098.77755690,3.50000000
1632313098.87755013,3.50000000
1632313098.97755480,3.50000000
1632313099.07755685,3.50000000
1632313099.17755580,3.50000000
1632313099.27756238,3.50000000
1632313099.37753367,3.50000000
1632313099.47756577,3.50000000
1632313099.57755494,3.50000000
1632313099.67755198,3.50000000
1632313099.77756000,3.50000000
1632313099.87756491,3.50000000
1632313099.97755742,3.50000000
1632313100.07755613,3.50000000
1632313100.17768025,3.50000000
1632313100.27757430,3.50000000
1632313100.37757540,3.50000000
1632313100.47757697,3.50000000
1632313100.57757688,3.50000000
1632313100.67760062,3.50000000
1632313100.77756739,3.50000000
1632313100.87756062,3.50000000
1632313100.97755075,3.50000000
1632313101.07755780,3.50000000
1632313101.17755270,3.50000000
1632313101.27755976,3.50000000
1632313101.37755704,3.50000000
1632313101.47756314,3.50000000
1632313101.57755804,3.50000000
1632313101.67752838,3.50000000
1632313101.77755284,3.50000000
1632313101.87756276,3.50000000
1632313101.97756147,3.50000000
1632313102.07755351,3.50000000
1632313102.17756581,3.50000000
1632313102.27756500,3.50000000
1632313102.37755537,3.50000000
1632313102.47755575,3.50000000
1632313102.57755661,3.50000000
1632313102.67755961,3.50000000
1632313102.77757168,3.50000000
1632313102.87756133,3.50000000
1632313102.97755361,3.50000000
1632313103.07754922,3.50000000
1632313103.17757916,3.50000000
1632313103.27755427,3.50000000
1632313103.37755775,3.50000000
1632313103.47755504,3.50000000
1632313103.57756042,3.50000000
1632313103.67755318,3.50000000
1632313103.77755713,3.50000000
1632313103.87755680,3.50000000
1632313103.97755766,3.50000000
1632313104.07755780,3.50000000
1632313104.17756987,3.50000000
1632313104.27756548,3.50000000
1632313104.37754989,3.50000000
1632313104.47755361,3.50000000
1632313104.57755375,3.50000000
1632313104.67756796,3.50000000
1632313104.77756429,3.50000000
1632313104.87756658,3.50000000
1632313104.97757840,3.50000000
1632313105.07757545,3.50000000
1632313105.17756367,3.50000000
1632313105.27756548,2.00000000
1632313105.37753248,2.00000000
1632313105.47759771,2.00000000
1632313105.57755208,2.00000000
1632313105.67755127,2.00000000
1632313105.77752471,2.00000000
1632313105.87752104,2.00000000
1632313105.97755408,2.00000000
1632313106.07755303,2.00000000
1632313106.17755461,2.00000000
1632313106.27755737,2.00000000
1632313106.37752223,2.00000000
1632313106.47753859,2.00000000
1632313106.57757473,2.00000000
1632313106.67752981,2.00000000
1632313106.77756405,2.00000000
1632313106.87755775,2.00000000
1632313106.97754812,2.00000000
1632313107.07758307,2.00000000
1632313107.17755818,2.00000000
1632313107.27755713,2.00000000
1632313107.37758231,2.00000000
1632313107.47755527,2.00000000
1632313107.57756305,2.00000000
1632313107.67756701,2.00000000
1632313107.77755642,2.00000000
1632313107.87752581,2.00000000
1632313107.97757244,2.00000000
1632313108.07755756,2.00000000
1632313108.17755127,2.00000000
1632313108.27755284,2.00000000
1632313108.37755775,2.00000000
1632313108.47755480,2.00000000
1632313108.57755399,2.00000000
1632313108.67755389,2.00000000
1632313108.77756119,2.00000000
1632313108.87757564,2.00000000
1632313108.97757363,2.00000000
1632313109.07757688,2.00000000
1632313109.17757487,2.00000000
1632313109.27754474,2.00000000
1632313109.37757492,2.00000000
1632313109.47756982,2.00000000
1632313109.57755065,2.00000000
1632313109.67755580,2.00000000
1632313109.77755165,2.00000000
1632313109.87755156,2.00000000
1632313109.97755146,2.00000000
1632313110.07753348,2.00000000
1632313110.17756128,2.00000000
1632313110.27755475,2.00000000
1632313110.37754869,2.00000000
1632313110.47756505,2.00000000
1632313110.57755136,2.00000000
1632313110.67755413,2.00000000
1632313110.77756882,2.00000000
1632313110.87753463,2.00000000
1632313110.97757030,2.00000000
1632313111.07756376,2.00000000
1632313111.17754102,2.00000000
1632313111.27754092,2.00000000
1632313111.37756157,2.00000000
1632313111.47758389,2.00000000
1632313111.57758141,2.00000000
1632313111.67758417,2.00000000
1632313111.77756405,2.00000000
1632313111.87753749,2.00000000
1632313111.97756529,2.00000000
1632313112.07757235,2.00000000
1632313112.17756987,2.00000000
1632313112.27757382,2.00000000
1632313112.37756610,2.00000000
1632313112.47756624,2.00000000
1632313112.57753205,2.00000000
1632313112.67755938,2.00000000
1632313112.77757812,2.00000000
1632313112.87757707,2.00000000
1632313112.97756696,2.00000000
1632313113.07756853,2.00000000
1632313113.17756438,2.00000000
1632313113.27754903,2.00000000
1632313113.37757778,2.00000000
1632313113.47757339,2.00000000
1632313113.57755995,2.00000000
1632313113.67761564,2.00000000
1632313113.77756071,2.00000000
1632313113.87757373,2.00000000
1632313113.97755313,2.00000000
1632313114.07755661,2.00000000
1632313114.17755270,2.00000000
1632313114.27756310,2.00000000
1632313114.37755609,2.00000000
1632313114.47755003,2.00000000
1632313114.57756090,2.00000000
1632313114.67758536,2.00000000
1632313114.77755737,2.00000000
1632313114.87755275,2.00000000
1632313114.97755122,2.00000000
1632313115.07755351,2.00000000
1632313115.17755175,2.00000000
1632313115.27755404,2.00000000
1632313115.37754798,2.00000000
1632313115.47754908,2.00000000
1632313115.57752299,2.00000000
1632313115.67754984,2.00000000
1632313115.77754736,2.00000000
1632313115.87752175,2.00000000
1632313115.97755337,2.00000000
1632313116.07756782,2.00000000
1632313116.17755556,2.00000000
1632313116.27756262,2.00000000
1632313116.37751961,2.00000000
1632313116.47753096,2.00000000
1632313116.57753611,2.00000000
1632313116.67758083,2.00000000
1632313116.77754807,2.00000000
1632313116.87754989,2.00000000
1632313116.97755480,2.00000000
1632313117.07756758,2.00000000
1632313117.17755294,2.00000000
1632313117.27755380,2.00000000
1632313117.37754965,2.00000000
1632313117.47756672,1.50000000
1632313117.57755232,1.50000000
1632313117.67754841,1.50000000
1632313117.77755332,1.50000000
1632313117.87755656,1.50000000
1632313117.97754598,1.50000000
1632313118.07754946,1.50000000
1632313118.17755771,1.50000000
1632313118.27755189,1.50000000
1632313118.37755871,1.50000000
1632313118.47755194,1.50000000
1632313118.57755756,1.50000000
1632313118.67755198,1.50000000
1632313118.77755666,1.50000000
1632313118.87758613,1.50000000
1632313118.97755027,1.50000000
1632313119.07755232,1.50000000
1632313119.17756510,1.50000000
1632313119.27755880,1.50000000
1632313119.37755132,1.50000000
1632313119.47756147,1.50000000
1632313119.57756162,1.50000000
1632313119.67755461,1.50000000
1632313119.77755070,1.50000000
1632313119.87755132,1.50000000
1632313119.97755027,1.50000000
1632313120.07754254,1.50000000
1632313120.17754912,3.50000000
1632313120.27754545,3.50000000
1632313120.37754440,3.50000000
1632313120.47755933,3.50000000
1632313120.57752299,3.50000000
1632313120.67755151,3.50000000
1632313120.77755213,3.50000000
1632313120.87752461,3.50000000
1632313120.97760844,3.50000000
1632313121.07755852,3.50000000
1632313121.17755651,3.50000000
1632313121.27755523,3.50000000
1632313121.37759113,3.50000000
1632313121.47755623,3.50000000
1632313121.57756233,3.50000000
1632313121.67755699,3.50000000
1632313121.77755356,3.50000000
1632313121.87755656,3.50000000
1632313121.97755933,3.50000000
1632313122.07756758,3.50000000
1632313122.17755938,3.50000000
1632313122.27755690,3.50000000
1632313122.37753081,3.50000000
1632313122.47755170,3.50000000
1632313122.57755923,3.50000000
1632313122.67755604,3.50000000
1632313122.77755904,3.50000000
1632313122.87756348,3.50000000
1632313122.97755384,3.50000000
1632313123.07756519,3.50000000
1632313123.17755747,3.50000000
1632313123.27756071,3.50000000
1632313123.37756944,3.50000000
1632313123.47756267,3.50000000
1632313123.57755613,3.50000000
1632313123.67755437,3.50000000
1632313123.77756453,3.50000000
1632313123.87755704,3.50000000
1632313123.97756863,3.50000000
1632313124.07755661,3.50000000
1632313124.17753005,3.50000000
1632313124.27755833,3.50000000
1632313124.37755871,3.50000000
1632313124.47755742,3.50000000
1632313124.57756090,3.50000000
1632313124.67755222,3.50000000
1632313124.77756071,3.50000000
1632313124.87756157,3.50000000
1632313124.97755671,3.50000000
1632313125.07755685,3.50000000
1632313125.17755532,3.50000000
1632313125.27755880,3.50000000
1632313125.37757945,3.50000000
1632313125.47756648,3.50000000
1632313125.57758236,3.50000000
1632313125.67756653,3.50000000
1632313125.77755713,3.50000000
1632313125.87755966,3.50000000
1632313125.97755599,3.50000000
1632313126.07756400,3.50000000
1632313126.17755508,3.50000000
1632313126.27756500,3.50000000
1632313126.37755704,3.50000000
1632313126.47755623,3.50000000
1632313126.57755303,3.50000000
1632313126.67755580,3.50000000
1632313126.77755570,3.50000000
1632313126.87755680,3.50000000
1632313126.97755408,3.50000000
1632313127.07755566,3.50000000
1632313127.17755413,3.50000000
1632313127.27753162,3.50000000
1632313127.37756109,3.50000000
1632313127.47755527,3.50000000
1632313127.57756615,3.50000000
1632313127.67755318,3.50000000
1632313127.77755165,3.50000000
1632313127.87755251,3.50000000
1632313127.97755361,3.50000000
1632313128.07755780,3.50000000
1632313128.17755723,3.50000000
1632313128.27755404,3.50000000
1632313128.37755728,3.50000000
1632313128.47755456,3.50000000
1632313128.57756972,3.50000000
1632313128.67758131,3.50000000
1632313128.77756715,3.50000000
1632313128.87753677,3.50000000
1632313128.97756004,3.50000000
1632313129.07756758,3.50000000
1632313129.17756701,3.50000000
1632313129.27756023,3.50000000
1632313129.37756753,3.50000000
1632313129.47755599,3.50000000
1632313129.57755399,3.50000000
1632313129.67755437,3.50000000
1632313129.77756667,3.50000000
1632313129.87755728,3.50000000
1632313129.97756362,3.50000000
1632313130.07757330,3.50000000
1632313130.17757106,3.50000000
1632313130.27757668,3.50000000
1632313130.37756586,3.50000000
1632313130.47757554,3.50000000
1632313130.57757115,3.50000000
1632313130.67756772,3.50000000
1632313130.77757001,3.50000000
1632313130.87757015,3.50000000
1632313130.97756791,3.50000000
1632313131.07757163,3.50000000
1632313131.17757106,3.50000000
1632313131.27757168,3.50000000
1632313131.37756944,3.50000000
1632313131.47757196,3.50000000
1632313131.57755780,3.50000000
1632313131.67756605,3.50000000
1632313131.77755713,3.50000000
1632313131.87756801,3.50000000
1632313131.97755885,3.50000000
1632313132.07756233,3.50000000
1632313132.17755842,3.50000000
1632313132.27755713,3.50000000
1632313132.37753153,3.50000000
1632313132.47756243,3.50000000
1632313132.57757783,3.50000000
1632313132.67755365,3.50000000
1632313132.77755833,3.50000000
1632313132.87755466,3.50000000
1632313132.97756982,3.50000000
1632313133.07755899,3.50000000
1632313133.17756057,3.50000000
1632313133.27756023,3.50000000
1632313133.37753487,3.50000000
1632313133.47755957,3.50000000
1632313133.57755923,3.50000000
1632313133.67755890,3.50000000
1632313133.77756214,3.50000000
1632313133.87756300,3.50000000
1632313133.97755980,3.50000000
1632313134.07756376,3.50000000
1632313134.17757797,3.50000000
1632313134.27756357,3.50000000
1632313134.37757015,3.50000000
1632313134.47755694,3.50000000
1632313134.57752967,3.50000000
1632313134.67755556,3.50000000
1632313134.77755952,3.50000000
1632313134.87755895,3.50000000
1632313134.97756553,3.50000000
1632313135.07756448,3.50000000
1632313135.17753005,3.50000000
1632313135.27755523,3.50000000
1632313135.37756014,3.50000000
1632313135.47755837,3.50000000
1632313135.57756495,3.50000000
1632313135.67753029,3.50000000
1632313135.77756119,3.50000000
1632313135.87755823,3.50000000
1632313135.97752905,3.50000000
1632313136.07755923,3.50000000
1632313136.17756534,3.50000000
1632313136.27757716,3.50000000
1632313136.37757230,3.50000000
1632313136.47755575,3.50000000
1632313136.57755661,3.50000000
1632313136.67756581,3.50000000
1632313136.77756739,3.50000000
1632313136.87755847,3.50000000
1632313136.97755623,3.50000000
1632313137.07753468,3.50000000
1632313137.17756772,3.50000000
1632313137.27755904,3.50000000
1632313137.37757277,3.50000000
1632313137.47755980,3.50000000
1632313137.57755733,3.50000000
1632313137.67755699,3.50000000
1632313137.77756023,3.50000000
1632313137.87755942,3.50000000
1632313137.97756290,3.50000000
1632313138.07755971,3.50000000
1632313138.17755771,3.50000000
1632313138.27755737,3.50000000
1632313138.37755823,3.50000000
1632313138.47755885,3.50000000
1632313138.57755661,3.50000000
1632313138.67753124,3.50000000
1632313138.77756739,3.50000000
1632313138.87755823,3.50000000
1632313138.97755575,3.50000000
1632313139.07756257,3.50000000
1632313139.17757416,3.50000000
1632313139.27755976,3.50000000
1632313139.37755942,3.50000000
1632313139.47757173,3.50000000
1632313139.57755947,3.50000000
1632313139.67755938,3.50000000
1632313139.77755451,3.50000000
1632313139.87756133,3.50000000
1632313139.97753620,3.50000000
1632313140.07757449,3.50000000
1632313140.17755914,3.50000000
1632313140.27756834,3.50000000
1632313140.37757039,3.50000000
1632313140.47755671,3.50000000
1632313140.57755470,3.50000000
1632313140.67755556,3.50000000
1632313140.77755833,3.50000000
1632313140.87755537,3.50000000
1632313140.97755742,3.50000000
1632313141.07755876,3.50000000
1632313141.17755842,3.50000000
1632313141.27759933,3.50000000
1632313141.37757516,3.50000000
1632313141.47756004,3.50000000
1632313141.57755876,3.50000000
1632313141.67756009,3.50000000
1632313141.77755356,3.50000000
1632313141.87755871,3.50000000
1632313141.97755885,3.50000000
1632313142.07756233,3.50000000
1632313142.17755961,3.50000000
1632313142.27755833,3.50000000
1632313142.37756371,3.50000000
1632313142.47756124,3.50000000
1632313142.57753229,3.50000000
1632313142.67755771,3.50000000
1632313142.77755404,3.50000000
1632313142.87755585,3.50000000
1632313142.97755766,3.50000000
1632313143.07752490,3.50000000
1632313143.17755699,3.50000000
1632313143.27755642,3.50000000
1632313143.37755775,3.50000000
1632313143.47755623,3.50000000
1632313143.57756066,3.50000000
1632313143.67755675,3.50000000
1632313143.77754164,3.50000000
1632313143.87755013,3.50000000
1632313143.97756720,3.50000000
1632313144.07755852,3.50000000
1632313144.17754006,3.50000000
1632313144.27755785,3.50000000
1632313144.37757587,3.50000000
1632313144.47755885,3.50000000
1632313144.57755995,3.50000000
1632313144.67756057,3.50000000
1632313144.77757001,3.50000000
1632313144.87756705,3.50000000
1632313144.97757578,3.50000000
1632313145.07757282,3.50000000
1632313145.17756867,3.50000000
1632313145.27756119,3.50000000
1632313145.37756944,3.50000000
1632313145.47756076,3.50000000
1632313145.57756495,3.50000000
1632313145.67756224,3.50000000
1632313145.77755880,3.50000000
1632313145.87757230,3.50000000
1632313145.97755671,3.50000000
1632313146.07755876,3.50000000
1632313146.17755985,3.50000000
1632313146.27756047,3.50000000
1632313146.37755919,3.50000000
1632313146.47755861,3.50000000
1632313146.57755899,3.50000000
1632313146.67753482,3.50000000
1632313146.77755904,3.50000000
1632313146.87755966,3.50000000
1632313146.97756600,3.50000000
1632313147.07753301,3.50000000
1632313147.17755580,3.50000000
1632313147.27756596,3.50000000
1632313147.37756133,3.50000000
1632313147.47756076,3.50000000
1632313147.57756639,3.50000000
1632313147.67755866,3.50000000
1632313147.77756834,3.50000000
1632313147.87755871,3.50000000
1632313147.97755480,3.50000000
1632313148.07756734,3.50000000
1632313148.17752862,3.50000000
1632313148.27755570,3.50000000
1632313148.37755847,3.50000000
1632313148.47755980,3.50000000
1632313148.57757020,3.50000000
1632313148.67755747,3.50000000
1632313148.77756572,3.50000000
1632313148.87755895,3.50000000
1632313148.97752833,3.50000000
1632313149.07757235,3.50000000
1632313149.17755842,3.50000000
1632313149.27755904,3.50000000
1632313149.37755799,3.50000000
1632313149.47757363,3.50000000
1632313149.57756639,3.50000000
1632313149.67754602,3.50000000
1632313149.77755713,3.50000000
1632313149.87757206,3.50000000
1632313149.97756863,3.50000000
1632313150.07755804,3.50000000
1632313150.17753720,3.50000000
1632313150.27756119,3.50000000
1632313150.37756133,3.50000000
1632313150.47757149,3.50000000
1632313150.57757425,3.50000000
1632313150.67755699,3.50000000
1632313150.77755785,3.50000000
1632313150.87755656,3.50000000
1632313150.97755933,3.50000000
1632313151.07755613,3.50000000
1632313151.17756581,3.50000000
1632313151.27756119,3.50000000
1632313151.37756109,3.50000000
1632313151.47755766,3.50000000
1632313151.57755685,3.50000000
1632313151.67758393,3.50000000
1632313151.77756619,3.50000000
1632313151.87756824,3.50000000
1632313151.97756529,3.50000000
1632313152.07760453,3.50000000
1632313152.17756343,3.50000000
1632313152.27754283,3.50000000
1632313152.37756562,3.50000000
1632313152.47753787,3.50000000
1632313152.57757497,3.50000000
1632313152.67753911,3.50000000
1632313152.77755332,3.50000000
1632313152.87755275,3.50000000
1632313152.97755790,3.50000000
1632313153.07755423,3.50000000
1632313153.17755675,3.50000000
1632313153.27754498,3.50000000
1632313153.37757492,3.50000000
1632313153.47756481,3.50000000
1632313153.57755971,3.50000000
1632313153.67755961,3.50000000
1632313153.77756929,3.50000000
1632313153.87752867,3.50000000
1632313153.97753930,3.50000000
1632313154.07753468,3.50000000
1632313154.17756510,3.50000000
1632313154.27756143,3.50000000
1632313154.37752914,3.50000000
1632313154.47756338,3.50000000
1632313154.57755613,3.50000000
1632313154.67753410,3.50000000
1632313154.77756023,3.50000000
1632313154.87753296,3.50000000
1632313154.97753406,3.50000000
1632313155.07755661,3.50000000
1632313155.17758226,3.50000000
1632313155.27758026,3.50000000
1632313155.37759256,3.50000000
1632313155.47757030,3.50000000
1632313155.57753229,3.50000000
1632313155.67757440,3.50000000
1632313155.77759433,3.50000000
1632313155.87788510,3.50000000
1632313155.97790694,3.50000000
1632313156.07785082,3.50000000
1632313156.17782950,3.50000000
1632313156.27782226,3.50000000
1632313156.37775445,3.50000000
1632313156.47781181,3.50000000
1632313156.57778502,3.50000000
1632313156.67779565,3.50000000
1632313156.77756739,3.50000000
1632313156.87778878,3.50000000
1632313156.97779322,3.50000000
1632313157.07765079,3.50000000
1632313157.17753077,3.50000000
1632313157.27765250,3.50000000
1632313157.37781286,3.50000000
1632313157.47786355,3.50000000
1632313157.57760906,3.50000000
1632313157.67763495,3.50000000
1632313157.77779412,3.50000000
1632313157.87773728,3.50000000
1632313157.97784019,3.50000000
1632313158.07783175,3.50000000
1632313158.17779350,3.50000000
1632313158.27786231,3.50000000
1632313158.37782431,3.50000000
1632313158.47780919,3.50000000
1632313158.57793403,3.50000000
1632313158.67781782,3.50000000
1632313158.77780604,3.50000000
1632313158.87782884,3.50000000
1632313158.97783852,3.50000000
1632313159.07782459,3.50000000
1632313159.17787933,3.50000000
1632313159.27783537,3.50000000
1632313159.37770367,3.50000000
1632313159.47764730,3.50000000
1632313159.57780886,3.50000000
1632313159.67773080,3.50000000
1632313159.77787066,3.50000000
1632313159.87781143,3.50000000
1632313159.97781301,3.50000000
1632313160.07762814,3.50000000
1632313160.17787337,3.50000000
1632313160.27781248,3.50000000
1632313160.37778926,3.50000000
1632313160.47779346,3.50000000
1632313160.57759070,3.50000000
1632313160.67779970,3.50000000
1632313160.77783513,3.50000000
1632313160.87779307,3.50000000
1632313160.97781181,3.50000000
1632313161.07780337,3.50000000
