Seconds,x,y,z,w
1632158912.61860943,0.00000000,0.00000000,0.00000000,0.00000000
1632158912.71861172,0.00000000,0.00000000,0.00000000,0.00000000
1632158912.81861234,0.00000000,0.00000000,0.00000000,0.00000000
1632158912.91860700,0.00000000,0.00000000,0.00000000,0.00000000
1632158913.01861024,0.00000000,0.00000000,0.00000000,0.00000000
1632158913.11860776,0.00000000,0.00000000,0.00000000,0.00000000
1632158913.21860623,0.00000000,0.00000000,0.00000000,0.00000000
1632158913.31860948,0.00000000,0.00000000,0.00000000,0.00000000
1632158913.41862488,0.00000000,0.00000000,0.00000000,0.00000000
1632158913.51861072,0.00000000,0.00000000,0.00000000,0.00000000
1632158913.61862087,0.00000000,0.00000000,0.00000000,0.00000000
1632158913.71860695,0.00000000,0.00000000,0.00000000,0.00000000
1632158913.81868935,0.00000000,0.00000000,0.00000000,0.00000000
1632158913.91858864,0.00000000,0.00000000,0.00000000,0.00000000
1632158914.01858711,0.00000000,0.00000000,0.00000000,0.00000000
1632158914.11861277,0.00000000,0.00000000,0.00000000,0.00000000
1632158914.21865678,0.00000000,0.00000000,0.00000000,0.00000000
1632158914.31862187,0.00000000,0.00000000,0.00000000,0.00000000
1632158914.41860723,0.00000000,0.00000000,0.00000000,0.00000000
1632158914.51862121,0.00000000,0.00000000,0.00000000,0.00000000
1632158914.61861181,0.00000000,0.00000000,0.00000000,0.00000000
1632158914.71861911,0.00000000,0.00000000,0.00000000,0.00000000
1632158914.81864810,0.00000000,0.00000000,0.00000000,0.00000000
1632158914.91861534,0.00000000,0.00000000,0.00000000,0.00000000
1632158915.01864600,0.00000000,0.00000000,0.00000000,0.00000000
1632158915.11866188,0.00000000,0.00000000,0.00000000,0.00000000
1632158915.21860838,0.00000000,0.00000000,0.00000000,0.00000000
1632158915.31866050,0.00000000,0.00000000,0.00000000,0.00000000
1632158915.41861320,0.00000000,0.00000000,0.00000000,0.00000000
1632158915.51864719,0.00000000,0.00000000,0.00000000,0.00000000
1632158915.61861897,0.00000000,0.00000000,0.00000000,0.00000000
1632158915.71861625,0.00000000,0.00000000,0.00000000,0.00000000
1632158915.81861854,0.00000000,0.00000000,0.00000000,0.00000000
1632158915.91861987,0.00000000,0.00000000,0.00000000,0.00000000
1632158916.01862073,0.00000000,0.00000000,0.00000000,0.00000000
1632158916.11864877,0.00000000,0.00000000,0.00000000,0.00000000
1632158916.21863961,0.00000000,0.00000000,0.00000000,0.00000000
1632158916.31865621,0.00000000,0.00000000,0.00000000,0.00000000
1632158916.41863060,0.00000000,0.00000000,0.00000000,0.00000000
1632158916.51859450,0.00000000,0.00000000,0.00000000,0.00000000
1632158916.61863184,0.00000000,0.00000000,0.00000000,0.00000000
1632158916.71861267,0.00000000,0.00000000,0.00000000,0.00000000
1632158916.81862211,0.00000000,0.00000000,0.00000000,0.00000000
1632158916.91862202,0.00000000,0.00000000,0.00000000,0.00000000
1632158917.01861930,0.00000000,0.00000000,0.00000000,0.00000000
1632158917.11861634,0.00000000,0.00000000,0.00000000,0.00000000
1632158917.21861529,0.00000000,0.00000000,0.00000000,0.00000000
1632158917.31862831,0.00000000,0.00000000,0.00000000,0.00000000
1632158917.41861200,0.00000000,0.00000000,0.00000000,0.00000000
1632158917.51861072,0.00000000,0.00000000,0.00000000,0.00000000
1632158917.61865592,0.00000000,0.00000000,0.00000000,0.00000000
1632158917.71865678,0.00000000,0.00000000,0.00000000,0.00000000
1632158917.81863427,0.00000000,0.00000000,0.00000000,0.00000000
1632158917.91863656,0.00000000,0.00000000,0.00000000,0.00000000
1632158918.01861191,0.00000000,0.00000000,0.00000000,0.00000000
1632158918.11865020,0.00000000,0.00000000,0.00000000,0.00000000
1632158918.21861601,0.00000000,0.00000000,0.00000000,0.00000000
1632158918.31860948,0.00000000,0.00000000,0.00000000,0.00000000
1632158918.41861033,0.00000000,0.00000000,0.00000000,0.00000000
1632158918.51860046,0.00000000,0.00000000,0.00000000,0.00000000
1632158918.61864257,0.00000000,0.00000000,0.00000000,0.00000000
1632158918.71861291,0.00000000,0.00000000,0.00000000,0.00000000
1632158918.81861925,0.00000000,0.00000000,0.00000000,0.00000000
1632158918.91863751,0.00000000,0.00000000,0.00000000,0.00000000
1632158919.01861572,0.00000000,0.00000000,0.00000000,0.00000000
1632158919.11862063,0.00000000,0.00000000,0.00000000,0.00000000
1632158919.21861649,0.00000000,0.00000000,0.00000000,0.00000000
1632158919.31860542,0.00000000,0.00000000,0.00000000,0.00000000
1632158919.41866064,0.00000000,0.00000000,0.00000000,0.00000000
1632158919.51863265,0.00000000,0.00000000,0.00000000,0.00000000
1632158919.61861324,0.00000000,0.00000000,0.00000000,0.00000000
1632158919.71864605,0.00000000,0.00000000,0.00000000,0.00000000
1632158919.81870174,0.00000000,0.00000000,0.00000000,0.00000000
1632158919.91861773,0.00000000,0.00000000,0.00000000,0.00000000
1632158920.01865315,0.00000000,0.00000000,0.00000000,0.00000000
1632158920.11866093,0.00000000,0.00000000,0.00000000,0.00000000
1632158920.21861362,0.00000000,0.00000000,0.00000000,0.00000000
1632158920.31860971,0.00000000,0.00000000,0.00000000,0.00000000
1632158920.41860986,0.00000000,0.00000000,0.00000000,0.00000000
1632158920.51861858,0.00000000,0.00000000,0.00000000,0.00000000
1632158920.61861730,0.00000000,0.00000000,0.00000000,0.00000000
1632158920.71865559,0.00000000,0.00000000,0.00000000,0.00000000
1632158920.81860971,0.00000000,0.00000000,0.00000000,0.00000000
1632158920.91859150,0.00000000,0.00000000,0.00000000,0.00000000
1632158921.01861215,0.00000000,0.00000000,0.00000000,0.00000000
1632158921.11862493,0.00000000,0.00000000,0.00000000,0.00000000
1632158921.21864820,0.00000000,0.00000000,0.00000000,0.00000000
1632158921.31861949,0.00000000,0.00000000,0.00000000,0.00000000
1632158921.41858816,0.00000000,0.00000000,0.00000000,0.00000000
1632158921.51861763,0.00000000,0.00000000,0.00000000,0.00000000
1632158921.61861753,0.00000000,0.00000000,0.00000000,0.00000000
1632158921.71858740,0.00000000,0.00000000,0.00000000,0.00000000
1632158921.81864047,0.00000000,0.00000000,0.00000000,0.00000000
1632158921.91861534,0.00000000,0.00000000,0.00000000,0.00000000
1632158922.01865220,0.00000000,0.00000000,0.00000000,0.00000000
1632158922.11862063,0.00000000,0.00000000,0.00000000,0.00000000
1632158922.21862006,0.00000000,0.00000000,0.00000000,0.00000000
1632158922.31861401,0.00000000,0.00000000,0.00000000,0.00000000
1632158922.41859055,0.00000000,0.00000000,0.00000000,0.00000000
1632158922.51858902,0.00000000,0.00000000,0.00000000,0.00000000
1632158922.61862874,0.00000000,0.00000000,0.00000000,0.00000000
1632158922.71861649,0.00000000,0.00000000,0.00000000,0.00000000
1632158922.81858754,0.00000000,0.00000000,0.00000000,0.00000000
1632158922.91861939,0.00000000,0.00000000,0.00000000,0.00000000
1632158923.01861286,0.00000000,0.00000000,0.00000000,0.00000000
1632158923.11858797,0.00000000,0.00000000,0.00000000,0.00000000
1632158923.21861267,0.00000000,0.00000000,0.00000000,0.00000000
1632158923.31864166,0.00000000,0.00000000,0.00000000,0.00000000
1632158923.41861653,0.00000000,0.00000000,0.00000000,0.00000000
1632158923.51862192,0.00000000,0.00000000,0.00000000,0.00000000
1632158923.61860847,0.00000000,0.00000000,0.00000000,0.00000000
1632158923.71859002,0.00000000,0.00000000,0.00000000,0.00000000
1632158923.81858826,0.00000000,0.00000000,0.00000000,0.00000000
1632158923.91858768,0.00000000,0.00000000,0.00000000,0.00000000
1632158924.01861572,0.00000000,0.00000000,0.00000000,0.00000000
1632158924.11861038,0.00000000,0.00000000,0.00000000,0.00000000
1632158924.21861839,0.00000000,0.00000000,0.00000000,0.00000000
1632158924.31861663,0.00000000,0.00000000,0.00000000,0.00000000
1632158924.41864228,0.00000000,0.00000000,0.00000000,0.00000000
1632158924.51858759,0.00000000,0.00000000,0.00000000,0.00000000
1632158924.61861634,0.00000000,0.00000000,0.00000000,0.00000000
1632158924.71860576,0.00000000,0.00000000,0.00000000,0.00000000
1632158924.81861544,0.00000000,0.00000000,0.00000000,0.00000000
1632158924.91859865,0.00000000,0.00000000,0.00000000,0.00000000
1632158925.01856780,0.00000000,0.00000000,0.00000000,0.00000000
1632158925.11861491,0.00000000,0.00000000,0.00000000,0.00000000
1632158925.21859097,0.00000000,0.00000000,0.00000000,0.00000000
1632158925.31861162,0.00000000,0.00000000,0.00000000,0.00000000
1632158925.41861677,0.00000000,0.00000000,0.00000000,0.00000000
1632158925.51861525,0.00000000,0.00000000,0.00000000,0.00000000
1632158925.61861563,0.00000000,0.00000000,0.00000000,0.00000000
1632158925.71861076,0.00000000,0.00000000,0.00000000,0.00000000
1632158925.81861639,0.00000000,0.00000000,0.00000000,0.00000000
1632158925.91862059,0.00000000,0.00000000,0.00000000,0.00000000
1632158926.01861668,0.00000000,0.00000000,0.00000000,0.00000000
1632158926.11858726,0.00000000,0.00000000,0.00000000,0.00000000
1632158926.21860862,0.00000000,0.00000000,0.00000000,0.00000000
1632158926.31862068,0.00000000,0.00000000,0.00000000,0.00000000
1632158926.41861510,0.00000000,0.00000000,0.00000000,0.00000000
1632158926.51861548,0.00000000,0.00000000,0.00000000,0.00000000
1632158926.61861634,0.00000000,0.00000000,0.00000000,0.00000000
1632158926.71861553,0.00000000,0.00000000,0.00000000,0.00000000
1632158926.81861615,0.00000000,0.00000000,0.00000000,0.00000000
1632158926.91858578,0.00000000,0.00000000,0.00000000,0.00000000
1632158927.01861835,0.00000000,0.00000000,0.00000000,0.00000000
1632158927.11858773,0.00000000,0.00000000,0.00000000,0.00000000
1632158927.21861696,0.00000000,0.00000000,0.00000000,0.00000000
1632158927.31861663,0.00000000,0.00000000,0.00000000,0.00000000
1632158927.41861105,0.00000000,0.00000000,0.00000000,0.00000000
1632158927.51861024,0.00000000,0.00000000,0.00000000,0.00000000
1632158927.61858988,0.00000000,0.00000000,0.00000000,0.00000000
1632158927.71861076,0.00000000,0.00000000,0.00000000,0.00000000
1632158927.81861544,0.00000000,0.00000000,0.00000000,0.00000000
1632158927.91861701,0.00000000,0.00000000,0.00000000,0.00000000
1632158928.01861596,0.00000000,0.00000000,0.00000000,0.00000000
1632158928.11861730,0.00000000,0.00000000,0.00000000,0.00000000
1632158928.21861100,0.00000000,0.00000000,0.00000000,0.00000000
1632158928.31861567,0.00000000,0.00000000,0.00000000,0.00000000
1632158928.41861606,0.00000000,0.00000000,0.00000000,0.00000000
1632158928.51858735,0.00000000,0.00000000,0.00000000,0.00000000
1632158928.61858964,0.00000000,0.00000000,0.00000000,0.00000000
1632158928.71861124,0.00000000,0.00000000,0.00000000,0.00000000
1632158928.81858850,0.00000000,0.00000000,0.00000000,0.00000000
1632158928.91861534,0.00000000,0.00000000,0.00000000,0.00000000
1632158929.01861525,0.00000000,0.00000000,0.00000000,0.00000000
1632158929.11861062,0.00000000,0.00000000,0.00000000,0.00000000
1632158929.21861458,0.00000000,0.00000000,0.00000000,0.00000000
1632158929.31858778,50.00000000,0.00000000,0.00000000,0.00000000
1632158929.41861296,45.24000000,0.00000000,0.00000000,0.00000000
1632158929.51861334,40.94000000,0.00000000,0.00000000,0.00000000
1632158929.61861134,37.04000000,0.00000000,0.00000000,0.00000000
1632158929.71858811,33.52000000,0.00000000,0.00000000,0.00000000
1632158929.81861067,30.33000000,0.00000000,0.00000000,0.00000000
1632158929.91858649,27.44000000,0.00000000,0.00000000,0.00000000
1632158930.01858687,24.83000000,0.00000000,0.00000000,0.00000000
1632158930.11858654,22.47000000,0.00000000,0.00000000,0.00000000
1632158930.21858692,20.33000000,0.00000000,0.00000000,0.00000000
1632158930.31858754,18.39000000,0.00000000,0.00000000,0.00000000
1632158930.41858602,16.64000000,0.00000000,0.00000000,0.00000000
1632158930.51858664,15.06000000,0.00000000,0.00000000,0.00000000
1632158930.61861062,13.63000000,0.00000000,0.00000000,0.00000000
1632158930.71861100,12.33000000,0.00000000,0.00000000,0.00000000
1632158930.81858659,11.16000000,0.00000000,0.00000000,0.00000000
1632158930.91858697,10.09000000,0.00000000,0.00000000,0.00000000
1632158931.01861644,9.13000000,0.00000000,0.00000000,0.00000000
1632158931.11861062,8.26000000,0.00000000,0.00000000,0.00000000
1632158931.21861076,7.48000000,0.00000000,0.00000000,0.00000000
1632158931.31858611,6.77000000,0.00000000,0.00000000,0.00000000
1632158931.41860437,6.12000000,0.00000000,0.00000000,0.00000000
1632158931.51861072,5.54000000,0.00000000,0.00000000,0.00000000
1632158931.61861062,5.01000000,0.00000000,0.00000000,0.00000000
1632158931.71859193,4.54000000,0.00000000,0.00000000,0.00000000
1632158931.81861162,4.10000000,0.00000000,0.00000000,0.00000000
1632158931.91858816,3.71000000,0.00000000,0.00000000,0.00000000
1632158932.01858568,3.36000000,0.00000000,0.00000000,0.00000000
1632158932.11858773,3.04000000,0.00000000,0.00000000,0.00000000
1632158932.21858692,2.75000000,0.00000000,0.00000000,0.00000000
1632158932.31861043,2.49000000,0.00000000,0.00000000,0.00000000
1632158932.41858578,2.25000000,0.00000000,0.00000000,0.00000000
1632158932.51861691,2.04000000,0.00000000,0.00000000,0.00000000
1632158932.61861730,1.84000000,0.00000000,0.00000000,0.00000000
1632158932.71861839,1.67000000,0.00000000,0.00000000,0.00000000
1632158932.81858945,1.51000000,0.00000000,0.00000000,0.00000000
1632158932.91861224,1.37000000,0.00000000,0.00000000,0.00000000
1632158933.01858950,1.24000000,0.00000000,0.00000000,0.00000000
1632158933.11861062,1.12000000,0.00000000,0.00000000,0.00000000
1632158933.21858716,1.01000000,0.00000000,0.00000000,0.00000000
1632158933.31861639,0.92000000,0.00000000,0.00000000,0.00000000
1632158933.41861677,0.83000000,0.00000000,0.00000000,0.00000000
1632158933.51861882,0.75000000,0.00000000,0.00000000,0.00000000
1632158933.61862326,0.68000000,0.00000000,0.00000000,0.00000000
1632158933.71862054,0.61000000,0.00000000,0.00000000,0.00000000
1632158933.81861758,0.56000000,0.00000000,0.00000000,0.00000000
1632158933.91861796,0.50000000,0.00000000,0.00000000,0.00000000
1632158934.01861644,0.45000000,0.00000000,0.00000000,0.00000000
1632158934.11861634,0.41000000,0.00000000,0.00000000,0.00000000
1632158934.21861553,0.37000000,0.00000000,0.00000000,0.00000000
1632158934.31861115,0.34000000,0.00000000,0.00000000,0.00000000
1632158934.41858649,0.30000000,0.00000000,0.00000000,0.00000000
1632158934.51861072,0.28000000,0.00000000,0.00000000,0.00000000
1632158934.61858797,0.25000000,0.00000000,0.00000000,0.00000000
1632158934.71858549,0.23000000,0.00000000,0.00000000,0.00000000
1632158934.81861901,0.20000000,0.00000000,0.00000000,0.00000000
1632158934.91863942,0.18000000,0.00000000,0.00000000,0.00000000
1632158935.01861715,0.17000000,0.00000000,0.00000000,0.00000000
1632158935.11858916,0.15000000,0.00000000,0.00000000,0.00000000
1632158935.21858573,0.14000000,0.00000000,0.00000000,0.00000000
1632158935.31860328,0.12000000,0.00000000,0.00000000,0.00000000
1632158935.41861534,0.11000000,0.00000000,0.00000000,0.00000000
1632158935.51861620,0.10000000,0.00000000,0.00000000,0.00000000
1632158935.61861467,0.09000000,0.00000000,0.00000000,0.00000000
1632158935.71861506,0.08000000,0.00000000,0.00000000,0.00000000
1632158935.81861496,0.08000000,0.00000000,0.00000000,0.00000000
1632158935.91861343,0.07000000,0.00000000,0.00000000,0.00000000
1632158936.01858568,0.06000000,0.00000000,0.00000000,0.00000000
1632158936.11861706,0.06000000,0.00000000,0.00000000,0.00000000
1632158936.21861506,0.00000000,0.00000000,0.00000000,0.00000000
1632158936.31861091,0.00000000,0.00000000,0.00000000,0.00000000
1632158936.41861629,0.00000000,0.00000000,0.00000000,0.00000000
1632158936.51861572,0.00000000,0.00000000,0.00000000,0.00000000
1632158936.61861515,0.00000000,0.00000000,0.00000000,0.00000000
1632158936.71863031,0.00000000,0.00000000,0.00000000,0.00000000
1632158936.81861258,0.00000000,0.00000000,0.00000000,0.00000000
1632158936.91859341,0.00000000,0.00000000,0.00000000,0.00000000
1632158937.01861763,0.00000000,0.00000000,0.00000000,0.00000000
1632158937.11861324,0.00000000,0.00000000,0.00000000,0.00000000
1632158937.21858788,0.00000000,0.00000000,0.00000000,0.00000000
1632158937.31861067,0.00000000,0.00000000,0.00000000,0.00000000
1632158937.41858530,0.00000000,0.00000000,0.00000000,0.00000000
1632158937.51859856,0.00000000,0.00000000,0.00000000,0.00000000
1632158937.61858845,0.00000000,0.00000000,0.00000000,0.00000000
1632158937.71861243,0.00000000,0.00000000,0.00000000,0.00000000
1632158937.81862116,0.00000000,0.00000000,0.00000000,0.00000000
1632158937.91858578,0.00000000,0.00000000,0.00000000,0.00000000
1632158938.01859522,0.00000000,0.00000000,0.00000000,0.00000000
1632158938.11862350,0.00000000,0.00000000,0.00000000,0.00000000
1632158938.21861577,0.00000000,0.00000000,0.00000000,0.00000000
1632158938.31861067,0.00000000,0.00000000,0.00000000,0.00000000
1632158938.41860485,0.00000000,0.00000000,0.00000000,0.00000000
1632158938.51861668,0.00000000,0.00000000,0.00000000,0.00000000
1632158938.61861587,0.00000000,0.00000000,0.00000000,0.00000000
1632158938.71861386,0.00000000,0.00000000,0.00000000,0.00000000
1632158938.81861854,-100.00000000,0.00000000,0.00000000,0.00000000
1632158938.91861677,-90.48000000,0.00000000,0.00000000,0.00000000
1632158939.01862121,-81.87000000,0.00000000,0.00000000,0.00000000
1632158939.11862183,-74.08000000,0.00000000,0.00000000,0.00000000
1632158939.21861935,-67.03000000,0.00000000,0.00000000,0.00000000
1632158939.31861782,-60.65000000,0.00000000,0.00000000,0.00000000
1632158939.41858673,-54.88000000,0.00000000,0.00000000,0.00000000
1632158939.51858687,-49.66000000,0.00000000,0.00000000,0.00000000
1632158939.61861730,-44.93000000,0.00000000,0.00000000,0.00000000
1632158939.71861792,-40.66000000,0.00000000,0.00000000,0.00000000
1632158939.81862092,-36.79000000,0.00000000,0.00000000,0.00000000
1632158939.91861010,-33.29000000,0.00000000,0.00000000,0.00000000
1632158940.01861525,-30.12000000,0.00000000,0.00000000,0.00000000
1632158940.11858869,-27.25000000,0.00000000,0.00000000,0.00000000
1632158940.21859097,-24.66000000,0.00000000,0.00000000,0.00000000
1632158940.31858587,-22.31000000,0.00000000,0.00000000,0.00000000
1632158940.41861153,-20.19000000,0.00000000,0.00000000,0.00000000
1632158940.51861429,-18.27000000,0.00000000,0.00000000,0.00000000
1632158940.61861229,-16.53000000,0.00000000,0.00000000,0.00000000
1632158940.71861076,-14.96000000,0.00000000,0.00000000,0.00000000
1632158940.81861758,-13.53000000,0.00000000,0.00000000,0.00000000
1632158940.91861844,-12.25000000,0.00000000,0.00000000,0.00000000
1632158941.01861787,-11.08000000,0.00000000,0.00000000,0.00000000
1632158941.11862350,-10.03000000,0.00000000,0.00000000,0.00000000
1632158941.21864009,-9.07000000,0.00000000,0.00000000,0.00000000
1632158941.31861567,-8.21000000,0.00000000,0.00000000,0.00000000
1632158941.41859365,-7.43000000,0.00000000,0.00000000,0.00000000
1632158941.51861596,-6.72000000,0.00000000,0.00000000,0.00000000
1632158941.61858726,-6.08000000,0.00000000,0.00000000,0.00000000
1632158941.71861172,-5.50000000,0.00000000,0.00000000,0.00000000
1632158941.81861615,-4.98000000,0.00000000,0.00000000,0.00000000
1632158941.91861582,-4.50000000,0.00000000,0.00000000,0.00000000
1632158942.01861644,-4.08000000,0.00000000,0.00000000,0.00000000
1632158942.11861539,-3.69000000,0.00000000,0.00000000,0.00000000
1632158942.21861768,-3.34000000,0.00000000,0.00000000,0.00000000
1632158942.31860995,-3.02000000,0.00000000,0.00000000,0.00000000
1632158942.41861773,-2.73000000,0.00000000,0.00000000,0.00000000
1632158942.51861119,-2.47000000,0.00000000,0.00000000,0.00000000
1632158942.61861634,-2.24000000,0.00000000,0.00000000,0.00000000
1632158942.71861601,-2.02000000,0.00000000,0.00000000,0.00000000
1632158942.81858587,-1.83000000,0.00000000,0.00000000,0.00000000
1632158942.91858816,-1.66000000,0.00000000,0.00000000,0.00000000
1632158943.01857448,-1.50000000,0.00000000,0.00000000,0.00000000
1632158943.11861515,-1.36000000,0.00000000,0.00000000,0.00000000
1632158943.21861887,-1.23000000,0.00000000,0.00000000,0.00000000
1632158943.31862497,-1.11000000,0.00000000,0.00000000,0.00000000
1632158943.41858602,-1.01000000,0.00000000,0.00000000,0.00000000
1632158943.51861000,-0.91000000,0.00000000,0.00000000,0.00000000
1632158943.61861110,-0.82000000,0.00000000,0.00000000,0.00000000
1632158943.71861076,-0.74000000,0.00000000,0.00000000,0.00000000
1632158943.81861091,-0.67000000,0.00000000,0.00000000,0.00000000
1632158943.91858721,-0.61000000,0.00000000,0.00000000,0.00000000
1632158944.01861715,-0.55000000,0.00000000,0.00000000,0.00000000
1632158944.11861134,-0.50000000,0.00000000,0.00000000,0.00000000
1632158944.21861744,-0.45000000,0.00000000,0.00000000,0.00000000
1632158944.31861639,-0.41000000,0.00000000,0.00000000,0.00000000
1632158944.41861033,-0.37000000,0.00000000,0.00000000,0.00000000
1632158944.51861668,-0.33000000,0.00000000,0.00000000,0.00000000
1632158944.61861849,-0.30000000,0.00000000,0.00000000,0.00000000
1632158944.71861124,-0.27000000,0.00000000,0.00000000,0.00000000
1632158944.81863880,-0.25000000,0.00000000,0.00000000,0.00000000
1632158944.91860580,-0.22000000,0.00000000,0.00000000,0.00000000
1632158945.01858783,-0.20000000,0.00000000,0.00000000,0.00000000
1632158945.11858892,-0.18000000,0.00000000,0.00000000,0.00000000
1632158945.21858954,-0.17000000,0.00000000,0.00000000,0.00000000
1632158945.31861639,-0.15000000,0.00000000,0.00000000,0.00000000
1632158945.41862130,-0.14000000,0.00000000,0.00000000,0.00000000
1632158945.51860762,-0.12000000,0.00000000,0.00000000,0.00000000
1632158945.61862969,-0.11000000,0.00000000,0.00000000,0.00000000
1632158945.71861768,-0.10000000,0.00000000,0.00000000,0.00000000
1632158945.81861711,-0.09000000,0.00000000,0.00000000,0.00000000
1632158945.91861629,-0.08000000,0.00000000,0.00000000,0.00000000
1632158946.01861501,-0.07000000,0.00000000,0.00000000,0.00000000
1632158946.11858845,-0.07000000,0.00000000,0.00000000,0.00000000
1632158946.21858525,-0.06000000,0.00000000,0.00000000,0.00000000
1632158946.31861353,-0.06000000,0.00000000,0.00000000,0.00000000
1632158946.41861820,0.00000000,0.00000000,0.00000000,0.00000000
1632158946.51862645,0.00000000,0.00000000,0.00000000,0.00000000
1632158946.61862159,0.00000000,0.00000000,0.00000000,0.00000000
1632158946.71862054,0.00000000,0.00000000,0.00000000,0.00000000
1632158946.81861567,0.00000000,0.00000000,0.00000000,0.00000000
1632158946.91858935,0.00000000,0.00000000,0.00000000,0.00000000
1632158947.01861596,0.00000000,0.00000000,0.00000000,0.00000000
1632158947.11858559,0.00000000,0.00000000,0.00000000,0.00000000
1632158947.21861529,0.00000000,0.00000000,0.00000000,0.00000000
1632158947.31861043,0.00000000,0.00000000,0.00000000,0.00000000
1632158947.41861677,0.00000000,0.00000000,0.00000000,0.00000000
1632158947.51861572,0.00000000,0.00000000,0.00000000,0.00000000
1632158947.61862421,0.00000000,0.00000000,0.00000000,0.00000000
1632158947.71861720,0.00000000,0.00000000,0.00000000,0.00000000
1632158947.81861806,0.00000000,0.00000000,0.00000000,0.00000000
1632158947.91861606,0.00000000,0.00000000,0.00000000,0.00000000
1632158948.01861525,0.00000000,0.00000000,0.00000000,0.00000000
1632158948.11859059,0.00000000,0.00000000,0.00000000,0.00000000
1632158948.21858716,0.00000000,0.00000000,0.00000000,0.00000000
1632158948.31861138,0.00000000,0.00000000,0.00000000,0.00000000
1632158948.41861677,0.00000000,0.00000000,0.00000000,0.00000000
1632158948.51859188,50.00000000,0.00000000,0.00000000,0.00000000
1632158948.61861658,45.24000000,0.00000000,0.00000000,0.00000000
1632158948.71858597,40.94000000,0.00000000,0.00000000,0.00000000
1632158948.81861758,37.04000000,0.00000000,0.00000000,0.00000000
1632158948.91861773,33.52000000,0.00000000,0.00000000,0.00000000
1632158949.01862431,30.33000000,0.00000000,0.00000000,0.00000000
1632158949.11861801,27.44000000,0.00000000,0.00000000,0.00000000
1632158949.21861553,24.83000000,0.00000000,0.00000000,0.00000000
1632158949.31861711,22.47000000,0.00000000,0.00000000,0.00000000
1632158949.41861725,20.33000000,0.00000000,0.00000000,0.00000000
1632158949.51861858,18.39000000,0.00000000,0.00000000,0.00000000
1632158949.61861944,16.64000000,0.00000000,0.00000000,0.00000000
1632158949.71862411,15.06000000,0.00000000,0.00000000,0.00000000
1632158949.81859064,13.63000000,0.00000000,0.00000000,0.00000000
1632158949.91858959,12.33000000,0.00000000,0.00000000,0.00000000
1632158950.01858807,11.16000000,0.00000000,0.00000000,0.00000000
1632158950.11858630,10.09000000,0.00000000,0.00000000,0.00000000
1632158950.21859574,9.13000000,0.00000000,0.00000000,0.00000000
1632158950.31861663,8.26000000,0.00000000,0.00000000,0.00000000
1632158950.41858792,7.48000000,0.00000000,0.00000000,0.00000000
1632158950.51861930,6.77000000,0.00000000,0.00000000,0.00000000
1632158950.61861110,6.12000000,0.00000000,0.00000000,0.00000000
1632158950.71861482,5.54000000,0.00000000,0.00000000,0.00000000
1632158950.81861639,5.01000000,0.00000000,0.00000000,0.00000000
1632158950.91861868,4.54000000,0.00000000,0.00000000,0.00000000
1632158951.01861572,4.10000000,0.00000000,0.00000000,0.00000000
1632158951.11861539,3.71000000,0.00000000,0.00000000,0.00000000
1632158951.21858883,3.36000000,0.00000000,0.00000000,0.00000000
1632158951.31858587,3.04000000,0.00000000,0.00000000,0.00000000
1632158951.41862631,2.75000000,0.00000000,0.00000000,0.00000000
1632158951.51861477,2.49000000,0.00000000,0.00000000,0.00000000
1632158951.61857915,2.25000000,0.00000000,0.00000000,0.00000000
1632158951.71861625,2.04000000,0.00000000,0.00000000,0.00000000
1632158951.81858611,1.84000000,0.00000000,0.00000000,0.00000000
1632158951.91861153,1.67000000,0.00000000,0.00000000,0.00000000
1632158952.01858568,1.51000000,0.00000000,0.00000000,0.00000000
1632158952.11861849,1.37000000,0.00000000,0.00000000,0.00000000
1632158952.21858931,1.24000000,0.00000000,0.00000000,0.00000000
1632158952.31858921,1.12000000,0.00000000,0.00000000,0.00000000
1632158952.41858840,1.01000000,0.00000000,0.00000000,0.00000000
1632158952.51858997,0.92000000,0.00000000,0.00000000,0.00000000
1632158952.61858916,0.83000000,0.00000000,0.00000000,0.00000000
1632158952.71858549,0.75000000,0.00000000,0.00000000,0.00000000
1632158952.81861329,0.68000000,0.00000000,0.00000000,0.00000000
1632158952.91861916,0.61000000,0.00000000,0.00000000,0.00000000
1632158953.01861072,0.56000000,0.00000000,0.00000000,0.00000000
1632158953.11861110,0.50000000,0.00000000,0.00000000,0.00000000
1632158953.21861434,0.45000000,0.00000000,0.00000000,0.00000000
1632158953.31858611,0.41000000,0.00000000,0.00000000,0.00000000
1632158953.41858506,0.37000000,0.00000000,0.00000000,0.00000000
1632158953.51858497,0.34000000,0.00000000,0.00000000,0.00000000
1632158953.61859012,0.30000000,0.00000000,0.00000000,0.00000000
1632158953.71858764,0.28000000,0.00000000,0.00000000,0.00000000
1632158953.81860995,0.25000000,0.00000000,0.00000000,0.00000000
1632158953.91857600,0.23000000,0.00000000,0.00000000,0.00000000
1632158954.01861095,0.20000000,0.00000000,0.00000000,0.00000000
1632158954.11861515,0.18000000,0.00000000,0.00000000,0.00000000
1632158954.21861649,0.17000000,0.00000000,0.00000000,0.00000000
1632158954.31862378,0.15000000,0.00000000,0.00000000,0.00000000
1632158954.41862273,0.14000000,0.00000000,0.00000000,0.00000000
1632158954.51858997,0.12000000,0.00000000,0.00000000,0.00000000
1632158954.61859107,0.11000000,0.00000000,0.00000000,0.00000000
1632158954.71858859,0.10000000,0.00000000,0.00000000,0.00000000
1632158954.81858778,0.09000000,0.00000000,0.00000000,0.00000000
1632158954.91858792,0.08000000,0.00000000,0.00000000,0.00000000
1632158955.01861596,0.08000000,0.00000000,0.00000000,0.00000000
1632158955.11861944,0.07000000,0.00000000,0.00000000,0.00000000
1632158955.21861243,0.06000000,0.00000000,0.00000000,0.00000000
1632158955.31861639,0.06000000,0.00000000,0.00000000,0.00000000
1632158955.41861463,0.00000000,0.00000000,0.00000000,0.00000000
1632158955.51861453,0.00000000,0.00000000,0.00000000,0.00000000
1632158955.61858606,0.00000000,0.00000000,0.00000000,0.00000000
1632158955.71859312,0.00000000,0.00000000,0.00000000,0.00000000
1632158955.81861925,0.00000000,0.00000000,0.00000000,0.00000000
1632158955.91862011,0.00000000,0.00000000,0.00000000,0.00000000
1632158956.01861310,0.00000000,0.00000000,0.00000000,0.00000000
1632158956.11862135,0.00000000,0.00000000,0.00000000,0.00000000
1632158956.21859026,0.00000000,0.00000000,0.00000000,0.00000000
1632158956.31858635,0.00000000,0.00000000,0.00000000,0.00000000
1632158956.41864300,0.00000000,0.00000000,0.00000000,0.00000000
1632158956.51861620,0.00000000,0.00000000,0.00000000,0.00000000
1632158956.61861086,0.00000000,0.00000000,0.00000000,0.00000000
1632158956.71861529,0.00000000,0.00000000,0.00000000,0.00000000
1632158956.81860995,0.00000000,0.00000000,0.00000000,0.00000000
1632158956.91860986,0.00000000,0.00000000,0.00000000,0.00000000
1632158957.01861429,0.00000000,0.00000000,0.00000000,0.00000000
1632158957.11861563,0.00000000,0.00000000,0.00000000,0.00000000
1632158957.21861053,0.00000000,0.00000000,0.00000000,0.00000000
1632158957.31861019,0.00000000,0.00000000,0.00000000,0.00000000
1632158957.41861629,0.00000000,0.00000000,0.00000000,0.00000000
1632158957.51861620,0.00000000,0.00000000,0.00000000,0.00000000
1632158957.61861587,0.00000000,0.00000000,0.00000000,0.00000000
1632158957.71857905,0.00000000,0.00000000,0.00000000,0.00000000
1632158957.81863976,0.00000000,0.00000000,0.00000000,0.00000000
1632158957.91858649,0.00000000,0.00000000,0.00000000,0.00000000
1632158958.01861620,0.00000000,0.00000000,0.00000000,0.00000000
1632158958.11861181,0.00000000,0.00000000,0.00000000,0.00000000
1632158958.21858597,0.00000000,0.00000000,0.00000000,0.00000000
1632158958.31861424,0.00000000,0.00000000,0.00000000,0.00000000
1632158958.41860962,0.00000000,0.00000000,0.00000000,0.00000000
1632158958.51861572,0.00000000,0.00000000,0.00000000,0.00000000
1632158958.61861253,0.00000000,0.00000000,0.00000000,0.00000000
1632158958.71858692,0.00000000,0.00000000,0.00000000,0.00000000
1632158958.81861615,0.00000000,0.00000000,0.00000000,0.00000000
1632158958.91861534,0.00000000,0.00000000,0.00000000,0.00000000
1632158959.01861525,0.00000000,0.00000000,0.00000000,0.00000000
1632158959.11861396,0.00000000,0.00000000,0.00000000,0.00000000
1632158959.21861982,0.00000000,0.00000000,0.00000000,0.00000000
1632158959.31858802,0.00000000,0.00000000,0.00000000,0.00000000
1632158959.41861057,0.00000000,0.00000000,0.00000000,0.00000000
1632158959.51861739,0.00000000,0.00000000,0.00000000,0.00000000
1632158959.61858892,0.00000000,0.00000000,0.00000000,0.00000000
1632158959.71859097,0.00000000,0.00000000,0.00000000,0.00000000
1632158959.81861186,0.00000000,0.00000000,0.00000000,0.00000000
1632158959.91862655,-100.00000000,0.00000000,0.00000000,0.00000000
1632158960.01861072,-90.48000000,0.00000000,0.00000000,0.00000000
1632158960.11861968,-81.87000000,0.00000000,0.00000000,0.00000000
1632158960.21861053,-74.08000000,0.00000000,0.00000000,0.00000000
1632158960.31861091,-67.03000000,0.00000000,0.00000000,0.00000000
1632158960.41861153,-60.65000000,0.00000000,0.00000000,0.00000000
1632158960.51861548,-54.88000000,0.00000000,0.00000000,0.00000000
1632158960.61861634,-49.66000000,0.00000000,0.00000000,0.00000000
1632158960.71856928,-44.93000000,0.00000000,0.00000000,0.00000000
1632158960.81858015,-40.66000000,0.00000000,0.00000000,0.00000000
1632158960.91861653,-36.79000000,0.00000000,0.00000000,0.00000000
1632158961.01861167,-33.29000000,0.00000000,0.00000000,0.00000000
1632158961.11858749,-30.12000000,0.00000000,0.00000000,0.00000000
1632158961.21861935,-27.25000000,0.00000000,0.00000000,0.00000000
1632158961.31858850,-24.66000000,0.00000000,0.00000000,0.00000000
1632158961.41863465,-22.31000000,0.00000000,0.00000000,0.00000000
1632158961.51861191,-20.19000000,0.00000000,0.00000000,0.00000000
1632158961.61861277,-18.27000000,0.00000000,0.00000000,0.00000000
1632158961.71861982,-16.53000000,0.00000000,0.00000000,0.00000000
1632158961.81862044,-14.96000000,0.00000000,0.00000000,0.00000000
1632158961.91860294,-13.53000000,0.00000000,0.00000000,0.00000000
1632158962.01865149,-12.25000000,0.00000000,0.00000000,0.00000000
1632158962.11864805,-11.08000000,0.00000000,0.00000000,0.00000000
1632158962.21866202,-10.03000000,0.00000000,0.00000000,0.00000000
1632158962.31861258,-9.07000000,0.00000000,0.00000000,0.00000000
1632158962.41862297,-8.21000000,0.00000000,0.00000000,0.00000000
1632158962.51859069,-7.43000000,0.00000000,0.00000000,0.00000000
1632158962.61858821,-6.72000000,0.00000000,0.00000000,0.00000000
1632158962.71861243,-6.08000000,0.00000000,0.00000000,0.00000000
1632158962.81858706,-5.50000000,0.00000000,0.00000000,0.00000000
1632158962.91861200,-4.98000000,0.00000000,0.00000000,0.00000000
1632158963.01861310,-4.50000000,0.00000000,0.00000000,0.00000000
1632158963.11861348,-4.08000000,0.00000000,0.00000000,0.00000000
1632158963.21861506,-3.69000000,0.00000000,0.00000000,0.00000000
1632158963.31861377,-3.34000000,0.00000000,0.00000000,0.00000000
1632158963.41861677,-3.02000000,0.00000000,0.00000000,0.00000000
1632158963.51861835,-2.73000000,0.00000000,0.00000000,0.00000000
1632158963.61862040,-2.47000000,0.00000000,0.00000000,0.00000000
1632158963.71861029,-2.24000000,0.00000000,0.00000000,0.00000000
1632158963.81868792,-2.02000000,0.00000000,0.00000000,0.00000000
1632158963.91864228,-1.83000000,0.00000000,0.00000000,0.00000000
1632158964.01866412,-1.66000000,0.00000000,0.00000000,0.00000000
1632158964.11859035,-1.50000000,0.00000000,0.00000000,0.00000000
1632158964.21860933,-1.36000000,0.00000000,0.00000000,0.00000000
1632158964.31860900,-1.23000000,0.00000000,0.00000000,0.00000000
1632158964.41861415,-1.11000000,0.00000000,0.00000000,0.00000000
1632158964.51860857,-1.01000000,0.00000000,0.00000000,0.00000000
1632158964.61863184,-0.91000000,0.00000000,0.00000000,0.00000000
1632158964.71861124,-0.82000000,0.00000000,0.00000000,0.00000000
1632158964.81863666,-0.74000000,0.00000000,0.00000000,0.00000000
1632158964.91861510,-0.67000000,0.00000000,0.00000000,0.00000000
1632158965.01877141,-0.61000000,0.00000000,0.00000000,0.00000000
1632158965.11862755,-0.55000000,0.00000000,0.00000000,0.00000000
1632158965.21861553,-0.50000000,0.00000000,0.00000000,0.00000000
1632158965.31864882,-0.45000000,0.00000000,0.00000000,0.00000000
1632158965.41861296,-0.41000000,0.00000000,0.00000000,0.00000000
1632158965.51861596,-0.37000000,0.00000000,0.00000000,0.00000000
1632158965.61862421,-0.33000000,0.00000000,0.00000000,0.00000000
1632158965.71862483,-0.30000000,0.00000000,0.00000000,0.00000000
1632158965.81861210,-0.27000000,0.00000000,0.00000000,0.00000000
1632158965.91865826,-0.25000000,0.00000000,0.00000000,0.00000000
1632158966.01861167,-0.22000000,0.00000000,0.00000000,0.00000000
1632158966.11863446,-0.20000000,0.00000000,0.00000000,0.00000000
1632158966.21861982,-0.18000000,0.00000000,0.00000000,0.00000000
1632158966.31864643,-0.17000000,0.00000000,0.00000000,0.00000000
1632158966.41864300,-0.15000000,0.00000000,0.00000000,0.00000000
1632158966.51861215,-0.14000000,0.00000000,0.00000000,0.00000000
1632158966.61864877,-0.12000000,0.00000000,0.00000000,0.00000000
1632158966.71861076,-0.11000000,0.00000000,0.00000000,0.00000000
1632158966.81862903,-0.10000000,0.00000000,0.00000000,0.00000000
1632158966.91860890,-0.09000000,0.00000000,0.00000000,0.00000000
1632158967.01862264,-0.08000000,0.00000000,0.00000000,0.00000000
1632158967.11861777,-0.07000000,0.00000000,0.00000000,0.00000000
1632158967.21861482,-0.07000000,0.00000000,0.00000000,0.00000000
1632158967.31864977,-0.06000000,0.00000000,0.00000000,0.00000000
1632158967.41861677,-0.06000000,0.00000000,0.00000000,0.00000000
1632158967.51861429,0.00000000,0.00000000,0.00000000,0.00000000
1632158967.61861992,0.00000000,0.00000000,0.00000000,0.00000000
1632158967.71862173,0.00000000,0.00000000,0.00000000,0.00000000
1632158967.81865740,0.00000000,0.00000000,0.00000000,0.00000000
1632158967.91865087,0.00000000,0.00000000,0.00000000,0.00000000
1632158968.01864934,0.00000000,0.00000000,0.00000000,0.00000000
1632158968.11861849,0.00000000,0.00000000,0.00000000,0.00000000
1632158968.21861601,0.00000000,0.00000000,0.00000000,0.00000000
1632158968.31861663,0.00000000,0.00000000,0.00000000,0.00000000
1632158968.41861224,0.00000000,0.00000000,0.00000000,0.00000000
1632158968.51861954,0.00000000,0.00000000,0.00000000,0.00000000
1632158968.61866617,0.00000000,0.00000000,0.00000000,0.00000000
1632158968.71861243,0.00000000,0.00000000,0.00000000,0.00000000
1632158968.81861234,0.00000000,0.00000000,0.00000000,0.00000000
1632158968.91861248,0.00000000,0.00000000,0.00000000,0.00000000
1632158969.01865220,0.00000000,0.00000000,0.00000000,0.00000000
1632158969.11860609,0.00000000,0.00000000,0.00000000,0.00000000
1632158969.21864891,0.00000000,0.00000000,0.00000000,0.00000000
1632158969.31861567,0.00000000,0.00000000,0.00000000,0.00000000
1632158969.41861200,0.00000000,0.00000000,0.00000000,0.00000000
1632158969.51861334,0.00000000,0.00000000,0.00000000,0.00000000
1632158969.61861968,0.00000000,0.00000000,0.00000000,0.00000000
1632158969.71862984,0.00000000,0.00000000,0.00000000,0.00000000
1632158969.81861520,0.00000000,0.00000000,0.00000000,0.00000000
1632158969.91868091,0.00000000,0.00000000,0.00000000,0.00000000
1632158970.01861143,0.00000000,0.00000000,0.00000000,0.00000000
1632158970.11861181,0.00000000,0.00000000,0.00000000,0.00000000
1632158970.21861482,0.00000000,0.00000000,0.00000000,0.00000000
1632158970.31861234,0.00000000,0.00000000,0.00000000,0.00000000
1632158970.41860938,0.00000000,0.00000000,0.00000000,0.00000000
1632158970.51862955,0.00000000,0.00000000,0.00000000,0.00000000
1632158970.61861134,0.00000000,0.00000000,0.00000000,0.00000000
1632158970.71861339,0.00000000,0.00000000,0.00000000,0.00000000
1632158970.81861424,0.00000000,0.00000000,0.00000000,0.00000000
1632158970.91863632,0.00000000,0.00000000,0.00000000,0.00000000
1632158971.01862073,0.00000000,0.00000000,0.00000000,0.00000000
1632158971.11864305,0.00000000,0.00000000,0.00000000,0.00000000
1632158971.21862173,0.00000000,0.00000000,0.00000000,0.00000000
1632158971.31861377,0.00000000,0.00000000,0.00000000,0.00000000
1632158971.41858745,0.00000000,0.00000000,0.00000000,0.00000000
1632158971.51861525,0.00000000,0.00000000,0.00000000,0.00000000
1632158971.61862731,0.00000000,0.00000000,0.00000000,0.00000000
1632158971.71861529,0.00000000,0.00000000,0.00000000,0.00000000
1632158971.81858587,0.00000000,0.00000000,0.00000000,0.00000000
1632158971.91861415,0.00000000,0.00000000,0.00000000,0.00000000
1632158972.01865268,0.00000000,0.00000000,0.00000000,0.00000000
1632158972.11861587,0.00000000,0.00000000,0.00000000,0.00000000
1632158972.21861696,0.00000000,0.00000000,0.00000000,0.00000000
1632158972.31861901,0.00000000,0.00000000,0.00000000,0.00000000
1632158972.41862535,0.00000000,0.00000000,0.00000000,0.00000000
1632158972.51862288,0.00000000,0.00000000,0.00000000,0.00000000
1632158972.61862540,0.00000000,0.00000000,0.00000000,0.00000000
1632158972.71865535,0.00000000,0.00000000,0.00000000,0.00000000
1632158972.81862640,0.00000000,0.00000000,0.00000000,0.00000000
1632158972.91861558,0.00000000,0.00000000,0.00000000,0.00000000
1632158973.01861286,0.00000000,0.00000000,0.00000000,0.00000000
1632158973.11861086,0.00000000,0.00000000,0.00000000,0.00000000
1632158973.21861553,0.00000000,0.00000000,0.00000000,0.00000000
1632158973.31861115,0.00000000,0.00000000,0.00000000,0.00000000
1632158973.41861320,0.00000000,0.00000000,0.00000000,0.00000000
1632158973.51861763,0.00000000,0.00000000,0.00000000,0.00000000
1632158973.61865497,0.00000000,0.00000000,0.00000000,0.00000000
1632158973.71865797,0.00000000,0.00000000,0.00000000,0.00000000
1632158973.81866097,0.00000000,0.00000000,0.00000000,0.00000000
1632158973.91865444,0.00000000,0.00000000,0.00000000,0.00000000
1632158974.01865721,0.00000000,0.00000000,0.00000000,0.00000000
1632158974.11863399,0.00000000,0.00000000,0.00000000,0.00000000
1632158974.21863270,0.00000000,0.00000000,0.00000000,0.00000000
1632158974.31861162,0.00000000,0.00000000,0.00000000,0.00000000
1632158974.41862440,0.00000000,0.00000000,0.00000000,0.00000000
1632158974.51861358,0.00000000,0.00000000,0.00000000,0.00000000
1632158974.61862850,0.00000000,0.00000000,0.00000000,0.00000000
1632158974.71863890,0.00000000,0.00000000,0.00000000,0.00000000
1632158974.81861830,0.00000000,0.00000000,0.00000000,0.00000000
1632158974.91862178,0.00000000,0.00000000,0.00000000,0.00000000
1632158975.01863885,0.00000000,0.00000000,0.00000000,0.00000000
1632158975.11861134,0.00000000,0.00000000,0.00000000,0.00000000
1632158975.21861148,0.00000000,0.00000000,0.00000000,0.00000000
1632158975.31860948,0.00000000,0.00000000,0.00000000,0.00000000
1632158975.41860557,0.00000000,0.00000000,0.00000000,0.00000000
1632158975.51860857,0.00000000,0.00000000,0.00000000,0.00000000
1632158975.61861944,0.00000000,0.00000000,0.00000000,0.00000000
1632158975.71860027,0.00000000,0.00000000,0.00000000,0.00000000
1632158975.81861210,0.00000000,0.00000000,0.00000000,0.00000000
1632158975.91861534,0.00000000,0.00000000,0.00000000,0.00000000
1632158976.01861572,0.00000000,0.00000000,0.00000000,0.00000000
1632158976.11861849,0.00000000,0.00000000,0.00000000,0.00000000
1632158976.21861243,0.00000000,0.00000000,0.00000000,0.00000000
1632158976.31860900,0.00000000,0.00000000,0.00000000,0.00000000
1632158976.41861033,0.00000000,0.00000000,0.00000000,0.00000000
1632158976.51861095,0.00000000,0.00000000,0.00000000,0.00000000
1632158976.61861849,0.00000000,0.00000000,0.00000000,0.00000000
1632158976.71862364,0.00000000,0.00000000,0.00000000,0.00000000
1632158976.81861258,0.00000000,0.00000000,0.00000000,0.00000000
1632158976.91865087,0.00000000,0.00000000,0.00000000,0.00000000
1632158977.01861954,0.00000000,0.00000000,0.00000000,0.00000000
1632158977.11863494,0.00000000,0.00000000,0.00000000,0.00000000
1632158977.21862864,0.00000000,0.00000000,0.00000000,0.00000000
1632158977.31864619,0.00000000,0.00000000,0.00000000,0.00000000
1632158977.41860938,0.00000000,0.00000000,0.00000000,0.00000000
1632158977.51861215,0.00000000,0.00000000,0.00000000,0.00000000
1632158977.61862397,0.00000000,0.00000000,0.00000000,0.00000000
1632158977.71861291,0.00000000,0.00000000,0.00000000,0.00000000
1632158977.81861234,0.00000000,0.00000000,0.00000000,0.00000000
1632158977.91861820,0.00000000,0.00000000,0.00000000,0.00000000
1632158978.01862621,0.00000000,0.00000000,0.00000000,0.00000000
1632158978.11862969,0.00000000,0.00000000,0.00000000,0.00000000
1632158978.21861815,0.00000000,0.00000000,0.00000000,0.00000000
1632158978.31860638,0.00000000,0.00000000,0.00000000,0.00000000
1632158978.41870165,0.00000000,0.00000000,0.00000000,0.00000000
1632158978.51861882,0.00000000,0.00000000,0.00000000,0.00000000
1632158978.61865234,0.00000000,0.00000000,0.00000000,0.00000000
1632158978.71875048,0.00000000,0.00000000,0.00000000,0.00000000
1632158978.81858897,0.00000000,0.00000000,0.00000000,0.00000000
1632158978.91862249,0.00000000,0.00000000,0.00000000,0.00000000
1632158979.01867986,0.00000000,0.00000000,0.00000000,0.00000000
1632158979.11860967,0.00000000,0.00000000,0.00000000,0.00000000
1632158979.21861458,0.00000000,0.00000000,0.00000000,0.00000000
1632158979.31861663,0.00000000,0.00000000,0.00000000,0.00000000
1632158979.41861844,0.00000000,0.00000000,0.00000000,0.00000000
1632158979.51861525,0.00000000,0.00000000,0.00000000,0.00000000
1632158979.61861086,0.00000000,0.00000000,0.00000000,0.00000000
1632158979.71861434,0.00000000,0.00000000,0.00000000,0.00000000
1632158979.81861234,0.00000000,0.00000000,0.00000000,0.00000000
1632158979.91860795,0.00000000,0.00000000,0.00000000,0.00000000
1632158980.01904368,0.00000000,0.00000000,0.00000000,0.00000000
1632158980.11862731,0.00000000,0.00000000,0.00000000,0.00000000
1632158980.21861792,0.00000000,0.00000000,0.00000000,0.00000000
1632158980.31864905,0.00000000,0.00000000,0.00000000,0.00000000
1632158980.41861033,0.00000000,0.00000000,0.00000000,0.00000000
1632158980.51861644,0.00000000,0.00000000,0.00000000,0.00000000
1632158980.61865664,0.00000000,0.00000000,0.00000000,0.00000000
1632158980.71866250,0.00000000,0.00000000,0.00000000,0.00000000
1632158980.81866741,0.00000000,0.00000000,0.00000000,0.00000000
1632158980.91860676,0.00000000,0.00000000,0.00000000,0.00000000
1632158981.01863003,0.00000000,0.00000000,0.00000000,0.00000000
1632158981.11861229,0.00000000,0.00000000,0.00000000,0.00000000
1632158981.21866274,0.00000000,0.00000000,0.00000000,0.00000000
1632158981.31861925,0.00000000,0.00000000,0.00000000,0.00000000
1632158981.41864991,0.00000000,0.00000000,0.00000000,0.00000000
1632158981.51861262,0.00000000,0.00000000,0.00000000,0.00000000
1632158981.61865091,0.00000000,0.00000000,0.00000000,0.00000000
1632158981.71860886,0.00000000,0.00000000,0.00000000,0.00000000
1632158981.81864691,0.00000000,0.00000000,0.00000000,0.00000000
1632158981.91860175,0.00000000,0.00000000,0.00000000,0.00000000
1632158982.01867723,0.00000000,0.00000000,0.00000000,0.00000000
1632158982.11861873,0.00000000,0.00000000,0.00000000,0.00000000
1632158982.21861267,0.00000000,0.00000000,0.00000000,0.00000000
1632158982.31861281,0.00000000,0.00000000,0.00000000,0.00000000
1632158982.41861248,0.00000000,0.00000000,0.00000000,0.00000000
1632158982.51861191,0.00000000,0.00000000,0.00000000,0.00000000
1632158982.61861253,0.00000000,0.00000000,0.00000000,0.00000000
1632158982.71861577,0.00000000,0.00000000,0.00000000,0.00000000
1632158982.81861091,0.00000000,0.00000000,0.00000000,0.00000000
1632158982.91863203,0.00000000,0.00000000,0.00000000,0.00000000
1632158983.01865435,0.00000000,0.00000000,0.00000000,0.00000000
1632158983.11861086,0.00000000,0.00000000,0.00000000,0.00000000
1632158983.21864748,0.00000000,0.00000000,0.00000000,0.00000000
1632158983.31865501,0.00000000,0.00000000,0.00000000,0.00000000
1632158983.41861987,0.00000000,0.00000000,0.00000000,0.00000000
1632158983.51862121,0.00000000,0.00000000,0.00000000,0.00000000
1632158983.61861944,0.00000000,0.00000000,0.00000000,0.00000000
1632158983.71862054,0.00000000,0.00000000,0.00000000,0.00000000
1632158983.81862092,0.00000000,0.00000000,0.00000000,0.00000000
1632158983.91861558,0.00000000,0.00000000,0.00000000,0.00000000
1632158984.01866794,0.00000000,0.00000000,0.00000000,0.00000000
1632158984.11860895,0.00000000,0.00000000,0.00000000,0.00000000
1632158984.21860886,0.00000000,0.00000000,0.00000000,0.00000000
1632158984.31860971,0.00000000,0.00000000,0.00000000,0.00000000
1632158984.41861367,0.00000000,0.00000000,0.00000000,0.00000000
1632158984.51861739,0.00000000,0.00000000,0.00000000,0.00000000
1632158984.61861205,0.00000000,0.00000000,0.00000000,0.00000000
1632158984.71864939,0.00000000,0.00000000,0.00000000,0.00000000
1632158984.81864929,0.00000000,0.00000000,0.00000000,0.00000000
1632158984.91863990,0.00000000,0.00000000,0.00000000,0.00000000
1632158985.01860929,0.00000000,0.00000000,0.00000000,0.00000000
1632158985.11862087,0.00000000,0.00000000,0.00000000,0.00000000
1632158985.21861172,0.00000000,0.00000000,0.00000000,0.00000000
1632158985.31862664,0.00000000,0.00000000,0.00000000,0.00000000
1632158985.41861534,0.00000000,0.00000000,0.00000000,0.00000000
1632158985.51861906,0.00000000,0.00000000,0.00000000,0.00000000
1632158985.61861348,0.00000000,0.00000000,0.00000000,0.00000000
1632158985.71860790,0.00000000,0.00000000,0.00000000,0.00000000
1632158985.81861258,0.00000000,0.00000000,0.00000000,0.00000000
1632158985.91864610,0.00000000,0.00000000,0.00000000,0.00000000
1632158986.01862741,0.00000000,0.00000000,0.00000000,0.00000000
1632158986.11861992,0.00000000,0.00000000,0.00000000,0.00000000
1632158986.21860981,0.00000000,0.00000000,0.00000000,0.00000000
1632158986.31861234,0.00000000,0.00000000,0.00000000,0.00000000
1632158986.41861558,0.00000000,0.00000000,0.00000000,0.00000000
1632158986.51861167,0.00000000,0.00000000,0.00000000,0.00000000
1632158986.61861467,0.00000000,0.00000000,0.00000000,0.00000000
1632158986.71861768,0.00000000,0.00000000,0.00000000,0.00000000
1632158986.81861520,0.00000000,0.00000000,0.00000000,0.00000000
1632158986.91863251,0.00000000,0.00000000,0.00000000,0.00000000
1632158987.01862597,0.00000000,0.00000000,0.00000000,0.00000000
1632158987.11861205,0.00000000,0.00000000,0.00000000,0.00000000
1632158987.21860695,0.00000000,0.00000000,0.00000000,0.00000000
1632158987.31860924,0.00000000,0.00000000,0.00000000,0.00000000
1632158987.41860962,0.00000000,0.00000000,0.00000000,0.00000000
1632158987.51861143,0.00000000,0.00000000,0.00000000,0.00000000
1632158987.61861324,0.00000000,0.00000000,0.00000000,0.00000000
1632158987.71865320,0.00000000,0.00000000,0.00000000,0.00000000
1632158987.81861138,0.00000000,0.00000000,0.00000000,0.00000000
1632158987.91864991,0.00000000,0.00000000,0.00000000,0.00000000
1632158988.01865625,0.00000000,0.00000000,0.00000000,0.00000000
1632158988.11865997,0.00000000,0.00000000,0.00000000,0.00000000
1632158988.21861649,0.00000000,0.00000000,0.00000000,0.00000000
1632158988.31865549,0.00000000,0.00000000,0.00000000,0.00000000
1632158988.41862106,0.00000000,0.00000000,0.00000000,0.00000000
1632158988.51861072,0.00000000,0.00000000,0.00000000,0.00000000
1632158988.61865044,0.00000000,0.00000000,0.00000000,0.00000000
1632158988.71862888,0.00000000,0.00000000,0.00000000,0.00000000
1632158988.81860995,0.00000000,0.00000000,0.00000000,0.00000000
1632158988.91861057,0.00000000,0.00000000,0.00000000,0.00000000
1632158989.01865816,0.00000000,0.00000000,0.00000000,0.00000000
1632158989.11861539,0.00000000,0.00000000,0.00000000,0.00000000
1632158989.21863437,0.00000000,0.00000000,0.00000000,0.00000000
1632158989.31861448,0.00000000,0.00000000,0.00000000,0.00000000
1632158989.41863441,0.00000000,0.00000000,0.00000000,0.00000000
1632158989.51862264,0.00000000,0.00000000,0.00000000,0.00000000
1632158989.61861920,0.00000000,0.00000000,0.00000000,0.00000000
1632158989.71863079,0.00000000,0.00000000,0.00000000,0.00000000
1632158989.81861448,0.00000000,0.00000000,0.00000000,0.00000000
1632158989.91864157,0.00000000,0.00000000,0.00000000,0.00000000
1632158990.01862574,0.00000000,0.00000000,0.00000000,0.00000000
1632158990.11861372,0.00000000,0.00000000,0.00000000,0.00000000
1632158990.21861267,0.00000000,0.00000000,0.00000000,0.00000000
1632158990.31861353,0.00000000,0.00000000,0.00000000,0.00000000
1632158990.41865993,0.00000000,0.00000000,0.00000000,0.00000000
1632158990.51861382,0.00000000,0.00000000,0.00000000,0.00000000
1632158990.61861897,0.00000000,0.00000000,0.00000000,0.00000000
1632158990.71862435,0.00000000,0.00000000,0.00000000,0.00000000
1632158990.81860805,0.00000000,0.00000000,0.00000000,0.00000000
1632158990.91861391,0.00000000,0.00000000,0.00000000,0.00000000
1632158991.01861167,0.00000000,0.00000000,0.00000000,0.00000000
1632158991.11861253,0.00000000,0.00000000,0.00000000,0.00000000
1632158991.21861386,0.00000000,0.00000000,0.00000000,0.00000000
1632158991.31861711,0.00000000,0.00000000,0.00000000,0.00000000
1632158991.41866159,0.00000000,0.00000000,0.00000000,0.00000000
1632158991.51865530,0.00000000,0.00000000,0.00000000,0.00000000
1632158991.61864853,0.00000000,0.00000000,0.00000000,0.00000000
1632158991.71861482,0.00000000,0.00000000,0.00000000,0.00000000
1632158991.81865335,0.00000000,0.00000000,0.00000000,0.00000000
1632158991.91863132,0.00000000,0.00000000,0.00000000,0.00000000
1632158992.01861477,0.00000000,0.00000000,0.00000000,0.00000000
1632158992.11865234,0.00000000,0.00000000,0.00000000,0.00000000
1632158992.21861672,0.00000000,0.00000000,0.00000000,0.00000000
1632158992.31861281,0.00000000,0.00000000,0.00000000,0.00000000
1632158992.41861081,0.00000000,0.00000000,0.00000000,0.00000000
1632158992.51861501,0.00000000,0.00000000,0.00000000,0.00000000
1632158992.61861825,0.00000000,0.00000000,0.00000000,0.00000000
1632158992.71861267,0.00000000,0.00000000,0.00000000,0.00000000
1632158992.81860113,0.00000000,0.00000000,0.00000000,0.00000000
1632158992.91861081,0.00000000,0.00000000,0.00000000,0.00000000
1632158993.01861763,0.00000000,0.00000000,0.00000000,0.00000000
1632158993.11863446,0.00000000,0.00000000,0.00000000,0.00000000
1632158993.21864891,0.00000000,0.00000000,0.00000000,0.00000000
1632158993.31861973,0.00000000,0.00000000,0.00000000,0.00000000
1632158993.41861296,0.00000000,0.00000000,0.00000000,0.00000000
1632158993.51861620,0.00000000,0.00000000,0.00000000,0.00000000
1632158993.61861086,0.00000000,0.00000000,0.00000000,0.00000000
1632158993.71862388,0.00000000,0.00000000,0.00000000,0.00000000
1632158993.81862307,0.00000000,0.00000000,0.00000000,0.00000000
1632158993.91861534,0.00000000,0.00000000,0.00000000,0.00000000
1632158994.01862335,0.00000000,0.00000000,0.00000000,0.00000000
1632158994.11861420,0.00000000,0.00000000,0.00000000,0.00000000
1632158994.21861053,0.00000000,0.00000000,0.00000000,0.00000000
1632158994.31861138,0.00000000,0.00000000,0.00000000,0.00000000
1632158994.41862178,0.00000000,0.00000000,0.00000000,0.00000000
1632158994.51865125,0.00000000,0.00000000,0.00000000,0.00000000
1632158994.61861587,0.00000000,0.00000000,0.00000000,0.00000000
1632158994.71861386,0.00000000,0.00000000,0.00000000,0.00000000
1632158994.81864905,0.00000000,0.00000000,0.00000000,0.00000000
1632158994.91859412,0.00000000,0.00000000,0.00000000,0.00000000
1632158995.01858687,0.00000000,0.00000000,0.00000000,0.00000000
1632158995.11864591,0.00000000,0.00000000,0.00000000,0.00000000
1632158995.21865416,0.00000000,0.00000000,0.00000000,0.00000000
1632158995.31859374,0.00000000,0.00000000,0.00000000,0.00000000
1632158995.41860723,0.00000000,0.00000000,0.00000000,0.00000000
1632158995.51861095,0.00000000,0.00000000,0.00000000,0.00000000
1632158995.61862946,0.00000000,0.00000000,0.00000000,0.00000000
1632158995.71861339,0.00000000,0.00000000,0.00000000,0.00000000
1632158995.81861997,0.00000000,0.00000000,0.00000000,0.00000000
1632158995.91861010,0.00000000,0.00000000,0.00000000,0.00000000
1632158996.01865530,0.00000000,0.00000000,0.00000000,0.00000000
1632158996.11866546,0.00000000,0.00000000,0.00000000,0.00000000
1632158996.21860671,0.00000000,0.00000000,0.00000000,0.00000000
1632158996.31865001,0.00000000,0.00000000,0.00000000,0.00000000
1632158996.41862130,0.00000000,0.00000000,0.00000000,0.00000000
1632158996.51861191,0.00000000,0.00000000,0.00000000,0.00000000
1632158996.61864924,0.00000000,0.00000000,0.00000000,0.00000000
1632158996.71862507,0.00000000,0.00000000,0.00000000,0.00000000
1632158996.81865811,0.00000000,0.00000000,0.00000000,0.00000000
1632158996.91861296,0.00000000,0.00000000,0.00000000,0.00000000
1632158997.01866174,0.00000000,0.00000000,0.00000000,0.00000000
1632158997.11865401,0.00000000,0.00000000,0.00000000,0.00000000
1632158997.21866012,0.00000000,0.00000000,0.00000000,0.00000000
1632158997.31865931,0.00000000,0.00000000,0.00000000,0.00000000
1632158997.41861320,0.00000000,0.00000000,0.00000000,0.00000000
1632158997.51860929,0.00000000,0.00000000,0.00000000,0.00000000
1632158997.61865878,0.00000000,0.00000000,0.00000000,0.00000000
1632158997.71861649,0.00000000,0.00000000,0.00000000,0.00000000
1632158997.81865788,0.00000000,0.00000000,0.00000000,0.00000000
1632158997.91861248,0.00000000,0.00000000,0.00000000,0.00000000
1632158998.01864982,0.00000000,0.00000000,0.00000000,0.00000000
1632158998.11862540,0.00000000,0.00000000,0.00000000,0.00000000
1632158998.21861982,0.00000000,0.00000000,0.00000000,0.00000000
1632158998.31864905,0.00000000,0.00000000,0.00000000,0.00000000
1632158998.41862249,0.00000000,0.00000000,0.00000000,0.00000000
1632158998.51864719,0.00000000,0.00000000,0.00000000,0.00000000
1632158998.61861992,0.00000000,0.00000000,0.00000000,0.00000000
1632158998.71861362,0.00000000,0.00000000,0.00000000,0.00000000
1632158998.81861591,0.00000000,0.00000000,0.00000000,0.00000000
1632158998.91860938,0.00000000,0.00000000,0.00000000,0.00000000
1632158999.01861477,0.00000000,0.00000000,0.00000000,0.00000000
1632158999.11864948,0.00000000,0.00000000,0.00000000,0.00000000
1632158999.21861982,0.00000000,0.00000000,0.00000000,0.00000000
1632158999.31864381,0.00000000,0.00000000,0.00000000,0.00000000
1632158999.41860199,0.00000000,0.00000000,0.00000000,0.00000000
1632158999.51864672,0.00000000,0.00000000,0.00000000,0.00000000
1632158999.61861205,0.00000000,0.00000000,0.00000000,0.00000000
1632158999.71865606,0.00000000,0.00000000,0.00000000,0.00000000
1632158999.81861019,0.00000000,0.00000000,0.00000000,0.00000000
1632158999.91865301,0.00000000,0.00000000,0.00000000,0.00000000
1632159000.01861143,0.00000000,0.00000000,0.00000000,0.00000000
1632159000.11865282,0.00000000,0.00000000,0.00000000,0.00000000
1632159000.21866632,0.00000000,0.00000000,0.00000000,0.00000000
1632159000.31864572,0.00000000,0.00000000,0.00000000,0.00000000
1632159000.41863203,0.00000000,0.00000000,0.00000000,0.00000000
1632159000.51865530,0.00000000,0.00000000,0.00000000,0.00000000
1632159000.61861157,0.00000000,0.00000000,0.00000000,0.00000000
1632159000.71860933,0.00000000,0.00000000,0.00000000,0.00000000
1632159000.81861782,0.00000000,0.00000000,0.00000000,0.00000000
1632159000.91861320,0.00000000,0.00000000,0.00000000,0.00000000
1632159001.01861668,0.00000000,0.00000000,0.00000000,0.00000000
1632159001.11861968,0.00000000,0.00000000,0.00000000,0.00000000
1632159001.21862578,0.00000000,0.00000000,0.00000000,0.00000000
1632159001.31862521,0.00000000,0.00000000,0.00000000,0.00000000
1632159001.41867685,0.00000000,0.00000000,0.00000000,0.00000000
1632159001.51862383,0.00000000,0.00000000,0.00000000,0.00000000
1632159001.61861229,0.00000000,0.00000000,0.00000000,0.00000000
1632159001.71861172,0.00000000,0.00000000,0.00000000,0.00000000
1632159001.81862473,0.00000000,0.00000000,0.00000000,0.00000000
