Seconds, Linear Velocity, Angular Velocitiy,X,Y
1632159781.16014719,0.00000000,0.00000000,0.00000000,0.00000000
1632159781.26014566,0.00000000,0.00000000,0.00000000,0.00000000
1632159781.36093616,0.00000000,0.00000000,0.00000000,0.00000000
1632159781.46118736,0.00000000,0.00000000,0.00000000,0.00000000
1632159781.56176257,0.00000000,0.00000000,0.00000000,0.00000000
1632159781.66136193,0.00000000,0.00000000,0.00000000,0.00000000
1632159781.76201534,0.00000000,0.00000000,0.00000000,0.00000000
1632159781.86269999,0.00000000,0.00000000,0.00000000,0.00000000
1632159781.96235657,0.00000000,0.00000000,0.00000000,0.00000000
1632159782.06294894,0.00000000,0.00000000,0.00000000,0.00000000
1632159782.16358280,0.00000000,0.00000000,0.00000000,0.00000000
1632159782.26330948,0.00000000,0.00000000,0.00000000,0.00000000
1632159782.36400890,0.00000000,0.00000000,0.00000000,0.00000000
1632159782.46476126,0.00000000,0.00000000,0.00000000,0.00000000
1632159782.56442690,0.00000000,0.00000000,0.00000000,0.00000000
1632159782.66410065,0.00000000,0.00000000,0.00000000,0.00000000
1632159782.76477480,0.00000000,0.00000000,0.00000000,0.00000000
1632159782.86449885,0.00000000,0.00000000,0.00000000,0.00000000
1632159782.96422958,0.00000000,0.00000000,0.00000000,0.00000000
1632159783.06488705,0.00000000,0.00000000,0.00000000,0.00000000
1632159783.16458702,0.00000000,0.00000000,0.00000000,0.00000000
1632159783.26468086,0.00000000,0.00000000,0.00000000,0.00000000
1632159783.36427498,0.00000000,0.00000000,0.00000000,0.00000000
1632159783.46403193,0.00000000,0.00000000,0.00000000,0.00000000
1632159783.56452060,0.00000000,0.00000000,0.00000000,0.00000000
1632159783.66441727,0.00000000,0.00000000,0.00000000,0.00000000
1632159783.76499414,0.00000000,0.00000000,0.00000000,0.00000000
1632159783.86571980,0.00000000,0.00000000,0.00000000,0.00000000
1632159783.96535134,0.00000000,0.00000000,0.00000000,0.00000000
1632159784.06594920,0.00000000,0.00000000,0.00000000,0.00000000
1632159784.16577101,0.00000000,0.00000000,0.00000000,0.00000000
1632159784.26544189,0.00000000,0.00000000,0.00000000,0.00000000
1632159784.36499262,0.00000000,0.00000000,0.00000000,0.00000000
1632159784.46551037,0.00000000,0.00000000,0.00000000,0.00000000
1632159784.56518316,0.00000000,0.00000000,0.00000000,0.00000000
1632159784.66573572,0.00000000,0.00000000,0.00000000,0.00000000
1632159784.76651931,0.00000000,0.00000000,0.00000000,0.00000000
1632159784.86610293,0.00000000,0.00000000,0.00000000,0.00000000
1632159784.96680832,0.00000000,0.00000000,0.00000000,0.00000000
1632159785.06650233,0.00000000,0.00000000,0.00000000,0.00000000
1632159785.16614223,0.00000000,0.00000000,0.00000000,0.00000000
1632159785.26681519,0.00000000,0.00000000,0.00000000,0.00000000
1632159785.36649776,0.00000000,0.00000000,0.00000000,0.00000000
1632159785.46617579,0.00000000,0.00000000,0.00000000,0.00000000
1632159785.56659603,0.00000000,0.00000000,0.00000000,0.00000000
1632159785.66614652,0.00000000,0.00000000,0.00000000,0.00000000
1632159785.76674724,0.00000000,0.00000000,0.00000000,0.00000000
1632159785.86733532,0.00000000,0.00000000,0.00000000,0.00000000
1632159785.96728683,0.00000000,0.00000000,0.00000000,0.00000000
1632159786.06773424,0.00000000,0.00000000,0.00000000,0.00000000
1632159786.16776991,0.00000000,0.00000000,0.00000000,0.00000000
1632159786.26779008,0.00000000,0.00000000,0.00000000,0.00000000
1632159786.36769891,0.00000000,0.00000000,0.00000000,0.00000000
1632159786.46746230,0.00000000,0.00000000,0.00000000,0.00000000
1632159786.56729746,0.00000000,0.00000000,0.00000000,0.00000000
1632159786.66708326,0.00000000,0.00000000,0.00000000,0.00000000
1632159786.76761580,0.00000000,0.00000000,0.00000000,0.00000000
1632159786.86725473,0.00000000,0.00000000,0.00000000,0.00000000
1632159786.96687841,0.00000000,0.00000000,0.00000000,0.00000000
1632159787.06745076,0.00000000,0.00000000,0.00000000,0.00000000
1632159787.16735959,0.00000000,0.00000000,0.00000000,0.00000000
1632159787.26708341,0.00000000,0.00000000,0.00000000,0.00000000
1632159787.36779046,0.00000000,0.00000000,0.00000000,0.00000000
1632159787.46755767,0.00000000,0.00000000,0.00000000,0.00000000
1632159787.56729412,0.00000000,0.00000000,0.00000000,0.00000000
1632159787.66717553,0.00000000,0.00000000,0.00000000,0.00000000
1632159787.76799393,0.00000000,0.00000000,0.00000000,0.00000000
1632159787.86875749,0.00000000,0.00000000,0.00000000,0.00000000
1632159787.96857572,0.00000000,0.00000000,0.00000000,0.00000000
1632159788.06825018,0.00000000,0.00000000,0.00000000,0.00000000
1632159788.16895628,0.00000000,0.00000000,0.00000000,0.00000000
1632159788.26875830,0.00000000,0.00000000,0.00000000,0.00000000
1632159788.36872315,0.00000000,0.00000000,0.00000000,0.00000000
1632159788.46871281,0.00000000,0.00000000,0.00000000,0.00000000
1632159788.56842399,0.00000000,0.00000000,0.00000000,0.00000000
1632159788.66814113,0.00000000,0.00000000,0.00000000,0.00000000
1632159788.76882625,0.00000000,0.00000000,0.00000000,0.00000000
1632159788.86863804,0.00000000,0.00000000,0.00000000,0.00000000
1632159788.96816111,0.00000000,0.00000000,0.00000000,0.00000000
1632159789.06869388,0.00000000,0.00000000,0.00000000,0.00000000
1632159789.16829658,0.00000000,0.00000000,0.00000000,0.00000000
1632159789.26790643,0.00000000,0.00000000,0.00000000,0.00000000
1632159789.36859107,0.00000000,0.00000000,0.00000000,0.00000000
1632159789.46835995,0.00000000,0.00000000,0.00000000,0.00000000
1632159789.56817532,0.00000000,0.00000000,0.00000000,0.00000000
1632159789.66841722,0.00000000,0.00000000,0.00000000,0.00000000
1632159789.76842451,0.00000000,0.00000000,0.00000000,0.00000000
1632159789.86840940,0.00000000,0.00000000,0.00000000,0.00000000
1632159789.96817946,0.00000000,0.00000000,0.00000000,0.00000000
1632159790.06894183,0.00000000,0.00000000,0.00000000,0.00000000
1632159790.16872287,0.00000000,0.00000000,0.00000000,0.00000000
1632159790.26841569,0.00000000,0.00000000,0.00000000,0.00000000
1632159790.36818671,0.00000000,0.00000000,0.00000000,0.00000000
1632159790.46894097,0.00000000,0.00000000,0.00000000,0.00000000
1632159790.56873894,0.00000000,0.00000000,0.00000000,0.00000000
1632159790.66821456,0.00000000,0.00000000,0.00000000,0.00000000
1632159790.76783061,0.00000000,0.00000000,0.00000000,0.00000000
1632159790.86839962,0.00000000,0.00000000,0.00000000,0.00000000
1632159790.96802378,0.00000000,0.00000000,0.00000000,0.00000000
1632159791.06877851,0.00000000,0.00000000,0.00000000,0.00000000
1632159791.16936636,0.00000000,0.00000000,0.00000000,0.00000000
1632159791.26900125,0.00000000,0.00000000,0.00000000,0.00000000
1632159791.36968756,0.00000000,0.00000000,0.00000000,0.00000000
1632159791.46928334,0.00000000,0.00000000,0.00000000,0.00000000
1632159791.56892776,0.00000000,0.00000000,0.00000000,0.00000000
1632159791.66954136,0.00000000,0.00000000,0.00000000,0.00000000
1632159791.76913214,0.00000000,0.00000000,0.00000000,0.00000000
1632159791.86972356,0.00000000,0.00000000,0.00000000,0.00000000
1632159791.96931338,0.00000000,0.00000000,0.00000000,0.00000000
1632159792.06890321,0.00000000,0.00000000,0.00000000,0.00000000
1632159792.16951966,0.00000000,0.00000000,0.00000000,0.00000000
1632159792.26912045,0.00000000,0.00000000,0.00000000,0.00000000
1632159792.36969876,0.00000000,0.00000000,0.00000000,0.00000000
1632159792.46925688,0.00000000,0.00000000,0.00000000,0.00000000
1632159792.56882763,0.00000000,0.00000000,0.00000000,0.00000000
1632159792.66945577,0.00000000,0.00000000,0.00000000,0.00000000
1632159792.76902699,0.00000000,0.00000000,0.00000000,0.00000000
1632159792.86961102,0.00000000,0.00000000,0.00000000,0.00000000
1632159792.96917486,0.00000000,0.00000000,0.00000000,0.00000000
1632159793.06974339,0.00000000,0.00000000,0.00000000,0.00000000
1632159793.17036724,0.00000000,0.00000000,0.00000000,0.00000000
1632159793.26996040,0.00000000,0.00000000,0.00000000,0.00000000
1632159793.37052703,0.00000000,0.00000000,0.00000000,0.00000000
1632159793.47025204,0.00000000,0.00000000,0.00000000,0.00000000
1632159793.56982160,0.00000000,0.00000000,0.00000000,0.00000000
1632159793.67043614,0.00000000,0.00000000,0.00000000,0.00000000
1632159793.77001905,0.00000000,0.00000000,0.00000000,0.00000000
1632159793.87061191,0.00000000,0.00000000,0.00000000,0.00000000
1632159793.97017479,0.00000000,0.00000000,0.00000000,0.00000000
1632159794.06988072,0.00000000,0.00000000,0.00000000,0.00000000
1632159794.17044139,0.00000000,0.00000000,0.00000000,0.00000000
1632159794.27005625,0.00000000,0.00000000,0.00000000,0.00000000
1632159794.37064266,0.00000000,0.00000000,0.00000000,0.00000000
1632159794.47023416,0.00000000,0.00000000,0.00000000,0.00000000
1632159794.56984401,0.00000000,0.00000000,0.00000000,0.00000000
1632159794.67006063,0.03000000,0.00000000,0.00291000,0.00000000
1632159794.77022457,0.06000000,0.00000000,0.00873000,0.00000000
1632159794.87035489,0.09000000,0.00000000,0.01794500,0.00000000
1632159794.97056890,0.12000000,0.00000000,0.02958500,0.00000000
1632159795.07077885,0.14000000,0.00000000,0.04365000,0.00000000
1632159795.17096353,0.11000000,0.00000000,0.05480500,0.00000000
1632159795.27123165,0.14000000,0.00000000,0.06887000,0.00000000
1632159795.37140632,0.13900000,0.00000000,0.08293500,0.00000000
1632159795.47155905,0.13800000,0.00000000,0.09651500,0.00000000
1632159795.57176661,0.10800000,0.00000000,0.10670000,0.00000000
1632159795.67200232,0.07800000,0.00000000,0.11494500,0.00000000
1632159795.77219462,0.10800000,0.00000000,0.12561500,0.00000000
1632159795.87251735,0.13800000,0.00000000,0.13968000,0.00000000
1632159795.97267938,0.14000000,0.00000000,0.15374500,0.00000000
1632159796.07220602,0.13900000,0.00000000,0.16781000,0.00000000
1632159796.17241096,0.13800000,0.00000000,0.18187500,0.00000000
1632159796.27258253,0.13700000,0.00000000,0.19497000,0.00000000
1632159796.37272859,0.13700000,0.00000000,0.20855000,0.00000000
1632159796.47315693,0.13500000,0.00000000,0.22164500,0.00000000
1632159796.57333946,0.13300000,0.00000000,0.23571000,0.00000000
1632159796.67350388,0.13200000,0.00000000,0.24880500,0.00000000
1632159796.77313399,0.13000000,0.00000000,0.26190000,0.00000000
1632159796.87375903,0.12900000,0.00000000,0.27499500,0.00000000
1632159796.97435093,0.12800000,0.00000000,0.28760500,0.00000000
1632159797.07392740,0.12600000,0.00000000,0.29973000,0.00000000
1632159797.17452383,0.12500000,0.00000000,0.31282500,0.00000000
1632159797.27404547,0.12400000,0.00000000,0.32495000,0.00000000
1632159797.37412810,0.12200000,0.00000000,0.33756000,0.00000000
1632159797.47422624,0.12100000,0.00000000,0.34968500,0.00000000
1632159797.57382870,0.12000000,0.00000000,0.36181000,0.00000000
1632159797.67444611,0.11900000,0.00000000,0.37393500,0.00000000
1632159797.77436495,0.11700000,0.00000000,0.38460500,0.00000000
1632159797.87393427,0.11600000,0.00000000,0.39673000,0.00000000
1632159797.97450924,0.11500000,0.00000000,0.40885500,0.00000000
1632159798.07408094,0.11400000,0.00000000,0.41952500,0.00000000
1632159798.17417192,0.11300000,0.00000000,0.43068000,0.00000000
1632159798.27380824,0.11100000,0.00000000,0.44183500,0.00000000
1632159798.37436986,0.11000000,0.00000000,0.45299000,0.00000000
1632159798.47392464,0.10900000,0.00000000,0.46366000,0.00000000
1632159798.57452893,0.10800000,0.00000000,0.47481500,0.00000000
1632159798.67409229,0.10700000,0.00000000,0.48597000,0.00000000
1632159798.77466726,0.10600000,0.00000000,0.49567000,0.00000000
1632159798.87424707,0.10500000,0.00000000,0.50682500,0.00000000
1632159798.97381425,0.10400000,0.00000000,0.51652500,0.00000000
1632159799.07435393,0.10300000,0.00000000,0.52768000,0.00000000
1632159799.17394590,0.10100000,0.00000000,0.53786500,0.00000000
1632159799.27451444,0.10000000,0.00000000,0.54756500,0.00000000
1632159799.37410784,0.09900000,0.00000000,0.55678000,0.00000000
1632159799.47417545,0.09800000,0.00000000,0.56696500,0.00000000
1632159799.57422948,0.09700000,0.00000000,0.57666500,0.00000000
1632159799.67381144,0.09600000,0.00000000,0.58588000,0.00000000
1632159799.77393031,0.09500000,0.00000000,0.59558000,0.00000000
1632159799.87404895,0.09400000,0.00000000,0.60479500,0.00000000
1632159799.97414923,0.09300000,0.00000000,0.61498000,0.00000000
1632159800.07421994,0.09200000,0.00000000,0.62371000,0.00000000
1632159800.17432809,0.09100000,0.00000000,0.63292500,0.00000000
1632159800.27478099,0.09000000,0.00000000,0.64165500,0.00000000
1632159800.37514019,0.09000000,0.00000000,0.65087000,0.00000000
1632159800.47523904,0.08900000,0.00000000,0.65960000,0.00000000
1632159800.57556319,0.08300000,0.00000000,0.66784500,0.00000000
1632159800.67513180,0.07700000,0.00000000,0.67560500,0.00000000
1632159800.77521276,0.07600000,0.00000000,0.68288000,0.00000000
1632159800.87530947,0.07500000,0.00000000,0.69064000,0.00000000
1632159800.97548747,0.07400000,0.00000000,0.69791500,0.00000000
1632159801.07569885,0.07300000,0.00000000,0.70470500,0.00000000
1632159801.17491651,0.07200000,0.00000000,0.71295000,0.00000000
1632159801.27497077,0.07200000,0.00000000,0.71974000,0.00000000
1632159801.37510109,0.07100000,0.00000000,0.72653000,0.00000000
1632159801.47519374,0.07000000,0.00000000,0.73380500,0.00000000
1632159801.57528567,0.06900000,0.00000000,0.74059500,0.00000000
1632159801.67540145,0.06900000,0.00000000,0.74787000,0.00000000
1632159801.77548003,0.06400000,0.00000000,0.75369000,0.00000000
1632159801.87562656,0.05800000,0.00000000,0.75999500,0.00000000
1632159801.97497916,0.05200000,0.00000000,0.76484500,0.00000000
1632159802.07540965,0.04700000,0.00000000,0.76969500,0.00000000
1632159802.17550755,0.04100000,0.00000000,0.77357500,0.00000000
1632159802.27570105,0.03500000,0.00000000,0.77794000,0.00000000
1632159802.37482905,0.03000000,0.00000000,0.78085000,0.00000000
1632159802.47514725,0.02400000,0.00000000,0.78279000,0.00000000
1632159802.57532215,0.02400000,0.00000000,0.78473000,0.00000000
1632159802.67547274,0.02300000,0.00000000,0.78764000,0.00000000
1632159802.77569032,0.02300000,0.00000000,0.78958000,0.00000000
1632159802.87577605,0.02200000,0.00000000,0.79152000,0.00000000
1632159802.97600055,0.02200000,0.00000000,0.79394500,0.00000000
1632159803.07615495,0.02200000,0.00000000,0.79685500,0.00000000
1632159803.17630529,0.02200000,0.00000000,0.79879500,0.00000000
1632159803.27649069,0.02100000,0.00000000,0.80073500,0.00000000
1632159803.37658381,0.02100000,0.00000000,0.80267500,0.00000000
1632159803.47669482,0.02100000,0.00000000,0.80461500,0.00000000
1632159803.57588196,0.02100000,0.00000000,0.80655500,0.00000000
1632159803.67603874,0.02000000,0.00000000,0.80898000,0.00000000
1632159803.77617097,0.02000000,0.00000000,0.81092000,0.00000000
1632159803.87634230,0.02000000,0.00000000,0.81286000,0.00000000
1632159803.97652626,0.02000000,0.00000000,0.81480000,0.00000000
1632159804.07667756,0.02000000,0.00000000,0.81674000,0.00000000
1632159804.17581201,0.01900000,0.00000000,0.81868000,0.00000000
1632159804.27590036,0.01900000,0.00000000,0.82062000,0.00000000
1632159804.37610793,0.01900000,0.00000000,0.82256000,0.00000000
1632159804.47643113,0.01900000,0.00000000,0.82498500,0.00000000
1632159804.57603860,0.01900000,0.00000000,0.82692500,0.00000000
1632159804.67664838,0.01800000,0.00000000,0.82789500,0.00000000
1632159804.77620339,0.01800000,0.00000000,0.82983500,0.00000000
1632159804.87651801,0.01800000,0.00000000,0.83177500,0.00000000
1632159804.97693920,0.01800000,0.00000000,0.83371500,0.00000000
1632159805.07726240,0.01700000,0.00000000,0.83565500,0.00000000
1632159805.17744136,0.01700000,0.00000000,0.83662500,0.00000000
1632159805.27778888,0.01700000,0.00000000,0.83856500,0.00000000
1632159805.37710738,0.01700000,0.00000000,0.84099000,0.00000000
1632159805.47735381,0.01700000,0.00000000,0.84196000,0.00000000
1632159805.57738519,0.01700000,0.00000000,0.84390000,0.00000000
1632159805.67785668,0.01600000,0.00000000,0.84584000,0.00000000
1632159805.77719641,0.01600000,0.00000000,0.84681000,0.00000000
1632159805.87681198,0.01600000,0.00000000,0.84875000,0.00000000
1632159805.97797012,0.01600000,0.00000000,0.84972000,0.00000000
1632159806.07835889,0.01600000,0.00000000,0.85166000,0.00000000
1632159806.17804599,0.01600000,0.00000000,0.85360000,0.00000000
1632159806.27875376,0.01500000,0.00000000,0.85457000,0.00000000
1632159806.37846613,0.01500000,0.00000000,0.85699500,0.00000000
1632159806.47809482,0.01500000,0.00000000,0.85796500,0.00000000
1632159806.57900620,0.01500000,0.00000000,0.85990500,0.00000000
1632159806.67959452,0.01500000,0.00000000,0.86087500,0.00000000
1632159806.77926016,0.01500000,0.00000000,0.86281500,0.00000000
1632159806.87992311,0.01500000,0.00000000,0.86378500,0.00000000
1632159806.97939897,0.01400000,0.00000000,0.86475500,0.00000000
1632159807.07997465,0.01400000,0.00000000,0.86669500,0.00000000
1632159807.18079495,0.00000000,0.00000000,0.86669500,0.00000000
1632159807.28023577,0.03000000,0.00000000,0.86960500,0.00000000
1632159807.38065958,0.06000000,0.00000000,0.87591000,0.00000000
1632159807.48094058,0.09100000,0.00000000,0.88464000,0.00000000
1632159807.58083606,0.12000000,0.00000000,0.89676500,0.00000000
1632159807.68045783,0.15100000,0.00000000,0.91180000,0.00000000
1632159807.78053331,0.16300000,0.00000000,0.92780500,0.00000000
1632159807.88039708,0.16300000,0.00000000,0.94478000,0.00000000
1632159807.98050952,0.16200000,0.00000000,0.96078500,0.00000000
1632159808.08070803,0.16200000,0.00000000,0.97679000,0.00000000
1632159808.18019509,0.16000000,0.00000000,0.99279500,0.00000000
1632159808.28057122,0.15900000,0.00000000,1.00880000,0.00000000
1632159808.38076663,0.15700000,0.00000000,1.02480500,0.00000000
1632159808.48011351,0.15600000,0.00000000,1.03984000,0.00000000
1632159808.58064485,0.15400000,0.00000000,1.05584500,0.00000000
1632159808.68029141,0.15200000,0.00000000,1.07088000,0.00000000
1632159808.78083706,0.15100000,0.00000000,1.08591500,0.00000000
1632159808.88082480,0.14900000,0.00000000,1.10095000,0.00000000
1632159808.98028851,0.14800000,0.00000000,1.11598500,0.00000000
1632159809.08071947,0.14600000,0.00000000,1.12956500,0.00000000
1632159809.18032503,0.14400000,0.00000000,1.14460000,0.00000000
1632159809.28082108,0.14300000,0.00000000,1.15866500,0.00000000
1632159809.38030219,0.14100000,0.00000000,1.17273000,0.00000000
1632159809.48085093,0.14000000,0.00000000,1.18679500,0.00000000
1632159809.58056951,0.13800000,0.00000000,1.20086000,0.00000000
1632159809.68009496,0.13700000,0.00000000,1.21492500,0.00000000
1632159809.78056026,0.13600000,0.00000000,1.22753500,0.00000000
1632159809.88095403,0.13400000,0.00000000,1.24160000,0.00000000
1632159809.98108697,0.13300000,0.00000000,1.25469500,0.00000000
1632159810.08144975,0.13100000,0.00000000,1.26779000,0.00000000
1632159810.18196678,0.13000000,0.00000000,1.28088500,0.00000000
1632159810.28122354,0.12800000,0.00000000,1.29398000,0.00000000
1632159810.38185024,0.12700000,0.00000000,1.30659000,0.00000000
1632159810.48120475,0.12600000,0.00000000,1.31871500,0.00000000
1632159810.58167529,0.12500000,0.00000000,1.33181000,0.00000000
1632159810.68124247,0.12300000,0.00000000,1.34393500,0.00000000
1632159810.78181267,0.12200000,0.00000000,1.35557500,0.00000000
1632159810.88136721,0.12100000,0.00000000,1.36770000,0.00000000
1632159810.98172355,0.11900000,0.00000000,1.37982500,0.00000000
1632159811.08116889,0.11800000,0.00000000,1.39195000,0.00000000
1632159811.18179083,0.11700000,0.00000000,1.40359000,0.00000000
1632159811.28113174,0.11600000,0.00000000,1.41474500,0.00000000
1632159811.38158321,0.11400000,0.00000000,1.42687000,0.00000000
1632159811.48187280,0.11300000,0.00000000,1.43754000,0.00000000
1632159811.58124781,0.11200000,0.00000000,1.44869500,0.00000000
1632159811.68146777,0.11100000,0.00000000,1.45985000,0.00000000
1632159811.78198552,0.11000000,0.00000000,1.47052000,0.00000000
1632159811.88241434,0.10900000,0.00000000,1.48167500,0.00000000
1632159811.98262906,0.10700000,0.00000000,1.49283000,0.00000000
1632159812.08271360,0.10600000,0.00000000,1.50398500,0.00000000
1632159812.18212485,0.10500000,0.00000000,1.51368500,0.00000000
1632159812.28246951,0.10400000,0.00000000,1.52387000,0.00000000
1632159812.38292861,0.10300000,0.00000000,1.53454000,0.00000000
1632159812.48225307,0.10200000,0.00000000,1.54472500,0.00000000
1632159812.58219814,0.10050000,0.01745329,1.55491000,0.00000000
1632159812.68213439,0.09950000,0.01745329,1.56461000,0.00000000
1632159812.78244567,0.09850000,0.03490659,1.57479500,0.00000000
1632159812.88264751,0.09750000,0.03490659,1.58498000,0.00000000
1632159812.98233366,0.09650000,0.05235988,1.59468000,0.00000000
1632159813.08261967,0.09650000,0.06981317,1.60389500,0.00000000
1632159813.18292093,0.09550000,0.06981317,1.61359500,0.00097000
1632159813.28227472,0.09450000,0.08726646,1.62281000,0.00097000
1632159813.38240695,0.09450000,0.08726646,1.63299500,0.00097000
1632159813.48241854,0.09450000,0.08726646,1.64172500,0.00194000
1632159813.58292890,0.09350000,0.10471976,1.65191000,0.00194000
1632159813.68269062,0.06350000,0.10471976,1.65773000,0.00291000
1632159813.78291392,0.04450000,0.10471976,1.66258000,0.00291000
1632159813.88224745,0.04050000,0.10471976,1.66694500,0.00291000
1632159813.98256612,0.04150000,0.10471976,1.67082500,0.00388000
1632159814.08286619,0.03650000,0.12217305,1.67373500,0.00388000
1632159814.18230414,0.03750000,0.12217305,1.67761500,0.00485000
1632159814.28236651,0.03750000,0.12217305,1.68198000,0.00485000
1632159814.38258529,0.03750000,0.12217305,1.68586000,0.00582000
1632159814.48296118,0.03750000,0.12217305,1.68974000,0.00582000
1632159814.58228374,0.03750000,0.12217305,1.69265000,0.00679000
1632159814.68255138,0.03750000,0.12217305,1.69653000,0.00776000
1632159814.78271294,0.00800000,0.00000000,1.69798500,0.00776000
1632159814.88243318,0.00000000,0.00000000,1.69798500,0.00776000
1632159814.98235035,0.00000000,0.00000000,1.69798500,0.00776000
1632159815.08256245,0.00000000,0.00000000,1.69798500,0.00776000
1632159815.18234873,0.00000000,0.00000000,1.69798500,0.00776000
1632159815.28275824,0.00000000,0.00000000,1.69798500,0.00776000
1632159815.38258028,0.00000000,0.00000000,1.69798500,0.00776000
1632159815.48213696,0.00000000,0.00000000,1.69798500,0.00776000
1632159815.58218646,0.00000000,0.00000000,1.69798500,0.00776000
1632159815.68254280,0.00000000,0.00000000,1.69798500,0.00776000
1632159815.78233123,0.00000000,0.00000000,1.69798500,0.00776000
1632159815.88214993,0.00000000,0.00000000,1.69798500,0.00776000
1632159815.98284817,0.00000000,0.00000000,1.69798500,0.00776000
1632159816.08231378,0.00000000,0.00000000,1.69798500,0.00776000
1632159816.18240714,0.00000000,0.00000000,1.69798500,0.00776000
1632159816.28217721,0.00000000,0.00000000,1.69798500,0.00776000
1632159816.38297558,0.00000000,0.00000000,1.69798500,0.00776000
1632159816.48372245,0.00000000,0.00000000,1.69798500,0.00776000
1632159816.58343244,0.00000000,0.00000000,1.69798500,0.00776000
1632159816.68321061,0.00000000,0.00000000,1.69798500,0.00776000
1632159816.78321099,0.00000000,0.00000000,1.69798500,0.00776000
1632159816.88316393,0.00000000,0.00000000,1.69798500,0.00776000
1632159816.98392272,0.00000000,0.00000000,1.69798500,0.00776000
1632159817.08359981,0.00000000,0.00000000,1.69798500,0.00776000
1632159817.18332076,0.00000000,0.00000000,1.69798500,0.00776000
1632159817.28281426,0.00000000,0.00000000,1.69798500,0.00776000
1632159817.38370824,0.00000000,0.00000000,1.69798500,0.00776000
1632159817.48353100,0.00000000,0.00000000,1.69798500,0.00776000
1632159817.58322859,0.00000000,0.00000000,1.69798500,0.00776000
1632159817.68391871,0.00000000,0.00000000,1.69798500,0.00776000
1632159817.78356171,0.00000000,0.00000000,1.69798500,0.00776000
1632159817.88326859,0.00000000,0.00000000,1.69798500,0.00776000
1632159817.98398328,0.00000000,0.00000000,1.69798500,0.00776000
1632159818.08475113,0.00000000,0.00000000,1.69798500,0.00776000
1632159818.18418384,0.00000000,0.00000000,1.69798500,0.00776000
1632159818.28503156,0.00000000,0.00000000,1.69798500,0.00776000
1632159818.38578629,0.00000000,0.00000000,1.69798500,0.00776000
1632159818.48555732,0.00000000,0.00000000,1.69798500,0.00776000
1632159818.58534837,0.00000000,0.00000000,1.69798500,0.00776000
1632159818.68497872,0.00000000,0.00000000,1.69798500,0.00776000
1632159818.78527832,0.00000000,0.00000000,1.69798500,0.00776000
1632159818.88515377,0.00000000,0.00000000,1.69798500,0.00776000
1632159818.98595810,0.00000000,0.00000000,1.69798500,0.00776000
1632159819.08561587,0.00000000,0.00000000,1.69798500,0.00776000
1632159819.18556643,0.00000000,0.00000000,1.69798500,0.00776000
1632159819.28529239,0.00000000,0.00000000,1.69798500,0.00776000
1632159819.38493705,0.00000000,0.00000000,1.69798500,0.00776000
1632159819.48517799,0.00000000,0.00000000,1.69798500,0.00776000
1632159819.58597827,0.00000000,0.00000000,1.69798500,0.00776000
1632159819.68672466,0.00000000,0.00000000,1.69798500,0.00776000
1632159819.78652406,0.00000000,0.00000000,1.69798500,0.00776000
1632159819.88653779,0.00000000,0.00000000,1.69798500,0.00776000
1632159819.98629928,0.00000000,0.00000000,1.69798500,0.00776000
1632159820.08662581,0.00000000,0.00000000,1.69798500,0.00776000
1632159820.18639278,0.00000000,0.00000000,1.69798500,0.00776000
1632159820.28617978,0.00000000,0.00000000,1.69798500,0.00776000
1632159820.38697577,0.00000000,0.00000000,1.69798500,0.00776000
