Seconds,Desired Distance
1632159787.52208686,3.50000000
1632159787.62196708,3.50000000
1632159787.72199249,3.50000000
1632159787.82196856,3.50000000
1632159787.92197561,3.50000000
1632159788.02201152,3.50000000
1632159788.12197113,3.50000000
1632159788.22196674,3.50000000
1632159788.32196045,3.50000000
1632159788.42196441,3.50000000
1632159788.52196956,3.50000000
1632159788.62196231,3.50000000
1632159788.72196341,3.50000000
1632159788.82196283,3.50000000
1632159788.92178369,3.50000000
1632159789.02172756,3.50000000
1632159789.12174559,3.50000000
1632159789.22173738,3.50000000
1632159789.32197452,3.50000000
1632159789.42181325,3.50000000
1632159789.52178097,3.50000000
1632159789.62179756,3.50000000
1632159789.72199798,3.50000000
1632159789.82196760,3.50000000
1632159789.92196774,3.50000000
1632159790.02192926,3.50000000
1632159790.12197709,3.50000000
1632159790.22198153,3.50000000
1632159790.32195568,3.50000000
1632159790.42196202,3.50000000
1632159790.52198696,3.50000000
1632159790.62174129,3.50000000
1632159790.72172761,3.50000000
1632159790.82172751,3.50000000
1632159790.92173696,3.50000000
1632159791.02170491,3.50000000
1632159791.12173700,3.50000000
1632159791.22172713,3.50000000
1632159791.32173586,3.50000000
1632159791.42174006,3.50000000
1632159791.52170563,3.50000000
1632159791.62173653,3.50000000
1632159791.72172666,3.50000000
1632159791.82172823,3.50000000
1632159791.92172790,3.50000000
1632159792.02175093,3.50000000
1632159792.12170291,3.50000000
1632159792.22173119,3.50000000
1632159792.32173038,3.50000000
1632159792.42175364,3.50000000
1632159792.52174330,3.50000000
1632159792.62172937,3.50000000
1632159792.72174263,3.50000000
1632159792.82174182,3.50000000
1632159792.92173290,3.50000000
1632159793.02173066,3.50000000
1632159793.12173033,3.50000000
1632159793.22174144,3.50000000
1632159793.32174277,3.50000000
1632159793.42170525,3.50000000
1632159793.52175212,3.50000000
1632159793.62173080,3.50000000
1632159793.72170997,3.50000000
1632159793.82172513,3.50000000
1632159793.92169785,3.50000000
1632159794.02173352,3.50000000
1632159794.12174988,3.50000000
1632159794.22172332,3.50000000
1632159794.32172394,3.50000000
1632159794.42175651,3.50000000
1632159794.52174401,3.50000000
1632159794.62172771,3.50000000
1632159794.72172642,3.50000000
1632159794.82174373,3.50000000
1632159794.92173219,3.50000000
1632159795.02173305,3.50000000
1632159795.12172461,3.50000000
1632159795.22173047,3.50000000
1632159795.32174540,3.50000000
1632159795.42175007,3.50000000
1632159795.52173042,3.50000000
1632159795.62173033,3.50000000
1632159795.72176170,3.50000000
1632159795.82173944,3.50000000
1632159795.92170191,3.50000000
1632159796.02175546,3.50000000
1632159796.12175822,3.50000000
1632159796.22174048,3.50000000
1632159796.32173514,3.50000000
1632159796.42174602,3.50000000
1632159796.52173400,3.50000000
1632159796.62173414,3.50000000
1632159796.72174120,3.50000000
1632159796.82174182,3.50000000
1632159796.92174673,3.50000000
1632159797.02175856,3.50000000
1632159797.12172723,3.50000000
1632159797.22173214,3.50000000
1632159797.32174253,3.50000000
1632159797.42175221,3.50000000
1632159797.52173591,3.50000000
1632159797.62173295,3.50000000
1632159797.72175956,3.50000000
1632159797.82173514,3.50000000
1632159797.92173243,3.50000000
1632159798.02174163,3.50000000
1632159798.12174320,3.50000000
1632159798.22173214,3.50000000
1632159798.32172394,3.50000000
1632159798.42173553,3.50000000
1632159798.52174187,3.50000000
1632159798.62173176,3.50000000
1632159798.72173619,3.50000000
1632159798.82172990,3.50000000
1632159798.92175007,3.50000000
1632159799.02175403,3.50000000
1632159799.12172675,3.50000000
1632159799.22175264,3.50000000
1632159799.32175827,3.50000000
1632159799.42172146,3.50000000
1632159799.52173185,3.50000000
1632159799.62173843,3.50000000
1632159799.72175527,3.50000000
1632159799.82175183,3.50000000
1632159799.92173719,3.50000000
1632159800.02175736,3.50000000
1632159800.12174988,3.50000000
1632159800.22174287,3.50000000
1632159800.32175183,3.50000000
1632159800.42174435,3.50000000
1632159800.52174664,3.50000000
1632159800.62175918,3.50000000
1632159800.72175217,3.50000000
1632159800.82175040,3.50000000
1632159800.92175055,3.50000000
1632159801.02173829,3.50000000
1632159801.12175560,3.50000000
1632159801.22171497,3.50000000
1632159801.32171917,3.50000000
1632159801.42171073,3.50000000
1632159801.52171063,3.50000000
1632159801.62171602,3.50000000
1632159801.72179008,3.50000000
1632159801.82170177,3.50000000
1632159801.92170763,3.50000000
1632159802.02172852,3.50000000
1632159802.12174892,3.50000000
1632159802.22171283,3.50000000
1632159802.32169628,3.50000000
1632159802.42174363,3.50000000
1632159802.52173948,3.50000000
1632159802.62173462,3.50000000
1632159802.72169852,3.50000000
1632159802.82173181,3.50000000
1632159802.92174315,3.50000000
1632159803.02172518,3.50000000
1632159803.12171960,3.50000000
1632159803.22173309,3.50000000
1632159803.32185793,3.50000000
1632159803.42170525,3.50000000
1632159803.52173328,3.50000000
1632159803.62170172,3.50000000
1632159803.72178149,3.50000000
1632159803.82173228,3.50000000
1632159803.92173791,3.50000000
1632159804.02175307,3.50000000
1632159804.12171960,3.50000000
1632159804.22172999,3.50000000
1632159804.32170820,3.50000000
1632159804.42172241,3.50000000
1632159804.52199221,3.50000000
1632159804.62176633,3.50000000
1632159804.72198319,3.50000000
1632159804.82197428,3.50000000
1632159804.92199922,3.50000000
1632159805.02204704,3.50000000
1632159805.12196898,3.50000000
1632159805.22197270,3.50000000
1632159805.32200050,3.50000000
1632159805.42198205,3.50000000
1632159805.52178693,3.50000000
1632159805.62202597,3.50000000
1632159805.72199178,3.50000000
1632159805.82196689,3.50000000
1632159805.92197990,3.50000000
1632159806.02192879,3.50000000
1632159806.12203860,3.50000000
1632159806.22196150,3.50000000
1632159806.32174683,3.50000000
1632159806.42211890,3.50000000
1632159806.52173805,3.50000000
1632159806.62202525,3.50000000
1632159806.72202325,2.00000000
1632159806.82182384,2.00000000
1632159806.92195749,2.00000000
1632159807.02195859,2.00000000
1632159807.12201762,2.00000000
1632159807.22201037,2.00000000
1632159807.32200265,2.00000000
1632159807.42202139,2.00000000
1632159807.52201629,2.00000000
1632159807.62212682,2.00000000
1632159807.72195387,2.00000000
1632159807.82174516,2.00000000
1632159807.92172480,2.00000000
1632159808.02173162,2.00000000
1632159808.12198591,2.00000000
1632159808.22188997,2.00000000
1632159808.32203388,2.00000000
1632159808.42204309,2.00000000
1632159808.52238727,2.00000000
1632159808.62193680,2.00000000
1632159808.72199392,2.00000000
1632159808.82197833,2.00000000
1632159808.92196417,2.00000000
1632159809.02198434,2.00000000
1632159809.12197328,2.00000000
1632159809.22201276,2.00000000
1632159809.32199979,2.00000000
1632159809.42196918,2.00000000
1632159809.52201605,2.00000000
1632159809.62197614,2.00000000
1632159809.72202921,2.00000000
1632159809.82195663,2.00000000
1632159809.92197561,2.00000000
1632159810.02197433,2.00000000
1632159810.12198544,2.00000000
1632159810.22201467,2.00000000
1632159810.32192016,2.00000000
1632159810.42185783,2.00000000
1632159810.52199364,2.00000000
1632159810.62194371,2.00000000
1632159810.72197437,2.00000000
1632159810.82200813,2.00000000
1632159810.92204618,2.00000000
1632159811.02205348,2.00000000
1632159811.12201905,2.00000000
1632159811.22200847,2.00000000
1632159811.32197118,2.00000000
1632159811.42206883,2.00000000
1632159811.52205944,2.00000000
1632159811.62208080,2.00000000
1632159811.72197604,2.00000000
1632159811.82196426,2.00000000
1632159811.92196560,2.00000000
1632159812.02181649,2.00000000
1632159812.12195182,2.00000000
1632159812.22188330,2.00000000
1632159812.32183528,2.00000000
1632159812.42194963,2.00000000
1632159812.52199006,2.00000000
1632159812.62198353,2.00000000
1632159812.72196484,2.00000000
1632159812.82204199,2.00000000
1632159812.92187643,2.00000000
1632159813.02193213,2.00000000
1632159813.12196755,2.00000000
1632159813.22196364,2.00000000
1632159813.32197547,2.00000000
1632159813.42198277,2.00000000
1632159813.52196360,2.00000000
1632159813.62207985,2.00000000
1632159813.72198391,2.00000000
1632159813.82203507,2.00000000
1632159813.92203188,2.00000000
1632159814.02201414,2.00000000
1632159814.12195659,2.00000000
1632159814.22196460,2.00000000
1632159814.32200074,2.00000000
1632159814.42200565,2.00000000
1632159814.52195263,2.00000000
1632159814.62195420,2.00000000
1632159814.72193789,2.00000000
1632159814.82173443,2.00000000
1632159814.92178941,2.00000000
1632159815.02200627,2.00000000
1632159815.12192869,2.00000000
1632159815.22196317,2.00000000
