Seconds,Desired Distance
1632158908.30486917,3.50000000
1632158908.40476537,3.50000000
1632158908.50473094,3.50000000
1632158908.60473037,3.50000000
1632158908.70470047,3.50000000
1632158908.80448794,3.50000000
1632158908.90458035,3.50000000
1632158909.00476146,3.50000000
1632158909.10468793,3.50000000
1632158909.20474720,3.50000000
1632158909.30480337,3.50000000
1632158909.40473890,3.50000000
1632158909.50481701,3.50000000
1632158909.60471368,3.50000000
1632158909.70470190,3.50000000
1632158909.80444431,3.50000000
1632158909.90445662,3.50000000
1632158910.00448608,3.50000000
1632158910.10445285,3.50000000
1632158910.20479155,3.50000000
1632158910.30471635,3.50000000
1632158910.40468669,3.50000000
1632158910.50478196,3.50000000
1632158910.60468173,3.50000000
1632158910.70470977,3.50000000
1632158910.80474830,3.50000000
1632158910.90477014,3.50000000
1632158911.00469232,3.50000000
1632158911.10478735,3.50000000
1632158911.20480013,3.50000000
1632158911.30478692,3.50000000
1632158911.40481377,3.50000000
1632158911.50479913,3.50000000
1632158911.60478926,3.50000000
1632158911.70472670,3.50000000
1632158911.80471849,3.50000000
1632158911.90467143,3.50000000
1632158912.00446415,3.50000000
1632158912.10447001,3.50000000
1632158912.20448923,3.50000000
1632158912.30447936,3.50000000
1632158912.40457153,3.50000000
1632158912.50471878,3.50000000
1632158912.60471940,3.50000000
1632158912.70472693,3.50000000
1632158912.80468631,3.50000000
1632158912.90478063,3.50000000
1632158913.00485611,3.50000000
1632158913.10486770,3.50000000
1632158913.20482397,3.50000000
1632158913.30483747,3.50000000
1632158913.40472436,3.50000000
1632158913.50470877,3.50000000
1632158913.60484672,3.50000000
1632158913.70483041,3.50000000
1632158913.80483270,3.50000000
1632158913.90446472,3.50000000
1632158914.00450659,3.50000000
1632158914.10452032,3.50000000
1632158914.20479536,3.50000000
1632158914.30466056,3.50000000
1632158914.40476704,3.50000000
1632158914.50469422,3.50000000
1632158914.60476351,3.50000000
1632158914.70477009,3.50000000
1632158914.80478430,3.50000000
1632158914.90475106,3.50000000
1632158915.00477433,3.50000000
1632158915.10476923,3.50000000
1632158915.20470786,3.50000000
1632158915.30467439,3.50000000
1632158915.40480471,3.50000000
1632158915.50468516,3.50000000
1632158915.60480571,3.50000000
1632158915.70476508,3.50000000
1632158915.80480838,3.50000000
1632158915.90472388,3.50000000
1632158916.00474524,3.50000000
1632158916.10473776,3.50000000
1632158916.20470428,3.50000000
1632158916.30478573,3.50000000
1632158916.40472674,3.50000000
1632158916.50476527,3.50000000
1632158916.60477901,3.50000000
1632158916.70480132,3.50000000
1632158916.80470371,3.50000000
1632158916.90471411,3.50000000
1632158917.00485849,3.50000000
1632158917.10477138,3.50000000
1632158917.20472860,3.50000000
1632158917.30477166,3.50000000
1632158917.40475965,3.50000000
1632158917.50479841,3.50000000
1632158917.60483050,3.50000000
1632158917.70477176,3.50000000
1632158917.80462718,3.50000000
1632158917.90472579,3.50000000
1632158918.00475025,3.50000000
1632158918.10480618,3.50000000
1632158918.20485497,3.50000000
1632158918.30466533,3.50000000
1632158918.40478563,3.50000000
1632158918.50461698,3.50000000
1632158918.60468745,3.50000000
1632158918.70486093,3.50000000
1632158918.80470872,3.50000000
1632158918.90460420,3.50000000
1632158919.00482011,3.50000000
1632158919.10484743,3.50000000
1632158919.20490837,3.50000000
1632158919.30475354,3.50000000
1632158919.40468812,3.50000000
1632158919.50476670,3.50000000
1632158919.60487247,3.50000000
1632158919.70492554,3.50000000
1632158919.80446625,3.50000000
1632158919.90446377,3.50000000
1632158920.00457048,3.50000000
1632158920.10483265,3.50000000
1632158920.20478535,3.50000000
1632158920.30449438,3.50000000
1632158920.40470600,3.50000000
1632158920.50481105,3.50000000
1632158920.60482645,3.50000000
1632158920.70475149,3.50000000
1632158920.80479240,3.50000000
1632158920.90443945,3.50000000
1632158921.00446439,3.50000000
1632158921.10445809,3.50000000
1632158921.20467949,3.50000000
1632158921.30444956,3.50000000
1632158921.40444469,3.50000000
1632158921.50444889,3.50000000
1632158921.60443187,3.50000000
1632158921.70444441,3.50000000
1632158921.80445313,3.50000000
1632158921.90457225,3.50000000
1632158922.00469303,3.50000000
1632158922.10462999,3.50000000
1632158922.20445919,3.50000000
1632158922.30444837,3.50000000
1632158922.40444279,3.50000000
1632158922.50461173,3.50000000
1632158922.60444427,3.50000000
1632158922.70456958,3.50000000
1632158922.80459785,3.50000000
1632158922.90445685,3.50000000
1632158923.00443149,3.50000000
1632158923.10446358,3.50000000
1632158923.20447659,3.50000000
1632158923.30447936,3.50000000
1632158923.40447283,3.50000000
1632158923.50443959,3.50000000
1632158923.60449004,3.50000000
1632158923.70445013,3.50000000
1632158923.80446386,3.50000000
1632158923.90443158,3.50000000
1632158924.00447345,3.50000000
1632158924.10448313,3.50000000
1632158924.20443821,3.50000000
1632158924.30445457,3.50000000
1632158924.40444183,3.50000000
1632158924.50442696,3.50000000
1632158924.60448241,3.50000000
1632158924.70446253,3.50000000
1632158924.80451035,3.50000000
1632158924.90444326,3.50000000
1632158925.00444508,3.50000000
1632158925.10454202,3.50000000
1632158925.20445204,3.50000000
1632158925.30447221,3.50000000
1632158925.40448236,3.50000000
1632158925.50448918,3.50000000
1632158925.60452127,3.50000000
1632158925.70445085,3.50000000
1632158925.80444860,3.50000000
1632158925.90452170,3.50000000
1632158926.00443363,3.50000000
1632158926.10447001,3.50000000
1632158926.20446229,3.50000000
1632158926.30444813,3.50000000
1632158926.40447497,3.50000000
1632158926.50444460,3.50000000
1632158926.60444236,3.50000000
1632158926.70444751,3.50000000
1632158926.80444384,3.50000000
1632158926.90459061,3.50000000
1632158927.00445080,3.50000000
1632158927.10448861,3.50000000
1632158927.20457315,3.50000000
1632158927.30453706,3.50000000
1632158927.40445876,3.50000000
1632158927.50447464,3.50000000
1632158927.60447621,2.00000000
1632158927.70444083,2.00000000
1632158927.80447865,2.00000000
1632158927.90445113,2.00000000
1632158928.00442839,2.00000000
1632158928.10444760,2.00000000
1632158928.20443392,2.00000000
1632158928.30442858,2.00000000
1632158928.40445566,2.00000000
1632158928.50446606,2.00000000
1632158928.60443807,2.00000000
1632158928.70444393,2.00000000
1632158928.80445528,2.00000000
1632158928.90445495,2.00000000
1632158929.00446200,2.00000000
1632158929.10444808,2.00000000
1632158929.20464945,2.00000000
1632158929.30443406,2.00000000
1632158929.40444636,2.00000000
1632158929.50443864,2.00000000
1632158929.60446620,2.00000000
1632158929.70447612,2.00000000
1632158929.80454016,2.00000000
1632158929.90450573,2.00000000
1632158930.00446391,2.00000000
1632158930.10446525,2.00000000
1632158930.20449615,2.00000000
1632158930.30444479,2.00000000
1632158930.40444112,2.00000000
1632158930.50444794,2.00000000
1632158930.60444593,2.00000000
1632158930.70442414,2.00000000
1632158930.80444479,2.00000000
1632158930.90458012,2.00000000
1632158931.00443769,2.00000000
1632158931.10446835,2.00000000
1632158931.20446157,2.00000000
1632158931.30444789,2.00000000
1632158931.40446568,2.00000000
1632158931.50446391,2.00000000
1632158931.60447478,2.00000000
1632158931.70445704,2.00000000
1632158931.80448413,2.00000000
1632158931.90448689,2.00000000
1632158932.00458527,2.00000000
1632158932.10445404,2.00000000
1632158932.20442414,2.00000000
1632158932.30444026,2.00000000
1632158932.40444398,2.00000000
1632158932.50443506,2.00000000
1632158932.60443759,2.00000000
1632158932.70443225,2.00000000
1632158932.80446434,2.00000000
1632158932.90448332,2.00000000
1632158933.00444388,2.00000000
1632158933.10462070,2.00000000
1632158933.20444012,2.00000000
1632158933.30443954,2.00000000
1632158933.40445018,2.00000000
1632158933.50447702,2.00000000
1632158933.60447788,2.00000000
1632158933.70444155,2.00000000
1632158933.80443549,2.00000000
1632158933.90449286,2.00000000
1632158934.00445223,2.00000000
1632158934.10443783,2.00000000
1632158934.20446992,2.00000000
1632158934.30445552,2.00000000
1632158934.40444708,2.00000000
1632158934.50445914,2.00000000
1632158934.60447979,2.00000000
1632158934.70444536,2.00000000
1632158934.80448556,2.00000000
1632158934.90450788,2.00000000
1632158935.00443029,2.00000000
1632158935.10443544,2.00000000
1632158935.20444798,2.00000000
1632158935.30447340,2.00000000
1632158935.40444326,2.00000000
1632158935.50447822,2.00000000
1632158935.60461998,2.00000000
1632158935.70442963,2.00000000
1632158935.80454135,2.00000000
1632158935.90448022,2.00000000
1632158936.00444961,2.00000000
1632158936.10446382,2.00000000
1632158936.20457292,2.00000000
1632158936.30444336,2.00000000
1632158936.40446901,2.00000000
1632158936.50443459,2.00000000
1632158936.60446548,2.00000000
1632158936.70446348,2.00000000
1632158936.80445409,2.00000000
1632158936.90443611,2.00000000
1632158937.00444174,2.00000000
1632158937.10448313,2.00000000
1632158937.20449948,2.00000000
1632158937.30457973,2.00000000
1632158937.40448141,2.00000000
1632158937.50447917,2.00000000
1632158937.60446095,2.00000000
1632158937.70443439,2.00000000
1632158937.80445409,2.00000000
1632158937.90444016,2.00000000
1632158938.00443673,2.00000000
1632158938.10445094,2.00000000
1632158938.20442295,2.00000000
1632158938.30450034,2.00000000
1632158938.40444922,2.00000000
1632158938.50443602,2.00000000
1632158938.60444665,2.00000000
1632158938.70448804,3.50000000
1632158938.80449462,3.50000000
1632158938.90447450,3.50000000
1632158939.00446153,3.50000000
1632158939.10444331,3.50000000
1632158939.20443439,3.50000000
1632158939.30458975,3.50000000
1632158939.40445566,3.50000000
1632158939.50446391,3.50000000
1632158939.60447502,3.50000000
1632158939.70444417,3.50000000
1632158939.80448174,3.50000000
1632158939.90447688,3.50000000
1632158940.00447154,3.50000000
1632158940.10445690,3.50000000
1632158940.20446754,3.50000000
1632158940.30448413,3.50000000
1632158940.40446544,3.50000000
1632158940.50445819,3.50000000
1632158940.60448050,3.50000000
1632158940.70446610,3.50000000
1632158940.80452800,3.50000000
1632158940.90443730,3.50000000
1632158941.00446963,3.50000000
1632158941.10445094,3.50000000
1632158941.20448923,3.50000000
1632158941.30447698,3.50000000
1632158941.40445113,3.50000000
1632158941.50445008,3.50000000
1632158941.60445094,3.50000000
1632158941.70445609,3.50000000
1632158941.80446219,3.50000000
1632158941.90444398,3.50000000
1632158942.00448585,3.50000000
1632158942.10446739,3.50000000
1632158942.20443773,3.50000000
1632158942.30445957,3.50000000
1632158942.40443492,3.50000000
1632158942.50442481,3.50000000
1632158942.60442948,3.50000000
1632158942.70445538,3.50000000
1632158942.80444598,3.50000000
1632158942.90447879,3.50000000
1632158943.00446820,3.50000000
1632158943.10448313,3.50000000
1632158943.20453429,3.50000000
1632158943.30445051,3.50000000
1632158943.40452147,3.50000000
1632158943.50445390,3.50000000
1632158943.60444355,3.50000000
1632158943.70443702,3.50000000
1632158943.80442953,3.50000000
1632158943.90445566,3.50000000
1632158944.00447655,3.50000000
1632158944.10450864,3.50000000
1632158944.20447063,3.50000000
1632158944.30443931,3.50000000
1632158944.40447450,3.50000000
1632158944.50462103,3.50000000
1632158944.60448194,3.50000000
1632158944.70449686,3.50000000
1632158944.80447412,3.50000000
1632158944.90450501,3.50000000
1632158945.00447321,3.50000000
1632158945.10448527,3.50000000
1632158945.20447588,3.50000000
1632158945.30449080,3.50000000
1632158945.40447950,3.50000000
1632158945.50442958,3.50000000
1632158945.60447907,3.50000000
1632158945.70448542,3.50000000
1632158945.80446959,3.50000000
1632158945.90446496,2.00000000
1632158946.00446105,2.00000000
1632158946.10445094,2.00000000
1632158946.20442891,2.00000000
1632158946.30446672,2.00000000
1632158946.40453911,2.00000000
1632158946.50449204,2.00000000
1632158946.60444856,2.00000000
1632158946.70446944,2.00000000
1632158946.80445886,2.00000000
1632158946.90444660,2.00000000
1632158947.00445628,2.00000000
1632158947.10444856,2.00000000
1632158947.20445037,2.00000000
1632158947.30446148,2.00000000
1632158947.40444946,2.00000000
1632158947.50446415,2.00000000
1632158947.60444307,2.00000000
1632158947.70443892,2.00000000
1632158947.80443501,2.00000000
1632158947.90448761,2.00000000
1632158948.00448418,2.00000000
1632158948.10445046,2.00000000
1632158948.20443201,2.00000000
1632158948.30447626,2.00000000
1632158948.40451002,2.00000000
1632158948.50444937,2.00000000
1632158948.60453486,2.00000000
1632158948.70442963,2.00000000
1632158948.80444789,2.00000000
1632158948.90447664,2.00000000
1632158949.00444746,2.00000000
1632158949.10443997,2.00000000
1632158949.20442390,2.00000000
1632158949.30445671,2.00000000
1632158949.40445876,2.00000000
1632158949.50443935,2.00000000
1632158949.60443616,2.00000000
1632158949.70450616,2.00000000
1632158949.80445552,2.00000000
1632158949.90444779,2.00000000
1632158950.00454831,2.00000000
1632158950.10444212,2.00000000
1632158950.20444894,2.00000000
1632158950.30444980,2.00000000
1632158950.40445590,2.00000000
1632158950.50444698,2.00000000
1632158950.60446310,2.00000000
1632158950.70444036,2.00000000
1632158950.80443597,2.00000000
1632158950.90444207,2.00000000
1632158951.00444889,2.00000000
1632158951.10444379,2.00000000
1632158951.20445132,2.00000000
1632158951.30442905,2.00000000
1632158951.40448737,2.00000000
1632158951.50447249,2.00000000
1632158951.60444927,2.00000000
1632158951.70443535,2.00000000
1632158951.80445457,2.00000000
1632158951.90444231,2.00000000
1632158952.00443888,2.00000000
1632158952.10444784,2.00000000
1632158952.20447469,2.00000000
1632158952.30444670,2.00000000
1632158952.40443707,2.00000000
1632158952.50445175,2.00000000
1632158952.60447359,2.00000000
1632158952.70444345,2.00000000
1632158952.80444336,2.00000000
1632158952.90447807,2.00000000
1632158953.00450349,2.00000000
1632158953.10443330,2.00000000
1632158953.20444846,2.00000000
1632158953.30445361,2.00000000
1632158953.40447640,2.00000000
1632158953.50441480,2.00000000
1632158953.60446548,2.00000000
1632158953.70445466,2.00000000
1632158953.80447388,2.00000000
1632158953.90446186,2.00000000
1632158954.00441360,2.00000000
1632158954.10450220,2.00000000
1632158954.20442939,2.00000000
1632158954.30444241,2.00000000
1632158954.40443563,2.00000000
1632158954.50443435,2.00000000
1632158954.60444570,2.00000000
1632158954.70444155,2.00000000
1632158954.80444098,2.00000000
1632158954.90444517,2.00000000
1632158955.00448585,2.00000000
1632158955.10443497,2.00000000
1632158955.20443010,2.00000000
1632158955.30445385,2.00000000
1632158955.40444160,2.00000000
1632158955.50444150,2.00000000
1632158955.60446334,2.00000000
1632158955.70447278,2.00000000
1632158955.80445337,2.00000000
1632158955.90446305,2.00000000
1632158956.00444198,2.00000000
1632158956.10444307,2.00000000
1632158956.20443439,2.00000000
1632158956.30443239,2.00000000
1632158956.40446472,2.00000000
1632158956.50447106,2.00000000
1632158956.60447836,2.00000000
1632158956.70449233,2.00000000
1632158956.80445552,2.00000000
1632158956.90442777,2.00000000
1632158957.00447726,2.00000000
1632158957.10443568,2.00000000
1632158957.20444226,2.00000000
1632158957.30466676,2.00000000
1632158957.40456128,2.00000000
1632158957.50445461,2.00000000
1632158957.60448217,2.00000000
1632158957.70445704,2.00000000
1632158957.80449033,2.00000000
1632158957.90443397,2.00000000
1632158958.00445294,2.00000000
1632158958.10443711,2.00000000
1632158958.20444679,2.00000000
1632158958.30443478,2.00000000
1632158958.40454197,1.50000000
1632158958.50446057,1.50000000
1632158958.60462809,1.50000000
1632158958.70447755,1.50000000
1632158958.80448055,1.50000000
1632158958.90453172,1.50000000
1632158959.00450277,1.50000000
1632158959.10450196,1.50000000
1632158959.20446014,1.50000000
1632158959.30444479,1.50000000
1632158959.40448999,1.50000000
1632158959.50447726,1.50000000
1632158959.60444760,1.50000000
1632158959.70447969,1.50000000
1632158959.80455899,3.50000000
1632158959.90447807,3.50000000
1632158960.00445533,3.50000000
1632158960.10445666,3.50000000
1632158960.20448422,3.50000000
1632158960.30445838,3.50000000
1632158960.40448046,3.50000000
1632158960.50464845,3.50000000
1632158960.60444522,3.50000000
1632158960.70446539,3.50000000
1632158960.80447316,3.50000000
1632158960.90448070,3.50000000
1632158961.00448275,3.50000000
1632158961.10448575,3.50000000
1632158961.20446348,3.50000000
1632158961.30446696,3.50000000
1632158961.40442657,3.50000000
1632158961.50481606,3.50000000
1632158961.60487199,3.50000000
1632158961.70480609,3.50000000
1632158961.80480623,3.50000000
1632158961.90452361,3.50000000
1632158962.00482368,3.50000000
1632158962.10486174,3.50000000
1632158962.20480990,3.50000000
1632158962.30482650,3.50000000
1632158962.40489411,3.50000000
1632158962.50447750,3.50000000
1632158962.60444379,3.50000000
1632158962.70466757,3.50000000
1632158962.80467033,3.50000000
1632158962.90442777,3.50000000
1632158963.00484490,3.50000000
1632158963.10480595,3.50000000
1632158963.20481086,3.50000000
1632158963.30480409,3.50000000
1632158963.40479946,3.50000000
1632158963.50463533,3.50000000
1632158963.60469818,3.50000000
1632158963.70470929,3.50000000
1632158963.80448866,3.50000000
1632158963.90482998,3.50000000
1632158964.00455284,3.50000000
1632158964.10466456,3.50000000
1632158964.20447922,3.50000000
1632158964.30463862,3.50000000
1632158964.40451598,3.50000000
1632158964.50476003,3.50000000
1632158964.60447288,3.50000000
1632158964.70479465,3.50000000
1632158964.80476284,3.50000000
1632158964.90487480,3.50000000
1632158965.00475550,3.50000000
1632158965.10479331,3.50000000
1632158965.20480990,3.50000000
1632158965.30483699,3.50000000
1632158965.40484381,3.50000000
1632158965.50483108,3.50000000
1632158965.60483837,3.50000000
1632158965.70479655,3.50000000
1632158965.80483222,3.50000000
1632158965.90472627,3.50000000
1632158966.00469089,3.50000000
1632158966.10470533,3.50000000
1632158966.20482278,3.50000000
1632158966.30482936,3.50000000
1632158966.40448976,3.50000000
1632158966.50478053,3.50000000
1632158966.60471320,3.50000000
1632158966.70473027,3.50000000
1632158966.80469918,3.50000000
1632158966.90472507,3.50000000
1632158967.00484014,3.50000000
1632158967.10475254,3.50000000
1632158967.20474863,3.50000000
1632158967.30472493,3.50000000
1632158967.40469790,3.50000000
1632158967.50484657,3.50000000
1632158967.60471439,3.50000000
1632158967.70480585,3.50000000
1632158967.80474639,3.50000000
1632158967.90477943,3.50000000
1632158968.00472474,3.50000000
1632158968.10481143,3.50000000
1632158968.20473576,3.50000000
1632158968.30472088,3.50000000
1632158968.40471148,3.50000000
1632158968.50471735,3.50000000
1632158968.60472989,3.50000000
1632158968.70474172,3.50000000
1632158968.80472875,3.50000000
1632158968.90482998,3.50000000
1632158969.00472975,3.50000000
1632158969.10471535,3.50000000
1632158969.20483017,3.50000000
1632158969.30485034,3.50000000
1632158969.40472054,3.50000000
1632158969.50476599,3.50000000
1632158969.60484982,3.50000000
1632158969.70480847,3.50000000
1632158969.80478716,3.50000000
1632158969.90468407,3.50000000
1632158970.00470829,3.50000000
1632158970.10469580,3.50000000
1632158970.20474172,3.50000000
1632158970.30476570,3.50000000
1632158970.40468001,3.50000000
1632158970.50482440,3.50000000
1632158970.60482621,3.50000000
1632158970.70484257,3.50000000
1632158970.80472279,3.50000000
1632158970.90478349,3.50000000
1632158971.00500512,3.50000000
1632158971.10475039,3.50000000
1632158971.20443416,3.50000000
1632158971.30442047,3.50000000
1632158971.40441227,3.50000000
1632158971.50449252,3.50000000
1632158971.60443950,3.50000000
1632158971.70443630,3.50000000
1632158971.80443454,3.50000000
1632158971.90447664,3.50000000
1632158972.00444126,3.50000000
1632158972.10469103,3.50000000
1632158972.20481062,3.50000000
1632158972.30480766,3.50000000
1632158972.40470290,3.50000000
1632158972.50470519,3.50000000
1632158972.60470438,3.50000000
1632158972.70477986,3.50000000
1632158972.80468702,3.50000000
1632158972.90471721,3.50000000
1632158973.00477219,3.50000000
1632158973.10475922,3.50000000
1632158973.20471883,3.50000000
1632158973.30467796,3.50000000
1632158973.40468025,3.50000000
1632158973.50479841,3.50000000
1632158973.60482955,3.50000000
1632158973.70479822,3.50000000
1632158973.80481553,3.50000000
1632158973.90474987,3.50000000
1632158974.00446153,3.50000000
1632158974.10473847,3.50000000
1632158974.20470309,3.50000000
1632158974.30473042,3.50000000
1632158974.40469766,3.50000000
1632158974.50497508,3.50000000
1632158974.60482550,3.50000000
1632158974.70482779,3.50000000
1632158974.80482316,3.50000000
1632158974.90476060,3.50000000
1632158975.00485682,3.50000000
1632158975.10473156,3.50000000
1632158975.20479965,3.50000000
1632158975.30478120,3.50000000
1632158975.40462613,3.50000000
1632158975.50478053,3.50000000
1632158975.60470939,3.50000000
1632158975.70481896,3.50000000
1632158975.80446815,3.50000000
1632158975.90445995,3.50000000
1632158976.00447702,3.50000000
1632158976.10482597,3.50000000
1632158976.20482087,3.50000000
1632158976.30473638,3.50000000
1632158976.40488148,3.50000000
1632158976.50488281,3.50000000
1632158976.60469389,3.50000000
1632158976.70484900,3.50000000
1632158976.80486631,3.50000000
1632158976.90482378,3.50000000
1632158977.00507903,3.50000000
1632158977.10477018,3.50000000
1632158977.20478725,3.50000000
1632158977.30473900,3.50000000
1632158977.40473580,3.50000000
1632158977.50470996,3.50000000
1632158977.60472202,3.50000000
1632158977.70485473,3.50000000
1632158977.80470395,3.50000000
1632158977.90482092,3.50000000
1632158978.00471115,3.50000000
1632158978.10471773,3.50000000
1632158978.20487022,3.50000000
1632158978.30450249,3.50000000
1632158978.40445733,3.50000000
1632158978.50471020,3.50000000
1632158978.60487151,3.50000000
1632158978.70447493,3.50000000
1632158978.80447555,3.50000000
1632158978.90448451,3.50000000
1632158979.00447536,3.50000000
1632158979.10480952,3.50000000
1632158979.20479369,3.50000000
1632158979.30471301,3.50000000
1632158979.40469956,3.50000000
1632158979.50478888,3.50000000
1632158979.60484958,3.50000000
1632158979.70484257,3.50000000
1632158979.80480933,3.50000000
1632158979.90468717,3.50000000
1632158980.00475407,3.50000000
1632158980.10482454,3.50000000
1632158980.20474124,3.50000000
1632158980.30480361,3.50000000
1632158980.40476656,3.50000000
1632158980.50479221,3.50000000
1632158980.60467744,3.50000000
1632158980.70470095,3.50000000
1632158980.80462456,3.50000000
1632158980.90462828,3.50000000
1632158981.00468302,3.50000000
1632158981.10494375,3.50000000
1632158981.20471382,3.50000000
1632158981.30484557,3.50000000
1632158981.40483427,3.50000000
1632158981.50486946,3.50000000
1632158981.60484743,3.50000000
1632158981.70482969,3.50000000
1632158981.80479503,3.50000000
1632158981.90469861,3.50000000
1632158982.00472379,3.50000000
1632158982.10477591,3.50000000
1632158982.20473385,3.50000000
1632158982.30483341,3.50000000
1632158982.40490484,3.50000000
1632158982.50486708,3.50000000
1632158982.60484004,3.50000000
1632158982.70483375,3.50000000
1632158982.80483603,3.50000000
1632158982.90468621,3.50000000
1632158983.00486279,3.50000000
1632158983.10489154,3.50000000
1632158983.20478249,3.50000000
1632158983.30486083,3.50000000
1632158983.40486479,3.50000000
1632158983.50482821,3.50000000
1632158983.60485482,3.50000000
1632158983.70490813,3.50000000
1632158983.80480623,3.50000000
1632158983.90478349,3.50000000
1632158984.00447679,3.50000000
1632158984.10481024,3.50000000
1632158984.20488596,3.50000000
1632158984.30478191,3.50000000
1632158984.40489984,3.50000000
1632158984.50482130,3.50000000
1632158984.60478067,3.50000000
1632158984.70473194,3.50000000
1632158984.80472779,3.50000000
1632158984.90469575,3.50000000
1632158985.00473499,3.50000000
1632158985.10475206,3.50000000
1632158985.20474839,3.50000000
1632158985.30472755,3.50000000
1632158985.40473318,3.50000000
1632158985.50470805,3.50000000
1632158985.60487556,3.50000000
1632158985.70472312,3.50000000
1632158985.80472183,3.50000000
1632158985.90470719,3.50000000
1632158986.00477719,3.50000000
1632158986.10482430,3.50000000
1632158986.20497084,3.50000000
1632158986.30472708,3.50000000
1632158986.40476990,3.50000000
1632158986.50472569,3.50000000
1632158986.60472703,3.50000000
1632158986.70481443,3.50000000
1632158986.80481744,3.50000000
1632158986.90472388,3.50000000
1632158987.00470948,3.50000000
1632158987.10474157,3.50000000
1632158987.20478773,3.50000000
1632158987.30469942,3.50000000
1632158987.40472651,3.50000000
1632158987.50473571,3.50000000
1632158987.60487890,3.50000000
1632158987.70487428,3.50000000
1632158987.80476356,3.50000000
1632158987.90485215,3.50000000
1632158988.00482893,3.50000000
1632158988.10483909,3.50000000
1632158988.20472932,3.50000000
1632158988.30474234,3.50000000
1632158988.40482855,3.50000000
1632158988.50480485,3.50000000
1632158988.60481763,3.50000000
1632158988.70488644,3.50000000
1632158988.80472159,3.50000000
1632158988.90476108,3.50000000
1632158989.00446486,3.50000000
1632158989.10475612,3.50000000
1632158989.20481443,3.50000000
1632158989.30470419,3.50000000
1632158989.40476918,3.50000000
1632158989.50479388,3.50000000
1632158989.60470104,3.50000000
1632158989.70469904,3.50000000
1632158989.80470109,3.50000000
1632158989.90475631,3.50000000
1632158990.00478172,3.50000000
1632158990.10480857,3.50000000
1632158990.20484829,3.50000000
1632158990.30479169,3.50000000
1632158990.40486312,3.50000000
1632158990.50475407,3.50000000
1632158990.60481644,3.50000000
1632158990.70480108,3.50000000
1632158990.80474019,3.50000000
1632158990.90472817,3.50000000
1632158991.00478315,3.50000000
1632158991.10477781,3.50000000
1632158991.20469260,3.50000000
1632158991.30472684,3.50000000
1632158991.40474105,3.50000000
1632158991.50482821,3.50000000
1632158991.60490322,3.50000000
1632158991.70485926,3.50000000
1632158991.80484414,3.50000000
1632158991.90482640,3.50000000
1632158992.00482297,3.50000000
1632158992.10479712,3.50000000
1632158992.20480943,3.50000000
1632158992.30473495,3.50000000
1632158992.40472078,3.50000000
1632158992.50477195,3.50000000
1632158992.60481739,3.50000000
1632158992.70479393,3.50000000
1632158992.80453587,3.50000000
1632158992.90478802,3.50000000
1632158993.00472808,3.50000000
1632158993.10453606,3.50000000
1632158993.20469499,3.50000000
1632158993.30471253,3.50000000
1632158993.40478015,3.50000000
1632158993.50471115,3.50000000
1632158993.60477686,3.50000000
1632158993.70468140,3.50000000
1632158993.80477905,3.50000000
1632158993.90487862,3.50000000
1632158994.00455785,3.50000000
1632158994.10474753,3.50000000
1632158994.20469689,3.50000000
1632158994.30473042,3.50000000
1632158994.40468526,3.50000000
1632158994.50482845,3.50000000
1632158994.60471392,3.50000000
1632158994.70476317,3.50000000
1632158994.80475020,3.50000000
1632158994.90463305,3.50000000
1632158995.00446963,3.50000000
1632158995.10483742,3.50000000
1632158995.20480561,3.50000000
1632158995.30460954,3.50000000
1632158995.40470672,3.50000000
1632158995.50476646,3.50000000
1632158995.60472035,3.50000000
1632158995.70478296,3.50000000
1632158995.80470562,3.50000000
1632158995.90483952,3.50000000
1632158996.00469589,3.50000000
1632158996.10471010,3.50000000
1632158996.20481324,3.50000000
1632158996.30483437,3.50000000
1632158996.40481853,3.50000000
1632158996.50480485,3.50000000
1632158996.60480905,3.50000000
1632158996.70471215,3.50000000
1632158996.80470729,3.50000000
1632158996.90468335,3.50000000
1632158997.00480700,3.50000000
1632158997.10478020,3.50000000
1632158997.20478606,3.50000000
1632158997.30490208,3.50000000
1632158997.40471053,3.50000000
1632158997.50486755,3.50000000
1632158997.60485172,3.50000000
1632158997.70470929,3.50000000
1632158997.80455542,3.50000000
1632158997.90482497,3.50000000
1632158998.00477958,3.50000000
1632158998.10482383,3.50000000
1632158998.20479202,3.50000000
1632158998.30479550,3.50000000
1632158998.40482020,3.50000000
1632158998.50479269,3.50000000
1632158998.60477638,3.50000000
1632158998.70475674,3.50000000
1632158998.80471325,3.50000000
1632158998.90470314,3.50000000
1632158999.00469589,3.50000000
1632158999.10481477,3.50000000
1632158999.20451736,3.50000000
1632158999.30479050,3.50000000
1632158999.40465975,3.50000000
1632158999.50483632,3.50000000
1632158999.60482621,3.50000000
1632158999.70459914,3.50000000
1632158999.80481434,3.50000000
1632158999.90482831,3.50000000
1632159000.00480485,3.50000000
1632159000.10469484,3.50000000
1632159000.20472217,3.50000000
1632159000.30491638,3.50000000
1632159000.40445971,3.50000000
1632159000.50461173,3.50000000
1632159000.60471058,3.50000000
1632159000.70476508,3.50000000
1632159000.80484128,3.50000000
1632159000.90492463,3.50000000
1632159001.00480199,3.50000000
1632159001.10453010,3.50000000
1632159001.20474362,3.50000000
1632159001.30483031,3.50000000
1632159001.40460825,3.50000000
1632159001.50468969,3.50000000
1632159001.60480142,3.50000000
1632159001.70481801,3.50000000
1632159001.80486441,3.50000000
1632159001.90486336,3.50000000
1632159002.00483561,3.50000000
1632159002.10481858,3.50000000
1632159002.20447779,3.50000000
1632159002.30472445,3.50000000
1632159002.40472865,3.50000000
1632159002.50473309,3.50000000
1632159002.60482860,3.50000000
1632159002.70466852,3.50000000
1632159002.80462360,3.50000000
1632159002.90452838,3.50000000
1632159003.00477934,3.50000000
1632159003.10485196,3.50000000
1632159003.20476508,3.50000000
1632159003.30474496,3.50000000
1632159003.40472674,3.50000000
1632159003.50452089,3.50000000
1632159003.60482764,3.50000000
1632159003.70470333,3.50000000
1632159003.80479169,3.50000000
1632159003.90476346,3.50000000
1632159004.00448537,3.50000000
1632159004.10473680,3.50000000
1632159004.20483422,3.50000000
1632159004.30449414,3.50000000
1632159004.40479112,3.50000000
1632159004.50481915,3.50000000
1632159004.60479069,3.50000000
1632159004.70475435,3.50000000
1632159004.80477238,3.50000000
