Seconds,Detected,Distance,Angle,Child.X,Child.Y,Child.Angle
1632159630.85878611,1,7.00000000,0.00000000,7.00000000,0.00000000,0.00000000
1632159630.95879865,1,7.00000000,0.00000000,7.00000000,0.00000000,0.00000000
1632159631.05881190,1,7.00000000,0.00000000,7.00000000,0.00000000,0.00000000
1632159631.15880847,1,7.00000000,0.00000000,7.00000000,0.00000000,0.00000000
1632159631.25873852,1,7.00000000,0.00000000,7.00000000,0.00000000,0.00000000
1632159631.35876441,1,7.00000000,0.00000000,7.00000000,0.00000000,0.00000000
1632159631.45877242,1,7.00000000,0.00000000,7.00000000,0.00000000,0.00000000
1632159631.55879951,1,7.00000000,0.00000000,7.00000000,0.00000000,0.00000000
1632159631.65879846,1,7.00000000,0.00000000,7.00000000,0.00000000,0.00000000
1632159631.75880909,1,7.00000000,0.00000000,7.00000000,0.00000000,0.00000000
1632159631.85879827,1,7.00000000,0.00000000,7.00000000,0.00000000,0.00000000
1632159631.95879316,1,7.00000000,0.00000000,7.00000000,0.00000000,0.00000000
1632159632.05880547,1,7.00000000,0.00000000,7.00000000,0.00000000,0.00000000
1632159632.15878534,1,7.00000000,0.00000000,7.00000000,0.00000000,0.00000000
1632159632.25881290,1,7.00000000,0.00000000,7.00000000,0.00000000,0.00000000
1632159632.35871530,1,7.00000000,0.00000000,7.00000000,0.00000000,0.00000000
1632159632.45871329,1,7.00000000,0.00000000,7.00000000,0.00000000,0.00000000
1632159632.55873823,1,7.00000000,0.00000000,7.00000000,0.00000000,0.00000000
1632159632.65870976,1,7.00000000,0.00000000,7.00000000,0.00000000,0.00000000
1632159632.75873446,1,7.00000000,0.00000000,7.00000000,0.00000000,0.00000000
1632159632.85893369,1,7.00000000,0.00000000,7.00000000,0.00000000,0.00000000
1632159632.95872331,1,7.00000000,0.00000000,7.00000000,0.00000000,0.00000000
1632159633.05872059,1,7.00000000,0.00000000,7.00000000,0.00000000,0.00000000
1632159633.15871763,1,7.00000000,0.00000000,7.00000000,0.00000000,0.00000000
1632159633.25871658,1,7.00000000,0.00000000,7.00000000,0.00000000,0.00000000
1632159633.35872364,1,7.00000000,0.00000000,7.00000000,0.00000000,0.00000000
1632159633.45871782,1,7.00000000,0.00000000,7.00000000,0.00000000,0.00000000
1632159633.55872154,1,7.00000000,0.00000000,7.00000000,0.00000000,0.00000000
1632159633.65874028,1,7.00000000,0.00000000,7.00000000,0.00000000,0.00000000
1632159633.75877047,1,7.00000000,0.00000000,7.00000000,0.00000000,0.00000000
1632159633.85877633,1,7.00000000,0.00000000,7.00000000,0.00000000,0.00000000
1632159633.95877600,1,7.00000000,0.00000000,7.00000000,0.00000000,0.00000000
1632159634.05876398,1,7.00000000,0.00000000,7.00000000,0.00000000,0.00000000
1632159634.15877938,1,7.00000000,0.00000000,7.00000000,0.00000000,0.00000000
1632159634.25877666,1,7.00000000,0.00000000,7.00000000,0.00000000,0.00000000
1632159634.35877609,1,7.00000000,0.00000000,7.00000000,0.00000000,0.00000000
1632159634.45878577,1,7.00000000,0.00000000,7.00000000,0.00000000,0.00000000
1632159634.55876350,1,7.00000000,0.00000000,7.00000000,0.00000000,0.00000000
1632159634.65869474,1,7.00000000,0.00000000,7.00000000,0.00000000,0.00000000
1632159634.75872660,1,7.00000000,0.00000000,7.00000000,0.00000000,0.00000000
1632159634.85871983,1,7.00000000,0.00000000,7.00000000,0.00000000,0.00000000
1632159634.95878267,1,7.00000000,0.00000000,7.00000000,0.00000000,0.00000000
1632159635.05878091,1,7.00000000,0.00000000,7.00000000,0.00000000,0.00000000
1632159635.15878057,1,7.00000000,0.00000000,7.00000000,0.00000000,0.00000000
1632159635.25878596,1,7.00000000,0.00000000,7.00000000,0.00000000,0.00000000
1632159635.35878325,1,7.00000000,0.00000000,7.00000000,0.00000000,0.00000000
1632159635.45876098,1,7.00000000,0.00000000,7.00000000,0.00000000,0.00000000
1632159635.55876803,1,6.94999981,0.00000000,6.94999981,0.00000000,0.00000000
1632159635.65877962,1,6.90000010,0.00000000,6.90000010,0.00000000,0.00000000
1632159635.75877476,1,6.84999990,0.00000000,6.84999990,0.00000000,0.00000000
1632159635.85878706,1,6.80000019,0.00000000,6.80000019,0.00000000,0.00000000
1632159635.95875382,1,6.75000000,0.00000000,6.75000000,0.00000000,0.00000000
1632159636.05878592,1,6.69999981,0.00000000,6.69999981,0.00000000,0.00000000
1632159636.15874362,1,6.65000010,0.00000000,6.65000010,0.00000000,0.00000000
1632159636.25876236,1,6.59999990,0.00000000,6.59999990,0.00000000,0.00000000
1632159636.35876513,1,6.55000019,0.00000000,6.55000019,0.00000000,0.00000000
1632159636.45878768,1,6.50000000,0.00000000,6.50000000,0.00000000,0.00000000
1632159636.55879784,1,6.44999981,0.00000000,6.44999981,0.00000000,0.00000000
1632159636.65878916,1,6.40000010,0.00000000,6.40000010,0.00000000,0.00000000
1632159636.75879598,1,6.34999990,0.00000000,6.34999990,0.00000000,0.00000000
1632159636.85878587,1,6.30000019,0.00000000,6.30000019,0.00000000,0.00000000
1632159636.95877767,1,6.25000000,0.00000000,6.25000000,0.00000000,0.00000000
1632159637.05874419,1,6.19999981,0.00000000,6.19999981,0.00000000,0.00000000
1632159637.15872788,1,6.15000010,0.00000000,6.15000010,0.00000000,0.00000000
1632159637.25872326,1,6.09999990,0.00000000,6.09999990,0.00000000,0.00000000
1632159637.35876465,1,6.05000019,0.00000000,6.05000019,0.00000000,0.00000000
1632159637.45878434,1,6.00000000,0.00000000,6.00000000,0.00000000,0.00000000
1632159637.55878663,1,5.94999981,0.00000000,5.94999981,0.00000000,0.00000000
1632159637.65874577,1,5.90000010,0.00000000,5.90000010,0.00000000,0.00000000
1632159637.75878906,1,5.84999990,0.00000000,5.84999990,0.00000000,0.00000000
1632159637.85877514,1,5.80000019,0.00000000,5.80000019,0.00000000,0.00000000
1632159637.95878339,1,5.75000000,0.00000000,5.75000000,0.00000000,0.00000000
1632159638.05877852,1,5.69999981,0.00000000,5.69999981,0.00000000,0.00000000
1632159638.15878844,1,5.65000010,0.00000000,5.65291010,0.00000000,0.00000000
1632159638.25874233,1,5.59708977,0.00000000,5.60581977,0.00000000,0.00000000
1632159638.35884404,1,5.54126978,0.00000000,5.55921478,0.00000000,0.00000000
1632159638.45869803,1,5.48205519,0.00000000,5.50679019,0.00000000,0.00000000
1632159638.55879283,1,5.47526503,0.00000000,5.51018503,0.00000000,0.00000000
1632159638.65874767,1,5.46507978,0.00000000,5.51260978,0.00000000,0.00000000
1632159638.75885081,1,5.45246983,0.00000000,5.51115483,0.00000000,0.00000000
1632159638.85879230,1,5.44131517,0.00000000,5.51309517,0.00000000,0.00000000
1632159638.95882702,1,5.42821980,0.00000000,5.51406480,0.00000000,0.00000000
1632159639.05873775,1,5.41415501,0.00000000,5.51406501,0.00000000,0.00000000
1632159639.15876412,1,5.40009022,0.00000000,5.51067022,0.00000000,0.00000000
1632159639.25878596,1,5.38942003,0.00000000,5.51503503,0.00000000,0.00000000
1632159639.35878444,1,5.37438488,0.00000000,5.51406488,0.00000000,0.00000000
1632159639.45878530,1,5.36032009,0.00000000,5.51406509,0.00000000,0.00000000
1632159639.55877948,1,5.34625483,0.00000000,5.51406483,0.00000000,0.00000000
1632159639.65879202,1,5.33219004,0.00000000,5.51406504,0.00000000,0.00000000
1632159639.75878692,1,5.31812477,0.00000000,5.51406477,0.00000000,0.00000000
1632159639.85876393,1,5.30405998,0.00000000,5.51357998,0.00000000,0.00000000
1632159639.95872593,1,5.29048014,0.00000000,5.51406514,0.00000000,0.00000000
1632159640.05872726,1,5.27641487,0.00000000,5.51309487,0.00000000,0.00000000
1632159640.15872502,1,5.26331997,0.00000000,5.51406497,0.00000000,0.00000000
1632159640.25871038,1,5.24925518,0.00000000,5.51309518,0.00000000,0.00000000
1632159640.35869813,1,5.23615980,0.00000000,5.51309480,0.00000000,0.00000000
1632159640.45872664,1,5.22306490,0.00000000,5.51260990,0.00000000,0.00000000
1632159640.55875897,1,5.21045494,0.00000000,5.51309494,0.00000000,0.00000000
1632159640.65873003,1,5.19736004,0.00000000,5.51212504,0.00000000,0.00000000
1632159640.75870776,1,5.18523502,0.00000000,5.51309502,0.00000000,0.00000000
1632159640.85870457,1,5.17214012,0.00000000,5.51212512,0.00000000,0.00000000
1632159640.95869994,1,5.16001511,0.00000000,5.51164011,0.00000000,0.00000000
1632159641.05878687,1,5.14837503,0.00000000,5.51309503,0.00000000,0.00000000
1632159641.15870595,1,5.13528013,0.00000000,5.51115513,0.00000000,0.00000000
1632159641.25869989,1,5.12412500,0.00000000,5.51164000,0.00000000,0.00000000
1632159641.35872030,1,5.11248493,0.00000000,5.51212493,0.00000000,0.00000000
1632159641.45877624,1,5.10035992,0.00000000,5.51115492,0.00000000,0.00000000
1632159641.55876660,1,5.08920479,0.00000000,5.51212479,0.00000000,0.00000000
1632159641.65876937,1,5.07707977,0.00000000,5.51066977,0.00000000,0.00000000
1632159641.75876713,1,5.06641006,0.00000000,5.51212506,0.00000000,0.00000000
1632159641.85878587,1,5.05428505,0.00000000,5.51115505,0.00000000,0.00000000
1632159641.95878911,1,5.04312992,0.00000000,5.51066992,0.00000000,0.00000000
1632159642.05875111,1,5.03246021,0.00000000,5.51115521,0.00000000,0.00000000
1632159642.15874720,1,5.02130508,0.00000000,5.51018508,0.00000000,0.00000000
1632159642.25880456,1,5.01111984,0.00000000,5.51066984,0.00000000,0.00000000
1632159642.35876608,1,5.00045013,0.00000000,5.51115513,0.00000000,0.00000000
1632159642.45878148,1,4.98929501,0.00000000,5.51018501,0.00000000,0.00000000
1632159642.55878949,1,4.97910976,0.00000000,5.51066976,0.00000000,0.00000000
1632159642.65874267,1,4.96844006,0.00000000,5.51018506,0.00000000,0.00000000
1632159642.75876331,1,4.95825481,0.00000000,5.51018481,0.00000000,0.00000000
1632159642.85878491,1,4.94807005,0.00000000,5.50970005,0.00000000,0.00000000
1632159642.95874739,1,4.93837023,0.00000000,5.51018523,0.00000000,0.00000000
1632159643.05873251,1,4.92818499,0.00000000,5.50872999,0.00000000,0.00000000
1632159643.15878797,1,4.91945505,0.00000000,5.51018505,0.00000000,0.00000000
1632159643.25878739,1,4.90926981,0.00000000,5.51018481,0.00000000,0.00000000
1632159643.35877728,1,4.89908504,0.00000000,5.50873004,0.00000000,0.00000000
1632159643.45873904,1,4.89035511,0.00000000,5.51018511,0.00000000,0.00000000
1632159643.55879068,1,4.83017015,0.00000000,5.45873015,0.00000000,0.00000000
1632159643.65876794,1,4.77144003,0.00000000,5.40921503,0.00000000,0.00000000
1632159643.75878763,1,4.71222496,0.00000000,5.35921496,0.00000000,0.00000000
1632159643.85875893,1,4.65300989,0.00000000,5.30872989,0.00000000,0.00000000
1632159643.95869756,1,4.59427977,0.00000000,5.25921477,0.00000000,0.00000000
1632159644.05870175,1,4.53506517,0.00000000,5.20873017,0.00000000,0.00000000
1632159644.15878129,1,4.47633505,0.00000000,5.15824505,0.00000000,0.00000000
1632159644.25878930,1,4.41808987,0.00000000,5.10775987,0.00000000,0.00000000
1632159644.35879016,1,4.36033010,0.00000000,5.05824510,0.00000000,0.00000000
1632159644.45878744,1,4.30208492,0.00000000,5.00775992,0.00000000,0.00000000
1632159644.55870438,1,4.24432516,0.00000000,4.95824516,0.00000000,0.00000000
1632159644.65872908,1,4.18607998,0.00000000,4.90775998,0.00000000,0.00000000
1632159644.75879622,1,4.12832022,0.00000000,4.85727522,0.00000000,0.00000000
1632159644.85878849,1,4.07104492,0.00000000,4.80775992,0.00000000,0.00000000
1632159644.95878410,1,4.01328516,0.00000000,4.75727516,0.00000000,0.00000000
1632159645.05879188,1,3.95601010,0.00000000,4.70776010,0.00000000,0.00000000
1632159645.15878987,1,3.89825010,0.00000000,4.65679010,0.00000000,0.00000000
1632159645.25871754,1,3.84145999,0.00000000,4.60727499,0.00000000,0.00000000
1632159645.35876679,1,3.78418493,0.00000000,4.55581993,0.00000000,0.00000000
1632159645.45878768,1,3.72836494,0.00000000,4.50630494,0.00000000,0.00000000
1632159645.55875206,1,3.72205997,0.00000000,4.50484997,0.00000000,0.00000000
1632159645.65878224,1,3.71721005,0.00000000,4.50485005,0.00000000,0.00000000
1632159645.75878072,1,3.71235991,0.00000000,4.50387991,0.00000000,0.00000000
1632159645.85878038,1,3.70847988,0.00000000,4.50339488,0.00000000,0.00000000
1632159645.95874715,1,3.70508504,0.00000000,4.50291004,0.00000000,0.00000000
1632159646.05875587,1,3.70217490,0.00000000,4.50193990,0.00000000,0.00000000
1632159646.15873456,1,3.70023489,0.00000000,4.50290989,0.00000000,0.00000000
1632159646.25875664,1,3.69732499,0.00000000,4.50193999,0.00000000,0.00000000
1632159646.35869360,1,3.69538498,0.00000000,4.50193998,0.00000000,0.00000000
1632159646.45879436,1,3.69344497,0.00000000,4.50242497,0.00000000,0.00000000
1632159646.55877185,1,3.69102001,0.00000000,4.50194001,0.00000000,0.00000000
1632159646.65871954,1,3.68908000,0.00000000,4.50194000,0.00000000,0.00000000
1632159646.75872731,1,3.68713999,0.00000000,4.50193999,0.00000000,0.00000000
1632159646.85869431,1,3.68519998,0.00000000,4.50193998,0.00000000,0.00000000
1632159646.95878172,1,3.68325996,0.00000000,4.50193996,0.00000000,0.00000000
1632159647.05877686,1,3.68131995,0.00000000,4.50193995,0.00000000,0.00000000
1632159647.15879822,1,3.67937994,0.00000000,4.50193994,0.00000000,0.00000000
1632159647.25873899,1,3.67743993,0.00000000,4.50242493,0.00000000,0.00000000
1632159647.35873961,1,3.67501497,0.00000000,4.50193997,0.00000000,0.00000000
1632159647.45876718,1,3.67307496,0.00000000,4.50096996,0.00000000,0.00000000
1632159647.55870008,1,3.67210507,0.00000000,4.50194007,0.00000000,0.00000000
1632159647.65872097,1,3.67016506,0.00000000,4.50194006,0.00000000,0.00000000
1632159647.75873375,1,3.66822505,0.00000000,4.50194005,0.00000000,0.00000000
1632159647.85873246,1,3.66628504,0.00000000,4.50194004,0.00000000,0.00000000
1632159647.95883131,1,3.66434503,0.00000000,4.50097003,0.00000000,0.00000000
1632159648.05880332,1,3.66337490,0.00000000,4.50193990,0.00000000,0.00000000
1632159648.15873265,1,3.66143489,0.00000000,4.50242489,0.00000000,0.00000000
1632159648.25872803,1,3.65900993,0.00000000,4.50096993,0.00000000,0.00000000
1632159648.35876179,1,3.65804005,0.00000000,4.50194005,0.00000000,0.00000000
1632159648.45876765,1,3.65610003,0.00000000,4.50194003,0.00000000,0.00000000
1632159648.55876374,1,3.65416002,0.00000000,4.50097002,0.00000000,0.00000000
1632159648.65876174,1,3.65318990,0.00000000,4.50193990,0.00000000,0.00000000
1632159648.75876760,1,3.65124989,0.00000000,4.50193989,0.00000000,0.00000000
1632159648.85870147,1,3.64931011,0.00000000,4.50097011,0.00000000,0.00000000
1632159648.95875812,1,3.64833999,0.00000000,4.50193999,0.00000000,0.00000000
1632159649.05873489,1,3.64639997,0.00000000,4.50096997,0.00000000,0.00000000
1632159649.15869856,1,3.64543009,0.00000000,4.50242509,0.00000000,0.00000000
1632159649.25876236,1,3.64300489,0.00000000,4.50096989,0.00000000,0.00000000
1632159649.35868597,1,3.64203501,0.00000000,4.50194001,0.00000000,0.00000000
1632159649.45874262,1,3.64009500,0.00000000,4.50097000,0.00000000,0.00000000
1632159649.55871987,1,3.63912511,0.00000000,4.50194011,0.00000000,0.00000000
1632159649.65869427,1,3.63718510,0.00000000,4.50097010,0.00000000,0.00000000
1632159649.75873303,1,3.63621497,0.00000000,4.50193997,0.00000000,0.00000000
1632159649.85877609,1,3.63427496,0.00000000,4.50096996,0.00000000,0.00000000
1632159649.95878887,1,3.63330507,0.00000000,4.50194007,0.00000000,0.00000000
1632159650.05879712,1,3.63136506,0.00000000,4.50097006,0.00000000,0.00000000
1632159650.15876079,1,3.63039494,0.00000000,4.50096994,0.00000000,0.00000000
1632159650.25876641,1,3.62942505,0.00000000,4.50194005,0.00000000,0.00000000
1632159650.35877991,1,3.62748504,0.00000000,4.50145504,0.00000000,0.00000000
1632159650.45877957,1,3.62602997,0.00000000,4.50193997,0.00000000,0.00000000
1632159650.55880642,1,3.62408996,0.00000000,4.50096996,0.00000000,0.00000000
1632159650.65878177,1,3.62312007,0.00000000,4.50000007,0.00000000,0.00000000
1632159650.75878549,1,3.62312007,0.00000000,4.50291007,0.00000000,0.00000000
1632159650.85879159,1,3.62020993,0.00000000,4.50581993,0.00000000,0.00000000
1632159650.95878315,1,3.61438990,0.00000000,4.50921490,0.00000000,0.00000000
1632159651.05879903,1,3.60517502,0.00000000,4.51212502,0.00000000,0.00000000
1632159651.15878201,1,3.59305000,0.00000000,4.51503500,0.00000000,0.00000000
1632159651.25879359,1,3.57801509,0.00000000,4.51600509,0.00000000,0.00000000
1632159651.35872364,1,3.56201005,0.00000000,4.51600505,0.00000000,0.00000000
1632159651.45872259,1,3.54600501,0.00000000,4.51552001,0.00000000,0.00000000
1632159651.55877781,1,3.53048491,0.00000000,4.51600491,0.00000000,0.00000000
1632159651.65880227,1,3.51448011,0.00000000,4.51746011,0.00000000,0.00000000
1632159651.75879574,1,3.49702001,0.00000000,4.51455001,0.00000000,0.00000000
1632159651.85876417,1,3.48247004,0.00000000,4.51600504,0.00000000,0.00000000
1632159651.95876145,1,3.46646500,0.00000000,4.51600500,0.00000000,0.00000000
1632159652.05878973,1,3.45045996,0.00000000,4.51503496,0.00000000,0.00000000
1632159652.15878320,1,3.43542504,0.00000000,4.51503504,0.00000000,0.00000000
1632159652.25878239,1,3.42038989,0.00000000,4.51503489,0.00000000,0.00000000
1632159652.35878944,1,3.40535498,0.00000000,4.51503498,0.00000000,0.00000000
1632159652.45879006,1,3.39032006,0.00000000,4.51503506,0.00000000,0.00000000
1632159652.55882192,1,3.37528491,0.00000000,4.51503491,0.00000000,0.00000000
1632159652.65878463,1,3.36025000,0.00000000,4.51406500,0.00000000,0.00000000
1632159652.75878501,1,3.34618497,0.00000000,4.51503497,0.00000000,0.00000000
1632159652.85879135,1,3.33115005,0.00000000,4.51406505,0.00000000,0.00000000
1632159652.95878577,1,3.31708503,0.00000000,4.51406503,0.00000000,0.00000000
1632159653.05877829,1,3.30302000,0.00000000,4.51358000,0.00000000,0.00000000
1632159653.15878510,1,3.28943992,0.00000000,4.51406492,0.00000000,0.00000000
1632159653.25870705,1,3.27537489,0.00000000,4.51406489,0.00000000,0.00000000
1632159653.35878754,1,3.26131010,0.00000000,4.51309510,0.00000000,0.00000000
1632159653.45876026,1,3.24821496,0.00000000,4.51309496,0.00000000,0.00000000
1632159653.55878496,1,3.23512006,0.00000000,4.51406506,0.00000000,0.00000000
1632159653.65876055,1,3.22105503,0.00000000,4.51261003,0.00000000,0.00000000
1632159653.75878406,1,3.20844507,0.00000000,4.51309507,0.00000000,0.00000000
1632159653.85873461,1,3.19534993,0.00000000,4.51212493,0.00000000,0.00000000
1632159653.95879245,1,3.18322492,0.00000000,4.51309492,0.00000000,0.00000000
1632159654.05878043,1,3.17013001,0.00000000,4.51212501,0.00000000,0.00000000
1632159654.15878701,1,3.15800500,0.00000000,4.51261000,0.00000000,0.00000000
1632159654.25878167,1,3.14539504,0.00000000,4.51212504,0.00000000,0.00000000
1632159654.35878086,1,3.13327003,0.00000000,4.51212503,0.00000000,0.00000000
1632159654.45878696,1,3.12114501,0.00000000,4.51212501,0.00000000,0.00000000
1632159654.55879164,1,3.10901999,0.00000000,4.51163999,0.00000000,0.00000000
1632159654.65878606,1,3.09737992,0.00000000,4.51212492,0.00000000,0.00000000
1632159654.75880337,1,3.08525491,0.00000000,4.51115491,0.00000000,0.00000000
1632159654.85871792,1,3.07410002,0.00000000,4.51164002,0.00000000,0.00000000
1632159654.95877862,1,3.06245995,0.00000000,4.51115495,0.00000000,0.00000000
1632159655.05878115,1,3.05130506,0.00000000,4.51115506,0.00000000,0.00000000
1632159655.15872049,1,3.04014993,0.00000000,4.51066993,0.00000000,0.00000000
1632159655.25878787,1,3.02947998,0.00000000,4.51115498,0.00000000,0.00000000
1632159655.35876894,1,3.01832509,0.00000000,4.51115509,0.00000000,0.00000000
1632159655.45878243,1,3.00716996,0.00000000,4.51115496,0.00000000,0.00000000
1632159655.55876303,1,2.99643230,1.00000000,4.50966093,0.05229495,1.00000000
1632159655.65876150,1,2.98798895,2.00000000,4.51100875,0.10427931,2.00000000
1632159655.75871658,1,2.97893882,3.00000000,4.50939629,0.15590561,3.00000000
1632159655.85875869,1,2.97219658,4.00000000,4.50968146,0.20732995,4.00000000
1632159655.95880485,1,2.96583056,5.00000000,4.51042468,0.25848917,5.00000000
1632159656.05878210,1,2.95936513,6.00000000,4.50873342,0.30933789,6.00000000
1632159656.15878367,1,2.95521927,7.00000000,4.50895651,0.36015063,7.00000000
1632159656.25878310,1,2.95146585,8.00000000,4.50869238,0.41076465,8.00000000
1632159656.35878468,1,2.94859076,9.00000000,4.50793871,0.46126122,9.00000000
1632159656.45878649,1,2.94707465,10.00000000,4.49814352,0.56052510,10.96428797
1632159656.55878687,1,2.94691467,10.00000000,4.50768646,0.56049468,10.96428797
1632159656.65874362,1,2.94715714,11.00000000,4.50691605,0.61095151,11.96428797
1632159656.75877738,1,2.94875264,12.00000000,4.49601414,0.71077059,13.92857594
1632159656.85878611,1,2.95005083,12.00000000,4.50600415,0.71108308,13.92857594
1632159656.95879078,1,2.95385146,13.00000000,4.49258083,0.81419670,15.98052645
1632159657.05876422,1,2.95711708,13.00000000,4.50445025,0.81606576,15.98052645
1632159657.15874910,1,2.96237469,14.00000000,4.48909115,0.91465008,17.94481442
1632159657.25872326,1,2.96828961,14.00000000,4.50150834,0.91744247,17.94481442
1632159657.35876179,1,2.97705173,15.00000000,4.48110538,1.01668223,19.90910239
1632159657.45877934,1,2.98921824,15.00000000,4.47726317,1.07225279,20.96105290
1632159657.55879116,1,3.00262904,14.00000000,4.51198578,1.02892142,19.96105290
1632159657.65878439,1,3.01646161,15.00000000,4.49190455,1.13022107,21.92534087
1632159657.75878811,1,3.03139567,15.00000000,4.48741366,1.18820461,22.97729138
1632159657.85873795,1,3.04759383,15.00000000,4.50669165,1.19452782,22.97729138
1632159657.95870376,1,3.06355786,16.00000000,4.48068004,1.29673379,24.94157935
1632159658.05877733,1,3.08245778,16.00000000,4.47845598,1.35252702,25.90586732
1632159658.15876436,1,3.10075498,16.00000000,4.47151355,1.41149890,26.95781783
1632159658.26450372,1,3.12101912,16.00000000,4.46731077,1.46827198,27.92210580
1632159658.35875988,1,3.14150405,15.00000000,4.51163197,1.42919627,26.92210580
1632159658.45870423,1,3.16393042,16.00000000,4.48280688,1.53520401,28.88639377
1632159658.55878377,1,3.18613529,16.00000000,4.47594680,1.59785748,29.93834428
1632159658.65872788,1,3.20806432,16.00000000,4.46858172,1.65535983,30.90263225
1632159658.75872207,1,3.23233628,16.00000000,4.45943353,1.71846385,31.95458276
1632159658.85872197,1,3.25719547,15.00000000,4.51213036,1.68409603,30.95458276
1632159658.95871711,1,3.28129125,16.00000000,4.47426015,1.79195086,32.91887073
1632159659.05874324,1,3.30728054,16.00000000,4.46640556,1.85254259,33.88315870
1632159659.15871668,1,3.33381748,16.00000000,4.45481733,1.91880502,34.93510921
1632159659.25877762,1,3.36034322,15.00000000,4.51069716,1.88562374,33.93510921
1632159659.35876369,1,3.38792682,16.00000000,4.46807270,1.99625776,35.89939718
1632159659.45876455,1,3.41601992,16.00000000,4.45769815,2.05998562,36.86368515
1632159659.55876207,1,3.44403529,15.00000000,4.47920777,2.07928996,36.91563566
1632159659.65878391,1,3.47310066,15.00000000,4.46791586,2.14318391,37.87992363
1632159659.75878596,1,3.50263906,15.00000000,4.49123049,2.16229074,37.87992363
1632159659.85876727,1,3.53279877,15.00000000,4.47571186,2.23163627,38.93187414
1632159659.95878410,1,3.56323218,15.00000000,4.46228065,2.29709086,39.89616211
1632159660.05876970,1,3.59410381,15.00000000,4.44823455,2.36394068,40.86045008
1632159660.15876651,1,3.62440610,14.00000000,4.51211720,2.33556408,39.86045008
1632159660.25878286,1,3.65685081,15.00000000,4.45227266,2.45536306,41.91240060
1632159660.35877633,1,3.68895984,14.00000000,4.47867252,2.47607014,41.87668856
1632159660.45878625,1,3.72081542,14.00000000,4.50239165,2.49733468,41.87668856
1632159660.55877614,1,3.75441217,15.00000000,4.44083125,2.61410807,43.84097653
1632159660.65876389,1,3.78766203,14.00000000,4.46340328,2.64058485,43.89292705
1632159660.75878739,1,3.82060790,14.00000000,4.44217687,2.70938686,44.85721501
1632159660.85878015,1,3.85526776,13.00000000,4.51475792,2.68572459,43.85721501
1632159660.95873666,1,3.88957191,14.00000000,4.44120100,2.80915684,45.90916553
1632159661.05878520,1,3.92420840,13.00000000,4.46802723,2.83233165,45.87345350
1632159661.15876007,1,3.95916605,13.00000000,4.49236634,2.85742439,45.87345350
1632159661.25878644,1,3.99511504,13.00000000,4.46971047,2.93108937,46.83774146
1632159661.35877919,1,4.02963924,13.00000000,4.43890028,3.00638388,47.88969198
1632159661.45877647,1,4.06617689,12.00000000,4.51660113,2.98544408,46.88969198
1632159661.55876684,1,4.06551790,12.00000000,4.46580841,3.03227086,47.85397995
1632159661.65878034,1,4.06480598,11.00000000,4.46817865,3.03004236,47.81826792
1632159661.75878906,1,4.06414700,10.00000000,4.51988033,2.98146754,46.81826792
1632159661.85878277,1,4.06414700,10.00000000,4.46597438,3.03299721,47.87021843
1632159661.95878077,1,4.06277609,9.00000000,4.46887225,3.03222123,47.83450640
1632159662.05880976,1,4.06003475,8.00000000,4.52010709,2.98216625,46.83450640
1632159662.15877914,1,4.05937576,8.00000000,4.46677043,3.03411037,47.88645691
1632159662.25874376,1,4.05663443,7.00000000,4.47214222,3.03426062,47.85074488
1632159662.35872936,1,4.05016327,6.00000000,4.52367158,2.98545133,46.85074488
1632159662.45871997,1,4.04468012,6.00000000,4.47374867,3.03098036,47.81503285
1632159662.55876327,1,4.03955317,5.00000000,4.52601172,2.98326295,46.81503285
1632159662.65874410,1,4.03407049,5.00000000,4.47215761,3.03333386,47.86698336
1632159662.75874639,1,4.02825832,4.00000000,4.52386272,2.98431571,46.86698336
1632159662.85879946,1,4.02348757,4.00000000,4.47467725,3.03107772,47.83127133
1632159662.95870352,1,4.01764870,3.00000000,4.52619591,2.98310548,46.83127133
1632159663.05877447,1,4.01216602,3.00000000,4.52680994,2.98298674,46.83127133
1632159663.15878248,1,4.00635386,3.00000000,4.47715039,3.02737176,47.79555930
1632159663.25878525,1,4.00158405,2.00000000,4.52914886,2.98035192,46.79555930
1632159663.35872650,1,3.99610114,2.00000000,4.52830524,2.98072034,46.79555930
1632159663.45877576,1,3.99091983,2.00000000,4.52912309,2.98082360,46.79555930
1632159663.55874062,1,3.98510814,2.00000000,4.47523531,3.02909508,47.84750981
1632159663.65874338,1,3.98033810,1.00000000,4.52603702,2.98236995,46.84750981
1632159663.75878406,1,3.97551322,1.00000000,4.52661708,2.98321503,46.84750981
1632159663.85877848,1,3.96967411,1.00000000,4.52601847,2.98186519,46.84750981
1632159663.95876288,1,3.96523309,1.00000000,4.52686107,2.98250531,46.84750981
1632159664.05877852,1,3.95975041,1.00000000,4.52602123,2.98141550,46.84750981
1632159664.15873814,1,3.95563841,1.00000000,4.52708886,2.98229564,46.84750981
1632159664.25878119,1,3.95015574,1.00000000,4.47736833,3.02674982,47.81179778
1632159664.35876131,1,3.94568729,0.00000000,4.52838151,2.98062835,46.81179778
1632159664.45878839,1,3.94053340,0.00000000,4.52776420,2.97978060,46.81179778
1632159664.55877495,1,3.93642139,0.00000000,4.52882995,2.98066250,46.81179778
1632159664.65877795,1,3.93093872,0.00000000,4.52798763,2.98006003,46.81179778
1632159664.75875282,1,3.92647028,0.00000000,4.52783944,2.98068205,46.81179778
1632159664.85874104,1,3.92164516,0.00000000,4.52793214,2.98007401,46.81179778
1632159664.95878482,1,3.91720438,0.00000000,4.52780288,2.97974619,46.81179778
1632159665.05877423,1,3.91309237,0.00000000,4.52789864,2.97965809,46.81179778
1632159665.15875196,1,3.90898037,1.00000000,4.47784627,3.02728123,47.81179778
1632159665.25875473,1,3.90379882,0.00000000,4.52735816,2.98015707,46.81179778
1632159665.35869503,1,3.89968681,0.00000000,4.52745391,2.98006896,46.81179778
1632159665.45874047,1,3.89557481,0.00000000,4.52803467,2.97998086,46.81179778
1632159665.55869102,1,3.89113379,1.00000000,4.47798607,3.02569793,47.81179778
1632159665.65873289,1,3.88702178,1.00000000,4.47716458,3.02604617,47.81179778
1632159665.75873780,1,3.88321114,0.00000000,4.52733301,2.98018139,46.81179778
1632159665.85877776,1,3.87909913,0.00000000,4.52742877,2.98009329,46.81179778
1632159665.95874858,1,3.87498713,0.00000000,4.52655452,2.98000519,46.81179778
1632159666.05873752,1,3.87153268,0.00000000,4.52758531,2.98039652,46.81179778
1632159666.15878963,1,3.86709189,0.00000000,4.52745605,2.98006870,46.81179778
1632159666.25878501,1,3.86297989,0.00000000,4.52658181,2.97949559,46.81179778
1632159666.35880399,1,3.85988188,0.00000000,4.52737154,2.98014681,46.81179778
1632159666.45879173,1,3.85576987,0.00000000,4.52649729,2.98005870,46.81179778
1632159666.55881119,1,3.85231566,0.00000000,4.52704324,2.98045021,46.81179778
1632159666.65879536,1,3.84820366,0.00000000,4.52665400,2.97939210,46.81179778
1632159666.75881076,1,3.84513330,0.00000000,4.52746266,2.98006348,46.81179778
1632159666.85881376,1,3.84102130,1.00000000,4.47731213,3.02591244,47.81179778
1632159666.95881653,1,3.83721066,0.00000000,4.52689042,2.97962200,46.81179778
1632159667.05880427,1,3.83381152,1.00000000,4.47732027,3.02542041,47.81179778
1632159667.15881729,1,3.83035731,0.00000000,4.52608001,2.98044516,46.81179778
1632159667.25882435,1,3.82690310,0.00000000,4.52711096,2.97986667,46.81179778
1632159667.35880494,1,3.82317495,1.00000000,4.42501292,3.07195894,48.86374829
1632159667.45882320,1,3.81972075,-1.00000000,4.52354913,2.98233411,46.86374829
1632159667.55881357,1,3.81662297,-1.00000000,4.52434107,2.98298358,46.86374829
1632159667.65882182,1,3.81251073,-1.00000000,4.52346938,2.98192275,46.86374829
1632159667.75881410,1,3.80976939,-1.00000000,4.52353503,2.98186231,46.86374829
1632159667.85877037,1,3.80702806,-1.00000000,4.52360068,2.98277188,46.86374829
1632159667.95881295,1,3.80357385,-1.00000000,4.52317892,2.98219124,46.86374829
1632159668.05881476,1,3.80083251,-1.00000000,4.52469957,2.98310081,46.86374829
1632159668.15880704,1,3.79639173,-1.00000000,4.57402635,2.93416343,45.81179778
1632159668.25873780,1,3.79329371,0.00000000,4.52593380,2.97961174,46.81179778
1632159668.35881305,1,3.79055238,0.00000000,4.52599764,2.97955300,46.81179778
1632159668.45871520,1,3.78781104,0.00000000,4.52606147,2.98046427,46.81179778
1632159668.55876899,1,3.78435683,0.00000000,4.52563742,2.97988577,46.81179778
1632159668.65880036,1,3.78161550,0.00000000,4.52570126,2.97982704,46.81179778
1632159668.75880432,1,3.77887416,0.00000000,4.52576510,2.97976830,46.81179778
1632159668.85881138,1,3.77613282,0.00000000,4.52631394,2.98019457,46.81179778
1632159668.95881009,1,3.77270603,0.00000000,4.52396865,2.97769606,46.81179778
1632159669.05881143,1,3.77270603,0.00000000,4.52590865,2.97963606,46.81179778
1632159669.15881252,1,3.76996469,0.00000000,4.52791249,2.98248733,46.81179778
1632159669.25881171,1,3.76376915,0.00000000,4.52949228,2.98379010,46.81179778
1632159669.35880923,1,3.75554490,0.00000000,4.53210862,2.98700872,46.81179778
1632159669.45881248,1,3.74318123,0.00000000,4.53480196,2.98914925,46.81179778
1632159669.55879092,1,3.72741866,1.00000000,4.48783523,3.03437437,47.81179778
1632159669.65880346,1,3.71025753,1.00000000,4.48843536,3.03475395,47.81179778
1632159669.75876784,1,3.69241118,1.00000000,4.48857533,3.03462583,47.81179778
1632159669.85880375,1,3.67456484,1.00000000,4.48871529,3.03449771,47.81179778
1632159669.95880628,1,3.65671849,1.00000000,4.48837026,3.03436958,47.81179778
1632159670.05879092,1,3.63920093,1.00000000,4.48873102,3.03303007,47.81179778
1632159670.15882397,1,3.62242413,1.00000000,4.48861926,3.03369442,47.81179778
1632159670.26135898,1,3.60523534,1.00000000,4.48871582,3.03308351,47.81179778
1632159670.35873389,1,3.58843064,1.00000000,4.48858532,3.03372719,47.81179778
1632159670.45873070,1,3.57124186,1.00000000,4.48819688,3.03263128,47.81179778
1632159670.55872798,1,3.55512285,1.00000000,4.43927933,3.07620122,48.86374829
1632159670.65872645,1,3.53897595,-1.00000000,4.53141391,2.99329127,46.86374829
1632159670.75873494,1,3.52250004,-1.00000000,4.53130374,2.99339330,46.86374829
1632159670.85871339,1,3.50602436,-1.00000000,4.53070874,2.99301051,46.86374829
1632159670.95874310,1,3.49023414,-1.00000000,4.53009740,2.99264291,46.86374829
1632159671.05872798,1,3.47512889,-1.00000000,4.53092440,2.99374516,46.86374829
1632159671.15873408,1,3.45865321,-1.00000000,4.52935939,2.99287737,46.86374829
1632159671.25873423,1,3.44387722,-1.00000000,4.52944152,2.99373489,46.86374829
1632159671.35873342,1,3.42841578,-1.00000000,4.52905498,2.99360721,46.86374829
1632159671.45871162,1,3.41331077,-1.00000000,4.52842715,2.99373963,46.86374829
1632159671.55871105,1,3.36481810,0.00000000,4.46225280,3.00880093,47.86374829
1632159671.65870810,1,3.31677103,1.00000000,4.44243241,2.98230793,47.81179778
1632159671.75872326,1,3.26879334,2.00000000,4.37730824,2.99488714,48.81179778
1632159671.85872817,1,3.22231865,3.00000000,4.31327352,3.00724740,49.81179778
1632159671.95872784,1,3.17625189,4.00000000,4.25058739,3.01764220,50.81179778
1632159672.05872703,1,3.13073897,5.00000000,4.18839362,3.02670641,51.81179778
1632159672.15869927,1,3.08604169,5.00000000,4.16948968,3.00127505,51.81179778
1632159672.25873470,1,3.04255390,6.00000000,4.10979634,3.00877394,52.81179778
1632159672.35871553,1,2.99971986,7.00000000,4.00493714,3.04676813,54.86374829
1632159672.45872593,1,2.95872068,7.00000000,3.98958618,3.02245459,54.86374829
1632159672.55872560,1,2.91763973,7.00000000,3.97370316,2.99661917,54.86374829
1632159672.65871668,1,2.87865925,8.00000000,3.91720650,3.00154194,55.86374829
1632159672.75873232,1,2.84019709,9.00000000,3.82089744,3.03071566,57.82803626
1632159672.85873055,1,2.80307102,9.00000000,3.80743422,3.00656516,57.82803626
1632159672.95872879,1,2.76730013,10.00000000,3.71402256,3.03317627,59.79232423
1632159673.05871654,1,2.73157763,10.00000000,3.70089930,3.00860962,59.79232423
1632159673.15879512,1,2.69881916,11.00000000,3.64981059,3.01043242,60.79232423
1632159673.25876617,1,2.66568327,12.00000000,3.55434584,3.03338320,62.84427474
1632159673.35880780,1,2.63402104,12.00000000,3.54474487,3.01151613,62.84427474
1632159673.45881224,1,2.60358167,13.00000000,3.45608408,3.02962177,64.80856271
1632159673.55874801,1,2.57419729,13.00000000,3.40547735,3.02760530,65.86051322
1632159673.65882969,1,2.54677367,13.00000000,3.39814220,3.00888481,65.86051322
1632159673.75882053,1,2.51929998,14.00000000,3.31186453,3.02262757,67.82480119
1632159673.85881305,1,2.49386907,14.00000000,3.26617708,3.01944171,68.78908916
1632159673.95881057,1,2.46990466,14.00000000,3.26138671,3.00243577,68.78908916
1632159674.05877090,1,2.44607306,15.00000000,3.17345703,3.01529420,70.84103967
1632159674.15875077,1,2.42398810,15.00000000,3.13047201,3.01137634,71.80532764
1632159674.25871754,1,2.40380001,16.00000000,3.04739287,3.02094800,73.76961561
1632159674.35878277,1,2.38443017,16.00000000,3.00323064,3.01807960,74.82156612
1632159674.45875645,1,2.36613607,16.00000000,3.00038077,3.00430369,74.82156612
1632159674.55876565,1,2.34927177,17.00000000,2.92079793,3.01165892,76.78585409
1632159674.65872884,1,2.33323359,17.00000000,2.87728027,3.00884944,77.83780460
1632159674.75872707,1,2.31896806,18.00000000,2.79822550,3.01419817,79.80209257
1632159674.85875463,1,2.30531240,18.00000000,2.75853631,3.01021581,80.76638054
1632159674.95872998,1,2.29386926,18.00000000,2.71701072,3.00820683,81.81833105
1632159675.05870223,1,2.28337884,18.00000000,2.67840545,3.00588180,82.78261902
1632159675.15880513,1,2.27414060,19.00000000,2.60216980,3.00857918,84.74690699
1632159675.25881243,1,2.26539922,19.00000000,2.56088881,3.00621213,85.79885750
1632159675.35880208,1,2.25843000,19.00000000,2.52341937,3.00463702,86.76314547
1632159675.45882154,1,2.25259662,20.00000000,2.44345145,3.00386494,88.81509598
1632159675.55878878,1,2.24887776,20.00000000,2.40649923,3.00352109,89.77938395
1632159675.65879345,1,2.24534106,20.00000000,2.36966736,3.00175193,90.74367192
1632159675.75880170,1,2.24393082,21.00000000,2.29033573,2.99980024,92.79562243
1632159675.85880399,1,2.24367976,21.00000000,2.25264907,3.00078546,93.75991040
1632159675.95880246,1,2.24307132,21.00000000,2.21601194,2.99932591,94.72419837
1632159676.05880618,1,2.24511814,21.00000000,2.17576651,2.99953398,95.77614888
1632159676.15879774,1,2.24832058,22.00000000,2.05805401,2.99062489,98.79238737
1632159676.25882936,1,2.25158238,21.00000000,2.05991239,2.99600245,98.75667533
1632159676.35870910,1,2.25706100,21.00000000,2.02158521,2.99725857,99.72096330
1632159676.45876932,1,2.26350331,22.00000000,1.94183000,2.99043315,101.77291382
1632159676.55881023,1,2.27122378,22.00000000,1.90290157,2.99084759,102.73720179
1632159676.65876794,1,2.28079081,22.00000000,1.86342412,2.99285625,103.70148975
1632159676.75871158,1,2.29093909,22.00000000,1.82024942,2.99334832,104.75344027
1632159676.85879827,1,2.30259776,22.00000000,1.73930266,2.98358362,106.76967875
1632159676.95882654,1,2.31527805,22.00000000,1.69843146,2.98513853,107.73396672
1632159677.05873179,1,2.32896328,22.00000000,1.65703132,2.98689070,108.69825469
1632159677.15879536,1,2.34363604,22.00000000,1.61169830,2.98662119,109.75020520
1632159677.25881076,1,2.36018991,22.00000000,1.56980379,2.98943447,110.71449317
1632159677.35880876,1,2.37712336,22.00000000,1.52651436,2.99177809,111.67878114
1632159677.45880270,1,2.39465570,23.00000000,1.44092751,2.97497007,113.73073165
1632159677.55876708,1,2.41398811,23.00000000,1.39609449,2.97697562,114.69501962
1632159677.65882087,1,2.43331075,23.00000000,1.34712059,2.97646461,115.74697013
1632159677.75880361,1,2.45329213,23.00000000,1.30140361,2.97621436,116.71125810
1632159677.85880470,1,2.47518826,23.00000000,1.21445965,2.95623120,118.72749658
1632159677.95880413,1,2.49703336,22.00000000,1.20532497,2.97613515,118.69178455
1632159678.05880809,1,2.52053356,22.00000000,1.15365394,2.97513100,119.74373506
1632159678.15878129,1,2.54395556,22.00000000,1.10504021,2.97391408,120.70802303
1632159678.25879741,1,2.56897330,22.00000000,1.05527879,2.97400314,121.67231100
1632159678.35876298,1,2.59388614,22.00000000,1.00189896,2.96982958,122.72426151
1632159678.45876169,1,2.62033582,22.00000000,0.95070197,2.96792970,123.68854948
1632159678.55881667,1,2.64746571,22.00000000,0.89878914,2.96644801,124.65283745
1632159678.65881276,1,2.67445278,22.00000000,0.84331009,2.96035862,125.70478796
1632159678.75881171,1,2.70288968,21.00000000,0.82808240,2.98540315,125.66907593
1632159678.85881710,1,2.73116040,21.00000000,0.73452050,2.95096640,127.68531441
1632159678.95880270,1,2.76082468,20.00000000,0.71774814,2.97549367,127.64960238
1632159679.05878830,1,2.79106903,20.00000000,0.65802055,2.96873784,128.70155289
1632159679.15877104,1,2.82051277,20.00000000,0.60281632,2.96172501,129.66584086
1632159679.25879693,1,2.85186076,20.00000000,0.54611917,2.95587982,130.63012883
1632159679.35880375,1,2.88299179,19.00000000,0.52386438,2.97780297,130.68207934
1632159679.45880365,1,2.91538310,19.00000000,0.46581209,2.97007079,131.64636731
1632159679.55877709,1,2.94826674,19.00000000,0.40384301,2.95830296,132.69831782
1632159679.65876675,1,2.98162603,19.00000000,0.34462932,2.94993664,133.66260579
1632159679.75874686,1,3.01437998,18.00000000,0.32240525,2.97492817,133.62689376
1632159679.85882545,1,3.04798698,18.00000000,0.25906720,2.96027402,134.67884427
1632159679.95881987,1,3.08268476,18.00000000,0.19808792,2.94912787,135.64313224
1632159680.05876684,1,3.11711168,17.00000000,0.17483144,2.97458533,135.60742021
1632159680.15878534,1,3.15263486,17.00000000,0.14944788,2.99943631,135.60742021
1632159680.26050329,1,3.18854618,18.00000000,0.04537940,2.94251828,137.65937072
1632159680.35880494,1,3.22416949,17.00000000,0.02040230,2.96799687,137.62365869
1632159680.45883036,1,3.26082635,17.00000000,-0.04759049,2.94810849,138.67560921
1632159680.55881047,1,3.29711270,16.00000000,-0.07348344,2.97361204,138.63989717
1632159680.65880299,1,3.33445287,16.00000000,-0.13823644,2.95682477,139.60418514
1632159680.75880694,1,3.37148666,16.00000000,-0.20612134,2.93331692,140.65613566
1632159680.85881233,1,3.40947890,15.00000000,-0.19737755,3.00309119,139.65613566
1632159680.95878005,1,3.44777751,16.00000000,-0.30152889,2.93650106,141.62042362
1632159681.05876660,1,3.48637247,15.00000000,-0.33140436,2.96313650,141.58471159
1632159681.15876746,1,3.52389073,15.00000000,-0.40053429,2.93538937,142.63666211
1632159681.25880861,1,3.56305099,14.00000000,-0.43031068,2.96091915,142.60095007
1632159681.35876608,1,3.60247946,14.00000000,-0.46163363,2.98486653,142.60095007
1632159681.45880914,1,3.64216757,14.00000000,-0.53328737,2.95547843,143.65290059
1632159681.55877280,1,3.68210697,14.00000000,-0.60176249,2.92989974,144.61718856
1632159681.65881109,1,3.72171521,13.00000000,-0.63368136,2.95472521,144.58147653
1632159681.75879264,1,3.76135278,13.00000000,-0.66598362,2.97769695,144.58147653
1632159681.85871816,1,3.80200005,13.00000000,-0.73903920,2.94496900,145.63342704
1632159681.95877934,1,3.84231210,12.00000000,-0.77193200,2.96970099,145.59771501
1632159682.05880427,1,3.88260055,12.00000000,-0.80517364,2.99246396,145.59771501
1632159682.15877080,1,3.92389083,12.00000000,-0.87609368,2.96099331,146.56200298
1632159682.25881934,1,3.96538162,12.00000000,-0.95027479,2.92370729,147.61395349
1632159682.35879445,1,4.00653410,11.00000000,-0.94802845,3.00447021,146.61395349
1632159682.45876694,1,4.04759884,11.00000000,-1.01932186,2.96987458,147.57824146
1632159682.55882287,1,4.08965635,11.00000000,-1.05482363,2.99339361,147.57824146
1632159682.65880704,1,4.13137484,11.00000000,-1.13108705,2.95136258,148.63019197
1632159682.75881195,1,4.17296219,11.00000000,-1.20264847,2.91274152,149.59447994
1632159682.85881186,1,4.21553707,10.00000000,-1.20351841,2.99935707,148.59447994
1632159682.95880604,1,4.25560999,10.00000000,-1.27549611,2.95976822,149.55876791
1632159683.05880165,1,4.29717731,10.00000000,-1.31133335,2.98082849,149.55876791
1632159683.15878701,1,4.34022808,10.00000000,-1.38819016,2.93357185,150.61071842
1632159683.25880432,1,4.38342667,9.00000000,-1.38770531,3.02109958,149.61071842
1632159683.35878801,1,4.42676783,10.00000000,-1.49960618,2.91082139,151.57500639
1632159683.45880604,1,4.47024870,9.00000000,-1.50010977,2.99980554,150.57500639
1632159683.55876827,1,4.51386404,9.00000000,-1.57814871,2.94867966,151.62695690
1632159683.65876651,1,4.55761099,9.00000000,-1.61664044,2.96946866,151.62695690
1632159683.75880861,1,4.60148525,9.00000000,-1.69147077,2.92187175,152.59124487
1632159683.85880804,1,4.64548302,8.00000000,-1.69257983,3.01377358,151.59124487
1632159683.95879173,1,4.68960142,8.00000000,-1.73284032,3.03476330,151.59124487
1632159684.05878568,1,4.73254776,9.00000000,-1.84534430,2.91119147,153.55553284
1632159684.15879250,1,4.77689314,8.00000000,-1.84727183,3.00526096,152.55553284
1632159684.25876164,1,4.82134962,8.00000000,-1.92679951,2.94682259,153.60748335
1632159684.35881019,1,4.86591339,8.00000000,-1.96671839,2.96663200,153.60748335
1632159684.45871186,1,4.91058207,8.00000000,-2.00673124,2.98648804,153.60748335
1632159684.55877137,1,4.95535231,8.00000000,-2.08327687,2.93234487,154.57177132
1632159684.65879369,1,4.99979591,7.00000000,-2.08526018,3.02990630,153.57177132
1632159684.75881529,1,5.04476547,8.00000000,-2.19983692,2.89375567,155.53605929
1632159684.85881042,1,5.08982944,7.00000000,-2.20433330,2.99295137,154.53605929
1632159684.95881033,1,5.13410759,7.00000000,-2.24431009,3.01198845,154.53605929
1632159685.05878758,1,5.17934990,7.00000000,-2.32525147,2.94521441,155.58800980
1632159685.15882659,1,5.22467899,7.00000000,-2.36652802,2.96394869,155.58800980
1632159685.25880027,1,5.27009249,7.00000000,-2.44385753,2.90164720,156.55229777
1632159685.35880542,1,5.31558847,6.00000000,-2.44793968,3.00453766,155.55229777
1632159685.45883703,1,5.36116457,6.00000000,-2.49039939,3.02339990,155.55229777
1632159685.55880833,1,5.40593243,6.00000000,-2.53115334,3.04289763,155.55229777
1632159685.65881038,1,5.45127106,7.00000000,-2.65002505,2.88252921,157.60424828
1632159685.75880671,1,5.49707794,6.00000000,-2.65505057,2.98836384,156.60424828
1632159685.85881114,1,5.54295683,6.00000000,-2.69715748,3.00658142,156.60424828
1632159685.95881081,1,5.58890676,6.00000000,-2.77595125,2.93818903,157.56853625
1632159686.05882144,1,5.63492584,6.00000000,-2.81945837,2.95574890,157.56853625
1632159686.15880990,1,5.68011713,6.00000000,-2.86123033,2.97299290,157.56853625
1632159686.25877333,1,5.72626781,6.00000000,-2.93991162,2.90121658,158.53282422
1632159686.35881925,1,5.77248240,5.00000000,-2.94523300,3.01156274,157.53282422
1632159686.45878863,1,5.81875944,5.00000000,-2.98799755,3.02924771,157.53282422
1632159686.55880427,1,5.86509800,5.00000000,-3.03081895,3.04792617,157.53282422
1632159686.65880227,1,5.91113615,6.00000000,-3.15171373,2.86848401,159.58477473
1632159686.75876570,1,5.95669317,5.00000000,-3.15729607,2.98148772,158.58477473
1632159686.85880637,1,6.00320816,5.00000000,-3.20059961,2.99847147,158.58477473
1632159686.95876527,1,6.04977894,5.00000000,-3.24395509,3.01547559,158.58477473
1632159687.05879092,1,6.09640360,5.00000000,-3.32401783,2.93666997,159.54906270
1632159687.15879989,1,6.14308167,5.00000000,-3.36872386,2.95297953,159.54906270
1632159687.25881791,1,6.18890429,5.00000000,-3.41165836,2.96899019,159.54906270
1632159687.35872054,1,6.23568392,5.00000000,-3.45548955,2.98533523,159.54906270
1632159687.45881963,1,6.28251314,5.00000000,-3.53547606,2.90232098,160.51335067
1632159687.55881476,1,6.32939100,4.00000000,-3.54191086,3.02177295,159.51335067
1632159687.65880728,1,6.37631607,4.00000000,-3.58683810,3.03916622,159.51335067
1632159687.75881362,1,6.42204475,5.00000000,-3.66798519,2.94983694,160.51335067
1632159687.85880542,1,6.46906328,5.00000000,-3.71231047,2.96552172,160.51335067
1632159687.95876908,1,6.51612616,5.00000000,-3.79554904,2.86807804,161.56530118
1632159688.05879426,1,6.56323242,4.00000000,-3.80403814,2.99132438,160.56530118
1632159688.15879369,1,6.60946608,4.00000000,-3.84763746,3.00670781,160.56530118
1632159688.25879478,1,6.65665531,4.00000000,-3.89213791,3.02240920,160.56530118
1632159688.35876799,1,6.70388603,4.00000000,-3.93667749,3.03812438,160.56530118
1632159688.45881438,1,6.75115633,4.00000000,-4.01912667,2.94639174,161.52958915
1632159688.55879688,1,6.79754734,4.00000000,-4.06312796,2.96254410,161.52958915
1632159688.65879726,1,6.84442806,4.00000000,-4.10759373,2.97739661,161.52958915
1632159688.75877619,1,6.89181566,4.00000000,-4.15351028,2.99240970,161.52958915
1632159688.85876083,1,6.93831921,4.00000000,-4.19761830,3.00714272,161.52958915
1632159688.95880389,1,6.98577881,4.00000000,-4.28214845,2.90016050,162.58153966
1632159689.05881405,1,7.03327322,3.00000000,-4.28969861,3.03117603,161.58153966
1632159689.15880632,1,7.08080244,3.00000000,-4.33576311,3.04619311,161.58153966
1632159689.25880504,1,7.12744236,4.00000000,-4.41828586,2.94256723,162.58153966
1632159689.35880709,1,7.17503786,4.00000000,-4.46369882,2.95681486,162.58153966
1632159689.45876622,1,7.22266531,4.00000000,-4.54552258,2.85575802,163.54582763
1632159689.55877090,1,7.26910782,3.00000000,-4.55306747,2.99026713,162.54582763
1632159689.65877056,1,7.31680012,3.00000000,-4.59856388,3.00457210,162.54582763
1632159689.75881457,1,7.36452341,3.00000000,-4.64408986,3.01888636,162.54582763
1632159689.85881472,1,7.41227627,3.00000000,-4.69061404,3.03320949,162.54582763
1632159689.95880795,1,7.45913124,3.00000000,-4.73531168,3.04726330,162.54582763
1632159690.05878639,1,7.50694180,3.00000000,-4.78092090,3.06160374,162.54582763
1632159690.15877080,1,7.55478096,4.00000000,-4.90096333,2.82759207,164.51011560
1632159690.25881410,1,7.60171890,3.00000000,-4.90964916,2.96766796,163.51011560
1632159690.35880542,1,7.64961243,3.00000000,-4.95557282,2.98126235,163.51011560
1632159690.45881367,1,7.69753265,3.00000000,-5.00249208,2.99583432,163.51011560
1632159690.55880070,1,7.74427462,3.00000000,-5.04731154,3.00910184,163.51011560
1632159690.65881252,1,7.79224825,3.00000000,-5.09331201,3.02271897,163.51011560
1632159690.75879502,1,7.84024763,3.00000000,-5.14273217,3.03731340,163.51011560
1632159690.85880518,1,7.88474035,3.00000000,-5.18539490,3.04994248,163.51011560
1632159690.95881176,1,7.93278885,3.00000000,-5.23146716,3.06358086,163.51011560
1632159691.05872917,1,7.98086071,4.00000000,-5.35473655,2.80176681,165.56206611
1632159691.15872836,1,8.02802372,3.00000000,-5.36720261,2.94987463,164.56206611
1632159691.25880218,1,8.07307816,3.00000000,-5.41645146,2.96380787,164.56206611
1632159691.35878372,1,8.11509228,3.00000000,-5.46616468,2.97790179,164.56206611
1632159691.45876193,1,8.15359879,3.00000000,-5.51540685,2.99203200,164.56206611
1632159691.55881000,1,8.14087772,3.00000000,-5.55305328,2.86161253,165.52635408
1632159691.65881181,1,8.12543011,2.00000000,-5.51988485,2.99960003,164.52635408
1632159691.75881338,1,8.10637474,2.00000000,-5.51607018,2.99936615,164.52635408
1632159691.85880589,1,8.09105778,2.00000000,-5.51876840,3.00061466,164.52635408
1632159691.95881104,1,8.07280731,2.00000000,-5.52203446,3.00156552,164.52635408
1632159692.05881000,1,8.05115509,2.00000000,-5.55998246,2.87266130,165.49064205
1632159692.15881252,1,8.02618027,1.00000000,-5.52571630,3.00898157,164.49064205
1632159692.25881982,1,7.99899912,1.00000000,-5.52328991,3.00850344,164.49064205
1632159692.35876751,1,7.97428370,1.00000000,-5.52566445,3.01013964,164.49064205
1632159692.45881820,1,7.94684315,1.00000000,-5.52929310,3.01056216,164.49064205
1632159692.55879474,1,7.91579294,1.00000000,-5.53138354,3.01244446,164.49064205
1632159692.65880919,1,7.88222551,1.00000000,-5.53395841,3.01365368,164.49064205
1632159692.75879145,1,7.84585381,1.00000000,-5.53092111,3.01265804,164.49064205
1632159692.85881257,1,7.81267500,1.00000000,-5.53484045,3.01397116,164.49064205
1632159692.95881271,1,7.77536869,1.00000000,-5.53623758,3.01369562,164.49064205
1632159693.05879092,1,7.73678923,1.00000000,-5.57361719,2.87731860,165.54259256
1632159693.15880585,1,7.69735432,0.00000000,-5.53664713,3.00744895,164.54259256
1632159693.25880432,1,7.66004801,0.00000000,-5.53755024,3.00720600,164.54259256
1632159693.35880733,1,7.62193584,0.00000000,-5.53719163,3.00626327,164.54259256
1632159693.45881128,1,7.58442116,0.00000000,-5.53692390,3.00596478,164.54259256
1632159693.55880308,1,7.54724407,0.00000000,-5.53601155,3.00624127,164.54259256
1632159693.65877557,1,7.51087236,0.00000000,-5.53587545,3.00576241,164.54259256
1632159693.75881290,1,7.47476006,0.00000000,-5.53501936,3.00486769,164.54259256
1632159693.85880923,1,7.43971157,0.00000000,-5.53615862,3.00474150,164.54259256
1632159693.95875478,1,7.40359879,0.00000000,-5.53578708,3.00384665,164.54259256
1632159694.05881023,1,7.36808348,0.00000000,-5.53550640,3.00359604,164.54259256
1632159694.15880823,1,7.33290529,0.00000000,-5.53458065,3.00295028,164.54259256
1632159694.25881958,1,7.29879189,0.00000000,-5.53468117,3.00307331,164.54259256
1632159694.35881376,1,7.26454878,0.00000000,-5.53465667,3.00267677,164.54259256
1632159694.45880485,1,7.23043537,0.00000000,-5.53378719,3.00182979,164.54259256
1632159694.55880690,1,7.19738626,0.00000000,-5.53394350,3.00223648,164.54259256
1632159694.65881062,1,7.16407776,0.00000000,-5.53384980,3.00111903,164.54259256
1632159694.75878358,1,7.13115835,0.00000000,-5.53316113,3.00156029,164.54259256
1632159694.85880327,1,7.09878445,0.00000000,-5.53299823,3.00069193,164.54259256
1632159694.95881128,1,7.06680012,0.00000000,-5.53272581,3.00041241,164.54259256
1632159695.05874968,1,7.03515291,0.00000000,-5.53229332,2.99973773,164.54259256
1632159695.15877128,1,7.00410318,0.00000000,-5.53340669,2.99970730,164.54259256
1632159695.25882053,1,6.97198868,0.00000000,-5.53252381,2.99890808,164.54259256
1632159695.35880089,1,6.94093895,0.00000000,-5.53169718,2.99887764,164.54259256
1632159695.45878220,1,6.91069412,0.00000000,-5.53164635,2.99857673,164.54259256
1632159695.55881405,1,6.88057899,0.00000000,-5.53123552,2.99734039,164.54259256
1632159695.65876985,1,6.85119057,0.00000000,-5.53201010,2.99775273,164.54259256
1632159695.75881791,1,6.82094574,0.00000000,-5.53098927,2.99648182,164.54259256
1632159695.85881281,1,6.79202509,0.00000000,-5.53124471,2.99701883,164.54259256
1632159695.95881200,1,6.76271439,0.00000000,-5.53063921,2.99599688,164.54259256
1632159696.05881143,1,6.73426104,0.00000000,-5.53037505,2.99665844,164.54259256
1632159696.15880227,1,6.70588493,0.00000000,-5.53018534,2.99588558,164.54259256
1632159696.25876379,1,6.67789888,0.00000000,-5.52988658,2.99570169,164.54259256
1632159696.35880160,1,6.65024996,0.00000000,-5.53039775,2.99512264,164.54259256
1632159696.45880938,1,6.62226391,0.00000000,-5.52961399,2.99493874,164.54259256
1632159696.55881643,1,6.59508228,0.00000000,-5.52912055,2.99448424,164.54259256
1632159696.65880990,1,6.56849813,0.00000000,-5.52968798,2.99418899,164.54259256
1632159696.75880527,1,6.54144669,0.00000000,-5.52883502,2.99425418,164.54259256
1632159696.85881114,1,6.51519966,0.00000000,-5.52827238,2.99307877,164.54259256
1632159696.95876670,1,6.48980999,0.00000000,-5.52902108,2.99358687,164.54259256
1632159697.05877161,1,6.46356297,0.00000000,-5.52845844,2.99241146,164.54259256
1632159697.15877652,1,6.43817377,0.00000000,-5.52823760,2.99243468,164.54259256
1632159697.25875258,1,6.41299105,0.00000000,-5.52773076,2.99202793,164.54259256
1632159697.35873199,1,6.38840580,0.00000000,-5.52828479,2.99226542,164.54259256
1632159697.45876050,1,6.36322308,0.00000000,-5.52777796,2.99185867,164.54259256
1632159697.55882764,1,6.33863783,0.00000000,-5.52736199,2.99112617,164.54259256
1632159697.65883279,1,6.31465054,0.00000000,-5.52703734,2.99055303,164.54259256
1632159697.75882626,1,6.29113007,0.00000000,-5.52716264,2.99058930,164.54259256
1632159697.85880780,1,6.26747942,0.00000000,-5.52764746,2.99010589,164.54259256
1632159697.95878839,1,6.24349165,0.00000000,-5.52635236,2.99001762,164.54259256
1632159698.05870175,1,6.22077513,0.00000000,-5.52628252,2.98978317,164.54259256
1632159698.15872908,1,6.19818926,0.00000000,-5.52682360,2.98958354,164.54259256
1632159698.25872159,1,6.17513609,0.00000000,-5.52642930,2.98974436,164.54259256
1632159698.35869503,1,6.15241957,0.00000000,-5.52684446,2.98950991,164.54259256
1632159698.45869827,1,6.12936640,0.00000000,-5.52548015,2.98821574,164.54259256
1632159698.55872583,1,6.10797548,0.00000000,-5.52571797,2.98881959,164.54259256
1632159698.65876865,1,6.08619308,0.00000000,-5.52557846,2.98786410,164.54259256
1632159698.75876737,1,6.06480265,0.00000000,-5.52533174,2.98798308,164.54259256
1632159698.85876870,1,6.04361773,0.00000000,-5.52576810,2.98767183,164.54259256
1632159698.95880246,1,6.02209663,0.00000000,-5.52491045,2.98775599,164.54259256
1632159699.05880475,1,6.00137901,0.00000000,-5.52482721,2.98708429,164.54259256
1632159699.15878677,1,5.98092270,0.00000000,-5.52548083,2.98696723,164.54259256
1632159699.25880599,1,5.95986843,0.00000000,-5.52410312,2.98620581,164.54259256
1632159699.35880208,1,5.94034624,0.00000000,-5.52420207,2.98682271,164.54259256
1632159699.45877242,1,5.92056274,0.00000000,-5.52404916,2.98688498,164.54259256
1632159699.55878472,1,5.90090942,0.00000000,-5.52402172,2.98649694,164.54259256
1632159699.65875077,1,5.88138771,0.00000000,-5.52460613,2.98614397,164.54259256
1632159699.75881314,1,5.86139822,0.00000000,-5.52328469,2.98615133,164.54259256
1632159699.85880208,1,5.84267950,0.00000000,-5.52415804,2.98601238,164.54259256
1632159699.95880127,1,5.82315731,0.00000000,-5.52328699,2.98468929,164.54259256
1632159700.05880260,1,5.80483103,0.00000000,-5.52356860,2.98465493,164.54259256
1632159700.15881228,1,5.78624296,0.00000000,-5.52359788,2.98503581,164.54259256
1632159700.25876284,1,5.76752424,0.00000000,-5.52253124,2.98489686,164.54259256
1632159700.35876966,1,5.74987030,0.00000000,-5.52346086,2.98407169,164.54259256
1632159700.45881367,1,5.73154402,0.00000000,-5.52277246,2.98452234,164.54259256
1632159700.55880785,1,5.71375895,0.00000000,-5.52260569,2.98366222,164.54259256
1632159700.65881133,1,5.69636679,0.00000000,-5.52330263,2.98387683,164.54259256
1632159700.75881052,1,5.67824602,0.00000000,-5.52184231,2.98292725,164.54259256
1632159700.85876107,1,5.66178799,0.00000000,-5.52295459,2.98387582,164.54259256
1632159700.95880985,1,5.64400291,0.00000000,-5.52181782,2.98301571,164.54259256
1632159701.05879354,1,5.62754488,0.00000000,-5.52196009,2.98250928,164.54259256
1632159701.15881705,1,5.61108685,0.00000000,-5.52210236,2.98200285,164.54259256
1632159701.25880647,1,5.59462881,0.00000000,-5.52224463,2.98295143,164.54259256
1632159701.35880852,1,5.57777739,0.00000000,-5.52200774,2.98234015,164.54259256
1632159701.45880890,1,5.56131935,0.00000000,-5.52069502,2.98183372,164.54259256
1632159701.55876493,1,5.59441423,0.00000000,-5.56762782,2.99501924,164.54259256
1632159701.65880537,1,5.62694407,0.00000000,-5.61498601,3.00756915,164.54259256
1632159701.75880480,1,5.65869856,0.00000000,-5.66062691,3.01991242,164.54259256
1632159701.85883808,1,5.69141769,0.00000000,-5.70719755,3.03251279,164.54259256
1632159701.95877457,1,5.72416592,0.00000000,-5.75379623,3.04560591,164.54259256
1632159702.05876541,1,5.75681829,1.00000000,-5.82235501,2.96014860,165.54259256
1632159702.15881276,1,5.79362392,1.00000000,-5.87303013,2.97321750,165.54259256
1632159702.25881124,1,5.82645798,1.00000000,-5.91985945,2.98529486,165.54259256
1632159702.35881042,1,5.85931921,1.00000000,-5.96574508,2.99737900,165.54259256
1632159702.45878601,1,5.89314699,1.00000000,-6.01305166,3.01018945,165.54259256
1632159702.55880117,1,5.92641211,1.00000000,-6.05932838,3.02140443,165.54259256
1632159702.65879464,1,5.96053219,1.00000000,-6.10643300,3.03380285,165.54259256
1632159702.75881100,1,5.99443913,1.00000000,-6.15333122,3.04614807,165.54259256
1632159702.85880995,1,6.02837181,2.00000000,-6.22466195,2.95590751,166.54259256
1632159702.95879269,1,6.06338835,2.00000000,-6.29569439,2.86849654,167.50688053
1632159703.05880499,1,6.09737158,1.00000000,-6.31561661,2.98245113,166.50688053
1632159703.15879655,1,6.13490725,1.00000000,-6.35939121,2.99217927,166.50688053
1632159703.25879359,1,6.17622042,1.00000000,-6.40441406,3.00375882,166.50688053
1632159703.35876060,1,6.21968746,1.00000000,-6.44862132,3.01390092,166.50688053
1632159703.45880127,1,6.26645660,1.00000000,-6.49409954,3.02481350,166.50688053
1632159703.55879760,1,6.31513357,1.00000000,-6.54143292,3.03617123,166.50688053
1632159703.65880203,1,6.36383152,1.00000000,-6.58878671,3.04753385,166.50688053
1632159703.75880742,1,6.41254950,2.00000000,-6.66132310,2.94984791,167.50688053
1632159703.85876560,1,6.46128702,2.00000000,-6.70890662,2.96039093,167.50688053
1632159703.95880914,1,6.51004362,2.00000000,-6.75650876,2.97093807,167.50688053
1632159704.05874419,1,6.55881929,2.00000000,-6.80412952,2.98148934,167.50688053
1632159704.15876436,1,6.60761309,2.00000000,-6.85176797,2.99204453,167.50688053
1632159704.25882125,1,6.65642452,2.00000000,-6.89942365,3.00260354,167.50688053
1632159704.35880661,1,6.70525360,2.00000000,-6.94709655,3.01316636,167.50688053
1632159704.45881057,1,6.75409985,2.00000000,-6.99478621,3.02373289,167.50688053
1632159704.55880451,1,6.75409985,2.00000000,-6.99478621,3.02373289,167.50688053
1632159704.65882850,1,6.75409985,2.00000000,-6.99478621,3.02373289,167.50688053
1632159704.75880814,1,6.75409985,2.00000000,-6.99478621,3.02373289,167.50688053
1632159704.85876131,1,6.75409985,2.00000000,-6.99478621,3.02373289,167.50688053
1632159704.95880985,1,6.75409985,2.00000000,-7.02049844,2.90242437,168.55883104
1632159705.05873585,1,6.75409985,1.00000000,-6.99610826,3.01775330,167.55883104
1632159705.15879154,1,6.75409985,1.00000000,-6.99610826,3.01775330,167.55883104
1632159705.25881743,1,6.75409985,1.00000000,-6.99610826,3.01775330,167.55883104
1632159705.35881352,1,6.75409985,1.00000000,-6.99610826,3.01775330,167.55883104
1632159705.45875740,1,6.75409985,1.00000000,-6.99610826,3.01775330,167.55883104
1632159705.55879855,1,6.75409985,1.00000000,-6.99610826,3.01775330,167.55883104
1632159705.65880942,1,6.75409985,1.00000000,-6.99610826,3.01775330,167.55883104
1632159705.75878739,1,6.75409985,1.00000000,-6.99610826,3.01775330,167.55883104
1632159705.85879254,1,6.75409985,1.00000000,-6.99610826,3.01775330,167.55883104
1632159705.95882177,1,6.75409985,1.00000000,-6.99610826,3.01775330,167.55883104
1632159706.05877924,1,6.75409985,1.00000000,-6.99610826,3.01775330,167.55883104
1632159706.15881324,1,6.75409985,1.00000000,-6.99610826,3.01775330,167.55883104
1632159706.25879502,1,6.75409985,1.00000000,-6.99610826,3.01775330,167.55883104
1632159706.35881519,1,6.75409985,1.00000000,-6.99610826,3.01775330,167.55883104
1632159706.45880795,1,6.75409985,1.00000000,-6.99610826,3.01775330,167.55883104
1632159706.55880117,1,6.75409985,1.00000000,-6.99610826,3.01775330,167.55883104
1632159706.65877986,1,6.75409985,1.00000000,-6.99610826,3.01775330,167.55883104
1632159706.75880599,1,6.75409985,1.00000000,-6.99610826,3.01775330,167.55883104
1632159706.85881090,1,6.75409985,1.00000000,-6.99610826,3.01775330,167.55883104
1632159706.95880318,1,6.75409985,1.00000000,-6.99610826,3.01775330,167.55883104
1632159707.05879617,1,6.75409985,1.00000000,-6.99610826,3.01775330,167.55883104
1632159707.15882802,1,6.75409985,1.00000000,-6.99610826,3.01775330,167.55883104
1632159707.25880575,1,6.75409985,1.00000000,-6.99610826,3.01775330,167.55883104
1632159707.35881066,1,6.75409985,1.00000000,-6.99610826,3.01775330,167.55883104
1632159707.45881057,1,6.75409985,1.00000000,-6.99610826,3.01775330,167.55883104
1632159707.55880380,1,6.75409985,1.00000000,-6.99610826,3.01775330,167.55883104
1632159707.65882897,1,6.75409985,1.00000000,-6.99610826,3.01775330,167.55883104
1632159707.75874782,1,6.75409985,1.00000000,-6.99610826,3.01775330,167.55883104
1632159707.85880947,1,6.75409985,1.00000000,-6.99610826,3.01775330,167.55883104
1632159707.95879054,1,6.75409985,1.00000000,-6.99610826,3.01775330,167.55883104
1632159708.05880404,1,6.75409985,1.00000000,-6.99610826,3.01775330,167.55883104
1632159708.15880823,1,6.75409985,1.00000000,-6.99610826,3.01775330,167.55883104
1632159708.25881648,1,6.75409985,1.00000000,-6.99610826,3.01775330,167.55883104
1632159708.35880184,1,6.75409985,1.00000000,-6.99610826,3.01775330,167.55883104
1632159708.45881081,1,6.75409985,1.00000000,-6.99610826,3.01775330,167.55883104
1632159708.55876517,1,6.75409985,1.00000000,-6.99610826,3.01775330,167.55883104
1632159708.65877843,1,6.75409985,1.00000000,-6.99610826,3.01775330,167.55883104
1632159708.75881195,1,6.75409985,1.00000000,-6.99610826,3.01775330,167.55883104
1632159708.85881209,1,6.75409985,1.00000000,-6.99610826,3.01775330,167.55883104
1632159708.95881104,1,6.75409985,1.00000000,-6.99610826,3.01775330,167.55883104
1632159709.05880332,1,6.75409985,1.00000000,-6.99610826,3.01775330,167.55883104
1632159709.15880537,1,6.75409985,1.00000000,-6.99610826,3.01775330,167.55883104
1632159709.25881338,1,6.75409985,1.00000000,-6.99610826,3.01775330,167.55883104
1632159709.35877800,1,6.75409985,1.00000000,-6.99610826,3.01775330,167.55883104
1632159709.45878339,1,6.75409985,1.00000000,-6.99610826,3.01775330,167.55883104
1632159709.55876827,1,6.75409985,1.00000000,-6.99610826,3.01775330,167.55883104
1632159709.65875959,1,6.75409985,1.00000000,-6.99610826,3.01775330,167.55883104
1632159709.75877428,1,6.75409985,1.00000000,-6.99610826,3.01775330,167.55883104
1632159709.85880756,1,6.75409985,1.00000000,-6.99610826,3.01775330,167.55883104
1632159709.95879650,1,6.75409985,1.00000000,-6.99610826,3.01775330,167.55883104
1632159710.05880976,1,6.75409985,1.00000000,-6.99610826,3.01775330,167.55883104
1632159710.15875530,1,6.75409985,1.00000000,-6.99610826,3.01775330,167.55883104
1632159710.25967693,1,6.75409985,1.00000000,-6.99610826,3.01775330,167.55883104
1632159710.35881472,1,6.75409985,1.00000000,-6.99610826,3.01775330,167.55883104
1632159710.45882893,1,6.75409985,1.00000000,-6.99610826,3.01775330,167.55883104
1632159710.55875993,1,6.75409985,1.00000000,-6.99610826,3.01775330,167.55883104
1632159710.65880680,1,6.75409985,1.00000000,-6.99610826,3.01775330,167.55883104
1632159710.75881314,1,6.75409985,1.00000000,-6.99610826,3.01775330,167.55883104
1632159710.85882235,1,6.75409985,1.00000000,-6.99610826,3.01775330,167.55883104
1632159710.95878220,1,6.75409985,1.00000000,-6.99610826,3.01775330,167.55883104
1632159711.05881524,1,6.75409985,1.00000000,-6.99610826,3.01775330,167.55883104
1632159711.15879774,1,6.75409985,1.00000000,-6.99610826,3.01775330,167.55883104
1632159711.25879979,1,6.75409985,1.00000000,-6.99610826,3.01775330,167.55883104
1632159711.35880566,1,6.75409985,1.00000000,-6.99610826,3.01775330,167.55883104
1632159711.45882773,1,6.75409985,1.00000000,-6.99610826,3.01775330,167.55883104
1632159711.55881691,1,6.75409985,1.00000000,-6.99610826,3.01775330,167.55883104
1632159711.65881848,1,6.75409985,1.00000000,-6.99610826,3.01775330,167.55883104
1632159711.75879455,1,6.75409985,1.00000000,-6.99610826,3.01775330,167.55883104
1632159711.85876560,1,6.75409985,1.00000000,-6.99610826,3.01775330,167.55883104
1632159711.95876646,1,6.75409985,1.00000000,-6.99610826,3.01775330,167.55883104
1632159712.05880809,1,6.75409985,1.00000000,-6.99610826,3.01775330,167.55883104
1632159712.15878868,1,6.75409985,1.00000000,-6.99610826,3.01775330,167.55883104
1632159712.25879478,1,6.75409985,1.00000000,-6.99610826,3.01775330,167.55883104
1632159712.35880303,1,6.75409985,1.00000000,-6.99610826,3.01775330,167.55883104
1632159712.45881605,1,6.75409985,1.00000000,-6.99610826,3.01775330,167.55883104
1632159712.55881906,1,6.75409985,1.00000000,-6.99610826,3.01775330,167.55883104
1632159712.65884709,1,6.75409985,1.00000000,-6.99610826,3.01775330,167.55883104
1632159712.75882387,1,6.75409985,1.00000000,-6.99610826,3.01775330,167.55883104
1632159712.85880995,1,6.75409985,1.00000000,-6.99610826,3.01775330,167.55883104
1632159712.95881057,1,6.75409985,1.00000000,-6.99610826,3.01775330,167.55883104
1632159713.05877018,1,6.75409985,1.00000000,-6.99610826,3.01775330,167.55883104
1632159713.15880537,1,6.75409985,1.00000000,-6.99610826,3.01775330,167.55883104
1632159713.25876141,1,6.75409985,1.00000000,-6.99610826,3.01775330,167.55883104
1632159713.35880113,1,6.75409985,1.00000000,-6.99610826,3.01775330,167.55883104
1632159713.45880961,1,6.75409985,1.00000000,-6.99610826,3.01775330,167.55883104
1632159713.55883360,1,6.75409985,1.00000000,-6.99610826,3.01775330,167.55883104
1632159713.65877533,1,6.75409985,1.00000000,-6.99610826,3.01775330,167.55883104
1632159713.75880384,1,6.75409985,1.00000000,-6.99610826,3.01775330,167.55883104
1632159713.85880256,1,6.75409985,1.00000000,-6.99610826,3.01775330,167.55883104
1632159713.95880270,1,6.75409985,1.00000000,-6.99610826,3.01775330,167.55883104
1632159714.05877471,1,6.75409985,1.00000000,-6.99610826,3.01775330,167.55883104
1632159714.15881205,1,6.75409985,1.00000000,-6.99610826,3.01775330,167.55883104
1632159714.25881267,1,6.75409985,1.00000000,-6.99610826,3.01775330,167.55883104
1632159714.35880923,1,6.75409985,1.00000000,-6.99610826,3.01775330,167.55883104
1632159714.45880938,1,6.75409985,1.00000000,-6.99610826,3.01775330,167.55883104
1632159714.55880833,1,6.74363661,2.00000000,-7.01024312,2.90034887,168.55883104
1632159714.65880966,1,6.73352814,2.00000000,-7.00033551,2.89834373,168.55883104
1632159714.75876665,1,6.72377634,2.00000000,-6.99077750,2.89640935,168.55883104
1632159714.85880327,1,6.71438265,3.00000000,-7.00381260,2.77948955,169.55883104
1632159714.95879149,1,6.70534849,3.00000000,-6.99492803,2.77785233,169.55883104
1632159715.05880976,1,6.69667578,4.00000000,-7.00657630,2.66115791,170.55883104
1632159715.15880585,1,6.68836546,4.00000000,-6.99837855,2.65979473,170.55883104
1632159715.25880361,1,6.68041945,5.00000000,-7.00866121,2.54331427,171.55883104
1632159715.35880494,1,6.67283821,5.00000000,-7.00116210,2.54220139,171.55883104
1632159715.45881152,1,6.66562366,5.00000000,-7.00955886,2.43004182,172.52311901
1632159715.55880570,1,6.65877628,5.00000000,-7.00276969,2.42915079,172.52311901
1632159715.65881419,1,6.65229797,5.00000000,-6.99634647,2.42830780,172.52311901
1632159715.75881028,1,6.64618969,6.00000000,-7.00438007,2.31237545,173.52311901
1632159715.85881138,1,6.64045191,6.00000000,-6.99867891,2.31172822,173.52311901
1632159715.95879817,1,6.63508654,7.00000000,-7.01512820,2.08470670,175.48740698
1632159716.05880976,1,6.63009357,6.00000000,-7.00004011,2.19958681,174.48740698
1632159716.15876961,1,6.62547398,6.00000000,-6.99544188,2.19914303,174.48740698
1632159716.25876522,1,6.62122869,7.00000000,-7.00131332,2.08361639,175.48740698
1632159716.35880971,1,6.61735868,7.00000000,-7.00590192,1.96211288,176.53935749
1632159716.45876503,1,6.61386490,7.00000000,-7.00241450,1.96190199,176.53935749
1632159716.55877376,1,6.61074686,7.00000000,-6.99930215,1.96171378,176.53935749
1632159716.65879560,1,6.60800552,8.00000000,-7.00252260,1.84637225,177.53935749
1632159716.75878429,1,6.60564184,8.00000000,-7.00399924,1.73516540,178.50364546
1632159716.85880280,1,6.60365629,7.00000000,-6.99799939,1.85029768,177.50364546
1632159716.95873117,1,6.60204840,8.00000000,-7.00040702,1.73507157,178.50364546
1632159717.05873084,1,6.60081863,8.00000000,-7.00114402,1.62396639,179.46793343
1632159717.15880942,1,6.59996796,8.00000000,-7.00029338,1.62395849,179.46793343
1632159717.25881481,1,6.59949541,8.00000000,-6.99982086,1.62395410,179.46793343
1632159717.35876656,1,6.59940195,9.00000000,-6.99769015,1.38762833,181.51988395
1632159717.45879245,1,6.59968758,8.00000000,-7.00002590,1.50278733,180.51988395
1632159717.55881023,1,6.60035181,8.00000000,-6.99874751,1.39171568,181.48417191
1632159717.65879130,1,6.60139465,8.00000000,-6.99979001,1.39168866,181.48417191
1632159717.75880718,1,6.60281563,8.00000000,-7.00121050,1.39165186,181.48417191
1632159717.85881519,1,6.60461521,9.00000000,-6.99265076,1.15531182,183.53612243
1632159717.95880461,1,6.60679293,8.00000000,-7.00093172,1.27032447,182.53612243
1632159718.05880427,1,6.60934782,9.00000000,-6.98957969,1.04405935,184.50041040
1632159718.15880847,1,6.61227989,8.00000000,-7.00055377,1.15895270,183.50041040
1632159718.25878906,1,6.61558867,9.00000000,-6.99580129,1.04356966,184.50041040
1632159718.35877061,1,6.61927319,9.00000000,-6.98979901,0.93230046,185.46469836
1632159718.45881486,1,6.62333345,8.00000000,-7.00384485,1.04707760,184.46469836
1632159718.55871105,1,6.62776852,9.00000000,-6.98555597,0.81047183,186.51664888
1632159718.65876651,1,6.63257694,8.00000000,-7.00246687,0.92504729,185.51664888
1632159718.75877976,1,6.63775921,9.00000000,-6.99548211,0.80933797,186.51664888
1632159718.85880733,1,6.64331341,9.00000000,-6.98737708,0.69773506,187.48093685
1632159718.95881271,1,6.64923906,9.00000000,-6.99325230,0.69696357,187.48093685
1632159719.05877757,1,6.65553522,9.00000000,-6.98397738,0.58521256,188.44522481
1632159719.15881729,1,6.66220045,8.00000000,-6.98868751,0.57163537,-171.44522481
1632159719.25879025,1,6.66923380,8.00000000,-6.99564260,0.57058913,-171.44522481
1632159719.35879159,1,6.67663431,8.00000000,-6.98531128,0.45851660,-170.48093685
1632159719.45880532,1,6.68440104,8.00000000,-6.99297107,0.45723218,-170.48093685
1632159719.55880356,1,6.69253206,8.00000000,-6.98142911,0.34496509,-169.51664888
1632159719.65880203,1,6.70102596,8.00000000,-6.98978123,0.34341963,-169.51664888
1632159719.75881243,1,6.70988226,8.00000000,-6.99848969,0.34180823,-169.51664888
1632159719.85880232,1,6.71909857,8.00000000,-6.98399408,0.21904072,-168.46469836
1632159719.95880795,1,6.72867393,8.00000000,-6.99337604,0.21712592,-168.46469836
1632159720.05879140,1,6.73860645,8.00000000,-6.97949502,0.10421574,-167.50041040
1632159720.15880728,1,6.74889517,8.00000000,-6.98953987,0.10198893,-167.50041040
1632159720.25880814,1,6.75953770,8.00000000,-6.99993014,0.09968554,-167.50041040
1632159720.35881186,1,6.77053308,8.00000000,-6.98506787,-0.01372867,-166.53612243
1632159720.45878315,1,6.78187943,8.00000000,-6.99610238,-0.01637046,-166.53612243
1632159720.55880547,1,6.79357433,8.00000000,-6.97732281,-0.14012207,-165.48417191
1632159720.65874887,1,6.80561686,8.00000000,-6.98898092,-0.14314049,-165.48417191
1632159720.75880599,1,6.81800461,8.00000000,-7.00097323,-0.14624545,-165.48417191
1632159720.85881877,1,6.83073616,8.00000000,-6.98354848,-0.26048040,-164.51988395
1632159720.95876598,1,6.84380913,8.00000000,-6.99614721,-0.26396963,-164.51988395
1632159721.05876851,1,6.85722160,8.00000000,-6.97435839,-0.38856557,-163.46793343
1632159721.15872574,1,6.87097168,8.00000000,-6.98754004,-0.39247818,-163.46793343
1632159721.25878525,1,6.88505793,8.00000000,-7.00104397,-0.39648645,-163.46793343
1632159721.35880828,1,6.89947748,8.00000000,-6.98089062,-0.51162422,-162.50364546
1632159721.45878410,1,6.91422844,8.00000000,-6.99495914,-0.51605903,-162.50364546
1632159721.55877590,1,6.92930889,8.00000000,-6.97334631,-0.63151756,-161.53935749
1632159721.65881896,1,6.94471645,8.00000000,-6.98796102,-0.63639642,-161.53935749
1632159721.75884557,1,6.96044970,8.00000000,-7.00288465,-0.64137840,-161.53935749
1632159721.85880733,1,6.97650528,8.00000000,-6.97644133,-0.76758067,-160.48740698
1632159721.95880294,1,6.99288130,8.00000000,-6.99187685,-0.77305049,-160.48740698
1632159722.05880976,1,7.00957632,8.00000000,-6.96727518,-0.88948590,-159.52311901
1632159722.15880775,1,7.02658701,8.00000000,-6.98321103,-0.89543674,-159.52311901
1632159722.25881004,1,7.04391146,8.00000000,-6.99944080,-0.90149734,-159.52311901
1632159722.35882211,1,7.06154776,8.00000000,-6.97345204,-1.01864831,-158.55883104
1632159722.45880651,1,7.07949352,8.00000000,-6.99015584,-1.02520831,-158.55883104
1632159722.55880928,1,7.09774542,8.00000000,-6.95839785,-1.15273209,-157.50688053
1632159722.65881610,1,7.11630249,7.00000000,-7.02205601,-1.04466846,-158.50688053
1632159722.75873089,1,7.13516140,8.00000000,-6.99296743,-1.16704641,-157.50688053
1632159722.85880184,1,7.15431976,8.00000000,-6.96366990,-1.28523028,-156.54259256
1632159722.95881081,1,7.17377615,8.00000000,-6.98151834,-1.29297523,-156.54259256
1632159723.05876470,1,7.19352674,8.00000000,-6.94595343,-1.42150600,-155.49064205
1632159723.15876698,1,7.21357012,7.00000000,-7.01541727,-1.31481478,-156.49064205
1632159723.25881362,1,7.23390341,8.00000000,-6.98269189,-1.43825593,-155.49064205
1632159723.35882044,1,7.25452471,8.00000000,-6.94987310,-1.55747128,-154.52635408
1632159723.45880556,1,7.27543116,7.00000000,-7.02235763,-1.45135668,-155.52635408
1632159723.55876422,1,7.29661989,8.00000000,-6.98787592,-1.57557625,-154.52635408
1632159723.65880418,1,7.31808901,8.00000000,-6.95335265,-1.69554891,-153.56206611
1632159723.75881481,1,7.33983612,8.00000000,-6.97282539,-1.70523134,-153.56206611
1632159723.85880542,1,7.36185884,8.00000000,-6.93125860,-1.83550518,-152.51011560
1632159723.95880103,1,7.38415384,7.00000000,-7.00952460,-1.73095654,-153.51011560
1632159724.05879426,1,7.40671968,8.00000000,-6.97105431,-1.85621258,-152.51011560
1632159724.15879798,1,7.42955351,8.00000000,-6.93266218,-1.97718306,-151.54582763
1632159724.25877929,1,7.45265245,7.00000000,-7.01394381,-1.87329341,-152.54582763
1632159724.35881090,1,7.47601509,8.00000000,-6.97351113,-1.99931994,-151.54582763
1632159724.45880485,1,7.49963760,8.00000000,-6.93321133,-2.12103520,-150.58153966
1632159724.55880857,1,7.49963760,7.00000000,-6.99650591,-2.00646454,-151.58153966
1632159724.65880823,1,7.49963760,7.00000000,-6.92986860,-2.12695685,-150.52958915
1632159724.75878382,1,7.49963760,6.00000000,-6.99326703,-2.01244362,-151.52958915
1632159724.85880399,1,7.49963760,6.00000000,-6.99326703,-2.01244362,-151.52958915
1632159724.95873713,1,7.49963760,6.00000000,-6.93216705,-2.12288649,-150.56530118
1632159725.05880809,1,7.49963760,5.00000000,-6.99549409,-2.00833378,-151.56530118
1632159725.15870690,1,7.49963760,5.00000000,-6.99549409,-2.00833378,-151.56530118
1632159725.25881004,1,7.49963760,5.00000000,-6.92882265,-2.12880719,-150.51335067
1632159725.35881042,1,7.49963760,4.00000000,-6.99225353,-2.01431194,-151.51335067
1632159725.45880246,1,7.49963760,4.00000000,-6.99225353,-2.01431194,-151.51335067
1632159725.55880451,1,7.49963760,4.00000000,-6.99225353,-2.01431194,-151.51335067
1632159725.65879035,1,7.49963760,4.00000000,-6.93112225,-2.12473749,-150.54906270
1632159725.75873423,1,7.49963760,3.00000000,-6.99448175,-2.01020272,-151.54906270
1632159725.85880113,1,7.49963760,3.00000000,-6.99448175,-2.01020272,-151.54906270
1632159725.95880580,1,7.49963760,3.00000000,-6.99448175,-2.01020272,-151.54906270
1632159726.05878186,1,7.49963760,3.00000000,-6.99448175,-2.01020272,-151.54906270
1632159726.15880394,1,7.49963760,3.00000000,-6.93341931,-2.12066635,-150.58477473
1632159726.25878453,1,7.49963760,2.00000000,-6.99670742,-2.00609212,-151.58477473
1632159726.35873890,1,7.49963760,2.00000000,-6.99670742,-2.00609212,-151.58477473
1632159726.45878315,1,7.49963760,2.00000000,-6.99670742,-2.00609212,-151.58477473
1632159726.55880857,1,7.49963760,2.00000000,-6.99670742,-2.00609212,-151.58477473
1632159726.65880346,1,7.49963760,2.00000000,-6.99670742,-2.00609212,-151.58477473
1632159726.75879908,1,7.49963760,2.00000000,-6.99670742,-2.00609212,-151.58477473
1632159726.85881758,1,7.49963760,2.00000000,-6.99670742,-2.00609212,-151.58477473
