Seconds,Desired Distance
1632313392.46079445,3.50000000
1632313392.56062651,3.50000000
1632313392.66082263,3.50000000
1632313392.76043868,3.50000000
1632313392.86066771,3.50000000
1632313392.96042848,3.50000000
1632313393.06062412,3.50000000
1632313393.16062903,3.50000000
1632313393.26065326,3.50000000
1632313393.36068988,3.50000000
1632313393.46064425,3.50000000
1632313393.56070757,3.50000000
1632313393.66071320,3.50000000
1632313393.76065922,3.50000000
1632313393.86043954,3.50000000
1632313393.96041942,3.50000000
1632313394.06044674,3.50000000
1632313394.16042852,3.50000000
1632313394.26044297,3.50000000
1632313394.36042833,3.50000000
1632313394.46041965,3.50000000
1632313394.56042433,3.50000000
1632313394.66041613,3.50000000
1632313394.76043034,3.50000000
1632313394.86061716,3.50000000
1632313394.96065235,3.50000000
1632313395.06061697,3.50000000
1632313395.16060948,3.50000000
1632313395.26059961,3.50000000
1632313395.36063457,3.50000000
1632313395.46068215,3.50000000
1632313395.56063485,3.50000000
1632313395.66061831,3.50000000
1632313395.76061416,3.50000000
1632313395.86068034,3.50000000
1632313395.96076322,3.50000000
1632313396.06064844,3.50000000
1632313396.16041064,3.50000000
1632313396.26039982,3.50000000
1632313396.36050272,3.50000000
1632313396.46061110,3.50000000
1632313396.56063771,3.50000000
1632313396.66068578,3.50000000
1632313396.76074767,3.50000000
1632313396.86070275,3.50000000
1632313396.96060848,3.50000000
1632313397.06064415,3.50000000
1632313397.16060829,3.50000000
1632313397.26063967,3.50000000
1632313397.36061764,3.50000000
1632313397.46067333,3.50000000
1632313397.56066632,3.50000000
1632313397.66061306,3.50000000
1632313397.76066518,3.50000000
1632313397.86064959,3.50000000
1632313397.96066785,3.50000000
1632313398.06067061,3.50000000
1632313398.16063166,3.50000000
1632313398.26073551,3.50000000
1632313398.36076808,3.50000000
1632313398.46083975,3.50000000
1632313398.56064367,3.50000000
1632313398.66069174,3.50000000
1632313398.76065922,3.50000000
1632313398.86064434,3.50000000
1632313398.96061087,3.50000000
1632313399.06072378,3.50000000
1632313399.16060662,3.50000000
1632313399.26061559,3.50000000
1632313399.36065030,3.50000000
1632313399.46078801,3.50000000
1632313399.56075525,3.50000000
1632313399.66061425,3.50000000
1632313399.76061678,3.50000000
1632313399.86071539,3.50000000
1632313399.96072769,3.50000000
1632313400.06055522,3.50000000
1632313400.16071987,3.50000000
1632313400.26066065,3.50000000
1632313400.36067581,3.50000000
1632313400.46065497,3.50000000
1632313400.56074262,3.50000000
1632313400.66079903,3.50000000
1632313400.76072598,3.50000000
1632313400.86053610,3.50000000
1632313400.96049714,3.50000000
1632313401.06070948,3.50000000
1632313401.16066313,3.50000000
1632313401.26062250,3.50000000
1632313401.36063647,3.50000000
1632313401.46069503,3.50000000
1632313401.56056333,3.50000000
1632313401.66077137,3.50000000
1632313401.76076150,3.50000000
1632313401.86063218,3.50000000
1632313401.96063924,3.50000000
1632313402.06071520,3.50000000
1632313402.16071987,3.50000000
1632313402.26066923,3.50000000
1632313402.36076045,3.50000000
1632313402.46094584,3.50000000
1632313402.56059337,3.50000000
1632313402.66062474,3.50000000
1632313402.76062560,3.50000000
1632313402.86080694,3.50000000
1632313402.96065784,3.50000000
1632313403.06066585,3.50000000
1632313403.16061473,3.50000000
1632313403.26077414,3.50000000
1632313403.36062384,3.50000000
1632313403.46040154,3.50000000
1632313403.56064153,3.50000000
1632313403.66067863,3.50000000
1632313403.76062608,3.50000000
1632313403.86075473,3.50000000
1632313403.96064734,3.50000000
1632313404.06070566,3.50000000
1632313404.16065788,3.50000000
1632313404.26064467,3.50000000
1632313404.36069250,3.50000000
1632313404.46069551,3.50000000
1632313404.56064653,3.50000000
1632313404.66061783,3.50000000
1632313404.76061296,3.50000000
1632313404.86063528,3.50000000
1632313404.96069598,3.50000000
1632313405.06062865,3.50000000
1632313405.16067123,3.50000000
1632313405.26062727,3.50000000
1632313405.36064816,3.50000000
1632313405.46067357,3.50000000
1632313405.56071520,3.50000000
1632313405.66068077,3.50000000
1632313405.76061869,3.50000000
1632313405.86061430,3.50000000
1632313405.96067166,3.50000000
1632313406.06061721,3.50000000
1632313406.16064763,3.50000000
1632313406.26063561,3.50000000
1632313406.36069322,3.50000000
1632313406.46062160,3.50000000
1632313406.56065226,3.50000000
1632313406.66064382,3.50000000
1632313406.76061940,3.50000000
1632313406.86064339,3.50000000
1632313406.96064043,3.50000000
1632313407.06065440,3.50000000
1632313407.16062450,3.50000000
1632313407.26071382,3.50000000
1632313407.36065698,3.50000000
1632313407.46070838,3.50000000
1632313407.56084800,2.00000000
1632313407.66062284,2.00000000
1632313407.76063776,2.00000000
1632313407.86060619,2.00000000
1632313407.96068645,2.00000000
1632313408.06049967,2.00000000
1632313408.16065097,2.00000000
1632313408.26077032,2.00000000
1632313408.36063886,2.00000000
1632313408.46067572,2.00000000
1632313408.56066084,2.00000000
1632313408.66065359,2.00000000
1632313408.76063514,2.00000000
1632313408.86066866,2.00000000
1632313408.96080661,2.00000000
1632313409.06063008,2.00000000
1632313409.16040969,2.00000000
1632313409.26042295,2.00000000
1632313409.36065674,2.00000000
1632313409.46076012,2.00000000
1632313409.56074977,2.00000000
1632313409.66048551,2.00000000
1632313409.76050591,2.00000000
1632313409.86076880,2.00000000
1632313409.96050382,2.00000000
1632313410.06059480,2.00000000
1632313410.16062784,2.00000000
1632313410.26074076,2.00000000
1632313410.36069870,2.00000000
1632313410.46059990,2.00000000
1632313410.56064558,2.00000000
1632313410.66063929,2.00000000
1632313410.76061988,2.00000000
1632313410.86063528,2.00000000
1632313410.96063972,2.00000000
1632313411.06064725,2.00000000
1632313411.16064429,2.00000000
1632313411.26061153,2.00000000
1632313411.36062098,2.00000000
1632313411.46075487,2.00000000
1632313411.56070542,2.00000000
1632313411.66068172,2.00000000
1632313411.76064563,2.00000000
1632313411.86060691,2.00000000
1632313411.96060824,2.00000000
1632313412.06068397,2.00000000
1632313412.16072845,2.00000000
1632313412.26040149,2.00000000
1632313412.36070395,2.00000000
1632313412.46065497,2.00000000
1632313412.56062627,2.00000000
1632313412.66068363,2.00000000
1632313412.76063418,2.00000000
1632313412.86065602,2.00000000
1632313412.96063304,2.00000000
1632313413.06068444,2.00000000
1632313413.16064668,2.00000000
1632313413.26066041,2.00000000
1632313413.36066127,2.00000000
1632313413.46079373,2.00000000
1632313413.56066012,2.00000000
1632313413.66062522,2.00000000
1632313413.76076055,2.00000000
1632313413.86064625,2.00000000
1632313413.96063161,2.00000000
1632313414.06078172,2.00000000
1632313414.16066742,2.00000000
1632313414.26065922,2.00000000
1632313414.36069965,2.00000000
1632313414.46066976,2.00000000
1632313414.56065702,2.00000000
1632313414.66064930,2.00000000
1632313414.76050711,2.00000000
1632313414.86066175,2.00000000
1632313414.96065497,2.00000000
1632313415.06054115,2.00000000
1632313415.16062069,2.00000000
1632313415.26069045,2.00000000
1632313415.36063576,2.00000000
1632313415.46066952,2.00000000
1632313415.56098104,2.00000000
1632313415.66062689,2.00000000
1632313415.76063967,2.00000000
1632313415.86061716,2.00000000
1632313415.96065474,2.00000000
1632313416.06041574,2.00000000
1632313416.16061044,2.00000000
1632313416.26053905,2.00000000
1632313416.36064291,2.00000000
1632313416.46071386,2.00000000
1632313416.56044030,2.00000000
1632313416.66079831,2.00000000
1632313416.76076174,2.00000000
1632313416.86065316,2.00000000
1632313416.96062326,2.00000000
1632313417.06070805,2.00000000
1632313417.16061497,2.00000000
1632313417.26047778,2.00000000
1632313417.36044836,2.00000000
1632313417.46065402,2.00000000
1632313417.56057501,2.00000000
1632313417.66061783,2.00000000
1632313417.76073337,2.00000000
1632313417.86067891,2.00000000
1632313417.96066761,2.00000000
1632313418.06049848,2.00000000
1632313418.16062331,2.00000000
1632313418.26072073,2.00000000
1632313418.36072302,2.00000000
1632313418.46068239,2.00000000
1632313418.56064415,2.00000000
