Seconds,ChildArea,Child Observation Distance,Robot bounds proximity
1632312986.37804770,0,0.00000000,0.00000000
1632312986.47805643,0,0.00000000,0.00000000
1632312986.57804346,0,0.00000000,0.00000000
1632312986.67804503,0,0.00000000,0.00000000
1632312986.77804756,0,0.00000000,0.00000000
1632312986.87804818,0,0.00000000,0.00000000
1632312986.97801805,0,0.00000000,0.00000000
1632312987.07801223,0,0.00000000,0.00000000
1632312987.17801166,0,0.00000000,0.00000000
1632312987.27803135,0,0.00000000,0.00000000
1632312987.37804937,0,0.00000000,0.00000000
1632312987.47804356,0,0.00000000,0.00000000
1632312987.57800937,0,0.00000000,0.00000000
1632312987.67801833,0,0.00000000,0.00000000
1632312987.77804494,0,0.00000000,0.00000000
1632312987.87801170,0,0.00000000,0.00000000
1632312987.97801423,0,0.00000000,0.00000000
1632312988.07801652,0,0.00000000,0.00000000
1632312988.17801523,0,0.00000000,0.00000000
1632312988.27801967,0,0.00000000,0.00000000
1632312988.37798452,0,0.00000000,0.00000000
1632312988.47801352,0,0.00000000,0.00000000
1632312988.57800698,0,0.00000000,0.00000000
1632312988.67799592,0,0.00000000,0.00000000
1632312988.77798557,0,0.00000000,0.00000000
1632312988.87808084,0,0.00000000,0.00000000
1632312988.97804475,0,0.00000000,0.00000000
1632312989.07801008,0,0.00000000,0.00000000
1632312989.17801690,0,0.00000000,0.00000000
1632312989.27801394,0,0.00000000,0.00000000
1632312989.37801170,0,0.00000000,0.00000000
1632312989.47806287,0,0.00000000,0.00000000
1632312989.57804847,0,0.00000000,0.00000000
1632312989.67804289,0,0.00000000,0.00000000
1632312989.77807236,0,0.00000000,0.00000000
1632312989.87800574,0,0.00000000,0.00000000
1632312989.97798419,0,0.00000000,0.00000000
1632312990.07798100,0,0.00000000,0.00000000
1632312990.17797995,0,0.00000000,0.00000000
1632312990.27800322,0,0.00000000,0.00000000
1632312990.37798619,0,0.00000000,0.00000000
1632312990.47798324,0,0.00000000,0.00000000
1632312990.57798219,0,0.00000000,0.00000000
1632312990.67798281,0,0.00000000,0.00000000
1632312990.77801752,0,0.00000000,0.00000000
1632312990.87801242,0,0.00000000,0.00000000
1632312990.97804379,0,0.00000000,0.00000000
1632312991.07798839,0,0.00000000,0.00000000
1632312991.17798257,0,0.00000000,0.00000000
1632312991.27798414,0,0.00000000,0.00000000
1632312991.37801290,0,0.00000000,0.00000000
1632312991.47798276,0,0.00000000,0.00000000
1632312991.57798290,0,0.00000000,0.00000000
1632312991.67798471,0,0.00000000,0.00000000
1632312991.77798247,0,0.00000000,0.00000000
1632312991.87798476,0,0.00000000,0.00000000
1632312991.97798443,0,0.00000000,0.00000000
1632312992.07798314,0,0.00000000,0.00000000
1632312992.17801976,0,0.00000000,0.00000000
1632312992.27798557,0,0.00000000,0.00000000
1632312992.37798595,0,0.00000000,0.00000000
1632312992.47798681,0,0.00000000,0.00000000
1632312992.57798219,0,0.00000000,0.00000000
1632312992.67798901,0,0.00000000,0.00000000
1632312992.77798533,0,0.00000000,0.00000000
1632312992.87801552,0,0.00000000,0.00000000
1632312992.97798657,0,0.00000000,0.00000000
1632312993.07798338,0,0.00000000,0.00000000
1632312993.17798471,0,0.00000000,0.00000000
1632312993.27798414,0,0.00000000,0.00000000
1632312993.37798524,0,0.00000000,0.00000000
1632312993.47798729,0,0.00000000,0.00000000
1632312993.57800865,0,0.00000000,0.00000000
1632312993.67798352,0,0.00000000,0.00000000
1632312993.77798939,0,0.00000000,0.00000000
1632312993.87798309,0,0.00000000,0.00000000
1632312993.97801709,0,0.00000000,0.00000000
1632312994.07798243,0,0.00000000,0.00000000
1632312994.17800093,0,0.00000000,0.00000000
1632312994.27798438,0,0.00000000,0.00000000
1632312994.37798285,0,0.00000000,0.00000000
1632312994.47798443,0,0.00000000,0.00000000
1632312994.57801771,0,0.00000000,0.00000000
1632312994.67798400,0,0.00000000,0.00000000
1632312994.77798343,0,0.00000000,0.00000000
1632312994.87798238,0,0.00000000,0.00000000
1632312994.97804832,0,0.00000000,0.00000000
1632312995.07798481,0,0.00000000,0.00000000
1632312995.17798781,0,0.00000000,0.00000000
1632312995.27798390,0,0.00000000,0.00000000
1632312995.37798476,0,0.00000000,0.00000000
1632312995.47798681,0,0.00000000,0.00000000
1632312995.57798243,1,1.00000000,0.00000000
1632312995.67797947,1,0.94999981,0.00000000
1632312995.77798176,1,0.90000010,0.00000000
1632312995.87798238,1,0.84999990,0.00000000
1632312995.97798252,1,0.80000019,0.00000000
1632312996.07798505,1,0.75000000,0.00000000
1632312996.17798448,1,0.69999981,0.00000000
1632312996.27798176,1,0.65291010,0.00000000
1632312996.37798381,1,0.60581977,0.00000000
1632312996.47798610,1,0.55921478,0.00000000
1632312996.57798457,1,0.51164019,0.00000000
1632312996.67798448,1,0.51406512,0.00000000
1632312996.77798152,1,0.51115485,0.00000000
1632312996.87798166,1,0.51406520,0.00000000
1632312996.97798300,1,0.51406493,0.00000000
1632312997.07798123,1,0.51358014,0.00000000
1632312997.17798209,1,0.51115482,0.00000000
1632312997.27798676,1,0.50727517,0.00000000
1632312997.37798285,1,0.51067007,0.00000000
1632312997.47798514,1,0.51406488,0.00000000
1632312997.57798314,1,0.51406509,0.00000000
1632312997.67798257,1,0.51406483,0.00000000
1632312997.77798223,1,0.51406504,0.00000000
1632312997.87798047,1,0.51309477,0.00000000
1632312997.97801304,1,0.51357987,0.00000000
1632312998.07798219,1,0.51309502,0.00000000
1632312998.17815399,1,0.51406512,0.00000000
1632312998.27798486,1,0.51309486,0.00000000
1632312998.37802768,1,0.51309495,0.00000000
1632312998.47798109,1,0.51309505,0.00000000
1632312998.57798195,1,0.51261015,0.00000000
1632312998.67798567,1,0.51212519,0.00000000
1632312998.77801967,1,0.51309518,0.00000000
1632312998.87801409,1,0.51212480,0.00000000
1632312998.97798395,1,0.51163978,0.00000000
1632312999.07798266,1,0.51212519,0.00000000
1632312999.17798305,1,0.51212517,0.00000000
1632312999.27798200,1,0.51212516,0.00000000
1632312999.37798834,1,0.51164014,0.00000000
1632312999.47798371,1,0.51115507,0.00000000
1632312999.57798100,1,0.51212494,0.00000000
1632312999.67798519,1,0.51066993,0.00000000
1632312999.77798152,1,0.51115522,0.00000000
1632312999.87798452,1,0.51115509,0.00000000
1632312999.97798252,1,0.51066996,0.00000000
1632313000.07798219,1,0.51115478,0.00000000
1632313000.17798924,1,0.51115512,0.00000000
1632313000.27798533,1,0.51066999,0.00000000
1632313000.37801623,1,0.51018481,0.00000000
1632313000.47798252,1,0.51115505,0.00000000
1632313000.57798314,1,0.50969992,0.00000000
1632313000.67798305,1,0.51018510,0.00000000
1632313000.77798295,1,0.51018485,0.00000000
1632313000.87798309,1,0.50970009,0.00000000
1632313000.97798276,1,0.51018479,0.00000000
1632313001.07798243,1,0.51018503,0.00000000
1632313001.17798376,1,0.50872978,0.00000000
1632313001.27798367,1,0.49999985,0.00000000
1632313001.37798405,1,0.51018485,0.00000000
1632313001.47798371,1,0.51794508,0.00000000
1632313001.57798314,1,0.50872979,0.00000000
1632313001.67798328,1,0.46018515,0.00000000
1632313001.77798343,1,0.40582019,0.00000000
1632313001.87798357,1,0.35582000,0.00000000
1632313001.97798347,1,0.31794501,0.00000000
1632313002.07801223,1,0.25000001,0.00000000
1632313002.17800140,1,0.20824482,0.00000000
1632313002.27798557,1,0.15776011,0.00000000
1632313002.37798524,1,0.10727487,0.00000000
1632313002.47798371,1,0.06503505,0.00000000
1632313002.57798433,1,0.00776019,0.00000000
1632313002.67798495,2,0.00000000,0.00000000
1632313002.77798367,2,0.00000000,0.00000000
1632313002.87798452,2,0.00000000,0.00000000
1632313002.97798324,2,0.00000000,0.00000000
1632313003.07798362,2,0.00000000,0.00000000
1632313003.17798424,2,0.00000000,0.00000000
1632313003.27798605,2,0.00000000,0.00000000
1632313003.37798595,2,0.00000000,0.00000000
1632313003.47798371,2,0.00000000,0.00000000
1632313003.57798433,2,0.00000000,0.00000000
1632313003.67798352,2,0.00000000,0.00000000
1632313003.77802253,2,0.00000000,0.00000000
1632313003.87798357,2,0.00000000,0.00000000
1632313003.97798347,2,0.00000000,0.00000000
1632313004.07798100,2,0.00000000,0.00000000
1632313004.17798162,2,0.00000000,0.00000000
1632313004.27798653,2,0.00000000,0.00000000
1632313004.37798405,2,0.00000000,0.00000000
1632313004.47799110,2,0.00000000,0.00000000
1632313004.57798648,2,0.00000000,0.00000000
1632313004.67798305,2,0.00000000,0.00000000
1632313004.77798343,2,0.00000000,0.00000000
1632313004.87798309,2,0.00000000,0.00000000
1632313004.97802663,2,0.00000000,0.00000000
1632313005.07798290,2,0.00000000,0.00000000
1632313005.17801189,2,0.00000000,0.00000000
1632313005.27802467,2,0.00000000,0.00000000
1632313005.37798572,2,0.00000000,0.00000000
1632313005.47798371,2,0.00000000,0.00000000
1632313005.57798386,2,0.00000000,0.00000000
1632313005.67798400,2,0.00000000,0.00000000
1632313005.77798510,2,0.00000000,0.00000000
1632313005.87798619,2,0.00000000,0.00000000
1632313005.97798491,2,0.00000000,0.00000000
1632313006.07798433,2,0.00000000,0.00000000
1632313006.17798448,2,0.00000000,0.00000000
1632313006.27798343,2,0.00000000,0.00000000
1632313006.37802625,2,0.00000000,0.00000000
1632313006.47798586,2,0.00000000,0.00000000
1632313006.57798290,2,0.00000000,0.00000000
1632313006.67798805,2,0.00000000,0.00000000
1632313006.77798343,2,0.00000000,0.00000000
1632313006.87798429,2,0.00000000,0.00000000
1632313006.97798347,2,0.00000000,0.00000000
1632313007.07798171,2,0.00000000,0.00000000
1632313007.17798257,2,0.00000000,0.00000000
1632313007.27798295,2,0.00000000,0.00000000
1632313007.37798452,2,0.00000000,0.00000000
1632313007.47798061,2,0.00000000,0.00000000
1632313007.57798362,2,0.00000000,0.00000000
1632313007.67797399,2,0.00000000,0.00000000
1632313007.77799630,2,0.00000000,0.00000000
1632313007.87798405,2,0.00000000,0.00000000
1632313007.97798705,2,0.00000000,0.00000000
1632313008.07798648,2,0.00000000,0.00000000
1632313008.17798352,2,0.00000000,0.00000000
1632313008.27798700,2,0.00000000,0.00000000
1632313008.37798762,2,0.00000000,0.00000000
1632313008.47798681,2,0.00000000,0.00000000
1632313008.57798600,2,0.00000000,0.00000000
1632313008.67798615,2,0.00000000,0.00000000
1632313008.77798605,2,0.00000000,0.00000000
1632313008.87798595,2,0.00000000,0.00000000
1632313008.97798371,2,0.00000000,0.00000000
1632313009.07802725,2,0.00000000,0.00000000
1632313009.17798591,2,0.00000000,0.00000000
1632313009.27798271,2,0.00000000,0.00000000
1632313009.37798452,2,0.00000000,0.00000000
1632313009.47798300,2,0.00000000,0.00000000
1632313009.57798362,2,0.00000000,0.00000000
1632313009.67801905,2,0.00000000,0.00000000
1632313009.77798271,2,0.00000000,0.00000000
1632313009.87798357,2,0.00000000,0.00000000
1632313009.97798276,2,0.00000000,0.00000000
1632313010.07798362,2,0.00000000,0.00000000
1632313010.17798209,2,0.00000000,0.00000000
1632313010.27798223,2,0.00000000,0.00000000
1632313010.37798285,2,0.00000000,0.00000000
1632313010.47798467,2,0.00000000,0.00000000
1632313010.57798386,2,0.00000000,0.00000000
1632313010.67798090,2,0.00000000,0.00000000
1632313010.77798057,2,0.00000000,0.00000000
1632313010.87798285,2,0.00000000,0.00000000
1632313010.97801709,2,0.00000000,0.00000000
1632313011.07798409,2,0.00000000,0.00000000
1632313011.17798448,2,0.00000000,0.00000000
1632313011.27798748,2,0.00000000,0.00000000
1632313011.37798643,2,0.00000000,0.00000000
1632313011.47798347,2,0.00000000,0.00000000
1632313011.57798338,2,0.00000000,0.00000000
1632313011.67798448,2,0.00000000,0.00000000
1632313011.77804160,2,0.00000000,0.00000000
1632313011.87798333,2,0.00000000,0.00000000
1632313011.97798395,2,0.00000000,0.00000000
1632313012.07798457,2,0.00000000,0.00000000
1632313012.17798305,2,0.00000000,0.00000000
1632313012.27798557,2,0.00000000,0.00000000
1632313012.37798476,2,0.00000000,0.00000000
1632313012.47798347,2,0.00000000,0.00000000
1632313012.57798290,2,0.00000000,0.00000000
1632313012.67798567,2,0.00000000,0.00000000
1632313012.77798605,2,0.00000000,0.00000000
1632313012.87798309,2,0.00000000,0.00000000
1632313012.97798300,2,0.00000000,0.00000000
1632313013.07798338,2,0.00000000,0.00000000
1632313013.17798495,2,0.00000000,0.00000000
1632313013.27802730,2,0.00000000,0.00000000
1632313013.37798381,2,0.00000000,0.00000000
1632313013.47798705,2,0.00000000,0.00000000
1632313013.57798576,2,0.00000000,0.00000000
1632313013.67798305,2,0.00000000,0.00000000
1632313013.77798271,2,0.00000000,0.00000000
1632313013.87798214,2,0.00000000,0.00000000
1632313013.97801113,2,0.00000000,0.00000000
1632313014.07798386,2,0.00000000,0.00000000
1632313014.17801189,2,0.00000000,0.00000000
1632313014.27801538,2,0.00000000,0.00000000
1632313014.37798595,2,0.00000000,0.00000000
1632313014.47798347,2,0.00000000,0.00000000
1632313014.57798338,2,0.00000000,0.00000000
1632313014.67798328,2,0.00000000,0.00000000
1632313014.77801967,2,0.00000000,0.00000000
1632313014.87798429,2,0.00000000,0.00000000
1632313014.97798371,2,0.00000000,0.00000000
1632313015.07798409,2,0.00000000,0.00000000
1632313015.17798352,2,0.00000000,0.00000000
1632313015.27798152,2,0.00000000,0.00000000
1632313015.37798285,2,0.00000000,0.00000000
1632313015.47798753,2,0.00000000,0.00000000
1632313015.57798266,2,0.00000000,0.00000000
1632313015.67798305,2,0.00000000,0.00000000
1632313015.77798271,2,0.00000000,0.00000000
1632313015.87798262,2,0.00000000,0.00000000
1632313015.97798443,2,0.00000000,0.00000000
1632313016.07798314,2,0.00000000,0.00000000
1632313016.17798471,2,0.00000000,0.00000000
1632313016.27798414,2,0.00000000,0.00000000
1632313016.37802076,2,0.00000000,0.00000000
1632313016.47800803,2,0.00000000,0.00000000
1632313016.57798386,2,0.00000000,0.00000000
1632313016.67798352,2,0.00000000,0.00000000
1632313016.77798295,2,0.00000000,0.00000000
1632313016.87801909,2,0.00000000,0.00000000
1632313016.97798419,2,0.00000000,0.00000000
1632313017.07798433,2,0.00000000,0.00000000
1632313017.17798305,2,0.00000000,0.00000000
1632313017.27798367,2,0.00000000,0.00000000
1632313017.37798691,2,0.00000000,0.00000000
1632313017.47798514,2,0.00000000,0.00000000
1632313017.57798362,2,0.00000000,0.00000000
1632313017.67802453,2,0.00000000,0.00000000
1632313017.77798605,2,0.00000000,0.00000000
1632313017.87798643,2,0.00000000,0.00000000
1632313017.97798276,2,0.00000000,0.00000000
1632313018.07798433,2,0.00000000,0.00000000
1632313018.17798328,2,0.00000000,0.00000000
1632313018.27798247,2,0.00000000,0.00000000
1632313018.37798643,2,0.00000000,0.00000000
1632313018.47798371,2,0.00000000,0.00000000
1632313018.57801390,2,0.00000000,0.00000000
1632313018.67798328,2,0.00000000,0.00000000
1632313018.77798438,2,0.00000000,0.00000000
1632313018.87800789,2,0.00000000,0.00000000
1632313018.97798705,2,0.00000000,0.00000000
1632313019.07798433,2,0.00000000,0.00000000
1632313019.17798519,2,0.00000000,0.00000000
1632313019.27798533,2,0.00000000,0.00000000
1632313019.37798476,2,0.00000000,0.00000000
1632313019.47798562,2,0.00000000,0.00000000
1632313019.57803655,2,0.00000000,0.00000000
1632313019.67801738,2,0.00000000,0.00000000
1632313019.77798367,2,0.00000000,0.00000000
1632313019.87798214,2,0.00000000,0.00000000
1632313019.97798371,2,0.00000000,0.00000000
1632313020.07798243,2,0.00000000,0.00000000
1632313020.17803502,2,0.00000000,0.00000000
1632313020.27799654,2,0.00000000,0.00000000
1632313020.37801695,2,0.00000000,0.00000000
1632313020.47798657,2,0.00000000,0.00000000
1632313020.57798290,2,0.00000000,0.00000000
1632313020.67798233,2,0.00000000,0.00000000
1632313020.77798390,2,0.00000000,0.00000000
1632313020.87798309,2,0.00000000,0.00000000
1632313020.97798300,2,0.00000000,0.00000000
1632313021.07798481,2,0.00000000,0.00000000
1632313021.17798400,2,0.00000000,0.00000000
1632313021.27801418,2,0.00000000,0.00000000
1632313021.37801433,2,0.00000000,0.00000000
1632313021.47798300,2,0.00000000,0.00000000
1632313021.57798314,2,0.00000000,0.00000000
1632313021.67798257,2,0.00000000,0.00000000
1632313021.77798319,2,0.00000000,0.00000000
1632313021.87798285,2,0.00000000,0.00000000
1632313021.97798276,2,0.00000000,0.00000000
1632313022.07798338,2,0.00000000,0.00000000
1632313022.17798400,2,0.00000000,0.00000000
1632313022.27798557,2,0.00000000,0.00000000
1632313022.37798524,2,0.00000000,0.00000000
1632313022.47798514,2,0.00000000,0.00000000
1632313022.57798624,2,0.00000000,0.00000000
1632313022.67798448,2,0.00000000,0.00000000
1632313022.77798557,2,0.00000000,0.00000000
1632313022.87798357,2,0.00000000,0.00000000
1632313022.97798467,2,0.00000000,0.00000000
1632313023.07798338,2,0.00000000,0.00000000
1632313023.17802691,2,0.00000000,0.00000000
1632313023.27798271,2,0.00000000,0.00000000
1632313023.37798381,2,0.00000000,0.00000000
1632313023.47798347,2,0.00000000,0.00000000
1632313023.57802200,2,0.00000000,0.00000000
1632313023.67798853,2,0.00000000,0.00000000
1632313023.77798533,2,0.00000000,0.00000000
1632313023.87798524,2,0.00000000,0.00000000
1632313023.97798586,2,0.00000000,0.00000000
1632313024.07798362,2,0.00000000,0.00000000
1632313024.17798305,2,0.00000000,0.00000000
1632313024.27798462,2,0.00000000,0.00000000
1632313024.37798333,2,0.00000000,0.00000000
1632313024.47798491,2,0.00000000,0.00000000
1632313024.57798648,2,0.00000000,0.00000000
1632313024.67798376,2,0.00000000,0.00000000
1632313024.77798510,2,0.00000000,0.00000000
1632313024.87798309,2,0.00000000,0.00000000
1632313024.97798347,2,0.00000000,0.00000000
1632313025.07798481,2,0.00000000,0.00000000
1632313025.17798543,2,0.00000000,0.00000000
1632313025.27798414,2,0.00000000,0.00000000
1632313025.37800574,2,0.00000000,0.00000000
1632313025.47798228,2,0.00000000,0.00000000
1632313025.57798362,2,0.00000000,0.00000000
1632313025.67798543,2,0.00000000,0.00000000
1632313025.77798271,2,0.00000000,0.00000000
1632313025.87798214,2,0.00000000,0.00000000
1632313025.97798228,2,0.00000000,0.00000000
1632313026.07798815,2,0.00000000,0.00000000
1632313026.17798376,2,0.00000000,0.00000000
1632313026.27798533,2,0.00000000,0.00000000
1632313026.37801933,2,0.00000000,0.00000000
1632313026.47800994,2,0.00000000,0.00000000
1632313026.57798266,2,0.00000000,0.00000000
1632313026.67798281,2,0.00000000,0.00000000
1632313026.77798367,2,0.00000000,0.00000000
1632313026.87798285,2,0.00000000,0.00000000
1632313026.97802734,2,0.00000000,0.00000000
1632313027.07798338,2,0.00000000,0.00000000
1632313027.17798352,2,0.00000000,0.00000000
1632313027.27798438,2,0.00000000,0.00000000
1632313027.37798452,2,0.00000000,0.00000000
1632313027.47798324,2,0.00000000,0.00000000
1632313027.57798243,2,0.00000000,0.00000000
1632313027.67802143,2,0.00000000,0.00000000
1632313027.77798128,2,0.00000000,0.00000000
1632313027.87799096,2,0.00000000,0.00000000
1632313027.97798371,2,0.00000000,0.00000000
1632313028.07798529,2,0.00000000,0.00000000
1632313028.17798305,2,0.00000000,0.00000000
1632313028.27798414,2,0.00000000,0.00000000
1632313028.37798905,2,0.00000000,0.00000000
1632313028.47798133,2,0.00000000,0.00000000
1632313028.57798457,2,0.00000000,0.00000000
1632313028.67798424,2,0.00000000,0.00000000
1632313028.77798271,2,0.00000000,0.00000000
1632313028.87798285,2,0.00000000,0.00000000
1632313028.97798395,2,0.00000000,0.00000000
1632313029.07798553,2,0.00000000,0.00000000
1632313029.17798448,2,0.00000000,0.00000000
1632313029.27798247,2,0.00000000,0.00000000
1632313029.37798572,2,0.00000000,0.00000000
1632313029.47798276,2,0.00000000,0.00000000
1632313029.57798219,2,0.00000000,0.00000000
1632313029.67798424,2,0.00000000,0.00000000
1632313029.77798367,2,0.00000000,0.00000000
1632313029.87801766,2,0.00000000,0.00000000
1632313029.97798347,2,0.00000000,0.00000000
1632313030.07798314,2,0.00000000,0.00000000
1632313030.17798543,2,0.00000000,0.00000000
1632313030.27798247,2,0.00000000,0.00000000
1632313030.37798214,2,0.00000000,0.00000000
1632313030.47798300,2,0.00000000,0.00000000
1632313030.57798147,2,0.00000000,0.00000000
1632313030.67802286,2,0.00000000,0.00000000
1632313030.77798462,2,0.00000000,0.00000000
1632313030.87798572,2,0.00000000,0.00000000
1632313030.97801685,2,0.00000000,0.00000000
1632313031.07798600,2,0.00000000,0.00000000
1632313031.17798328,2,0.00000000,0.00000000
1632313031.27798462,2,0.00000000,0.00000000
1632313031.37798405,2,0.00000000,0.00000000
1632313031.47798443,2,0.00000000,0.00000000
1632313031.57798314,2,0.00000000,0.00000000
1632313031.67798328,2,0.00000000,0.00000000
1632313031.77798295,2,0.00000000,0.00000000
1632313031.87798452,2,0.00000000,0.00000000
1632313031.97798324,2,0.00000000,0.00000000
1632313032.07798266,2,0.00000000,0.00000000
1632313032.17798305,2,0.00000000,0.00000000
1632313032.27798295,2,0.00000000,0.00000000
1632313032.37801075,2,0.00000000,0.00000000
1632313032.47798300,2,0.00000000,0.00000000
1632313032.57798314,2,0.00000000,0.00000000
1632313032.67798543,2,0.00000000,0.00000000
1632313032.77801347,2,0.00000000,0.00000000
1632313032.87798572,2,0.00000000,0.00000000
1632313032.97798538,2,0.00000000,0.00000000
1632313033.07801318,2,0.00000000,0.00000000
1632313033.17798376,2,0.00000000,0.00000000
1632313033.27798700,2,0.00000000,0.00000000
1632313033.37798476,2,0.00000000,0.00000000
1632313033.47798562,2,0.00000000,0.00000000
1632313033.57798314,2,0.00000000,0.00000000
1632313033.67798471,2,0.00000000,0.00000000
1632313033.77798462,2,0.00000000,0.00000000
1632313033.87798452,2,0.00000000,0.00000000
1632313033.97798419,2,0.00000000,0.00000000
1632313034.07798314,2,0.00000000,0.00000000
1632313034.17798328,2,0.00000000,0.00000000
1632313034.27798390,2,0.00000000,0.00000000
1632313034.37798333,2,0.00000000,0.00000000
1632313034.47798276,2,0.00000000,0.00000000
1632313034.57798290,2,0.00000000,0.00000000
1632313034.67798281,2,0.00000000,0.00000000
1632313034.77798343,2,0.00000000,0.00000000
1632313034.87798405,2,0.00000000,0.00000000
1632313034.97799516,2,0.00000000,0.00000000
1632313035.07799602,2,0.00000000,0.00000000
1632313035.17798281,2,0.00000000,0.00000000
1632313035.27798247,2,0.00000000,0.00000000
1632313035.37798548,2,0.00000000,0.00000000
1632313035.47798491,2,0.00000000,0.00000000
1632313035.57798433,2,0.00000000,0.00000000
1632313035.67798376,2,0.00000000,0.00000000
1632313035.77798295,2,0.00000000,0.00000000
1632313035.87798500,2,0.00000000,0.00000000
1632313035.97798538,2,0.00000000,0.00000000
1632313036.07798314,2,0.00000000,0.00000000
1632313036.17798328,2,0.00000000,0.00000000
1632313036.27798390,2,0.00000000,0.00000000
1632313036.37798548,2,0.00000000,0.00000000
1632313036.47798324,2,0.00000000,0.00000000
1632313036.57801962,2,0.00000000,0.00000000
1632313036.67798233,2,0.00000000,0.00000000
1632313036.77798533,2,0.00000000,0.00000000
1632313036.87798429,2,0.00000000,0.00000000
1632313036.97798324,2,0.00000000,0.00000000
1632313037.07798243,2,0.00000000,0.00000000
1632313037.17798424,2,0.00000000,0.00000000
1632313037.27798414,2,0.00000000,0.00000000
1632313037.37798572,2,0.00000000,0.00000000
1632313037.47798371,2,0.00000000,0.00000000
1632313037.57798505,2,0.00000000,0.00000000
1632313037.67798543,2,0.00000000,0.00000000
1632313037.77798629,2,0.00000000,0.00000000
1632313037.87798667,2,0.00000000,0.00000000
1632313037.97798467,2,0.00000000,0.00000000
1632313038.07798409,2,0.00000000,0.00000000
1632313038.17798829,2,0.00000000,0.00000000
1632313038.27799559,2,0.00000000,0.00000000
1632313038.37798572,2,0.00000000,0.00000000
1632313038.47798276,2,0.00000000,0.00000000
1632313038.57798338,2,0.00000000,0.00000000
1632313038.67798352,2,0.00000000,0.00000000
1632313038.77798414,2,0.00000000,0.00000000
1632313038.87801600,2,0.00000000,0.00000000
1632313038.97798300,2,0.00000000,0.00000000
1632313039.07798314,2,0.00000000,0.00000000
1632313039.17798233,2,0.00000000,0.00000000
1632313039.27798319,2,0.00000000,0.00000000
1632313039.37798309,2,0.00000000,0.00000000
1632313039.47801375,2,0.00000000,0.00000000
1632313039.57801247,2,0.00000000,0.00000000
1632313039.67801404,2,0.00000000,0.00000000
1632313039.77798343,2,0.00000000,0.00000000
1632313039.87798357,2,0.00000000,0.00000000
1632313039.97798300,2,0.00000000,0.00000000
1632313040.07798338,2,0.00000000,0.00000000
1632313040.17798281,2,0.00000000,0.00000000
1632313040.27798295,2,0.00000000,0.00000000
1632313040.37798309,2,0.00000000,0.00000000
1632313040.47798347,2,0.00000000,0.00000000
1632313040.57798266,2,0.00000000,0.00000000
1632313040.67798495,2,0.00000000,0.00000000
1632313040.77798462,2,0.00000000,0.00000000
1632313040.87798500,2,0.00000000,0.00000000
1632313040.97798300,2,0.00000000,0.00000000
1632313041.07798362,2,0.00000000,0.00000000
1632313041.17798567,2,0.00000000,0.00000000
1632313041.27798414,2,0.00000000,0.00000000
1632313041.37798214,2,0.00000000,0.00000000
1632313041.47798419,2,0.00000000,0.00000000
1632313041.57798481,2,0.00000000,0.00000000
1632313041.67798328,2,0.00000000,0.00000000
1632313041.77798438,2,0.00000000,0.00000000
1632313041.87798357,2,0.00000000,0.00000000
1632313041.97798538,2,0.00000000,0.00000000
1632313042.07798600,2,0.00000000,0.00000000
1632313042.17798591,2,0.00000000,0.00000000
1632313042.27798414,2,0.00000000,0.00000000
1632313042.37798595,2,0.00000000,0.00000000
1632313042.47798610,2,0.00000000,0.00000000
1632313042.57798409,2,0.00000000,0.00000000
1632313042.67798638,2,0.00000000,0.00000000
1632313042.77798557,2,0.00000000,0.00000000
1632313042.87801313,2,0.00000000,0.00000000
1632313042.97798395,2,0.00000000,0.00000000
1632313043.07798457,2,0.00000000,0.00000000
1632313043.17798257,2,0.00000000,0.00000000
1632313043.27798367,2,0.00000000,0.00000000
1632313043.37801433,2,0.00000000,0.00000000
1632313043.47798085,2,0.00000000,0.00000000
1632313043.57798219,2,0.00000000,0.00000000
1632313043.67798281,2,0.00000000,0.00000000
1632313043.77798271,2,0.00000000,0.00000000
1632313043.87798333,2,0.00000000,0.00000000
1632313043.97798538,2,0.00000000,0.00000000
1632313044.07798338,2,0.00000000,0.00000000
1632313044.17798424,2,0.00000000,0.00000000
1632313044.27798343,2,0.00000000,0.00000000
1632313044.37798333,2,0.00000000,0.00000000
1632313044.47798347,2,0.00000000,0.00000000
1632313044.57798338,2,0.00000000,0.00000000
1632313044.67798495,2,0.00000000,0.00000000
1632313044.77798247,2,0.00000000,0.00000000
1632313044.87802267,2,0.00000000,0.00000000
1632313044.97798347,2,0.00000000,0.00000000
1632313045.07798457,2,0.00000000,0.00000000
1632313045.17798281,2,0.00000000,0.00000000
1632313045.27798367,2,0.00000000,0.00000000
1632313045.37798595,2,0.00000000,0.00000000
1632313045.47798514,2,0.00000000,0.00000000
1632313045.57798648,2,0.00000000,0.00000000
1632313045.67798543,2,0.00000000,0.00000000
1632313045.77801323,2,0.00000000,0.00000000
1632313045.87798500,2,0.00000000,0.00000000
1632313045.97798347,2,0.00000000,0.00000000
1632313046.07798553,2,0.00000000,0.00000000
1632313046.17798305,2,0.00000000,0.00000000
1632313046.27798414,2,0.00000000,0.00000000
1632313046.37798500,2,0.00000000,0.00000000
1632313046.47798514,2,0.00000000,0.00000000
1632313046.57798386,2,0.00000000,0.00000000
1632313046.67801499,2,0.00000000,0.00000000
1632313046.77798414,2,0.00000000,0.00000000
1632313046.87798500,2,0.00000000,0.00000000
1632313046.97798777,2,0.00000000,0.00000000
1632313047.07798600,2,0.00000000,0.00000000
1632313047.17798376,2,0.00000000,0.00000000
1632313047.27798271,2,0.00000000,0.00000000
1632313047.37802148,2,0.00000000,0.00000000
1632313047.47798276,2,0.00000000,0.00000000
1632313047.57798243,2,0.00000000,0.00000000
1632313047.67801094,2,0.00000000,0.00000000
1632313047.77799058,2,0.00000000,0.00000000
1632313047.87798667,2,0.00000000,0.00000000
1632313047.97798586,2,0.00000000,0.00000000
1632313048.07798481,2,0.00000000,0.00000000
1632313048.17798591,2,0.00000000,0.00000000
1632313048.27798510,2,0.00000000,0.00000000
1632313048.37798643,2,0.00000000,0.00000000
1632313048.47798681,2,0.00000000,0.00000000
1632313048.57800078,1,0.00535242,0.00000000
1632313048.67798257,1,0.05327654,0.00000000
1632313048.77800727,1,0.10223690,0.00000000
1632313048.87798786,1,0.14928118,0.00000000
1632313048.97798562,1,0.19728308,0.00000000
1632313049.07798386,1,0.24630874,0.00000000
1632313049.17798495,1,0.33361417,0.00000000
1632313049.27798533,1,0.38242163,0.00000000
1632313049.37798452,1,0.43260475,0.00000000
1632313049.47798467,1,0.48418831,0.00000000
1632313049.57798553,1,0.53480018,0.00000000
1632313049.67798519,1,0.53807193,0.00000000
1632313049.77798510,1,0.57492226,0.00000000
1632313049.87798667,1,0.54273039,0.00000000
1632313049.97798491,1,0.54538528,0.00000000
1632313050.07798290,1,0.54787920,0.00000000
1632313050.17798352,1,0.55131259,0.00000000
1632313050.27798247,1,0.58714185,0.00000000
1632313050.37798190,1,0.55513749,0.00000000
1632313050.47802401,1,0.55810341,0.00000000
1632313050.57798338,1,0.55567940,0.00000000
1632313050.67798448,1,0.55781468,0.00000000
1632313050.77798390,1,0.56119300,0.00000000
1632313050.87798262,1,0.56069305,0.00000000
1632313050.97798419,1,0.55952210,0.00000000
1632313051.07798409,1,0.56000131,0.00000000
1632313051.17798495,1,0.59362390,0.00000000
1632313051.27798533,1,0.56118227,0.00000000
1632313051.37798572,1,0.56015230,0.00000000
1632313051.47798443,1,0.56097777,0.00000000
1632313051.57798600,1,0.55944382,0.00000000
1632313051.67798567,1,0.55943236,0.00000000
1632313051.77804399,1,0.55955542,0.00000000
1632313051.87798214,1,0.55865796,0.00000000
1632313051.97801232,1,0.55884436,0.00000000
1632313052.07798266,1,0.55887597,0.00000000
1632313052.17798209,1,0.55805924,0.00000000
1632313052.27798295,1,0.55852438,0.00000000
1632313052.37798309,1,0.55818629,0.00000000
1632313052.47798347,1,0.55712447,0.00000000
1632313052.57798433,1,0.55744844,0.00000000
1632313052.67798471,1,0.55731211,0.00000000
1632313052.77800775,1,0.55611982,0.00000000
1632313052.87798452,1,0.55642126,0.00000000
1632313052.97798586,1,0.55550166,0.00000000
1632313053.07798457,1,0.55665672,0.00000000
1632313053.17798209,1,0.55473066,0.00000000
1632313053.27798247,1,0.55581913,0.00000000
1632313053.37798691,1,0.55484924,0.00000000
1632313053.47798300,1,0.55439515,0.00000000
1632313053.57798457,1,0.55522683,0.00000000
1632313053.67798424,1,0.55413572,0.00000000
1632313053.77798367,1,0.55443138,0.00000000
1632313053.87798429,1,0.55376802,0.00000000
1632313053.97798324,1,0.55352722,0.00000000
1632313054.07798266,1,0.55331587,0.00000000
1632313054.17798376,1,0.55302054,0.00000000
1632313054.27798390,1,0.55354067,0.00000000
1632313054.37798357,1,0.55373720,0.00000000
1632313054.47798300,1,0.55229461,0.00000000
1632313054.57798314,1,0.55286394,0.00000000
1632313054.67798328,1,0.55149665,0.00000000
1632313054.77798653,1,0.55289382,0.00000000
1632313054.87801552,1,0.55199579,0.00000000
1632313054.97798419,1,0.55169285,0.00000000
1632313055.07798481,1,0.55116667,0.00000000
1632313055.17798710,1,0.55093991,0.00000000
1632313055.27799082,1,0.55121646,0.00000000
1632313055.37798524,1,0.55098999,0.00000000
1632313055.47798514,1,0.55129378,0.00000000
1632313055.57798529,1,0.55001253,0.00000000
1632313055.67798543,1,0.55015840,0.00000000
1632313055.77798557,1,0.55064021,0.00000000
1632313055.87798333,1,0.54931293,0.00000000
1632313055.97798467,1,0.54974639,0.00000000
1632313056.07798529,1,0.55032051,0.00000000
1632313056.17798448,1,0.54848266,0.00000000
1632313056.27798510,1,0.54981404,0.00000000
1632313056.37798476,1,0.54865064,0.00000000
1632313056.47798419,1,0.54867458,0.00000000
1632313056.57798553,1,0.54900563,0.00000000
1632313056.67799449,1,0.54879963,0.00000000
1632313056.77798343,1,0.54876735,0.00000000
1632313056.87798762,1,0.54790524,0.00000000
1632313056.97799587,1,0.54830659,0.00000000
1632313057.07798409,1,0.54799775,0.00000000
1632313057.17798591,1,0.54706592,0.00000000
1632313057.27800632,1,0.54789427,0.00000000
1632313057.37798238,1,0.54707950,0.00000000
1632313057.47798252,1,0.54755144,0.00000000
1632313057.57798529,1,0.54717623,0.00000000
1632313057.67798495,1,0.54728523,0.00000000
1632313057.77798581,1,0.54625084,0.00000000
1632313057.87798500,1,0.54627629,0.00000000
1632313057.97798562,1,0.54734291,0.00000000
1632313058.07798505,1,0.54628075,0.00000000
1632313058.17798376,1,0.54607549,0.00000000
1632313058.27798462,1,0.54657868,0.00000000
1632313058.37798405,1,0.54559084,0.00000000
1632313058.47798443,1,0.54570524,0.00000000
1632313058.57798553,1,0.54563815,0.00000000
1632313058.67798591,1,0.54587284,0.00000000
1632313058.77798462,1,0.54581114,0.00000000
1632313058.87798572,1,0.54492631,0.00000000
1632313058.97798467,1,0.54579820,0.00000000
1632313059.07798696,1,0.54500151,0.00000000
1632313059.17798615,1,0.54503619,0.00000000
1632313059.27798581,1,0.54392164,0.00000000
1632313059.37798333,1,0.54498424,0.00000000
1632313059.47801328,1,0.54414658,0.00000000
1632313059.57798338,1,0.54508972,0.00000000
1632313059.67798328,1,0.59235535,0.00000000
1632313059.77798367,1,0.64055808,0.00000000
1632313059.87798405,1,0.68733632,0.00000000
1632313059.97798347,1,0.73690270,0.00000000
1632313060.07798529,1,0.78522120,0.00000000
1632313060.17798328,1,0.82956296,0.00000000
1632313060.27798486,1,0.89865497,0.00000000
1632313060.37798452,1,0.94862923,0.00000000
1632313060.47801423,1,1.00133679,0.00000000
1632313060.57798433,0,0.00000000,0.00000000
1632313060.67798519,0,0.00000000,0.00000000
1632313060.77798581,0,0.00000000,0.00000000
1632313060.87798476,0,0.00000000,0.00000000
1632313060.97798300,0,0.00000000,0.00000000
1632313061.07802939,0,0.00000000,0.00000000
1632313061.17798281,0,0.00000000,0.00000000
1632313061.27798319,0,0.00000000,0.00000000
1632313061.37798285,0,0.00000000,0.00000000
1632313061.47798347,0,0.00000000,0.00000000
1632313061.57798386,0,0.00000000,0.00000000
1632313061.67798352,0,0.00000000,0.00000000
1632313061.77798295,0,0.00000000,0.00000000
1632313061.87801147,0,0.00000000,0.00000000
1632313061.97798419,0,0.00000000,0.00000000
1632313062.07798386,0,0.00000000,0.00000000
1632313062.17798543,0,0.00000000,0.00000000
1632313062.27798557,0,0.00000000,0.00000000
1632313062.37798429,0,0.00000000,0.00000000
1632313062.47798371,0,0.00000000,0.00000000
1632313062.57798386,0,0.00000000,0.00000000
1632313062.67798305,0,0.00000000,0.00000000
1632313062.77798343,0,0.00000000,0.00000000
1632313062.87798548,0,0.00000000,0.00000000
1632313062.97798896,0,0.00000000,0.00000000
1632313063.07798624,0,0.00000000,0.00000000
1632313063.17798662,0,0.00000000,0.00000000
1632313063.27798533,0,0.00000000,0.00000000
1632313063.37798691,0,0.00000000,0.00000000
1632313063.47798681,0,0.00000000,0.00000000
1632313063.57798576,0,0.00000000,0.00000000
1632313063.67798638,0,0.00000000,0.00000000
1632313063.77798581,0,0.00000000,0.00000000
1632313063.87798643,0,0.00000000,0.00000000
1632313063.97798562,0,0.00000000,0.00000000
1632313064.07803178,0,0.00000000,0.00000000
1632313064.17798567,0,0.00000000,0.00000000
1632313064.27798438,0,0.00000000,0.00000000
1632313064.37798905,0,0.00000000,0.00000000
1632313064.47798729,0,0.00000000,0.00000000
1632313064.57798672,0,0.00000000,0.00000000
1632313064.67798543,0,0.00000000,0.00000000
1632313064.77798533,0,0.00000000,0.00000000
1632313064.87798429,0,0.00000000,0.00000000
1632313064.97798634,0,0.00000000,0.00000000
1632313065.07798553,0,0.00000000,0.00000000
1632313065.17798543,0,0.00000000,0.00000000
1632313065.27798557,0,0.00000000,0.00000000
1632313065.37798333,0,0.00000000,0.00000000
1632313065.47798347,0,0.00000000,0.00000000
1632313065.57798266,0,0.00000000,0.00000000
1632313065.67799592,0,0.00000000,0.00000000
1632313065.77798295,0,0.00000000,0.00000000
1632313065.87798333,0,0.00000000,0.00000000
1632313065.97798443,0,0.00000000,0.00000000
1632313066.07798338,0,0.00000000,0.00000000
1632313066.17802763,0,0.00000000,0.00000000
1632313066.27800393,0,0.00000000,0.00000000
1632313066.37798548,0,0.00000000,0.00000000
1632313066.47798586,0,0.00000000,0.00000000
1632313066.57798433,0,0.00000000,0.00000000
1632313066.67798424,0,0.00000000,0.00000000
1632313066.77798319,0,0.00000000,0.00000000
1632313066.87798429,0,0.00000000,0.00000000
1632313066.97798562,0,0.00000000,0.00000000
1632313067.07798457,0,0.00000000,0.00000000
1632313067.17798638,0,0.00000000,0.00000000
1632313067.27798510,0,0.00000000,0.00000000
1632313067.37798333,0,0.00000000,0.00000000
1632313067.47798419,0,0.00000000,0.00000000
1632313067.57798529,0,0.00000000,0.00000000
1632313067.67798448,0,0.00000000,0.00000000
1632313067.77798390,0,0.00000000,0.00000000
1632313067.87798429,0,0.00000000,0.00000000
1632313067.97798610,0,0.00000000,0.00000000
1632313068.07798934,0,0.00000000,0.00000000
1632313068.17798328,0,0.00000000,0.00000000
1632313068.27798486,0,0.00000000,0.00000000
1632313068.37798429,0,0.00000000,0.00000000
1632313068.47798443,0,0.00000000,0.00000000
1632313068.57798314,0,0.00000000,0.00000000
1632313068.67798328,0,0.00000000,0.00000000
1632313068.77798343,0,0.00000000,0.00000000
1632313068.87798357,0,0.00000000,0.00000000
1632313068.97798371,0,0.00000000,0.00000000
1632313069.07798457,0,0.00000000,0.00000000
1632313069.17798305,0,0.00000000,0.00000000
1632313069.27798247,0,0.00000000,0.00000000
1632313069.37803030,0,0.00000000,0.00000000
1632313069.47798300,0,0.00000000,0.00000000
1632313069.57798266,0,0.00000000,0.00000000
1632313069.67798328,0,0.00000000,0.00000000
1632313069.77798343,0,0.00000000,0.00000000
1632313069.87798524,0,0.00000000,0.00000000
1632313069.97798514,0,0.00000000,0.00000000
1632313070.07798529,0,0.00000000,0.00000000
1632313070.17798328,0,0.00000000,0.00000000
1632313070.27798462,0,0.00000000,0.00000000
1632313070.37798429,0,0.00000000,0.00000000
1632313070.47798491,0,0.00000000,0.00000000
1632313070.57798624,0,0.00000000,0.00000000
1632313070.67798543,0,0.00000000,0.00000000
1632313070.77798319,0,0.00000000,0.00000000
1632313070.87798262,0,0.00000000,0.00000000
1632313070.97798657,0,0.00000000,0.00000000
1632313071.07798505,0,0.00000000,0.00000000
1632313071.17798591,0,0.00000000,0.00000000
1632313071.27798605,0,0.00000000,0.00000000
1632313071.37798595,0,0.00000000,0.00000000
1632313071.47798634,0,0.00000000,0.00000000
1632313071.57798290,0,0.00000000,0.00000000
1632313071.67798638,0,0.00000000,0.00000000
1632313071.77798438,0,0.00000000,0.00000000
1632313071.87801218,0,0.00000000,0.00000000
1632313071.97798371,0,0.00000000,0.00000000
1632313072.07799578,0,0.00000000,0.00000000
1632313072.17798352,0,0.00000000,0.00000000
1632313072.27798438,0,0.00000000,0.00000000
1632313072.37798309,0,0.00000000,0.00000000
1632313072.47798657,0,0.00000000,0.00000000
1632313072.57798672,0,0.00000000,0.00000000
1632313072.67798615,0,0.00000000,0.00000000
1632313072.77801371,0,0.00000000,0.00000000
1632313072.87798476,0,0.00000000,0.00000000
1632313072.97798443,0,0.00000000,0.00000000
1632313073.07798362,0,0.00000000,0.00000000
1632313073.17798471,0,0.00000000,0.00000000
1632313073.27798510,0,0.00000000,0.00000000
1632313073.37798476,0,0.00000000,0.00000000
1632313073.47798300,0,0.00000000,0.00000000
1632313073.57798433,0,0.00000000,0.00000000
1632313073.67798376,0,0.00000000,0.00000000
1632313073.77798295,0,0.00000000,0.00000000
1632313073.87804222,0,0.00000000,0.00000000
1632313073.97798395,0,0.00000000,0.00000000
1632313074.07800984,0,0.00000000,0.00000000
1632313074.17798424,0,0.00000000,0.00000000
1632313074.27798533,0,0.00000000,0.00000000
1632313074.37801266,0,0.00000000,0.00000000
1632313074.47798276,0,0.00000000,0.00000000
1632313074.57798386,0,0.00000000,0.00000000
1632313074.67798328,0,0.00000000,0.00000000
1632313074.77798343,0,0.00000000,0.00000000
1632313074.87798643,0,0.00000000,0.00000000
1632313074.97798443,0,0.00000000,0.00000000
1632313075.07798338,0,0.00000000,0.00000000
1632313075.17798305,0,0.00000000,0.00000000
1632313075.27798247,0,0.00000000,0.00000000
1632313075.37798333,0,0.00000000,0.00000000
1632313075.47798324,0,0.00000000,0.00000000
1632313075.57798338,0,0.00000000,0.00000000
1632313075.67801404,0,0.00000000,0.00000000
1632313075.77798510,0,0.00000000,0.00000000
1632313075.87798643,0,0.00000000,0.00000000
1632313075.97798371,0,0.00000000,0.00000000
1632313076.07798362,0,0.00000000,0.00000000
1632313076.17802119,0,0.00000000,0.00000000
1632313076.27798629,0,0.00000000,0.00000000
1632313076.37801194,0,0.00000000,0.00000000
1632313076.47798586,0,0.00000000,0.00000000
1632313076.57798481,0,0.00000000,0.00000000
1632313076.67798471,0,0.00000000,0.00000000
1632313076.77798343,0,0.00000000,0.00000000
1632313076.87798262,0,0.00000000,0.00000000
1632313076.97798443,0,0.00000000,0.00000000
1632313077.07798576,0,0.00000000,0.00000000
1632313077.17798471,0,0.00000000,0.00000000
1632313077.27798510,0,0.00000000,0.00000000
1632313077.37798309,0,0.00000000,0.00000000
1632313077.47798419,0,0.00000000,0.00000000
1632313077.57798815,0,0.00000000,0.00000000
1632313077.67798400,0,0.00000000,0.00000000
1632313077.77798343,0,0.00000000,0.00000000
1632313077.87798452,0,0.00000000,0.00000000
1632313077.97798419,0,0.00000000,0.00000000
1632313078.07798481,0,0.00000000,0.00000000
1632313078.17798352,0,0.00000000,0.00000000
1632313078.27801704,0,0.00000000,0.00000000
1632313078.37798476,0,0.00000000,0.00000000
1632313078.47798371,0,0.00000000,0.00000000
1632313078.57798338,0,0.00000000,0.00000000
1632313078.67798233,0,0.00000000,0.00000000
1632313078.77798438,0,0.00000000,0.00000000
1632313078.87801433,0,0.00000000,0.00000000
1632313078.97798419,0,0.00000000,0.00000000
1632313079.07798433,0,0.00000000,0.00000000
1632313079.17801976,0,0.00000000,0.00000000
1632313079.27803230,0,0.00000000,0.00000000
1632313079.37798190,0,0.00000000,0.00000000
1632313079.47798228,0,0.00000000,0.00000000
1632313079.57798362,0,0.00000000,0.00000000
1632313079.67798471,0,0.00000000,0.00000000
1632313079.77798271,0,0.00000000,0.00000000
1632313079.87798285,0,0.00000000,0.00000000
1632313079.97798347,0,0.00000000,0.00000000
1632313080.07798457,0,0.00000000,0.00000000
1632313080.17798376,0,0.00000000,0.00000000
1632313080.27798676,0,0.00000000,0.00000000
1632313080.37798142,0,0.00000000,0.00000000
1632313080.47798324,0,0.00000000,0.00000000
1632313080.57802916,0,0.00000000,0.00000000
1632313080.67798543,0,0.00000000,0.00000000
1632313080.77798271,0,0.00000000,0.00000000
1632313080.87798285,0,0.00000000,0.00000000
1632313080.97802901,0,0.00000000,0.00000000
1632313081.07798314,0,0.00000000,0.00000000
1632313081.17801070,0,0.00000000,0.00000000
1632313081.27798653,0,0.00000000,0.00000000
1632313081.37798285,0,0.00000000,0.00000000
1632313081.47798514,0,0.00000000,0.00000000
1632313081.57798529,0,0.00000000,0.00000000
1632313081.67798662,0,0.00000000,0.00000000
1632313081.77798295,0,0.00000000,0.00000000
1632313081.87798595,0,0.00000000,0.00000000
1632313081.97798467,0,0.00000000,0.00000000
1632313082.07802010,0,0.00000000,0.00000000
1632313082.17798257,0,0.00000000,0.00000000
1632313082.27801704,0,0.00000000,0.00000000
1632313082.37798405,0,0.00000000,0.00000000
1632313082.47798324,0,0.00000000,0.00000000
1632313082.57798409,0,0.00000000,0.00000000
1632313082.67798400,0,0.00000000,0.00000000
1632313082.77798367,0,0.00000000,0.00000000
1632313082.87798309,0,0.00000000,0.00000000
1632313082.97798514,0,0.00000000,0.00000000
1632313083.07798553,0,0.00000000,0.00000000
1632313083.17798328,0,0.00000000,0.00000000
1632313083.27798319,0,0.00000000,0.00000000
1632313083.37798381,0,0.00000000,0.00000000
1632313083.47798347,0,0.00000000,0.00000000
1632313083.57798457,0,0.00000000,0.00000000
1632313083.67798471,0,0.00000000,0.00000000
1632313083.77798414,0,0.00000000,0.00000000
1632313083.87798119,0,0.00000000,0.00000000
1632313083.97798395,0,0.00000000,0.00000000
1632313084.07798624,0,0.00000000,0.00000000
1632313084.17798448,0,0.00000000,0.00000000
1632313084.27798533,0,0.00000000,0.00000000
1632313084.37802982,0,0.00000000,0.00000000
1632313084.47798228,0,0.00000000,0.00000000
1632313084.57798362,0,0.00000000,0.00000000
1632313084.67798448,0,0.00000000,0.00000000
1632313084.77798486,0,0.00000000,0.00000000
1632313084.87798309,0,0.00000000,0.00000000
1632313084.97798395,0,0.00000000,0.00000000
1632313085.07798481,0,0.00000000,0.00000000
1632313085.17798305,0,0.00000000,0.00000000
1632313085.27798462,0,0.00000000,0.00000000
1632313085.37799525,0,0.00000000,0.00000000
1632313085.47798586,0,0.00000000,0.00000000
1632313085.57798624,0,0.00000000,0.00000000
1632313085.67798448,0,0.00000000,0.00000000
1632313085.77798414,0,0.00000000,0.00000000
1632313085.87798524,0,0.00000000,0.00000000
1632313085.97798371,0,0.00000000,0.00000000
1632313086.07801414,0,0.00000000,0.00000000
1632313086.17798376,0,0.00000000,0.00000000
1632313086.27798343,0,0.00000000,0.00000000
1632313086.37798333,0,0.00000000,0.00000000
1632313086.47798538,0,0.00000000,0.00000000
1632313086.57798362,0,0.00000000,0.00000000
1632313086.67801476,0,0.00000000,0.00000000
1632313086.77800536,0,0.00000000,0.00000000
1632313086.87798333,0,0.00000000,0.00000000
1632313086.97798324,0,0.00000000,0.00000000
1632313087.07798314,0,0.00000000,0.00000000
1632313087.17798471,0,0.00000000,0.00000000
1632313087.27798271,0,0.00000000,0.00000000
1632313087.37798262,0,0.00000000,0.00000000
1632313087.47800350,0,0.00000000,0.00000000
1632313087.57798457,0,0.00000000,0.00000000
1632313087.67801929,0,0.00000000,0.00000000
1632313087.77798319,0,0.00000000,0.00000000
1632313087.87798405,0,0.00000000,0.00000000
1632313087.97798419,0,0.00000000,0.00000000
1632313088.07803178,0,0.00000000,0.00000000
1632313088.17798567,0,0.00000000,0.00000000
1632313088.27798390,0,0.00000000,0.00000000
1632313088.37798262,0,0.00000000,0.00000000
1632313088.47802114,0,0.00000000,0.00000000
1632313088.57798481,0,0.00000000,0.00000000
1632313088.67798352,0,0.00000000,0.00000000
1632313088.77798486,0,0.00000000,0.00000000
1632313088.87798381,0,0.00000000,0.00000000
1632313088.97798491,0,0.00000000,0.00000000
1632313089.07798386,0,0.00000000,0.00000000
1632313089.17798281,0,0.00000000,0.00000000
1632313089.27801871,0,0.00000000,0.00000000
1632313089.37798333,0,0.00000000,0.00000000
1632313089.47798562,0,0.00000000,0.00000000
1632313089.57798362,0,0.00000000,0.00000000
1632313089.67798376,0,0.00000000,0.00000000
1632313089.77798343,0,0.00000000,0.00000000
1632313089.87798452,0,0.00000000,0.00000000
1632313089.97798324,0,0.00000000,0.00000000
1632313090.07798314,0,0.00000000,0.00000000
1632313090.17798305,0,0.00000000,0.00000000
1632313090.27798367,0,0.00000000,0.00000000
1632313090.37798333,0,0.00000000,0.00000000
1632313090.47798443,0,0.00000000,0.00000000
1632313090.57798314,0,0.00000000,0.00000000
1632313090.67798495,0,0.00000000,0.00000000
1632313090.77798271,0,0.00000000,0.00000000
1632313090.87798405,0,0.00000000,0.00000000
1632313090.97798467,0,0.00000000,0.00000000
1632313091.07798409,0,0.00000000,0.00000000
1632313091.17798424,0,0.00000000,0.00000000
1632313091.27798367,0,0.00000000,0.00000000
1632313091.37798762,0,0.00000000,0.00000000
1632313091.47798443,0,0.00000000,0.00000000
1632313091.57798386,0,0.00000000,0.00000000
1632313091.67798305,0,0.00000000,0.00000000
1632313091.77798343,0,0.00000000,0.00000000
1632313091.87798333,0,0.00000000,0.00000000
1632313091.97798538,0,0.00000000,0.00000000
1632313092.07798314,0,0.00000000,0.00000000
1632313092.17798328,0,0.00000000,0.00000000
1632313092.27798271,0,0.00000000,0.00000000
1632313092.37798262,0,0.00000000,0.00000000
1632313092.47798395,0,0.00000000,0.00000000
1632313092.57798243,0,0.00000000,0.00000000
1632313092.67798400,0,0.00000000,0.00000000
1632313092.77798557,0,0.00000000,0.00000000
1632313092.87798452,0,0.00000000,0.00000000
1632313092.97798395,0,0.00000000,0.00000000
1632313093.07800865,0,0.00000000,0.00000000
1632313093.17798305,0,0.00000000,0.00000000
1632313093.27798271,0,0.00000000,0.00000000
1632313093.37802434,0,0.00000000,0.00000000
1632313093.47798324,0,0.00000000,0.00000000
1632313093.57803822,0,0.00000000,0.00000000
1632313093.67798495,0,0.00000000,0.00000000
1632313093.77798247,0,0.00000000,0.00000000
1632313093.87798285,0,0.00000000,0.00000000
1632313093.97801208,0,0.00000000,0.00000000
1632313094.07798338,0,0.00000000,0.00000000
1632313094.17798591,0,0.00000000,0.00000000
1632313094.27798533,0,0.00000000,0.00000000
1632313094.37798381,0,0.00000000,0.00000000
1632313094.47798419,0,0.00000000,0.00000000
1632313094.57798409,0,0.00000000,0.00000000
1632313094.67801261,1,1.15164966,0.00000000
1632313094.77798653,1,0.98571141,0.00000000
1632313094.87798500,1,1.00845937,0.00000000
1632313094.97798634,1,0.96671132,0.00000000
1632313095.07798576,1,0.92508153,0.00000000
1632313095.17798328,1,0.81896002,0.00000000
1632313095.27798295,1,0.70611024,0.00000000
1632313095.37798309,1,0.73639682,0.00000000
1632313095.47798276,1,0.69210781,0.00000000
1632313095.57801294,1,0.58662206,0.00000000
1632313095.67804193,1,0.54938102,0.00000000
1632313095.77798462,1,0.44325573,0.00000000
1632313095.87798333,1,0.47060727,0.00000000
1632313095.97801852,1,0.35766910,0.00000000
1632313096.07801580,1,0.32014776,0.00000000
1632313096.17798376,1,0.20509871,0.00000000
1632313096.27798438,1,0.16303638,0.00000000
1632313096.37798476,1,0.12635092,0.00000000
1632313096.47801232,1,0.08428634,0.00000000
1632313096.57798409,2,0.00000000,0.00000000
1632313096.67798448,2,0.00000000,0.00000000
1632313096.77798557,2,0.00000000,0.00000000
1632313096.87798285,2,0.00000000,0.00000000
1632313096.97798371,2,0.00000000,0.00000000
1632313097.07798338,2,0.00000000,0.00000000
1632313097.17798543,2,0.00000000,0.00000000
1632313097.27798486,2,0.00000000,0.00000000
1632313097.37798476,2,0.00000000,0.00000000
1632313097.47798419,2,0.00000000,0.00000000
1632313097.57798600,2,0.00000000,0.00000000
1632313097.67798567,2,0.00000000,0.00000000
1632313097.77798343,2,0.00000000,0.00000000
1632313097.87798357,2,0.00000000,0.00000000
1632313097.97798586,2,0.00000000,0.00000000
1632313098.07798481,2,0.00000000,0.00000000
1632313098.17798495,2,0.00000000,0.00000000
1632313098.27798510,2,0.00000000,0.00000000
1632313098.37798429,2,0.00000000,0.00000000
1632313098.47798324,2,0.00000000,0.00000000
1632313098.57798481,2,0.00000000,0.00000000
1632313098.67798448,2,0.00000000,0.00000000
1632313098.77798510,2,0.00000000,0.00000000
1632313098.87798333,2,0.00000000,0.00000000
1632313098.97798538,2,0.00000000,0.00000000
1632313099.07798481,2,0.00000000,0.00000000
1632313099.17798471,2,0.00000000,0.00000000
1632313099.27798533,2,0.00000000,0.00000000
1632313099.37798309,2,0.00000000,0.00000000
1632313099.47801423,2,0.00000000,0.00000000
1632313099.57798386,2,0.00000000,0.00000000
1632313099.67798567,2,0.00000000,0.00000000
1632313099.77802014,2,0.00000000,0.00000000
1632313099.87798214,2,0.00000000,0.00000000
1632313099.97798467,2,0.00000000,0.00000000
1632313100.07798338,2,0.00000000,0.00000000
1632313100.17798305,2,0.00000000,0.00000000
1632313100.27798319,2,0.00000000,0.00000000
1632313100.37798381,2,0.00000000,0.00000000
1632313100.47798300,2,0.00000000,0.00000000
1632313100.57798314,2,0.00000000,0.00000000
1632313100.67798471,2,0.00000000,0.00000000
1632313100.77798319,2,0.00000000,0.00000000
1632313100.87798309,2,0.00000000,0.00000000
1632313100.97798181,2,0.00000000,0.00000000
1632313101.07798362,2,0.00000000,0.00000000
1632313101.17800355,2,0.00000000,0.00000000
1632313101.27798390,2,0.00000000,0.00000000
1632313101.37798476,2,0.00000000,0.00000000
1632313101.47798443,2,0.00000000,0.00000000
1632313101.57798433,2,0.00000000,0.00000000
1632313101.67798591,2,0.00000000,0.00000000
1632313101.77798438,2,0.00000000,0.00000000
1632313101.87798810,2,0.00000000,0.00000000
1632313101.97798586,2,0.00000000,0.00000000
1632313102.07798457,2,0.00000000,0.00000000
1632313102.17798471,2,0.00000000,0.00000000
1632313102.27798486,2,0.00000000,0.00000000
1632313102.37798572,2,0.00000000,0.00000000
1632313102.47798705,2,0.00000000,0.00000000
1632313102.57798314,2,0.00000000,0.00000000
1632313102.67798519,2,0.00000000,0.00000000
1632313102.77799439,2,0.00000000,0.00000000
1632313102.87798882,2,0.00000000,0.00000000
1632313102.97798729,2,0.00000000,0.00000000
1632313103.07798433,2,0.00000000,0.00000000
1632313103.17798948,2,0.00000000,0.00000000
1632313103.27798748,2,0.00000000,0.00000000
1632313103.37798691,2,0.00000000,0.00000000
1632313103.47798729,2,0.00000000,0.00000000
1632313103.57798815,2,0.00000000,0.00000000
1632313103.67798662,2,0.00000000,0.00000000
1632313103.77802515,2,0.00000000,0.00000000
1632313103.87798309,2,0.00000000,0.00000000
1632313103.97798276,2,0.00000000,0.00000000
1632313104.07798529,2,0.00000000,0.00000000
1632313104.17798543,2,0.00000000,0.00000000
1632313104.27798367,2,0.00000000,0.00000000
1632313104.37798548,2,0.00000000,0.00000000
1632313104.47798252,2,0.00000000,0.00000000
1632313104.57798386,2,0.00000000,0.00000000
1632313104.67798495,2,0.00000000,0.00000000
1632313104.77798533,2,0.00000000,0.00000000
1632313104.87798572,2,0.00000000,0.00000000
1632313104.97798586,2,0.00000000,0.00000000
1632313105.07798505,2,0.00000000,0.00000000
1632313105.17798519,2,0.00000000,0.00000000
1632313105.27798367,2,0.00000000,0.00000000
1632313105.37798429,2,0.00000000,0.00000000
1632313105.47798467,2,0.00000000,0.00000000
1632313105.57798433,2,0.00000000,0.00000000
1632313105.67798257,2,0.00000000,0.00000000
1632313105.77801514,2,0.00000000,0.00000000
1632313105.87798357,2,0.00000000,0.00000000
1632313105.97798371,2,0.00000000,0.00000000
1632313106.07801032,2,0.00000000,0.00000000
1632313106.17798543,2,0.00000000,0.00000000
1632313106.27800751,2,0.00000000,0.00000000
1632313106.37798262,2,0.00000000,0.00000000
1632313106.47798300,2,0.00000000,0.00000000
1632313106.57798386,2,0.00000000,0.00000000
1632313106.67801428,2,0.00000000,0.00000000
1632313106.77798462,2,0.00000000,0.00000000
1632313106.87801170,2,0.00000000,0.00000000
1632313106.97798467,2,0.00000000,0.00000000
1632313107.07798576,2,0.00000000,0.00000000
1632313107.17798209,2,0.00000000,0.00000000
1632313107.27798319,2,0.00000000,0.00000000
1632313107.37798262,2,0.00000000,0.00000000
1632313107.47798300,2,0.00000000,0.00000000
1632313107.57798481,2,0.00000000,0.00000000
1632313107.67801547,2,0.00000000,0.00000000
1632313107.77798390,2,0.00000000,0.00000000
1632313107.87798405,2,0.00000000,0.00000000
1632313107.97798538,2,0.00000000,0.00000000
1632313108.07798600,2,0.00000000,0.00000000
1632313108.17798328,2,0.00000000,0.00000000
1632313108.27798271,2,0.00000000,0.00000000
1632313108.37798333,2,0.00000000,0.00000000
1632313108.47798467,2,0.00000000,0.00000000
1632313108.57803655,2,0.00000000,0.00000000
1632313108.67798328,2,0.00000000,0.00000000
1632313108.77798414,2,0.00000000,0.00000000
1632313108.87801623,2,0.00000000,0.00000000
1632313108.97798347,2,0.00000000,0.00000000
1632313109.07798362,2,0.00000000,0.00000000
1632313109.17798257,2,0.00000000,0.00000000
1632313109.27798915,2,0.00000000,0.00000000
1632313109.37800741,2,0.00000000,0.00000000
1632313109.47798228,2,0.00000000,0.00000000
1632313109.57798171,2,0.00000000,0.00000000
1632313109.67798471,2,0.00000000,0.00000000
1632313109.77798343,2,0.00000000,0.00000000
1632313109.87801218,2,0.00000000,0.00000000
1632313109.97798252,2,0.00000000,0.00000000
1632313110.07798362,2,0.00000000,0.00000000
1632313110.17798281,2,0.00000000,0.00000000
1632313110.27801299,2,0.00000000,0.00000000
1632313110.37800646,2,0.00000000,0.00000000
1632313110.47798538,2,0.00000000,0.00000000
1632313110.57798314,2,0.00000000,0.00000000
1632313110.67798615,2,0.00000000,0.00000000
1632313110.77802229,2,0.00000000,0.00000000
1632313110.87798595,2,0.00000000,0.00000000
1632313110.97798324,2,0.00000000,0.00000000
1632313111.07798266,2,0.00000000,0.00000000
1632313111.17798471,2,0.00000000,0.00000000
1632313111.27798414,2,0.00000000,0.00000000
1632313111.37798786,2,0.00000000,0.00000000
1632313111.47798657,2,0.00000000,0.00000000
1632313111.57798839,2,0.00000000,0.00000000
1632313111.67798471,2,0.00000000,0.00000000
1632313111.77801394,2,0.00000000,0.00000000
1632313111.87798405,2,0.00000000,0.00000000
1632313111.97802591,2,0.00000000,0.00000000
1632313112.07798457,2,0.00000000,0.00000000
1632313112.17798471,2,0.00000000,0.00000000
1632313112.27798510,2,0.00000000,0.00000000
1632313112.37798476,2,0.00000000,0.00000000
1632313112.47798610,2,0.00000000,0.00000000
1632313112.57798433,2,0.00000000,0.00000000
1632313112.67798257,2,0.00000000,0.00000000
1632313112.77798557,2,0.00000000,0.00000000
1632313112.87802386,2,0.00000000,0.00000000
1632313112.97798347,2,0.00000000,0.00000000
1632313113.07798290,2,0.00000000,0.00000000
1632313113.17798257,2,0.00000000,0.00000000
1632313113.27798367,2,0.00000000,0.00000000
1632313113.37798667,2,0.00000000,0.00000000
1632313113.47801447,2,0.00000000,0.00000000
1632313113.57798481,2,0.00000000,0.00000000
1632313113.67798543,2,0.00000000,0.00000000
1632313113.77799726,2,0.00000000,0.00000000
1632313113.87798166,2,0.00000000,0.00000000
1632313113.97798181,2,0.00000000,0.00000000
1632313114.07798147,2,0.00000000,0.00000000
1632313114.17798185,2,0.00000000,0.00000000
1632313114.27798247,2,0.00000000,0.00000000
1632313114.37798357,2,0.00000000,0.00000000
1632313114.47798276,2,0.00000000,0.00000000
1632313114.57798457,2,0.00000000,0.00000000
1632313114.67798376,2,0.00000000,0.00000000
1632313114.77798200,2,0.00000000,0.00000000
1632313114.87798285,2,0.00000000,0.00000000
1632313114.97802162,2,0.00000000,0.00000000
1632313115.07798195,2,0.00000000,0.00000000
1632313115.17798138,2,0.00000000,0.00000000
1632313115.27798367,2,0.00000000,0.00000000
1632313115.37798500,2,0.00000000,0.00000000
1632313115.47798443,2,0.00000000,0.00000000
1632313115.57798481,2,0.00000000,0.00000000
1632313115.67801476,2,0.00000000,0.00000000
1632313115.77798176,2,0.00000000,0.00000000
1632313115.87798238,2,0.00000000,0.00000000
1632313115.97798538,2,0.00000000,0.00000000
1632313116.07798505,2,0.00000000,0.00000000
1632313116.17798424,2,0.00000000,0.00000000
1632313116.27798510,2,0.00000000,0.00000000
1632313116.37798166,2,0.00000000,0.00000000
1632313116.47802806,2,0.00000000,0.00000000
1632313116.57798409,2,0.00000000,0.00000000
1632313116.67798352,2,0.00000000,0.00000000
1632313116.77798319,2,0.00000000,0.00000000
1632313116.87798262,2,0.00000000,0.00000000
1632313116.97801113,2,0.00000000,0.00000000
1632313117.07798195,2,0.00000000,0.00000000
1632313117.17798257,2,0.00000000,0.00000000
1632313117.27798223,2,0.00000000,0.00000000
1632313117.37798929,2,0.00000000,0.00000000
1632313117.47798324,2,0.00000000,0.00000000
1632313117.57798576,2,0.00000000,0.00000000
1632313117.67798209,2,0.00000000,0.00000000
1632313117.77798247,2,0.00000000,0.00000000
1632313117.87798214,2,0.00000000,0.00000000
1632313117.97802711,2,0.00000000,0.00000000
1632313118.07798266,2,0.00000000,0.00000000
1632313118.17798424,2,0.00000000,0.00000000
1632313118.27798390,2,0.00000000,0.00000000
1632313118.37798285,2,0.00000000,0.00000000
1632313118.47798300,2,0.00000000,0.00000000
1632313118.57798243,2,0.00000000,0.00000000
1632313118.67798185,2,0.00000000,0.00000000
1632313118.77798247,2,0.00000000,0.00000000
1632313118.87798190,2,0.00000000,0.00000000
1632313118.97798729,2,0.00000000,0.00000000
1632313119.07803774,2,0.00000000,0.00000000
1632313119.17798281,2,0.00000000,0.00000000
1632313119.27798438,2,0.00000000,0.00000000
1632313119.37798357,2,0.00000000,0.00000000
1632313119.47798204,2,0.00000000,0.00000000
1632313119.57798290,2,0.00000000,0.00000000
1632313119.67801166,2,0.00000000,0.00000000
1632313119.77801204,2,0.00000000,0.00000000
1632313119.87798238,2,0.00000000,0.00000000
1632313119.97798538,2,0.00000000,0.00000000
1632313120.07801890,2,0.00000000,0.00000000
1632313120.17800760,2,0.00000000,0.00000000
1632313120.27798247,2,0.00000000,0.00000000
1632313120.37799859,2,0.00000000,0.00000000
1632313120.47800803,2,0.00000000,0.00000000
1632313120.57800794,2,0.00000000,0.00000000
1632313120.67798543,2,0.00000000,0.00000000
1632313120.77798414,2,0.00000000,0.00000000
1632313120.87801528,2,0.00000000,0.00000000
1632313120.97798610,2,0.00000000,0.00000000
1632313121.07798386,2,0.00000000,0.00000000
1632313121.17798710,2,0.00000000,0.00000000
1632313121.27799535,2,0.00000000,0.00000000
1632313121.37798357,2,0.00000000,0.00000000
1632313121.47798276,2,0.00000000,0.00000000
1632313121.57798290,2,0.00000000,0.00000000
1632313121.67798376,2,0.00000000,0.00000000
1632313121.77798319,2,0.00000000,0.00000000
1632313121.87798405,2,0.00000000,0.00000000
1632313121.97798514,2,0.00000000,0.00000000
1632313122.07798409,2,0.00000000,0.00000000
1632313122.17798376,2,0.00000000,0.00000000
1632313122.27798271,2,0.00000000,0.00000000
1632313122.37798214,2,0.00000000,0.00000000
1632313122.47798419,2,0.00000000,0.00000000
1632313122.57798314,2,0.00000000,0.00000000
1632313122.67798281,2,0.00000000,0.00000000
1632313122.77798295,2,0.00000000,0.00000000
1632313122.87798643,2,0.00000000,0.00000000
1632313122.97798562,2,0.00000000,0.00000000
1632313123.07798362,2,0.00000000,0.00000000
1632313123.17798328,2,0.00000000,0.00000000
1632313123.27802229,2,0.00000000,0.00000000
1632313123.37799025,2,0.00000000,0.00000000
1632313123.47798252,2,0.00000000,0.00000000
1632313123.57798481,2,0.00000000,0.00000000
1632313123.67798162,2,0.00000000,0.00000000
1632313123.77798247,2,0.00000000,0.00000000
1632313123.87798285,2,0.00000000,0.00000000
1632313123.97798276,2,0.00000000,0.00000000
1632313124.07798576,2,0.00000000,0.00000000
1632313124.17798376,2,0.00000000,0.00000000
1632313124.27798390,2,0.00000000,0.00000000
1632313124.37801242,2,0.00000000,0.00000000
1632313124.47798204,2,0.00000000,0.00000000
1632313124.57798505,2,0.00000000,0.00000000
1632313124.67798448,2,0.00000000,0.00000000
1632313124.77801228,2,0.00000000,0.00000000
1632313124.87798500,2,0.00000000,0.00000000
1632313124.97798491,2,0.00000000,0.00000000
1632313125.07798481,2,0.00000000,0.00000000
1632313125.17798853,2,0.00000000,0.00000000
1632313125.27804542,2,0.00000000,0.00000000
1632313125.37798357,2,0.00000000,0.00000000
1632313125.47798491,2,0.00000000,0.00000000
1632313125.57798719,2,0.00000000,0.00000000
1632313125.67798352,2,0.00000000,0.00000000
1632313125.77798200,2,0.00000000,0.00000000
1632313125.87798357,2,0.00000000,0.00000000
1632313125.97798371,2,0.00000000,0.00000000
1632313126.07798219,2,0.00000000,0.00000000
1632313126.17798233,2,0.00000000,0.00000000
1632313126.27798152,2,0.00000000,0.00000000
1632313126.37798285,2,0.00000000,0.00000000
1632313126.47798276,2,0.00000000,0.00000000
1632313126.57798338,2,0.00000000,0.00000000
1632313126.67798305,1,0.03657781,0.00000000
1632313126.77798486,1,0.12562601,0.00000000
1632313126.87798309,1,0.21381782,0.00000000
1632313126.97801971,1,0.22283693,0.00000000
1632313127.07799244,1,0.26917835,0.00000000
1632313127.17801166,1,0.31647823,0.00000000
1632313127.27798414,1,0.36483130,0.00000000
1632313127.37798429,1,0.45215680,0.00000000
1632313127.47801208,1,0.46237651,0.00000000
1632313127.57798243,1,0.55305091,0.00000000
1632313127.67800260,1,0.59700600,0.00000000
1632313127.77798152,1,0.68619198,0.00000000
1632313127.87798166,1,0.69929681,0.00000000
1632313127.97798157,1,0.74902213,0.00000000
1632313128.07801270,1,0.79993746,0.00000000
1632313128.17798257,1,0.84411573,0.00000000
1632313128.27798247,1,0.93057282,0.00000000
1632313128.37798190,1,0.98055520,0.00000000
1632313128.47798133,1,1.02935184,0.00000000
1632313128.57798338,0,0.00000000,0.00000000
1632313128.67800760,0,0.00000000,0.00000000
1632313128.77802086,0,0.00000000,0.00000000
1632313128.87798285,0,0.00000000,0.00000000
1632313128.97801113,0,0.00000000,0.00000000
1632313129.07801294,0,0.00000000,0.00000000
1632313129.17798352,0,0.00000000,0.00000000
1632313129.27798271,0,0.00000000,0.00000000
1632313129.37798381,0,0.00000000,0.00000000
1632313129.47798300,0,0.00000000,0.00000000
1632313129.57798266,0,0.00000000,0.00000000
1632313129.67800522,0,0.00000000,0.00000000
1632313129.77802277,0,0.00000000,0.00000000
1632313129.87800050,0,0.00000000,0.00000000
1632313129.97801232,0,0.00000000,0.00000000
1632313130.07798362,0,0.00000000,0.00000000
1632313130.17798233,0,0.00000000,0.00000000
1632313130.27800703,0,0.00000000,0.00000000
1632313130.37798190,0,0.00000000,0.00000000
1632313130.47798204,0,0.00000000,0.00000000
1632313130.57801175,0,0.00000000,0.00000000
1632313130.67798567,0,0.00000000,0.00000000
1632313130.77798486,0,0.00000000,0.00000000
1632313130.87798667,0,0.00000000,0.00000000
1632313130.97800016,0,0.00000000,0.00000000
1632313131.07798505,0,0.00000000,0.00000000
1632313131.17802119,0,0.00000000,0.00000000
1632313131.27798319,0,0.00000000,0.00000000
1632313131.37798595,0,0.00000000,0.00000000
1632313131.47798562,0,0.00000000,0.00000000
1632313131.57798362,0,0.00000000,0.00000000
1632313131.67798352,0,0.00000000,0.00000000
1632313131.77803874,0,0.00000000,0.00000000
1632313131.87798381,0,0.00000000,0.00000000
1632313131.97798467,0,0.00000000,0.00000000
1632313132.07798624,0,0.00000000,0.00000000
1632313132.17798305,0,0.00000000,0.00000000
1632313132.27798438,0,0.00000000,0.00000000
1632313132.37798691,0,0.00000000,0.00000000
1632313132.47798324,0,0.00000000,0.00000000
1632313132.57798338,0,0.00000000,0.00000000
1632313132.67798328,0,0.00000000,0.00000000
1632313132.77801037,0,0.00000000,0.00000000
1632313132.87802768,0,0.00000000,0.00000000
1632313132.97802353,0,0.00000000,0.00000000
1632313133.07800245,0,0.00000000,0.00000000
1632313133.17798424,0,0.00000000,0.00000000
1632313133.27798247,0,0.00000000,0.00000000
1632313133.37798333,0,0.00000000,0.00000000
1632313133.47798347,0,0.00000000,0.00000000
1632313133.57798338,0,0.00000000,0.00000000
1632313133.67798233,0,0.00000000,0.00000000
1632313133.77798271,0,0.00000000,0.00000000
1632313133.87798238,0,0.00000000,0.00000000
1632313133.97801137,0,0.00000000,0.00000000
1632313134.07798314,0,0.00000000,0.00000000
1632313134.17802334,0,0.00000000,0.00000000
1632313134.27798319,0,0.00000000,0.00000000
1632313134.37802172,0,0.00000000,0.00000000
1632313134.47802138,0,0.00000000,0.00000000
1632313134.57798362,0,0.00000000,0.00000000
1632313134.67798352,0,0.00000000,0.00000000
1632313134.77798295,0,0.00000000,0.00000000
1632313134.87798238,0,0.00000000,0.00000000
1632313134.97798347,0,0.00000000,0.00000000
1632313135.07798362,0,0.00000000,0.00000000
1632313135.17799520,0,0.00000000,0.00000000
1632313135.27798462,0,0.00000000,0.00000000
1632313135.37798357,0,0.00000000,0.00000000
1632313135.47798347,0,0.00000000,0.00000000
1632313135.57798314,0,0.00000000,0.00000000
1632313135.67798400,0,0.00000000,0.00000000
1632313135.77798367,0,0.00000000,0.00000000
1632313135.87798476,0,0.00000000,0.00000000
1632313135.97798681,0,0.00000000,0.00000000
1632313136.07798505,0,0.00000000,0.00000000
1632313136.17798448,0,0.00000000,0.00000000
1632313136.27798295,0,0.00000000,0.00000000
1632313136.37798405,0,0.00000000,0.00000000
1632313136.47798347,0,0.00000000,0.00000000
1632313136.57798290,0,0.00000000,0.00000000
1632313136.67801452,0,0.00000000,0.00000000
1632313136.77798438,0,0.00000000,0.00000000
1632313136.87798405,0,0.00000000,0.00000000
1632313136.97798395,0,0.00000000,0.00000000
1632313137.07798386,0,0.00000000,0.00000000
1632313137.17795110,0,0.00000000,0.00000000
1632313137.27798343,0,0.00000000,0.00000000
1632313137.37800908,0,0.00000000,0.00000000
1632313137.47798204,0,0.00000000,0.00000000
1632313137.57798266,0,0.00000000,0.00000000
1632313137.67798471,0,0.00000000,0.00000000
1632313137.77798390,0,0.00000000,0.00000000
1632313137.87798452,0,0.00000000,0.00000000
1632313137.97798586,0,0.00000000,0.00000000
1632313138.07798338,0,0.00000000,0.00000000
1632313138.17798471,0,0.00000000,0.00000000
1632313138.27798390,0,0.00000000,0.00000000
1632313138.37798262,0,0.00000000,0.00000000
1632313138.47798300,0,0.00000000,0.00000000
1632313138.57801676,0,0.00000000,0.00000000
1632313138.67798448,0,0.00000000,0.00000000
1632313138.77798557,0,0.00000000,0.00000000
1632313138.87798643,0,0.00000000,0.00000000
1632313138.97798586,0,0.00000000,0.00000000
1632313139.07798624,0,0.00000000,0.00000000
1632313139.17798495,0,0.00000000,0.00000000
1632313139.27798581,0,0.00000000,0.00000000
1632313139.37798548,0,0.00000000,0.00000000
1632313139.47798729,0,0.00000000,0.00000000
1632313139.57798624,0,0.00000000,0.00000000
1632313139.67798638,0,0.00000000,0.00000000
1632313139.77798653,0,0.00000000,0.00000000
1632313139.87798595,0,0.00000000,0.00000000
1632313139.97798634,0,0.00000000,0.00000000
1632313140.07798672,0,0.00000000,0.00000000
1632313140.17798805,0,0.00000000,0.00000000
1632313140.27798557,0,0.00000000,0.00000000
1632313140.37799001,0,0.00000000,0.00000000
1632313140.47798610,0,0.00000000,0.00000000
1632313140.57798719,0,0.00000000,0.00000000
1632313140.67798710,0,0.00000000,0.00000000
1632313140.77798533,0,0.00000000,0.00000000
1632313140.87798572,0,0.00000000,0.00000000
1632313140.97798681,0,0.00000000,0.00000000
1632313141.07798672,0,0.00000000,0.00000000
1632313141.17798686,0,0.00000000,0.00000000
1632313141.27801847,0,0.00000000,0.00000000
1632313141.37798834,0,0.00000000,0.00000000
1632313141.47798681,0,0.00000000,0.00000000
1632313141.57802391,0,0.00000000,0.00000000
1632313141.67798328,0,0.00000000,0.00000000
1632313141.77798414,0,0.00000000,0.00000000
1632313141.87798357,0,0.00000000,0.00000000
1632313141.97798514,0,0.00000000,0.00000000
1632313142.07798433,0,0.00000000,0.00000000
1632313142.17798400,0,0.00000000,0.00000000
1632313142.27798438,0,0.00000000,0.00000000
1632313142.37798429,0,0.00000000,0.00000000
1632313142.47798443,0,0.00000000,0.00000000
1632313142.57798362,0,0.00000000,0.00000000
1632313142.67798519,0,0.00000000,0.00000000
1632313142.77798271,0,0.00000000,0.00000000
1632313142.87798285,0,0.00000000,0.00000000
1632313142.97798371,0,0.00000000,0.00000000
1632313143.07798290,0,0.00000000,0.00000000
1632313143.17798400,0,0.00000000,0.00000000
1632313143.27798343,0,0.00000000,0.00000000
1632313143.37798285,0,0.00000000,0.00000000
1632313143.47798514,0,0.00000000,0.00000000
1632313143.57798457,0,0.00000000,0.00000000
1632313143.67798400,0,0.00000000,0.00000000
1632313143.77798533,0,0.00000000,0.00000000
1632313143.87798333,0,0.00000000,0.00000000
1632313143.97798300,0,0.00000000,0.00000000
1632313144.07798314,0,0.00000000,0.00000000
1632313144.17798400,0,0.00000000,0.00000000
1632313144.27798343,0,0.00000000,0.00000000
1632313144.37798405,0,0.00000000,0.00000000
1632313144.47798371,0,0.00000000,0.00000000
1632313144.57798338,0,0.00000000,0.00000000
1632313144.67798257,0,0.00000000,0.00000000
1632313144.77798510,0,0.00000000,0.00000000
1632313144.87801981,0,0.00000000,0.00000000
1632313144.97798443,0,0.00000000,0.00000000
1632313145.07798386,0,0.00000000,0.00000000
1632313145.17798543,0,0.00000000,0.00000000
1632313145.27798510,0,0.00000000,0.00000000
1632313145.37799454,0,0.00000000,0.00000000
1632313145.47798347,0,0.00000000,0.00000000
1632313145.57798290,0,0.00000000,0.00000000
1632313145.67798591,0,0.00000000,0.00000000
1632313145.77798581,0,0.00000000,0.00000000
1632313145.87798524,0,0.00000000,0.00000000
1632313145.97798514,0,0.00000000,0.00000000
1632313146.07798576,0,0.00000000,0.00000000
1632313146.17798424,0,0.00000000,0.00000000
1632313146.27798438,0,0.00000000,0.00000000
1632313146.37798643,0,0.00000000,0.00000000
1632313146.47801852,0,0.00000000,0.00000000
1632313146.57798266,0,0.00000000,0.00000000
1632313146.67798257,0,0.00000000,0.00000000
1632313146.77798271,0,0.00000000,0.00000000
1632313146.87798285,0,0.00000000,0.00000000
1632313146.97798347,0,0.00000000,0.00000000
1632313147.07798409,0,0.00000000,0.00000000
1632313147.17798328,0,0.00000000,0.00000000
1632313147.27798343,0,0.00000000,0.00000000
1632313147.37798285,0,0.00000000,0.00000000
1632313147.47798347,0,0.00000000,0.00000000
1632313147.57798290,0,0.00000000,0.00000000
1632313147.67798352,0,0.00000000,0.00000000
1632313147.77798343,0,0.00000000,0.00000000
1632313147.87798381,0,0.00000000,0.00000000
1632313147.97801518,0,0.00000000,0.00000000
1632313148.07802320,0,0.00000000,0.00000000
1632313148.17802072,0,0.00000000,0.00000000
1632313148.27801442,0,0.00000000,0.00000000
1632313148.37798309,0,0.00000000,0.00000000
1632313148.47798371,0,0.00000000,0.00000000
1632313148.57798266,0,0.00000000,0.00000000
1632313148.67798281,0,0.00000000,0.00000000
1632313148.77798390,0,0.00000000,0.00000000
1632313148.87798357,0,0.00000000,0.00000000
1632313148.97801399,0,0.00000000,0.00000000
1632313149.07801461,0,0.00000000,0.00000000
1632313149.17802119,0,0.00000000,0.00000000
1632313149.27802014,0,0.00000000,0.00000000
1632313149.37798429,0,0.00000000,0.00000000
1632313149.47798467,0,0.00000000,0.00000000
1632313149.57798576,0,0.00000000,0.00000000
1632313149.67798615,0,0.00000000,0.00000000
1632313149.77798319,0,0.00000000,0.00000000
1632313149.87800002,0,0.00000000,0.00000000
1632313149.97798252,0,0.00000000,0.00000000
1632313150.07798576,0,0.00000000,0.00000000
1632313150.17802954,0,0.00000000,0.00000000
1632313150.27799153,0,0.00000000,0.00000000
1632313150.37798452,0,0.00000000,0.00000000
1632313150.47798276,0,0.00000000,0.00000000
1632313150.57798409,0,0.00000000,0.00000000
1632313150.67798233,0,0.00000000,0.00000000
1632313150.77804518,0,0.00000000,0.00000000
1632313150.87802243,0,0.00000000,0.00000000
1632313150.97798467,0,0.00000000,0.00000000
1632313151.07798314,0,0.00000000,0.00000000
1632313151.17798424,0,0.00000000,0.00000000
1632313151.27801085,0,0.00000000,0.00000000
1632313151.37801385,0,0.00000000,0.00000000
1632313151.47798252,0,0.00000000,0.00000000
1632313151.57800579,0,0.00000000,0.00000000
1632313151.67798471,1,0.95039011,0.00000000
1632313151.77798581,1,0.90039850,0.00000000
1632313151.87798357,1,0.85040737,0.00000000
1632313151.97800159,1,0.80041624,0.00000000
1632313152.07798696,1,0.75042511,0.00000000
1632313152.17800879,1,0.70043445,0.00000000
1632313152.27798510,1,0.65044340,0.00000000
1632313152.37801480,1,0.60336321,0.00000000
1632313152.47798347,1,0.55676787,0.00000000
1632313152.57798743,1,0.50823635,0.00000000
1632313152.67798448,1,0.51258532,0.00000000
1632313152.77798295,1,0.51627320,0.00000000
1632313152.87798667,1,0.51253332,0.00000000
1632313152.97798395,1,0.51397365,0.00000000
1632313153.07798457,1,0.51882738,0.00000000
1632313153.17798424,1,0.51495428,0.00000000
1632313153.27798438,1,0.51154500,0.00000000
1632313153.37798381,1,0.51542946,0.00000000
1632313153.47798347,1,0.51834341,0.00000000
1632313153.57802343,1,0.52029120,0.00000000
1632313153.67798352,1,0.52464292,0.00000000
1632313153.77798772,1,0.52319727,0.00000000
1632313153.87798452,1,0.52366967,0.00000000
1632313153.97798419,1,0.52319344,0.00000000
1632313154.07798314,1,0.52366722,0.00000000
1632313154.17798305,1,0.52318866,0.00000000
1632313154.27798700,1,0.52222725,0.00000000
1632313154.37802458,1,0.52269938,0.00000000
1632313154.47798324,1,0.52222291,0.00000000
1632313154.57798600,1,0.52220996,0.00000000
1632313154.67798328,1,0.52173338,0.00000000
1632313154.77798367,1,0.52220675,0.00000000
1632313154.87798357,1,0.52027217,0.00000000
1632313154.97798395,1,0.52173580,0.00000000
1632313155.07798243,1,0.52026707,0.00000000
1632313155.17798305,1,0.52124518,0.00000000
1632313155.27798533,1,0.52026327,0.00000000
1632313155.37798786,1,0.52075346,0.00000000
1632313155.47798634,1,0.52027650,0.00000000
1632313155.57801509,1,0.51929386,0.00000000
1632313155.67801905,1,0.51929873,0.00000000
1632313155.77798510,1,0.51930651,0.00000000
1632313155.87801003,1,0.51977662,0.00000000
1632313155.97800779,1,0.51930064,0.00000000
1632313156.07800627,1,0.51830823,0.00000000
1632313156.17802358,1,0.51928246,0.00000000
1632313156.27802467,1,0.51832012,0.00000000
1632313156.37802005,1,0.51830709,0.00000000
1632313156.47804689,1,0.51734156,0.00000000
1632313156.57800364,1,0.51831899,0.00000000
1632313156.67804265,1,0.51782093,0.00000000
1632313156.77800655,1,0.51831039,0.00000000
1632313156.87805033,1,0.51637770,0.00000000
1632313156.97804475,1,0.51733386,0.00000000
1632313157.07800174,1,0.51733814,0.00000000
1632313157.17798495,1,0.51637536,0.00000000
1632313157.27798796,1,0.51733149,0.00000000
1632313157.37804127,1,0.51636716,0.00000000
1632313157.47805810,1,0.51637070,0.00000000
1632313157.57801676,1,0.51540768,0.00000000
1632313157.67798424,1,0.46637337,0.00000000
1632313157.77801156,1,0.41638744,0.00000000
1632313157.87800503,1,0.36543439,0.00000000
1632313157.97800207,1,0.31543041,0.00000000
1632313158.07800388,1,0.26496091,0.00000000
1632313158.17800808,1,0.21449109,0.00000000
1632313158.27804828,1,0.16450805,0.00000000
1632313158.37805057,1,0.11353369,0.00000000
1632313158.47801971,1,0.06452012,0.00000000
1632313158.57801151,1,0.01356695,0.00000000
1632313158.67802286,2,0.00000000,0.00000000
1632313158.77801061,2,0.00000000,0.00000000
1632313158.87800932,2,0.00000000,0.00000000
1632313158.97800994,2,0.00000000,0.00000000
1632313159.07801747,2,0.00000000,0.00000000
1632313159.17804646,2,0.00000000,0.00000000
1632313159.27804947,2,0.00000000,0.00000000
1632313159.37802768,2,0.00000000,0.00000000
1632313159.47801900,2,0.00000000,0.00000000
1632313159.57806659,2,0.00000000,0.00000000
1632313159.67804766,2,0.00000000,0.00000000
1632313159.77804828,2,0.00000000,0.00000000
1632313159.87800336,2,0.00000000,0.00000000
1632313159.97800255,2,0.00000000,0.00000000
1632313160.07808089,2,0.00000000,0.00000000
1632313160.17800093,2,0.00000000,0.00000000
1632313160.27804112,2,0.00000000,0.00000000
1632313160.37805319,2,0.00000000,0.00000000
1632313160.47805119,2,0.00000000,0.00000000
1632313160.57802463,2,0.00000000,0.00000000
1632313160.67805290,2,0.00000000,0.00000000
1632313160.77804470,2,0.00000000,0.00000000
1632313160.87804174,2,0.00000000,0.00000000
1632313160.97800946,2,0.00000000,0.00000000
1632313161.07800722,2,0.00000000,0.00000000
1632313161.17804670,2,0.00000000,0.00000000
1632313161.27804780,2,0.00000000,0.00000000
1632313161.37804508,2,0.00000000,0.00000000
1632313161.47804356,2,0.00000000,0.00000000
1632313161.57804799,2,0.00000000,0.00000000
1632313161.67804837,2,0.00000000,0.00000000
1632313161.77804518,2,0.00000000,0.00000000
1632313161.87800884,2,0.00000000,0.00000000
1632313161.97809219,2,0.00000000,0.00000000
1632313162.07804632,2,0.00000000,0.00000000
1632313162.17804551,2,0.00000000,0.00000000
1632313162.27804518,2,0.00000000,0.00000000
1632313162.37804747,2,0.00000000,0.00000000
1632313162.47804761,2,0.00000000,0.00000000
1632313162.57806420,2,0.00000000,0.00000000
1632313162.67807460,2,0.00000000,0.00000000
1632313162.77806282,2,0.00000000,0.00000000
1632313162.87805390,2,0.00000000,0.00000000
1632313162.97809172,2,0.00000000,0.00000000
1632313163.07805705,2,0.00000000,0.00000000
1632313163.17805910,2,0.00000000,0.00000000
1632313163.27806377,2,0.00000000,0.00000000
1632313163.37801552,2,0.00000000,0.00000000
1632313163.47805119,2,0.00000000,0.00000000
