Seconds,Desired Distance
1632156618.29593444,3.50000000
1632156618.39577937,3.50000000
1632156618.49581146,3.50000000
1632156618.59580493,3.50000000
1632156618.69587326,3.50000000
1632156618.79579210,3.50000000
1632156618.89581084,3.50000000
1632156618.99579453,3.50000000
1632156619.09579778,3.50000000
1632156619.19578314,3.50000000
1632156619.29581618,3.50000000
1632156619.39585710,3.50000000
1632156619.49582815,3.50000000
1632156619.59583092,3.50000000
1632156619.69560719,3.50000000
1632156619.79555368,3.50000000
1632156619.89556456,3.50000000
1632156619.99556088,3.50000000
1632156620.09556103,3.50000000
1632156620.19556093,3.50000000
1632156620.29563403,3.50000000
1632156620.39570141,3.50000000
1632156620.49571824,3.50000000
1632156620.59580088,3.50000000
1632156620.69580841,3.50000000
1632156620.79579329,3.50000000
1632156620.89588642,3.50000000
1632156620.99579453,3.50000000
1632156621.09578323,3.50000000
1632156621.19578767,3.50000000
1632156621.29580522,3.50000000
1632156621.39580178,3.50000000
1632156621.49577165,3.50000000
1632156621.59583020,3.50000000
1632156621.69581795,3.50000000
1632156621.79579568,3.50000000
1632156621.89557362,3.50000000
1632156621.99555731,3.50000000
1632156622.09556317,3.50000000
1632156622.19555521,3.50000000
1632156622.29563546,3.50000000
1632156622.39563417,3.50000000
1632156622.49559712,3.50000000
1632156622.59586000,3.50000000
1632156622.69580221,3.50000000
1632156622.79579830,3.50000000
1632156622.89579439,3.50000000
1632156622.99578094,3.50000000
1632156623.09580827,3.50000000
1632156623.19558930,3.50000000
1632156623.29580235,3.50000000
1632156623.39572740,3.50000000
1632156623.49581957,3.50000000
1632156623.59578323,3.50000000
1632156623.69575977,3.50000000
1632156623.79579258,3.50000000
1632156623.89576149,3.50000000
1632156623.99581742,3.50000000
1632156624.09588909,3.50000000
1632156624.19578981,3.50000000
1632156624.29579282,3.50000000
1632156624.39576387,3.50000000
1632156624.49580026,3.50000000
1632156624.59586310,3.50000000
1632156624.69580102,3.50000000
1632156624.79578876,3.50000000
1632156624.89578271,3.50000000
1632156624.99570060,3.50000000
1632156625.09558010,3.50000000
1632156625.19579124,3.50000000
1632156625.29578161,3.50000000
1632156625.39579916,3.50000000
1632156625.49586153,3.50000000
1632156625.59588051,3.50000000
1632156625.69586611,3.50000000
1632156625.79580331,3.50000000
1632156625.89580631,3.50000000
1632156625.99580145,3.50000000
1632156626.09577847,3.50000000
1632156626.19579744,3.50000000
1632156626.29581738,3.50000000
1632156626.39580178,3.50000000
1632156626.49578714,3.50000000
1632156626.59574008,3.50000000
1632156626.69576263,3.50000000
1632156626.79579878,3.50000000
1632156626.89584684,3.50000000
1632156626.99576783,3.50000000
1632156627.09589624,3.50000000
1632156627.19579577,3.50000000
1632156627.29579043,3.50000000
1632156627.39580226,3.50000000
1632156627.49580121,3.50000000
1632156627.59579015,3.50000000
1632156627.69585514,3.50000000
1632156627.79581046,3.50000000
1632156627.89576602,3.50000000
1632156627.99577117,3.50000000
1632156628.09576583,3.50000000
1632156628.19575882,3.50000000
1632156628.29580927,3.50000000
1632156628.39589429,3.50000000
1632156628.49578071,3.50000000
1632156628.59579825,3.50000000
1632156628.69578552,3.50000000
1632156628.79579043,3.50000000
1632156628.89580226,3.50000000
1632156628.99584150,3.50000000
1632156629.09556174,3.50000000
1632156629.19555426,3.50000000
1632156629.29563570,3.50000000
1632156629.39564466,3.50000000
1632156629.49563384,3.50000000
1632156629.59555101,3.50000000
1632156629.69581556,3.50000000
1632156629.79582763,3.50000000
1632156629.89583850,3.50000000
1632156629.99580622,3.50000000
1632156630.09583116,3.50000000
1632156630.19578671,3.50000000
1632156630.29579163,3.50000000
1632156630.39580107,3.50000000
1632156630.49585748,3.50000000
1632156630.59585023,3.50000000
1632156630.69580007,3.50000000
1632156630.79578876,3.50000000
1632156630.89576411,3.50000000
1632156630.99582100,3.50000000
1632156631.09579945,3.50000000
1632156631.19585776,3.50000000
1632156631.29581976,3.50000000
1632156631.39585757,3.50000000
1632156631.49578929,3.50000000
1632156631.59580517,3.50000000
1632156631.69580197,3.50000000
1632156631.79579663,3.50000000
1632156631.89570212,3.50000000
1632156631.99556613,3.50000000
1632156632.09555340,3.50000000
1632156632.19559574,3.50000000
1632156632.29564023,3.50000000
1632156632.39570093,3.50000000
1632156632.49560046,3.50000000
1632156632.59579635,3.50000000
1632156632.69580150,3.50000000
1632156632.79581618,3.50000000
1632156632.89579916,3.50000000
1632156632.99584556,3.50000000
1632156633.09598565,3.50000000
1632156633.19575715,3.50000000
1632156633.29580593,3.50000000
1632156633.39581108,3.50000000
1632156633.49578714,3.50000000
1632156633.59578681,3.50000000
1632156633.69580913,3.50000000
1632156633.79580688,3.50000000
1632156633.89580297,3.50000000
1632156633.99579167,3.50000000
1632156634.09587765,3.50000000
1632156634.19576359,3.50000000
1632156634.29581571,3.50000000
1632156634.39570069,3.50000000
1632156634.49578619,3.50000000
1632156634.59580588,3.50000000
1632156634.69580650,3.50000000
1632156634.79581594,3.50000000
1632156634.89580846,3.50000000
1632156634.99567032,3.50000000
1632156635.09580183,3.50000000
1632156635.19585919,3.50000000
1632156635.29580688,3.50000000
1632156635.39586830,3.50000000
1632156635.49579453,3.50000000
1632156635.59578991,3.50000000
1632156635.69580889,3.50000000
1632156635.79579210,3.50000000
1632156635.89579201,3.50000000
1632156635.99578500,3.50000000
1632156636.09586382,3.50000000
1632156636.19581461,3.50000000
1632156636.29570794,3.50000000
1632156636.39577579,3.50000000
1632156636.49576139,3.50000000
1632156636.59576035,3.50000000
1632156636.69572973,3.50000000
1632156636.79581475,3.50000000
1632156636.89580727,3.50000000
1632156636.99580932,3.50000000
1632156637.09582877,3.50000000
1632156637.19577837,3.50000000
1632156637.29588652,3.50000000
1632156637.39569688,3.50000000
1632156637.49585509,2.00000000
1632156637.59579611,2.00000000
1632156637.69585681,2.00000000
1632156637.79578662,2.00000000
1632156637.89587903,2.00000000
1632156637.99586010,2.00000000
1632156638.09581637,2.00000000
1632156638.19576502,2.00000000
1632156638.29582500,2.00000000
1632156638.39576030,2.00000000
1632156638.49589086,2.00000000
1632156638.59584451,2.00000000
1632156638.69582438,2.00000000
1632156638.79582572,2.00000000
1632156638.89578485,2.00000000
1632156638.99580717,2.00000000
1632156639.09581518,2.00000000
1632156639.19580865,2.00000000
1632156639.29602718,2.00000000
1632156639.39579272,2.00000000
1632156639.49579120,2.00000000
1632156639.59575844,2.00000000
1632156639.69584942,2.00000000
1632156639.79575706,2.00000000
1632156639.89582992,2.00000000
1632156639.99583840,2.00000000
1632156640.09588170,2.00000000
1632156640.19580913,2.00000000
1632156640.29586291,2.00000000
1632156640.39579654,2.00000000
1632156640.49577951,2.00000000
1632156640.59581900,2.00000000
1632156640.69595242,2.00000000
1632156640.79577947,2.00000000
1632156640.89580154,2.00000000
1632156640.99580526,2.00000000
1632156641.09581494,2.00000000
1632156641.19581199,2.00000000
1632156641.29579806,2.00000000
1632156641.39574003,2.00000000
1632156641.49580216,2.00000000
1632156641.59582090,2.00000000
1632156641.69587374,2.00000000
1632156641.79585361,2.00000000
1632156641.89582920,2.00000000
1632156641.99585581,2.00000000
1632156642.09583688,2.00000000
1632156642.19584322,2.00000000
1632156642.29582691,2.00000000
1632156642.39570761,2.00000000
1632156642.49588084,2.00000000
1632156642.59586287,2.00000000
1632156642.69580936,2.00000000
1632156642.79582691,2.00000000
1632156642.89581227,2.00000000
1632156642.99581718,2.00000000
1632156643.09580255,2.00000000
1632156643.19577360,2.00000000
1632156643.29580235,2.00000000
1632156643.39578700,2.00000000
1632156643.49578190,2.00000000
1632156643.59587169,2.00000000
1632156643.69577503,2.00000000
1632156643.79574728,2.00000000
1632156643.89583921,2.00000000
1632156643.99580717,2.00000000
1632156644.09581065,2.00000000
1632156644.19580507,2.00000000
1632156644.29587317,2.00000000
1632156644.39570451,2.00000000
1632156644.49577880,2.00000000
1632156644.59579206,2.00000000
1632156644.69576001,2.00000000
1632156644.79578161,2.00000000
1632156644.89579511,2.00000000
1632156644.99583530,2.00000000
1632156645.09579325,2.00000000
1632156645.19579792,2.00000000
1632156645.29576993,2.00000000
1632156645.39587712,2.00000000
1632156645.49588466,2.00000000
1632156645.59588766,2.00000000
1632156645.69578671,2.00000000
1632156645.79578733,2.00000000
1632156645.89583397,2.00000000
1632156645.99584436,2.00000000
1632156646.09578967,2.00000000
1632156646.19579268,2.00000000
1632156646.29579329,2.00000000
1632156646.39586473,2.00000000
1632156646.49579024,2.00000000
1632156646.59579849,2.00000000
1632156646.69580603,2.00000000
1632156646.79579926,2.00000000
1632156646.89581704,2.00000000
1632156646.99580884,2.00000000
1632156647.09580874,2.00000000
1632156647.19614840,2.00000000
1632156647.29578853,2.00000000
1632156647.39580488,2.00000000
1632156647.49582410,2.00000000
1632156647.59579968,2.00000000
1632156647.69580221,2.00000000
1632156647.79580283,2.00000000
1632156647.89591694,2.00000000
1632156647.99578953,2.00000000
1632156648.09580112,2.00000000
1632156648.19579172,2.00000000
1632156648.29583049,2.00000000
1632156648.39579201,2.00000000
1632156648.49579430,2.00000000
1632156648.59584236,2.00000000
1632156648.69599962,3.50000000
1632156648.79581285,3.50000000
1632156648.89577579,3.50000000
1632156648.99581432,3.50000000
1632156649.09579492,3.50000000
1632156649.19579411,3.50000000
1632156649.29579782,3.50000000
1632156649.39585876,3.50000000
1632156649.49579668,3.50000000
1632156649.59586763,3.50000000
1632156649.69587445,3.50000000
1632156649.79581976,3.50000000
1632156649.89586186,3.50000000
1632156649.99578047,3.50000000
1632156650.09577966,3.50000000
1632156650.19569635,3.50000000
1632156650.29585743,3.50000000
1632156650.39576793,3.50000000
1632156650.49578071,3.50000000
1632156650.59578538,3.50000000
1632156650.69586825,3.50000000
1632156650.79584670,3.50000000
1632156650.89605665,3.50000000
1632156650.99584126,3.50000000
1632156651.09583783,3.50000000
1632156651.19581342,3.50000000
1632156651.29580641,3.50000000
1632156651.39578342,3.50000000
1632156651.49579954,3.50000000
1632156651.59576011,3.50000000
1632156651.69579506,3.50000000
1632156651.79579473,3.50000000
1632156651.89578557,3.50000000
1632156651.99580598,3.50000000
1632156652.09575558,3.50000000
1632156652.19575453,3.50000000
1632156652.29580307,3.50000000
1632156652.39570284,3.50000000
1632156652.49574471,3.50000000
1632156652.59575987,3.50000000
1632156652.69581151,3.50000000
1632156652.79591179,3.50000000
1632156652.89579606,3.50000000
1632156652.99590898,3.50000000
1632156653.09574819,3.50000000
1632156653.19582057,3.50000000
1632156653.29577446,3.50000000
1632156653.39574242,3.50000000
1632156653.49578571,3.50000000
1632156653.59579706,3.50000000
1632156653.69579220,3.50000000
1632156653.79575562,3.50000000
1632156653.89576340,3.50000000
1632156653.99588084,3.50000000
1632156654.09580445,3.50000000
1632156654.19583726,3.50000000
1632156654.29577637,3.50000000
1632156654.39575362,3.50000000
1632156654.49582124,3.50000000
1632156654.59581542,3.50000000
1632156654.69579935,3.50000000
1632156654.79583192,3.50000000
1632156654.89580989,3.50000000
1632156654.99576306,3.50000000
1632156655.09581947,3.50000000
1632156655.19581532,3.50000000
1632156655.29577303,3.50000000
1632156655.39578080,3.50000000
1632156655.49586964,3.50000000
1632156655.59582520,3.50000000
1632156655.69573236,3.50000000
1632156655.79581070,3.50000000
1632156655.89584804,3.50000000
1632156655.99585366,2.00000000
1632156656.09571528,2.00000000
1632156656.19575882,2.00000000
1632156656.29572678,2.00000000
1632156656.39582634,2.00000000
1632156656.49585629,2.00000000
1632156656.59580302,2.00000000
1632156656.69576454,2.00000000
1632156656.79589772,2.00000000
1632156656.89579940,2.00000000
1632156656.99579811,2.00000000
1632156657.09588933,2.00000000
1632156657.19576550,2.00000000
1632156657.29580688,2.00000000
1632156657.39583707,2.00000000
1632156657.49580717,2.00000000
1632156657.59580112,2.00000000
1632156657.69579649,2.00000000
1632156657.79577088,2.00000000
1632156657.89582396,2.00000000
1632156657.99580145,2.00000000
1632156658.09580183,2.00000000
1632156658.19586754,2.00000000
1632156658.29581451,2.00000000
1632156658.39581728,2.00000000
1632156658.49580741,2.00000000
1632156658.59575987,2.00000000
1632156658.69598150,2.00000000
1632156658.79580688,2.00000000
1632156658.89588499,2.00000000
1632156658.99589157,2.00000000
1632156659.09586883,2.00000000
1632156659.19580841,2.00000000
1632156659.29583716,2.00000000
1632156659.39582539,2.00000000
1632156659.49579310,2.00000000
1632156659.59580159,2.00000000
1632156659.69583392,2.00000000
1632156659.79589820,2.00000000
1632156659.89589167,2.00000000
1632156659.99588799,2.00000000
1632156660.09591341,2.00000000
1632156660.19587827,2.00000000
1632156660.29587770,2.00000000
1632156660.39578342,2.00000000
1632156660.49578547,2.00000000
1632156660.59583139,2.00000000
1632156660.69580698,2.00000000
1632156660.79580450,2.00000000
1632156660.89580679,2.00000000
1632156660.99584270,2.00000000
1632156661.09584737,2.00000000
1632156661.19580674,2.00000000
1632156661.29584575,2.00000000
1632156661.39576674,2.00000000
1632156661.49554920,2.00000000
1632156661.59584498,2.00000000
1632156661.69556570,2.00000000
1632156661.79605651,2.00000000
1632156661.89569807,2.00000000
1632156661.99580479,2.00000000
1632156662.09581184,2.00000000
1632156662.19575691,2.00000000
1632156662.29577875,2.00000000
1632156662.39576006,2.00000000
1632156662.49568892,2.00000000
1632156662.59563231,2.00000000
1632156662.69580889,2.00000000
1632156662.79580927,2.00000000
1632156662.89581227,2.00000000
1632156662.99582648,2.00000000
1632156663.09579539,2.00000000
1632156663.19577932,2.00000000
1632156663.29572845,2.00000000
1632156663.39567447,2.00000000
1632156663.49584246,2.00000000
1632156663.59578252,2.00000000
1632156663.69580245,2.00000000
1632156663.79586101,2.00000000
1632156663.89583731,2.00000000
1632156663.99568009,2.00000000
1632156664.09556031,2.00000000
1632156664.19577861,2.00000000
1632156664.29565573,2.00000000
1632156664.39587450,2.00000000
1632156664.49585247,2.00000000
1632156664.59578395,2.00000000
1632156664.69584274,2.00000000
1632156664.79578328,2.00000000
1632156664.89580011,2.00000000
1632156664.99565887,2.00000000
1632156665.09583163,2.00000000
1632156665.19579864,2.00000000
1632156665.29588032,2.00000000
1632156665.39579058,2.00000000
1632156665.49577928,2.00000000
1632156665.59583330,2.00000000
1632156665.69583273,2.00000000
1632156665.79578567,2.00000000
1632156665.89586663,2.00000000
1632156665.99578166,2.00000000
1632156666.09578586,2.00000000
1632156666.19580364,2.00000000
1632156666.29578280,2.00000000
1632156666.39581966,2.00000000
1632156666.49580097,2.00000000
1632156666.59579706,2.00000000
1632156666.69586277,2.00000000
1632156666.79580188,2.00000000
1632156666.89579940,2.00000000
1632156666.99580216,2.00000000
1632156667.09581184,2.00000000
1632156667.19581485,2.00000000
1632156667.29579759,2.00000000
1632156667.39580369,2.00000000
1632156667.49579215,2.00000000
1632156667.59578514,2.00000000
1632156667.69579482,2.00000000
1632156667.79578590,2.00000000
1632156667.89579773,2.00000000
1632156667.99580145,2.00000000
1632156668.09587622,2.00000000
1632156668.19580579,2.00000000
1632156668.29578352,2.00000000
1632156668.39578485,2.00000000
1632156668.49578619,2.00000000
1632156668.59618545,2.00000000
1632156668.69580746,2.00000000
1632156668.79580879,2.00000000
1632156668.89579368,2.00000000
1632156668.99586105,2.00000000
1632156669.09581161,2.00000000
1632156669.19569898,2.00000000
1632156669.29579878,2.00000000
1632156669.39576554,2.00000000
1632156669.49580050,2.00000000
1632156669.59581256,2.00000000
1632156669.69578815,2.00000000
1632156669.79579043,2.00000000
1632156669.89594436,3.50000000
1632156669.99583316,3.50000000
1632156670.09576869,3.50000000
1632156670.19580650,3.50000000
1632156670.29580879,3.50000000
1632156670.39579606,3.50000000
1632156670.49593329,3.50000000
1632156670.59579611,3.50000000
1632156670.69580245,3.50000000
1632156670.79596996,3.50000000
1632156670.89583635,3.50000000
1632156670.99589062,3.50000000
1632156671.09574914,3.50000000
1632156671.19573879,3.50000000
1632156671.29580617,3.50000000
1632156671.39581251,3.50000000
1632156671.49580407,3.50000000
1632156671.59580469,3.50000000
1632156671.69582725,3.50000000
1632156671.79570270,3.50000000
1632156671.89588332,3.50000000
1632156671.99582624,3.50000000
1632156672.09589219,3.50000000
1632156672.19586420,3.50000000
1632156672.29580331,3.50000000
1632156672.39578748,3.50000000
1632156672.49578357,3.50000000
1632156672.59586501,3.50000000
1632156672.69586706,3.50000000
1632156672.79579782,3.50000000
1632156672.89579082,3.50000000
1632156672.99582171,3.50000000
1632156673.09580469,3.50000000
1632156673.19580698,3.50000000
1632156673.29588962,3.50000000
1632156673.39587140,3.50000000
1632156673.49580741,3.50000000
1632156673.59575605,3.50000000
1632156673.69580936,3.50000000
1632156673.79580998,3.50000000
1632156673.89576745,3.50000000
1632156673.99579954,3.50000000
1632156674.09576678,3.50000000
1632156674.19588423,3.50000000
1632156674.29591203,3.50000000
1632156674.39582610,3.50000000
1632156674.49589038,3.50000000
1632156674.59581065,3.50000000
1632156674.69579077,3.50000000
1632156674.79580474,3.50000000
1632156674.89583516,3.50000000
1632156674.99567127,3.50000000
1632156675.09580469,3.50000000
1632156675.19580150,3.50000000
1632156675.29580688,3.50000000
1632156675.39581585,3.50000000
1632156675.49581313,3.50000000
1632156675.59590030,3.50000000
1632156675.69581199,3.50000000
1632156675.79581285,3.50000000
1632156675.89579844,3.50000000
1632156675.99580479,3.50000000
1632156676.09579706,3.50000000
1632156676.19590831,3.50000000
1632156676.29592133,3.50000000
1632156676.39580488,3.50000000
1632156676.49580026,3.50000000
1632156676.59590054,3.50000000
1632156676.69578314,3.50000000
1632156676.79578233,3.50000000
1632156676.89578485,3.50000000
1632156676.99578571,3.50000000
1632156677.09578800,3.50000000
1632156677.19567466,3.50000000
1632156677.29580259,3.50000000
1632156677.39581609,3.50000000
1632156677.49580050,3.50000000
1632156677.59578443,3.50000000
1632156677.69580507,3.50000000
1632156677.79580808,3.50000000
1632156677.89581251,3.50000000
1632156677.99580193,3.50000000
1632156678.09576440,3.50000000
1632156678.19579554,3.50000000
1632156678.29580188,3.50000000
1632156678.39580917,3.50000000
1632156678.49578500,3.50000000
1632156678.59586072,3.50000000
1632156678.69588184,3.50000000
1632156678.79588270,3.50000000
1632156678.89580035,3.50000000
1632156678.99579811,3.50000000
1632156679.09579301,3.50000000
1632156679.19586873,3.50000000
1632156679.29584742,3.50000000
1632156679.39579058,3.50000000
1632156679.49584198,3.50000000
1632156679.59584355,3.50000000
1632156679.69583559,3.50000000
1632156679.79581642,3.50000000
1632156679.89581823,3.50000000
1632156679.99580359,3.50000000
1632156680.09579635,3.50000000
1632156680.19578576,3.50000000
1632156680.29566312,3.50000000
1632156680.39579821,3.50000000
1632156680.49579000,3.50000000
1632156680.59582710,3.50000000
1632156680.69585299,3.50000000
1632156680.79579258,3.50000000
1632156680.89583659,3.50000000
1632156680.99580431,3.50000000
1632156681.09576011,3.50000000
1632156681.19579554,3.50000000
1632156681.29583788,3.50000000
1632156681.39579201,3.50000000
1632156681.49581957,3.50000000
1632156681.59580469,3.50000000
1632156681.69579124,3.50000000
1632156681.79580331,3.50000000
1632156681.89586401,3.50000000
1632156681.99582410,3.50000000
1632156682.09584880,3.50000000
1632156682.19578767,3.50000000
1632156682.29584599,3.50000000
1632156682.39586520,3.50000000
1632156682.49581409,3.50000000
1632156682.59581232,3.50000000
1632156682.69581413,3.50000000
1632156682.79581356,3.50000000
1632156682.89582276,3.50000000
1632156682.99584174,3.50000000
1632156683.09579325,3.50000000
1632156683.19580364,3.50000000
1632156683.29580832,3.50000000
1632156683.39580441,3.50000000
1632156683.49581218,3.50000000
1632156683.59578609,3.50000000
1632156683.69580293,3.50000000
1632156683.79578614,3.50000000
1632156683.89579058,3.50000000
1632156683.99579239,3.50000000
1632156684.09578753,3.50000000
1632156684.19585395,3.50000000
1632156684.29578137,3.50000000
1632156684.39583373,3.50000000
1632156684.49578691,3.50000000
1632156684.59583521,3.50000000
1632156684.69577074,3.50000000
1632156684.79582000,3.50000000
1632156684.89587688,3.50000000
1632156684.99590015,3.50000000
1632156685.09582067,3.50000000
1632156685.19584918,3.50000000
1632156685.29578519,3.50000000
1632156685.39579868,3.50000000
1632156685.49581575,3.50000000
1632156685.59578919,3.50000000
1632156685.69578671,3.50000000
1632156685.79578733,3.50000000
1632156685.89578390,3.50000000
1632156685.99578166,3.50000000
1632156686.09578848,3.50000000
1632156686.19578385,3.50000000
1632156686.29578543,3.50000000
1632156686.39580584,3.50000000
1632156686.49578452,3.50000000
1632156686.59568048,3.50000000
1632156686.69581032,3.50000000
1632156686.79579639,3.50000000
1632156686.89581060,3.50000000
1632156686.99578238,3.50000000
1632156687.09582043,3.50000000
1632156687.19579744,3.50000000
1632156687.29582906,3.50000000
1632156687.39577150,3.50000000
1632156687.49579191,3.50000000
1632156687.59578896,3.50000000
1632156687.69579291,3.50000000
1632156687.79578424,3.50000000
1632156687.89578795,3.50000000
1632156687.99576926,3.50000000
1632156688.09578681,3.50000000
1632156688.19578624,3.50000000
1632156688.29579759,3.50000000
1632156688.39576888,3.50000000
1632156688.49581599,3.50000000
1632156688.59578538,3.50000000
1632156688.69578910,3.50000000
1632156688.79580355,3.50000000
1632156688.89581537,3.50000000
1632156688.99581456,3.50000000
1632156689.09581399,3.50000000
1632156689.19580960,3.50000000
1632156689.29580712,3.50000000
1632156689.39578938,3.50000000
1632156689.49581766,3.50000000
1632156689.59584785,3.50000000
1632156689.69587970,3.50000000
1632156689.79579401,3.50000000
1632156689.89553523,3.50000000
1632156689.99570036,3.50000000
1632156690.09584403,3.50000000
1632156690.19580245,3.50000000
1632156690.29559207,3.50000000
1632156690.39578390,3.50000000
1632156690.49583745,3.50000000
1632156690.59583116,3.50000000
1632156690.69555759,3.50000000
1632156690.79580927,3.50000000
1632156690.89580321,3.50000000
1632156690.99579215,3.50000000
1632156691.09580421,3.50000000
1632156691.19584680,3.50000000
1632156691.29584742,3.50000000
1632156691.39585423,3.50000000
1632156691.49584007,3.50000000
1632156691.59582019,3.50000000
1632156691.69584084,3.50000000
1632156691.79590559,3.50000000
1632156691.89586973,3.50000000
1632156691.99578571,3.50000000
1632156692.09580851,3.50000000
1632156692.19580841,3.50000000
1632156692.29581857,3.50000000
1632156692.39580727,3.50000000
1632156692.49580073,3.50000000
1632156692.59585476,3.50000000
1632156692.69584107,3.50000000
1632156692.79589176,3.50000000
1632156692.89574456,3.50000000
1632156692.99580932,3.50000000
1632156693.09580183,3.50000000
1632156693.19581342,3.50000000
1632156693.29578280,3.50000000
1632156693.39580131,3.50000000
1632156693.49587727,3.50000000
1632156693.59586930,3.50000000
1632156693.69578743,3.50000000
1632156693.79578614,3.50000000
1632156693.89579868,3.50000000
1632156693.99579668,3.50000000
1632156694.09580207,3.50000000
1632156694.19578600,3.50000000
1632156694.29580998,3.50000000
1632156694.39579844,3.50000000
1632156694.49587631,3.50000000
1632156694.59588337,3.50000000
1632156694.69578862,3.50000000
1632156694.79579735,3.50000000
1632156694.89580226,3.50000000
1632156694.99561357,3.50000000
1632156695.09579659,3.50000000
1632156695.19569874,3.50000000
1632156695.29577971,3.50000000
1632156695.39578247,3.50000000
1632156695.49583697,3.50000000
1632156695.59586525,3.50000000
1632156695.69580817,3.50000000
1632156695.79582739,3.50000000
1632156695.89582705,3.50000000
1632156695.99587560,3.50000000
1632156696.09579134,3.50000000
1632156696.19578075,3.50000000
1632156696.29569340,3.50000000
1632156696.39578867,3.50000000
1632156696.49578595,3.50000000
1632156696.59578371,3.50000000
1632156696.69578886,3.50000000
1632156696.79578137,3.50000000
1632156696.89579630,3.50000000
1632156696.99579692,3.50000000
1632156697.09579086,3.50000000
1632156697.19578600,3.50000000
1632156697.29578710,3.50000000
1632156697.39587092,3.50000000
1632156697.49579263,3.50000000
1632156697.59582949,3.50000000
1632156697.69577765,3.50000000
1632156697.79580283,3.50000000
1632156697.89578629,3.50000000
1632156697.99578524,3.50000000
1632156698.09586239,3.50000000
1632156698.19578266,3.50000000
1632156698.29578114,3.50000000
1632156698.39580321,3.50000000
1632156698.49578452,3.50000000
1632156698.59580898,3.50000000
1632156698.69579649,3.50000000
1632156698.79580998,3.50000000
1632156698.89592719,3.50000000
1632156698.99586987,3.50000000
1632156699.09580803,3.50000000
1632156699.19579339,3.50000000
1632156699.29578757,3.50000000
1632156699.39587307,3.50000000
1632156699.49586439,3.50000000
1632156699.59587002,3.50000000
1632156699.69587636,3.50000000
1632156699.79586148,3.50000000
1632156699.89587641,3.50000000
1632156699.99585819,3.50000000
1632156700.09585500,3.50000000
1632156700.19571209,3.50000000
1632156700.29587364,3.50000000
1632156700.39587021,3.50000000
1632156700.49586368,3.50000000
1632156700.59583902,3.50000000
1632156700.69579840,3.50000000
1632156700.79588199,3.50000000
1632156700.89578223,3.50000000
1632156700.99575067,3.50000000
1632156701.09580564,3.50000000
1632156701.19578338,3.50000000
1632156701.29577470,3.50000000
1632156701.39582944,3.50000000
1632156701.49577999,3.50000000
1632156701.59578061,3.50000000
1632156701.69589281,3.50000000
1632156701.79578114,3.50000000
1632156701.89577699,3.50000000
1632156701.99578333,3.50000000
1632156702.09578562,3.50000000
1632156702.19577932,3.50000000
1632156702.29578710,3.50000000
1632156702.39578986,3.50000000
1632156702.49577832,3.50000000
1632156702.59579754,3.50000000
1632156702.69578624,3.50000000
1632156702.79580140,3.50000000
1632156702.89586449,3.50000000
1632156702.99577904,3.50000000
1632156703.09579825,3.50000000
1632156703.19579077,3.50000000
1632156703.29587126,3.50000000
1632156703.39584160,3.50000000
1632156703.49580240,3.50000000
1632156703.59579039,3.50000000
1632156703.69579291,3.50000000
1632156703.79587722,3.50000000
1632156703.89580441,3.50000000
1632156703.99589229,3.50000000
1632156704.09581614,3.50000000
1632156704.19579339,3.50000000
1632156704.29579473,3.50000000
1632156704.39578414,3.50000000
1632156704.49581099,3.50000000
1632156704.59577727,3.50000000
1632156704.69579649,3.50000000
1632156704.79580426,3.50000000
1632156704.89581227,3.50000000
1632156704.99579215,3.50000000
1632156705.09579873,3.50000000
1632156705.19579673,3.50000000
1632156705.29579735,3.50000000
1632156705.39587379,3.50000000
1632156705.49578547,3.50000000
1632156705.59578705,3.50000000
1632156705.69580269,3.50000000
1632156705.79578829,3.50000000
1632156705.89578962,3.50000000
1632156705.99580264,3.50000000
1632156706.09580231,3.50000000
1632156706.19586658,3.50000000
1632156706.29575467,3.50000000
1632156706.39590216,3.50000000
1632156706.49580956,3.50000000
1632156706.59579396,3.50000000
1632156706.69581366,3.50000000
1632156706.79580808,3.50000000
1632156706.89580107,3.50000000
1632156706.99588156,3.50000000
1632156707.09588289,3.50000000
1632156707.19577265,3.50000000
1632156707.29579449,3.50000000
1632156707.39581513,3.50000000
1632156707.49580288,3.50000000
1632156707.59579253,3.50000000
1632156707.69580150,3.50000000
1632156707.79586387,3.50000000
1632156707.89580393,3.50000000
1632156707.99578238,3.50000000
1632156708.09579253,3.50000000
1632156708.19579220,3.50000000
1632156708.29580641,3.50000000
1632156708.39580560,3.50000000
1632156708.49586916,3.50000000
1632156708.59579062,3.50000000
1632156708.69578576,3.50000000
1632156708.79581237,3.50000000
1632156708.89581442,3.50000000
1632156708.99577928,3.50000000
1632156709.09579182,3.50000000
1632156709.19580507,3.50000000
1632156709.29579449,3.50000000
1632156709.39579129,3.50000000
1632156709.49578238,3.50000000
1632156709.59578204,3.50000000
1632156709.69579554,3.50000000
1632156709.79578042,3.50000000
1632156709.89574337,3.50000000
1632156709.99579000,3.50000000
1632156710.09581280,3.50000000
1632156710.19578576,3.50000000
1632156710.29578781,3.50000000
1632156710.39586139,3.50000000
1632156710.49578428,3.50000000
1632156710.59576893,3.50000000
1632156710.69579077,3.50000000
1632156710.79577851,3.50000000
1632156710.89579296,3.50000000
1632156710.99559093,3.50000000
1632156711.09577656,3.50000000
1632156711.19578719,3.50000000
1632156711.29575658,3.50000000
1632156711.39575815,3.50000000
1632156711.49580550,3.50000000
1632156711.59580755,3.50000000
1632156711.69580221,3.50000000
1632156711.79586768,3.50000000
1632156711.89580846,3.50000000
1632156711.99586797,3.50000000
1632156712.09584236,3.50000000
1632156712.19578958,3.50000000
1632156712.29585719,3.50000000
1632156712.39584446,3.50000000
1632156712.49578762,3.50000000
1632156712.59584022,3.50000000
1632156712.69587588,3.50000000
1632156712.79580283,3.50000000
1632156712.89578319,3.50000000
1632156712.99578190,3.50000000
1632156713.09584475,3.50000000
1632156713.19579029,3.50000000
1632156713.29580975,3.50000000
1632156713.39583755,3.50000000
1632156713.49579787,3.50000000
1632156713.59580469,3.50000000
1632156713.69583106,3.50000000
1632156713.79578090,3.50000000
1632156713.89579201,3.50000000
1632156713.99578428,3.50000000
1632156714.09585118,3.50000000
1632156714.19580197,3.50000000
1632156714.29574633,3.50000000
1632156714.39583135,3.50000000
1632156714.49581218,3.50000000
1632156714.59583998,3.50000000
1632156714.69576073,3.50000000
1632156714.79580331,3.50000000
1632156714.89579940,3.50000000
1632156714.99564505,3.50000000
1632156715.09582233,3.50000000
1632156715.19577670,3.50000000
1632156715.29578757,3.50000000
1632156715.39579964,3.50000000
1632156715.49578571,3.50000000
1632156715.59580088,3.50000000
1632156715.69578123,3.50000000
1632156715.79580045,3.50000000
1632156715.89579439,3.50000000
1632156715.99578929,3.50000000
1632156716.09574914,3.50000000
1632156716.19575644,3.50000000
1632156716.29580569,3.50000000
1632156716.39584017,3.50000000
1632156716.49578738,3.50000000
1632156716.59579873,3.50000000
1632156716.69579816,3.50000000
1632156716.79580617,3.50000000
1632156716.89578557,3.50000000
1632156716.99578977,3.50000000
1632156717.09579659,3.50000000
1632156717.19578123,3.50000000
1632156717.29578352,3.50000000
1632156717.39578629,3.50000000
1632156717.49578452,3.50000000
1632156717.59578609,3.50000000
1632156717.69579768,3.50000000
1632156717.79579544,3.50000000
1632156717.89581442,3.50000000
1632156717.99580765,3.50000000
1632156718.09581256,3.50000000
1632156718.19580507,3.50000000
1632156718.29586768,3.50000000
1632156718.39580536,3.50000000
1632156718.49583125,3.50000000
1632156718.59582758,3.50000000
1632156718.69587469,3.50000000
1632156718.79581165,3.50000000
1632156718.89581394,3.50000000
1632156718.99581671,3.50000000
1632156719.09564018,3.50000000
1632156719.19578290,3.50000000
1632156719.29583192,3.50000000
1632156719.39578080,3.50000000
1632156719.49586368,3.50000000
1632156719.59578443,3.50000000
1632156719.69581437,3.50000000
1632156719.79581475,3.50000000
1632156719.89581966,3.50000000
1632156719.99583912,3.50000000
1632156720.09581709,3.50000000
1632156720.19579983,3.50000000
1632156720.29580021,3.50000000
1632156720.39577627,3.50000000
1632156720.49581218,3.50000000
1632156720.59576106,3.50000000
1632156720.69581985,3.50000000
1632156720.79581499,3.50000000
1632156720.89603066,3.50000000
1632156720.99593806,3.50000000
1632156721.09580970,3.50000000
1632156721.19578719,3.50000000
1632156721.29585266,3.50000000
1632156721.39578557,3.50000000
1632156721.49579120,3.50000000
1632156721.59581232,3.50000000
1632156721.69580221,3.50000000
1632156721.79579782,3.50000000
1632156721.89579010,3.50000000
1632156721.99580956,3.50000000
1632156722.09581494,3.50000000
1632156722.19584370,3.50000000
1632156722.29580331,3.50000000
1632156722.39581037,3.50000000
1632156722.49575996,3.50000000
1632156722.59578180,3.50000000
1632156722.69585991,3.50000000
1632156722.79579592,3.50000000
1632156722.89574456,3.50000000
1632156722.99579263,3.50000000
1632156723.09581876,3.50000000
1632156723.19579101,3.50000000
1632156723.29587412,3.50000000
1632156723.39580536,3.50000000
1632156723.49579763,3.50000000
1632156723.59578872,3.50000000
1632156723.69578791,3.50000000
1632156723.79579997,3.50000000
1632156723.89583087,3.50000000
1632156723.99579811,3.50000000
1632156724.09578991,3.50000000
1632156724.19579673,3.50000000
1632156724.29580045,3.50000000
1632156724.39580894,3.50000000
1632156724.49579978,3.50000000
1632156724.59580135,3.50000000
1632156724.69579601,3.50000000
1632156724.79582000,3.50000000
1632156724.89581227,3.50000000
1632156724.99563885,3.50000000
1632156725.09578466,3.50000000
1632156725.19584155,3.50000000
1632156725.29588366,3.50000000
1632156725.39576983,3.50000000
1632156725.49587226,3.50000000
1632156725.59565425,3.50000000
1632156725.69585896,3.50000000
1632156725.79596615,3.50000000
1632156725.89582825,3.50000000
1632156725.99587154,3.50000000
1632156726.09588575,3.50000000
1632156726.19580388,3.50000000
1632156726.29581165,3.50000000
1632156726.39581275,3.50000000
1632156726.49568534,3.50000000
1632156726.59580112,3.50000000
1632156726.69559574,3.50000000
1632156726.79557800,3.50000000
1632156726.89584017,3.50000000
1632156726.99578881,3.50000000
1632156727.09563470,3.50000000
1632156727.19587302,3.50000000
1632156727.29581189,3.50000000
1632156727.39586639,3.50000000
1632156727.49581528,3.50000000
1632156727.59582615,3.50000000
1632156727.69581461,3.50000000
1632156727.79583955,3.50000000
1632156727.89578533,3.50000000
1632156727.99580479,3.50000000
1632156728.09584880,3.50000000
1632156728.19586062,3.50000000
1632156728.29584551,3.50000000
1632156728.39581990,3.50000000
1632156728.49576831,3.50000000
1632156728.59587407,3.50000000
1632156728.69588780,3.50000000
1632156728.79587626,3.50000000
1632156728.89578819,3.50000000
1632156728.99579215,3.50000000
1632156729.09580827,3.50000000
1632156729.19589329,3.50000000
1632156729.29587555,3.50000000
1632156729.39591742,3.50000000
1632156729.49570322,3.50000000
1632156729.59601736,3.50000000
1632156729.69561911,3.50000000
1632156729.79581475,3.50000000
1632156729.89578676,3.50000000
1632156729.99579525,3.50000000
1632156730.09589529,3.50000000
1632156730.19582224,3.50000000
1632156730.29580498,3.50000000
1632156730.39590931,3.50000000
1632156730.49582601,3.50000000
1632156730.59578490,3.50000000
1632156730.69579983,3.50000000
1632156730.79578710,3.50000000
1632156730.89583635,3.50000000
1632156730.99580240,3.50000000
1632156731.09590602,3.50000000
1632156731.19584489,3.50000000
1632156731.29562402,3.50000000
1632156731.39586473,3.50000000
1632156731.49587607,3.50000000
1632156731.59578443,3.50000000
1632156731.69570088,3.50000000
1632156731.79578114,3.50000000
1632156731.89580464,3.50000000
1632156731.99579787,3.50000000
1632156732.09579277,3.50000000
1632156732.19579291,3.50000000
1632156732.29579353,3.50000000
1632156732.39591193,3.50000000
1632156732.49588084,3.50000000
1632156732.59591937,3.50000000
1632156732.69586563,3.50000000
1632156732.79589581,3.50000000
1632156732.89579725,3.50000000
1632156732.99582815,3.50000000
1632156733.09582400,3.50000000
1632156733.19587445,3.50000000
1632156733.29578876,3.50000000
1632156733.39561534,3.50000000
1632156733.49564815,3.50000000
1632156733.59580112,3.50000000
1632156733.69586325,3.50000000
1632156733.79578781,3.50000000
1632156733.89578533,3.50000000
1632156733.99578428,3.50000000
1632156734.09575152,3.50000000
1632156734.19578600,3.50000000
1632156734.29578948,3.50000000
1632156734.39579105,3.50000000
1632156734.49581289,3.50000000
1632156734.59578872,3.50000000
1632156734.69567013,2.00000000
1632156734.79578257,2.00000000
1632156734.89558816,2.00000000
1632156734.99578547,2.00000000
1632156735.09580231,2.00000000
1632156735.19580007,2.00000000
1632156735.29576302,2.00000000
1632156735.39580894,2.00000000
1632156735.49590921,2.00000000
1632156735.59580016,2.00000000
1632156735.69579363,2.00000000
1632156735.79580307,2.00000000
1632156735.89578772,2.00000000
1632156735.99580216,2.00000000
1632156736.09579968,2.00000000
1632156736.19579506,2.00000000
1632156736.29580307,2.00000000
1632156736.39592767,2.00000000
1632156736.49589181,2.00000000
1632156736.59587908,2.00000000
1632156736.69581485,2.00000000
1632156736.79580927,2.00000000
1632156736.89590287,2.00000000
1632156736.99581122,2.00000000
1632156737.09579253,2.00000000
1632156737.19579649,2.00000000
1632156737.29578805,2.00000000
1632156737.39579606,2.00000000
1632156737.49575806,2.00000000
1632156737.59580302,2.00000000
1632156737.69580817,2.00000000
1632156737.79579377,2.00000000
1632156737.89578795,2.00000000
1632156737.99582529,2.00000000
1632156738.09580159,2.00000000
1632156738.19579554,2.00000000
1632156738.29579902,2.00000000
1632156738.39594674,2.00000000
1632156738.49575329,2.00000000
1632156738.59582782,2.00000000
1632156738.69581962,2.00000000
1632156738.79581356,2.00000000
1632156738.89581227,2.00000000
1632156738.99576735,2.00000000
1632156739.09582305,2.00000000
1632156739.19587660,2.00000000
1632156739.29584289,2.00000000
1632156739.39589524,2.00000000
1632156739.49589610,2.00000000
1632156739.59589243,2.00000000
1632156739.69585967,2.00000000
1632156739.79587460,2.00000000
1632156739.89579344,2.00000000
1632156739.99582624,2.00000000
1632156740.09581375,2.00000000
1632156740.19582224,2.00000000
1632156740.29588532,2.00000000
1632156740.39578581,2.00000000
1632156740.49579811,2.00000000
1632156740.59579182,2.00000000
1632156740.69580793,2.00000000
1632156740.79580688,2.00000000
1632156740.89579439,2.00000000
1632156740.99580121,2.00000000
1632156741.09578967,2.00000000
1632156741.19580746,2.00000000
1632156741.29580188,2.00000000
1632156741.39582562,2.00000000
1632156741.49564624,2.00000000
1632156741.59579396,2.00000000
1632156741.69580483,2.00000000
1632156741.79580808,2.00000000
1632156741.89580154,2.00000000
1632156741.99579620,2.00000000
1632156742.09579992,2.00000000
1632156742.19579363,2.00000000
1632156742.29581261,2.00000000
1632156742.39589977,2.00000000
1632156742.49563622,2.00000000
1632156742.59583378,2.00000000
1632156742.69580030,2.00000000
1632156742.79581118,2.00000000
1632156742.89584017,2.00000000
1632156742.99557805,2.00000000
1632156743.09564948,2.00000000
1632156743.19581413,2.00000000
1632156743.29555917,2.00000000
1632156743.39585066,2.00000000
1632156743.49578953,2.00000000
1632156743.59579301,2.00000000
1632156743.69579029,2.00000000
1632156743.79584360,2.00000000
1632156743.89583707,2.00000000
1632156743.99579644,2.00000000
1632156744.09580064,2.00000000
1632156744.19579244,2.00000000
1632156744.29578137,2.00000000
1632156744.39558864,2.00000000
1632156744.49556375,2.00000000
1632156744.59583735,2.00000000
1632156744.69583583,2.00000000
1632156744.79584289,2.00000000
1632156744.89587951,2.00000000
1632156744.99575162,2.00000000
1632156745.09584761,2.00000000
1632156745.19582582,2.00000000
1632156745.29577351,2.00000000
1632156745.39589190,2.00000000
1632156745.49584746,2.00000000
1632156745.59584832,2.00000000
1632156745.69587636,2.00000000
1632156745.79583979,2.00000000
1632156745.89593887,2.00000000
1632156745.99585557,2.00000000
1632156746.09575605,2.00000000
1632156746.19580293,2.00000000
1632156746.29582119,2.00000000
1632156746.39562607,2.00000000
1632156746.49584150,2.00000000
1632156746.59580398,2.00000000
1632156746.69579196,2.00000000
1632156746.79589891,2.00000000
1632156746.89579511,2.00000000
1632156746.99594808,1.50000000
1632156747.09578061,1.50000000
1632156747.19580317,1.50000000
1632156747.29580498,1.50000000
1632156747.39580369,1.50000000
1632156747.49570060,1.50000000
1632156747.59592009,1.50000000
1632156747.69578671,1.50000000
1632156747.79579568,1.50000000
1632156747.89557862,1.50000000
1632156747.99584866,1.50000000
1632156748.09581256,1.50000000
1632156748.19578624,1.50000000
1632156748.29580688,1.50000000
1632156748.39600515,1.50000000
1632156748.49580145,1.50000000
1632156748.59580445,1.50000000
1632156748.69579077,1.50000000
1632156748.79578757,1.50000000
1632156748.89575291,1.50000000
1632156748.99580050,1.50000000
1632156749.09580708,1.50000000
1632156749.19578767,1.50000000
1632156749.29578543,1.50000000
1632156749.39580870,1.50000000
1632156749.49581027,1.50000000
1632156749.59579372,1.50000000
1632156749.69589019,3.50000000
1632156749.79580522,3.50000000
1632156749.89584875,3.50000000
1632156749.99580455,3.50000000
1632156750.09580183,3.50000000
1632156750.19578791,3.50000000
1632156750.29578805,3.50000000
1632156750.39589453,3.50000000
1632156750.49580407,3.50000000
1632156750.59578753,3.50000000
1632156750.69578528,3.50000000
1632156750.79578710,3.50000000
1632156750.89583325,3.50000000
1632156750.99575472,3.50000000
1632156751.09587765,3.50000000
1632156751.19581175,3.50000000
1632156751.29583526,3.50000000
1632156751.39583683,3.50000000
1632156751.49580741,3.50000000
1632156751.59576654,3.50000000
1632156751.69578743,3.50000000
1632156751.79586530,3.50000000
1632156751.89580035,3.50000000
1632156751.99576926,3.50000000
1632156752.09578896,3.50000000
1632156752.19578767,3.50000000
1632156752.29578495,3.50000000
1632156752.39591956,3.50000000
1632156752.49579477,3.50000000
1632156752.59578586,3.50000000
1632156752.69580173,3.50000000
1632156752.79580283,3.50000000
1632156752.89580202,3.50000000
1632156752.99591088,3.50000000
1632156753.09578824,3.50000000
1632156753.19578552,3.50000000
1632156753.29581189,3.50000000
1632156753.39555740,3.50000000
1632156753.49578619,3.50000000
1632156753.59578037,3.50000000
1632156753.69587541,3.50000000
1632156753.79588151,3.50000000
1632156753.89578390,3.50000000
1632156753.99580717,3.50000000
1632156754.09578586,3.50000000
1632156754.19580960,3.50000000
1632156754.29578614,3.50000000
1632156754.39575720,3.50000000
1632156754.49574900,3.50000000
1632156754.59578133,3.50000000
1632156754.69580793,3.50000000
1632156754.79582024,3.50000000
1632156754.89578652,3.50000000
1632156754.99563575,3.50000000
1632156755.09578061,3.50000000
1632156755.19579959,3.50000000
1632156755.29580832,3.50000000
1632156755.39579797,3.50000000
1632156755.49580359,3.50000000
1632156755.59578323,3.50000000
1632156755.69581604,3.50000000
1632156755.79579973,3.50000000
1632156755.89580369,3.50000000
1632156755.99581933,3.50000000
1632156756.09578204,3.50000000
1632156756.19578218,3.50000000
1632156756.29580188,3.50000000
1632156756.39574432,3.50000000
1632156756.49580812,3.50000000
1632156756.59584427,3.50000000
1632156756.69578218,3.50000000
1632156756.79580116,3.50000000
1632156756.89583826,3.50000000
1632156756.99579668,3.50000000
1632156757.09583545,3.50000000
1632156757.19581699,3.50000000
1632156757.29579401,3.50000000
1632156757.39593744,3.50000000
1632156757.49582863,3.50000000
1632156757.59581423,3.50000000
1632156757.69578481,3.50000000
1632156757.79578304,3.50000000
1632156757.89578629,3.50000000
1632156757.99580550,3.50000000
1632156758.09579349,3.50000000
1632156758.19588351,3.50000000
1632156758.29586697,3.50000000
1632156758.39586926,3.50000000
1632156758.49580574,3.50000000
1632156758.59580278,3.50000000
1632156758.69578385,3.50000000
1632156758.79580140,3.50000000
1632156758.89579082,3.50000000
1632156758.99578094,3.50000000
1632156759.09585547,3.50000000
1632156759.19577980,3.50000000
1632156759.29580021,3.50000000
1632156759.39581609,3.50000000
1632156759.49586821,3.50000000
1632156759.59587860,3.50000000
1632156759.69588017,3.50000000
1632156759.79578328,3.50000000
1632156759.89578414,3.50000000
1632156759.99578285,3.50000000
1632156760.09583306,3.50000000
1632156760.19586444,3.50000000
1632156760.29578114,3.50000000
1632156760.39562821,3.50000000
1632156760.49578929,3.50000000
1632156760.59580612,3.50000000
1632156760.69581389,3.50000000
1632156760.79578424,3.50000000
1632156760.89578319,3.50000000
1632156760.99564815,3.50000000
1632156761.09576154,3.50000000
1632156761.19578075,3.50000000
1632156761.29579663,3.50000000
1632156761.39582920,3.50000000
1632156761.49580979,3.50000000
1632156761.59580040,3.50000000
1632156761.69580007,3.50000000
1632156761.79580069,3.50000000
1632156761.89580822,3.50000000
1632156761.99585557,3.50000000
1632156762.09581852,3.50000000
1632156762.19580412,3.50000000
1632156762.29579735,3.50000000
1632156762.39582825,3.50000000
1632156762.49579930,3.50000000
1632156762.59580517,3.50000000
1632156762.69582033,3.50000000
1632156762.79580355,3.50000000
1632156762.89589190,3.50000000
1632156762.99583530,3.50000000
1632156763.09586143,3.50000000
1632156763.19585419,3.50000000
1632156763.29585838,3.50000000
1632156763.39586186,3.50000000
1632156763.49587536,3.50000000
1632156763.59588552,3.50000000
1632156763.69587588,3.50000000
1632156763.79586005,3.50000000
1632156763.89586496,3.50000000
1632156763.99586916,3.50000000
1632156764.09578466,3.50000000
1632156764.19579864,3.50000000
1632156764.29587007,3.50000000
1632156764.39587188,3.50000000
1632156764.49579167,3.50000000
1632156764.59579134,3.50000000
1632156764.69578505,3.50000000
1632156764.79578066,3.50000000
1632156764.89580774,3.50000000
1632156764.99564409,3.50000000
1632156765.09578037,3.50000000
1632156765.19578624,3.50000000
1632156765.29578209,3.50000000
1632156765.39578319,3.50000000
1632156765.49578452,3.50000000
1632156765.59579825,3.50000000
1632156765.69581270,3.50000000
1632156765.79579043,3.50000000
1632156765.89581895,3.50000000
1632156765.99580550,3.50000000
1632156766.09579277,3.50000000
1632156766.19575214,3.50000000
1632156766.29578042,3.50000000
1632156766.39580083,3.50000000
1632156766.49581695,3.50000000
1632156766.59579825,3.50000000
1632156766.69577956,3.50000000
1632156766.79585385,3.50000000
1632156766.89579391,3.50000000
1632156766.99580216,3.50000000
1632156767.09578800,3.50000000
1632156767.19574738,3.50000000
1632156767.29578376,3.50000000
1632156767.39583039,3.50000000
1632156767.49586082,3.50000000
1632156767.59586048,3.50000000
1632156767.69581699,3.50000000
1632156767.79580879,3.50000000
1632156767.89580965,3.50000000
1632156767.99582744,3.50000000
1632156768.09581590,3.50000000
1632156768.19578838,3.50000000
1632156768.29581928,3.50000000
1632156768.39585209,3.50000000
1632156768.49593329,3.50000000
1632156768.59580398,3.50000000
1632156768.69580436,3.50000000
1632156768.79580164,3.50000000
1632156768.89577007,3.50000000
1632156768.99587536,3.50000000
1632156769.09584665,3.50000000
1632156769.19581723,3.50000000
1632156769.29581189,3.50000000
1632156769.39580178,3.50000000
1632156769.49580050,3.50000000
1632156769.59580207,3.50000000
1632156769.69578958,3.50000000
1632156769.79586697,3.50000000
1632156769.89588022,3.50000000
1632156769.99587750,3.50000000
1632156770.09581280,3.50000000
1632156770.19579387,3.50000000
1632156770.29579067,3.50000000
1632156770.39580250,3.50000000
1632156770.49578404,3.50000000
1632156770.59580588,3.50000000
1632156770.69580007,3.50000000
1632156770.79578781,3.50000000
1632156770.89579797,3.50000000
1632156770.99576449,3.50000000
1632156771.09577513,3.50000000
1632156771.19583082,3.50000000
1632156771.29580903,3.50000000
1632156771.39579916,3.50000000
1632156771.49576998,3.50000000
1632156771.59576321,3.50000000
1632156771.69578409,3.50000000
1632156771.79574442,3.50000000
1632156771.89580011,3.50000000
1632156771.99580574,3.50000000
1632156772.09581161,3.50000000
1632156772.19580221,3.50000000
1632156772.29580164,3.50000000
1632156772.39604592,3.50000000
1632156772.49564362,3.50000000
1632156772.59575725,3.50000000
1632156772.69585586,3.50000000
1632156772.79585552,3.50000000
1632156772.89583850,3.50000000
1632156772.99584103,3.50000000
1632156773.09602070,3.50000000
1632156773.19581199,3.50000000
1632156773.29582071,3.50000000
1632156773.39583731,3.50000000
1632156773.49593878,3.50000000
1632156773.59581089,3.50000000
1632156773.69578838,3.50000000
1632156773.79579759,3.50000000
1632156773.89591813,3.50000000
1632156773.99580431,3.50000000
1632156774.09580112,3.50000000
1632156774.19578815,3.50000000
1632156774.29581833,3.50000000
1632156774.39582443,3.50000000
1632156774.49577641,3.50000000
1632156774.59580350,3.50000000
1632156774.69579530,3.50000000
1632156774.79596853,3.50000000
1632156774.89575887,3.50000000
1632156774.99566245,3.50000000
1632156775.09579539,3.50000000
1632156775.19576597,3.50000000
1632156775.29581380,3.50000000
1632156775.39577603,3.50000000
1632156775.49587560,3.50000000
1632156775.59582782,3.50000000
1632156775.69575739,3.50000000
1632156775.79582071,3.50000000
1632156775.89567709,3.50000000
1632156775.99580836,3.50000000
1632156776.09588599,3.50000000
1632156776.19592047,3.50000000
1632156776.29580832,3.50000000
1632156776.39580059,3.50000000
1632156776.49580455,3.50000000
1632156776.59581709,3.50000000
1632156776.69581032,3.50000000
1632156776.79583597,3.50000000
1632156776.89585447,3.50000000
1632156776.99586725,3.50000000
1632156777.09581327,3.50000000
1632156777.19581199,3.50000000
1632156777.29578757,3.50000000
1632156777.39585757,3.50000000
1632156777.49576950,3.50000000
1632156777.59584737,3.50000000
1632156777.69585204,3.50000000
1632156777.79587531,3.50000000
1632156777.89579320,3.50000000
1632156777.99579501,3.50000000
1632156778.09580064,3.50000000
1632156778.19578958,3.50000000
1632156778.29579282,3.50000000
1632156778.39579701,3.50000000
1632156778.49580097,3.50000000
1632156778.59579992,3.50000000
1632156778.69579911,3.50000000
1632156778.79586720,3.50000000
1632156778.89578676,3.50000000
1632156778.99580693,3.50000000
1632156779.09580231,3.50000000
1632156779.19579268,3.50000000
1632156779.29580569,3.50000000
1632156779.39587617,3.50000000
1632156779.49581027,3.50000000
1632156779.59579325,3.50000000
1632156779.69578958,3.50000000
1632156779.79578972,3.50000000
1632156779.89580202,3.50000000
1632156779.99582386,3.50000000
1632156780.09580445,3.50000000
1632156780.19580436,3.50000000
1632156780.29579329,3.50000000
1632156780.39588976,3.50000000
1632156780.49579883,3.50000000
1632156780.59582663,3.50000000
1632156780.69579959,3.50000000
1632156780.79579735,3.50000000
1632156780.89580321,3.50000000
1632156780.99576640,3.50000000
1632156781.09580398,3.50000000
1632156781.19578528,3.50000000
1632156781.29587102,3.50000000
1632156781.39585209,3.50000000
1632156781.49580002,3.50000000
1632156781.59584308,3.50000000
1632156781.69580460,3.50000000
1632156781.79580688,3.50000000
1632156781.89579034,3.50000000
1632156781.99584007,3.50000000
1632156782.09580779,3.50000000
1632156782.19582844,3.50000000
1632156782.29580331,3.50000000
1632156782.39590907,3.50000000
1632156782.49578238,3.50000000
1632156782.59578824,3.50000000
1632156782.69581676,3.50000000
1632156782.79579735,3.50000000
1632156782.89578319,3.50000000
1632156782.99580026,3.50000000
1632156783.09596276,3.50000000
1632156783.19579864,3.50000000
1632156783.29580307,3.50000000
1632156783.39583158,3.50000000
1632156783.49579906,3.50000000
1632156783.59579921,3.50000000
1632156783.69575620,3.50000000
1632156783.79578185,3.50000000
1632156783.89579844,3.50000000
1632156783.99580216,3.50000000
1632156784.09576607,3.50000000
1632156784.19579458,3.50000000
1632156784.29578543,3.50000000
1632156784.39580655,3.50000000
1632156784.49584079,3.50000000
1632156784.59579492,3.50000000
1632156784.69580793,3.50000000
1632156784.79581904,3.50000000
1632156784.89586091,3.50000000
1632156784.99571252,3.50000000
1632156785.09579587,3.50000000
1632156785.19581318,3.50000000
1632156785.29580784,3.50000000
1632156785.39590263,3.50000000
1632156785.49578905,3.50000000
1632156785.59576225,3.50000000
1632156785.69587588,3.50000000
1632156785.79586768,3.50000000
1632156785.89578009,3.50000000
1632156785.99579978,3.50000000
1632156786.09580040,3.50000000
1632156786.19579911,3.50000000
1632156786.29580593,3.50000000
1632156786.39581680,3.50000000
1632156786.49579525,3.50000000
1632156786.59579754,3.50000000
1632156786.69579792,3.50000000
1632156786.79577923,3.50000000
1632156786.89583945,3.50000000
1632156786.99580383,3.50000000
1632156787.09582162,3.50000000
1632156787.19586468,3.50000000
1632156787.29579997,3.50000000
1632156787.39582467,3.50000000
1632156787.49589014,3.50000000
1632156787.59583950,3.50000000
1632156787.69578171,3.50000000
1632156787.79578042,3.50000000
1632156787.89580870,3.50000000
1632156787.99578404,3.50000000
1632156788.09578323,3.50000000
1632156788.19578862,3.50000000
1632156788.29577947,3.50000000
1632156788.39574552,3.50000000
1632156788.49581742,3.50000000
1632156788.59578586,3.50000000
1632156788.69578552,3.50000000
1632156788.79578876,3.50000000
1632156788.89580035,3.50000000
1632156788.99588513,3.50000000
1632156789.09581399,3.50000000
1632156789.19583821,3.50000000
1632156789.29581022,3.50000000
1632156789.39578128,3.50000000
1632156789.49590826,3.50000000
1632156789.59584737,3.50000000
1632156789.69583654,3.50000000
1632156789.79586291,3.50000000
1632156789.89581728,3.50000000
1632156789.99580622,3.50000000
1632156790.09581470,3.50000000
1632156790.19578552,3.50000000
1632156790.29580140,3.50000000
1632156790.39580393,3.50000000
1632156790.49582243,3.50000000
1632156790.59580851,3.50000000
1632156790.69579554,3.50000000
1632156790.79579353,3.50000000
1632156790.89580250,3.50000000
1632156790.99576640,3.50000000
1632156791.09581208,3.50000000
1632156791.19579411,3.50000000
1632156791.29579687,3.50000000
1632156791.39581752,3.50000000
1632156791.49586844,3.50000000
1632156791.59590483,3.50000000
1632156791.69579577,3.50000000
1632156791.79580665,3.50000000
1632156791.89587498,3.50000000
1632156791.99583125,3.50000000
1632156792.09587598,3.50000000
1632156792.19579983,3.50000000
1632156792.29580832,3.50000000
1632156792.39585328,3.50000000
1632156792.49591637,3.50000000
1632156792.59595418,3.50000000
1632156792.69583774,3.50000000
1632156792.79584312,3.50000000
1632156792.89578032,3.50000000
1632156792.99579191,3.50000000
1632156793.09578562,3.50000000
1632156793.19580746,3.50000000
1632156793.29579997,3.50000000
1632156793.39581466,3.50000000
1632156793.49578071,3.50000000
1632156793.59587002,3.50000000
1632156793.69576335,3.50000000
1632156793.79580069,3.50000000
1632156793.89579701,3.50000000
1632156793.99580979,3.50000000
1632156794.09587765,3.50000000
1632156794.19580078,3.50000000
1632156794.29575968,3.50000000
1632156794.39577246,3.50000000
1632156794.49579501,3.50000000
1632156794.59587336,3.50000000
1632156794.69584966,3.50000000
1632156794.79580426,3.50000000
1632156794.89578748,3.50000000
1632156794.99570298,3.50000000
1632156795.09579897,3.50000000
1632156795.19580126,3.50000000
1632156795.29579139,3.50000000
1632156795.39588976,3.50000000
1632156795.49579048,3.50000000
1632156795.59580803,3.50000000
1632156795.69583201,3.50000000
1632156795.79586053,3.50000000
1632156795.89578652,3.50000000
1632156795.99579406,3.50000000
1632156796.09578228,3.50000000
1632156796.19578552,3.50000000
1632156796.29579926,3.50000000
1632156796.39578795,3.50000000
1632156796.49578571,3.50000000
1632156796.59580493,3.50000000
1632156796.69578743,3.50000000
1632156796.79586625,3.50000000
1632156796.89579916,3.50000000
1632156796.99579358,3.50000000
1632156797.09580588,3.50000000
1632156797.19585800,3.50000000
1632156797.29578757,3.50000000
1632156797.39587474,3.50000000
1632156797.49587083,3.50000000
1632156797.59580994,3.50000000
1632156797.69585347,2.00000000
1632156797.79578710,2.00000000
1632156797.89578843,2.00000000
1632156797.99576521,2.00000000
1632156798.09583092,2.00000000
1632156798.19577956,2.00000000
1632156798.29578519,2.00000000
1632156798.39579248,2.00000000
1632156798.49578595,2.00000000
1632156798.59578800,2.00000000
1632156798.69579101,2.00000000
1632156798.79580927,2.00000000
1632156798.89579654,2.00000000
1632156798.99580455,2.00000000
1632156799.09581542,2.00000000
1632156799.19580579,2.00000000
1632156799.29580665,2.00000000
1632156799.39576077,2.00000000
1632156799.49581218,2.00000000
1632156799.59579372,2.00000000
1632156799.69579649,2.00000000
1632156799.79579306,2.00000000
1632156799.89582205,2.00000000
1632156799.99582219,2.00000000
1632156800.09579539,2.00000000
1632156800.19582009,2.00000000
1632156800.29590893,2.00000000
1632156800.39583659,2.00000000
1632156800.49581957,2.00000000
1632156800.59587240,2.00000000
1632156800.69586515,2.00000000
1632156800.79586172,2.00000000
1632156800.89583492,2.00000000
1632156800.99587035,2.00000000
1632156801.09582782,2.00000000
1632156801.19589806,2.00000000
1632156801.29582214,2.00000000
1632156801.39578938,2.00000000
1632156801.49579835,2.00000000
1632156801.59580827,2.00000000
1632156801.69579291,2.00000000
1632156801.79578972,2.00000000
1632156801.89588356,2.00000000
1632156801.99589539,2.00000000
1632156802.09581113,2.00000000
1632156802.19579220,2.00000000
1632156802.29581094,2.00000000
1632156802.39580464,2.00000000
1632156802.49563789,2.00000000
1632156802.59579611,2.00000000
1632156802.69583344,2.00000000
1632156802.79578280,2.00000000
1632156802.89581728,2.00000000
1632156802.99579716,2.00000000
1632156803.09579468,2.00000000
1632156803.19581342,2.00000000
1632156803.29578996,2.00000000
1632156803.39593339,2.00000000
1632156803.49582076,2.00000000
1632156803.59580779,2.00000000
1632156803.69577646,2.00000000
1632156803.79582524,2.00000000
1632156803.89580464,2.00000000
1632156803.99590778,3.50000000
1632156804.09579587,3.50000000
1632156804.19581604,3.50000000
1632156804.29581451,3.50000000
1632156804.39578032,3.50000000
1632156804.49579453,3.50000000
1632156804.59581494,3.50000000
1632156804.69580626,3.50000000
1632156804.79582834,3.50000000
1632156804.89581323,3.50000000
1632156804.99571776,3.50000000
1632156805.09581923,3.50000000
1632156805.19580698,3.50000000
1632156805.29580092,3.50000000
1632156805.39580131,3.50000000
1632156805.49581933,3.50000000
1632156805.59579849,3.50000000
1632156805.69581413,3.50000000
1632156805.79579902,3.50000000
1632156805.89581990,3.50000000
1632156805.99578691,3.50000000
1632156806.09580469,3.50000000
1632156806.19579768,3.50000000
1632156806.29559493,3.50000000
1632156806.39577150,3.50000000
1632156806.49582481,3.50000000
1632156806.59578943,3.50000000
1632156806.69579053,3.50000000
1632156806.79580712,3.50000000
1632156806.89581180,3.50000000
1632156806.99579334,3.50000000
1632156807.09579325,3.50000000
1632156807.19579005,3.50000000
1632156807.29579139,3.50000000
1632156807.39583135,3.50000000
1632156807.49574113,3.50000000
1632156807.59580135,3.50000000
1632156807.69580603,3.50000000
1632156807.79581523,3.50000000
1632156807.89581990,3.50000000
1632156807.99579597,3.50000000
1632156808.09580946,3.50000000
1632156808.19579053,3.50000000
1632156808.29580355,3.50000000
1632156808.39580274,3.50000000
1632156808.49579954,3.50000000
1632156808.59579563,3.50000000
1632156808.69578791,3.50000000
1632156808.79581618,3.50000000
1632156808.89592981,3.50000000
1632156808.99580646,3.50000000
1632156809.09581208,3.50000000
1632156809.19580531,3.50000000
1632156809.29576373,3.50000000
1632156809.39580345,3.50000000
1632156809.49585843,3.50000000
1632156809.59579086,3.50000000
1632156809.69580317,3.50000000
1632156809.79575324,3.50000000
1632156809.89603353,3.50000000
1632156809.99583888,3.50000000
1632156810.09582400,3.50000000
1632156810.19579101,3.50000000
1632156810.29580116,3.50000000
1632156810.39584637,3.50000000
1632156810.49579263,3.50000000
1632156810.59580040,3.50000000
1632156810.69580722,3.50000000
1632156810.79580879,3.50000000
1632156810.89580631,3.50000000
1632156810.99586439,3.50000000
1632156811.09580493,3.50000000
1632156811.19580722,3.50000000
1632156811.29579401,3.50000000
1632156811.39582014,3.50000000
1632156811.49581313,3.50000000
1632156811.59577942,3.50000000
1632156811.69580340,3.50000000
1632156811.79578638,3.50000000
1632156811.89585185,3.50000000
1632156811.99580264,3.50000000
1632156812.09585404,3.50000000
1632156812.19579864,3.50000000
1632156812.29579926,3.50000000
1632156812.39584851,3.50000000
1632156812.49588227,3.50000000
1632156812.59580493,3.50000000
1632156812.69577789,3.50000000
1632156812.79585600,3.50000000
1632156812.89580321,3.50000000
1632156812.99591994,3.50000000
1632156813.09579349,3.50000000
1632156813.19582725,3.50000000
1632156813.29579639,3.50000000
1632156813.39582062,3.50000000
1632156813.49578810,3.50000000
1632156813.59578657,3.50000000
1632156813.69581413,3.50000000
1632156813.79577971,3.50000000
1632156813.89580417,3.50000000
1632156813.99597311,3.50000000
1632156814.09582138,3.50000000
1632156814.19577479,3.50000000
1632156814.29580355,3.50000000
1632156814.39586735,3.50000000
1632156814.49578524,3.50000000
1632156814.59580469,3.50000000
1632156814.69580984,3.50000000
1632156814.79578567,3.50000000
1632156814.89579105,3.50000000
1632156814.99574685,2.00000000
1632156815.09581304,2.00000000
1632156815.19578838,2.00000000
1632156815.29583383,2.00000000
1632156815.39579797,2.00000000
1632156815.49586797,2.00000000
1632156815.59578943,2.00000000
1632156815.69594383,2.00000000
1632156815.79580712,2.00000000
1632156815.89581323,2.00000000
1632156815.99578500,2.00000000
1632156816.09581923,2.00000000
1632156816.19579411,2.00000000
1632156816.29579997,2.00000000
1632156816.39579844,2.00000000
1632156816.49579692,2.00000000
1632156816.59580898,2.00000000
1632156816.69587946,2.00000000
1632156816.79588366,2.00000000
1632156816.89589429,2.00000000
1632156816.99588108,2.00000000
1632156817.09582496,2.00000000
1632156817.19576335,2.00000000
1632156817.29584169,2.00000000
1632156817.39593530,2.00000000
1632156817.49580359,2.00000000
1632156817.59564114,2.00000000
1632156817.69586945,2.00000000
1632156817.79575944,2.00000000
1632156817.89581585,2.00000000
1632156817.99554324,2.00000000
1632156818.09571075,2.00000000
1632156818.19577813,2.00000000
1632156818.29575229,2.00000000
1632156818.39581537,2.00000000
1632156818.49579501,2.00000000
1632156818.59576297,2.00000000
1632156818.69580293,2.00000000
1632156818.79580522,2.00000000
1632156818.89578271,2.00000000
1632156818.99580455,2.00000000
1632156819.09554315,2.00000000
1632156819.19579482,2.00000000
1632156819.29581070,2.00000000
1632156819.39584279,2.00000000
1632156819.49565077,2.00000000
1632156819.59553409,2.00000000
1632156819.69555426,2.00000000
1632156819.79555273,2.00000000
1632156819.89554811,2.00000000
1632156819.99580002,2.00000000
1632156820.09578490,2.00000000
1632156820.19585085,2.00000000
1632156820.29577947,2.00000000
1632156820.39590311,2.00000000
1632156820.49578738,2.00000000
1632156820.59578419,2.00000000
1632156820.69579840,2.00000000
1632156820.79578066,2.00000000
1632156820.89578986,2.00000000
1632156820.99581337,2.00000000
1632156821.09580970,2.00000000
1632156821.19580698,2.00000000
1632156821.29583240,2.00000000
1632156821.39578223,2.00000000
1632156821.49577045,2.00000000
1632156821.59580779,2.00000000
1632156821.69577694,2.00000000
1632156821.79580235,2.00000000
1632156821.89581680,2.00000000
1632156821.99579692,2.00000000
1632156822.09577894,2.00000000
1632156822.19578767,2.00000000
1632156822.29579425,2.00000000
1632156822.39580750,2.00000000
1632156822.49584746,2.00000000
1632156822.59579158,2.00000000
1632156822.69575906,2.00000000
1632156822.79583812,2.00000000
1632156822.89585781,2.00000000
1632156822.99578452,2.00000000
1632156823.09574151,2.00000000
1632156823.19574451,2.00000000
1632156823.29579163,2.00000000
1632156823.39580369,2.00000000
1632156823.49581337,2.00000000
1632156823.59580779,2.00000000
1632156823.69579625,2.00000000
1632156823.79578543,2.00000000
1632156823.89581084,2.00000000
1632156823.99580503,2.00000000
1632156824.09580588,2.00000000
1632156824.19578934,2.00000000
1632156824.29581094,2.00000000
1632156824.39581466,2.00000000
1632156824.49578953,2.00000000
1632156824.59580612,2.00000000
1632156824.69579601,2.00000000
1632156824.79580522,2.00000000
1632156824.89581966,2.00000000
1632156824.99561357,2.00000000
1632156825.09579968,2.00000000
1632156825.19579005,2.00000000
1632156825.29580045,2.00000000
1632156825.39580703,2.00000000
1632156825.49593043,2.00000000
1632156825.59583092,2.00000000
1632156825.69580221,2.00000000
1632156825.79579186,2.00000000
1632156825.89580035,2.00000000
1632156825.99580669,2.00000000
1632156826.09579015,2.00000000
1632156826.19588542,2.00000000
1632156826.29581285,2.00000000
1632156826.39575958,2.00000000
1632156826.49577570,2.00000000
1632156826.59579802,2.00000000
1632156826.69592857,3.50000000
1632156826.79579091,3.50000000
1632156826.89581728,3.50000000
1632156826.99581122,3.50000000
1632156827.09578872,3.50000000
1632156827.19578433,3.50000000
1632156827.29579997,3.50000000
1632156827.39590311,3.50000000
1632156827.49582076,3.50000000
1632156827.59587407,3.50000000
1632156827.69578910,3.50000000
1632156827.79578686,3.50000000
1632156827.89581084,3.50000000
1632156827.99576044,3.50000000
1632156828.09580159,3.50000000
1632156828.19580054,3.50000000
1632156828.29579735,3.50000000
1632156828.39584732,3.50000000
1632156828.49579120,3.50000000
1632156828.59579468,3.50000000
1632156828.69580841,3.50000000
1632156828.79581070,3.50000000
1632156828.89581394,3.50000000
1632156828.99578619,3.50000000
1632156829.09588623,3.50000000
1632156829.19587827,3.50000000
1632156829.29589081,3.50000000
1632156829.39588451,3.50000000
1632156829.49578834,3.50000000
1632156829.59578156,3.50000000
1632156829.69577575,3.50000000
1632156829.79577851,3.50000000
1632156829.89579988,3.50000000
1632156829.99586463,3.50000000
1632156830.09578204,3.50000000
1632156830.19578004,3.50000000
1632156830.29577994,3.50000000
1632156830.39580917,3.50000000
1632156830.49578238,3.50000000
1632156830.59578490,3.50000000
1632156830.69578075,3.50000000
1632156830.79579806,3.50000000
1632156830.89579630,3.50000000
1632156830.99580908,3.50000000
1632156831.09579992,3.50000000
1632156831.19579005,3.50000000
1632156831.29578614,3.50000000
1632156831.39576435,3.50000000
1632156831.49578309,3.50000000
1632156831.59582138,3.50000000
1632156831.69577026,3.50000000
1632156831.79582810,3.50000000
1632156831.89584327,3.50000000
1632156831.99590063,3.50000000
1632156832.09588528,3.50000000
1632156832.19579601,3.50000000
1632156832.29577541,3.50000000
1632156832.39574957,3.50000000
1632156832.49569297,3.50000000
1632156832.59579182,3.50000000
1632156832.69579053,3.50000000
1632156832.79579949,3.50000000
1632156832.89586568,3.50000000
1632156832.99578190,3.50000000
1632156833.09585977,3.50000000
1632156833.19578147,3.50000000
1632156833.29578519,3.50000000
1632156833.39578247,3.50000000
1632156833.49576330,3.50000000
1632156833.59577703,3.50000000
1632156833.69578338,3.50000000
1632156833.79578090,3.50000000
1632156833.89579415,3.50000000
1632156833.99579859,3.50000000
1632156834.09577751,3.50000000
1632156834.19577861,3.50000000
1632156834.29579020,3.50000000
1632156834.39579940,3.50000000
1632156834.49587393,3.50000000
1632156834.59587669,3.50000000
1632156834.69588542,3.50000000
1632156834.79588914,3.50000000
1632156834.89592242,3.50000000
1632156834.99580741,3.50000000
1632156835.09591866,3.50000000
1632156835.19589067,3.50000000
1632156835.29588532,3.50000000
1632156835.39588809,3.50000000
1632156835.49587727,3.50000000
1632156835.59588599,3.50000000
1632156835.69587827,3.50000000
1632156835.79587626,3.50000000
1632156835.89580655,3.50000000
1632156835.99580812,3.50000000
1632156836.09586024,3.50000000
1632156836.19580364,3.50000000
1632156836.29580283,3.50000000
1632156836.39578414,3.50000000
1632156836.49578953,3.50000000
1632156836.59578419,3.50000000
1632156836.69578671,3.50000000
1632156836.79580712,3.50000000
1632156836.89579773,3.50000000
1632156836.99574518,3.50000000
1632156837.09576488,3.50000000
1632156837.19583559,3.50000000
1632156837.29582691,3.50000000
1632156837.39581060,3.50000000
1632156837.49580908,3.50000000
1632156837.59580708,3.50000000
1632156837.69581127,3.50000000
1632156837.79580712,3.50000000
1632156837.89580679,3.50000000
1632156837.99589300,3.50000000
1632156838.09579945,3.50000000
1632156838.19580579,3.50000000
1632156838.29557204,3.50000000
1632156838.39578485,3.50000000
1632156838.49580669,3.50000000
1632156838.59579706,3.50000000
1632156838.69580436,3.50000000
1632156838.79580927,3.50000000
1632156838.89579701,3.50000000
1632156838.99578595,3.50000000
1632156839.09582186,3.50000000
1632156839.19579983,3.50000000
1632156839.29582691,3.50000000
1632156839.39580154,3.50000000
1632156839.49586916,3.50000000
1632156839.59580064,3.50000000
1632156839.69580460,3.50000000
1632156839.79578376,3.50000000
1632156839.89592290,3.50000000
1632156839.99581170,3.50000000
1632156840.09578443,3.50000000
1632156840.19578099,3.50000000
1632156840.29578137,3.50000000
1632156840.39578128,3.50000000
1632156840.49573779,3.50000000
1632156840.59580684,3.50000000
1632156840.69580388,3.50000000
1632156840.79578424,3.50000000
1632156840.89584041,3.50000000
1632156840.99586344,3.50000000
1632156841.09588313,3.50000000
1632156841.19578815,3.50000000
1632156841.29583883,3.50000000
1632156841.39578557,3.50000000
1632156841.49576855,3.50000000
1632156841.59581065,3.50000000
1632156841.69578528,3.50000000
1632156841.79579663,3.50000000
1632156841.89578629,3.50000000
1632156841.99580145,3.50000000
1632156842.09580493,3.50000000
1632156842.19579291,3.50000000
1632156842.29579163,3.50000000
1632156842.39580822,3.50000000
1632156842.49581289,3.50000000
1632156842.59575367,3.50000000
1632156842.69580626,3.50000000
1632156842.79576111,3.50000000
1632156842.89581919,3.50000000
1632156842.99586964,3.50000000
1632156843.09582162,3.50000000
1632156843.19579816,3.50000000
1632156843.29580092,3.50000000
1632156843.39585137,3.50000000
1632156843.49581552,3.50000000
1632156843.59583712,3.50000000
1632156843.69580030,3.50000000
1632156843.79585576,3.50000000
1632156843.89579010,3.50000000
1632156843.99579024,3.50000000
1632156844.09580541,3.50000000
1632156844.19555926,3.50000000
1632156844.29588199,3.50000000
1632156844.39589524,3.50000000
1632156844.49580359,3.50000000
1632156844.59579945,3.50000000
1632156844.69577312,3.50000000
1632156844.79557657,3.50000000
1632156844.89577937,3.50000000
1632156844.99557209,3.50000000
1632156845.09580803,3.50000000
1632156845.19581509,3.50000000
1632156845.29580116,3.50000000
1632156845.39580345,3.50000000
1632156845.49580693,3.50000000
1632156845.59597564,3.50000000
1632156845.69581532,3.50000000
1632156845.79583025,3.50000000
1632156845.89582920,3.50000000
1632156845.99580574,3.50000000
1632156846.09579873,3.50000000
1632156846.19579029,3.50000000
1632156846.29559422,3.50000000
1632156846.39580369,3.50000000
1632156846.49572825,3.50000000
1632156846.59581828,3.50000000
1632156846.69575691,3.50000000
1632156846.79580116,3.50000000
1632156846.89564109,3.50000000
1632156846.99570179,3.50000000
1632156847.09576035,3.50000000
1632156847.19579172,3.50000000
1632156847.29563975,3.50000000
1632156847.39581823,3.50000000
1632156847.49580264,3.50000000
1632156847.59580803,3.50000000
1632156847.69588304,3.50000000
1632156847.79591370,3.50000000
1632156847.89586711,3.50000000
1632156847.99586344,3.50000000
1632156848.09586430,3.50000000
1632156848.19581985,3.50000000
1632156848.29588008,3.50000000
1632156848.39584136,3.50000000
1632156848.49553967,3.50000000
1632156848.59581327,3.50000000
1632156848.69576550,3.50000000
1632156848.79572749,3.50000000
1632156848.89585567,3.50000000
1632156848.99592710,3.50000000
1632156849.09586334,3.50000000
1632156849.19574261,3.50000000
1632156849.29564691,3.50000000
1632156849.39588666,3.50000000
1632156849.49579954,3.50000000
1632156849.59586000,3.50000000
1632156849.69581461,3.50000000
1632156849.79581022,3.50000000
1632156849.89580822,3.50000000
1632156849.99579287,3.50000000
1632156850.09575415,3.50000000
1632156850.19583178,3.50000000
1632156850.29583287,3.50000000
1632156850.39605474,3.50000000
1632156850.49580908,3.50000000
1632156850.59569168,3.50000000
1632156850.69580126,3.50000000
1632156850.79578090,3.50000000
1632156850.89582133,3.50000000
1632156850.99565482,3.50000000
1632156851.09576988,3.50000000
1632156851.19565797,3.50000000
1632156851.29581165,3.50000000
1632156851.39581656,3.50000000
1632156851.49581647,3.50000000
1632156851.59594941,3.50000000
1632156851.69586492,3.50000000
1632156851.79580832,3.50000000
