Seconds,ChildArea,Child Observation Distance,Robot bounds proximity
1632159106.77738142,0,0.00000000,0.00000000
1632159106.87736106,0,0.00000000,0.00000000
1632159106.97736144,0,0.00000000,0.00000000
1632159107.07736826,0,0.00000000,0.00000000
1632159107.17731762,0,0.00000000,0.00000000
1632159107.27736020,0,0.00000000,0.00000000
1632159107.37733960,0,0.00000000,0.00000000
1632159107.47733235,0,0.00000000,0.00000000
1632159107.57732773,0,0.00000000,0.00000000
1632159107.67732978,0,0.00000000,0.00000000
1632159107.77732778,0,0.00000000,0.00000000
1632159107.87735391,0,0.00000000,0.00000000
1632159107.97733283,0,0.00000000,0.00000000
1632159108.07736707,0,0.00000000,0.00000000
1632159108.17736292,0,0.00000000,0.00000000
1632159108.27736115,0,0.00000000,0.00000000
1632159108.37736130,0,0.00000000,0.00000000
1632159108.47736073,0,0.00000000,0.00000000
1632159108.57733607,0,0.00000000,0.00000000
1632159108.67733169,0,0.00000000,0.00000000
1632159108.77732873,0,0.00000000,0.00000000
1632159108.87729859,0,0.00000000,0.00000000
1632159108.97732544,0,0.00000000,0.00000000
1632159109.07735395,0,0.00000000,0.00000000
1632159109.17735839,0,0.00000000,0.00000000
1632159109.27736640,0,0.00000000,0.00000000
1632159109.37735868,0,0.00000000,0.00000000
1632159109.47736001,0,0.00000000,0.00000000
1632159109.57735920,0,0.00000000,0.00000000
1632159109.67731357,0,0.00000000,0.00000000
1632159109.77731299,0,0.00000000,0.00000000
1632159109.87734771,0,0.00000000,0.00000000
1632159109.97736287,0,0.00000000,0.00000000
1632159110.07736802,0,0.00000000,0.00000000
1632159110.17737103,0,0.00000000,0.00000000
1632159110.27736497,0,0.00000000,0.00000000
1632159110.37737083,0,0.00000000,0.00000000
1632159110.47736526,0,0.00000000,0.00000000
1632159110.57732081,0,0.00000000,0.00000000
1632159110.67736387,0,0.00000000,0.00000000
1632159110.77733350,0,0.00000000,0.00000000
1632159110.87732625,0,0.00000000,0.00000000
1632159110.97732496,0,0.00000000,0.00000000
1632159111.07732916,0,0.00000000,0.00000000
1632159111.17735791,0,0.00000000,0.00000000
1632159111.27736092,0,0.00000000,0.00000000
1632159111.37732816,0,0.00000000,0.00000000
1632159111.47736096,0,0.00000000,0.00000000
1632159111.57736135,0,0.00000000,0.00000000
1632159111.67736745,0,0.00000000,0.00000000
1632159111.77736521,0,0.00000000,0.00000000
1632159111.87730527,0,0.00000000,0.00000000
1632159111.97732854,0,0.00000000,0.00000000
1632159112.07729840,0,0.00000000,0.00000000
1632159112.17732286,0,0.00000000,0.00000000
1632159112.27729940,0,0.00000000,0.00000000
1632159112.37732601,0,0.00000000,0.00000000
1632159112.47733235,0,0.00000000,0.00000000
1632159112.57733297,0,0.00000000,0.00000000
1632159112.67732859,0,0.00000000,0.00000000
1632159112.77730227,0,0.00000000,0.00000000
1632159112.87733817,0,0.00000000,0.00000000
1632159112.97732973,0,0.00000000,0.00000000
1632159113.07732868,0,0.00000000,0.00000000
1632159113.17732882,0,0.00000000,0.00000000
1632159113.27730274,0,0.00000000,0.00000000
1632159113.37732673,0,0.00000000,0.00000000
1632159113.47732639,0,0.00000000,0.00000000
1632159113.57733059,0,0.00000000,0.00000000
1632159113.67733216,0,0.00000000,0.00000000
1632159113.77730060,0,0.00000000,0.00000000
1632159113.87730241,0,0.00000000,0.00000000
1632159113.97732878,0,0.00000000,0.00000000
1632159114.07730007,0,0.00000000,0.00000000
1632159114.17733002,0,0.00000000,0.00000000
1632159114.27732849,0,0.00000000,0.00000000
1632159114.37732911,0,0.00000000,0.00000000
1632159114.47732973,0,0.00000000,0.00000000
1632159114.57732940,0,0.00000000,0.00000000
1632159114.67732835,0,0.00000000,0.00000000
1632159114.77732873,0,0.00000000,0.00000000
1632159114.87729859,0,0.00000000,0.00000000
1632159114.97733736,0,0.00000000,0.00000000
1632159115.07733154,0,0.00000000,0.00000000
1632159115.17732954,0,0.00000000,0.00000000
1632159115.27732825,0,0.00000000,0.00000000
1632159115.37732840,0,0.00000000,0.00000000
1632159115.47732925,0,0.00000000,0.00000000
1632159115.57733154,0,0.00000000,0.00000000
1632159115.67732859,0,0.00000000,0.00000000
1632159115.77729821,0,0.00000000,0.00000000
1632159115.87732816,0,0.00000000,0.00000000
1632159115.97730446,0,0.00000000,0.00000000
1632159116.07734585,1,1.00000000,0.00000000
1632159116.17732668,1,0.94999981,0.00000000
1632159116.27732992,1,0.90000010,0.00000000
1632159116.37733102,1,0.84999990,0.00000000
1632159116.47732639,1,0.80000019,0.00000000
1632159116.57732725,1,0.75000000,0.00000000
1632159116.67729855,1,0.69999981,0.00000000
1632159116.77732778,1,0.65291010,0.00000000
1632159116.87732625,1,0.60581977,0.00000000
1632159116.97732544,1,0.55921478,0.00000000
1632159117.07732940,1,0.51164019,0.00000000
1632159117.17732954,1,0.51406512,0.00000000
1632159117.27732778,1,0.51115485,0.00000000
1632159117.37732816,1,0.51406520,0.00000000
1632159117.47732759,1,0.51406493,0.00000000
1632159117.57732773,1,0.51358014,0.00000000
1632159117.67732763,1,0.51018482,0.00000000
1632159117.77733111,1,0.50824506,0.00000000
1632159117.87732935,1,0.51067007,0.00000000
1632159117.97732711,1,0.51406488,0.00000000
1632159118.07732821,1,0.51406509,0.00000000
1632159118.17732787,1,0.51406483,0.00000000
1632159118.27732825,1,0.51309504,0.00000000
1632159118.37733102,1,0.51406513,0.00000000
1632159118.47733021,1,0.51357987,0.00000000
1632159118.57732773,1,0.51309502,0.00000000
1632159118.67733502,1,0.51406512,0.00000000
1632159118.77732849,1,0.51309486,0.00000000
1632159118.87730122,1,0.51309495,0.00000000
1632159118.97733212,1,0.51309505,0.00000000
1632159119.07732821,1,0.51164015,0.00000000
1632159119.17730021,1,0.51309508,0.00000000
1632159119.27730298,1,0.51212518,0.00000000
1632159119.37730193,1,0.51309516,0.00000000
1632159119.47732925,1,0.51163978,0.00000000
1632159119.57732749,1,0.51212519,0.00000000
1632159119.67730021,1,0.51212517,0.00000000
1632159119.77733111,1,0.51212516,0.00000000
1632159119.87730002,1,0.51164014,0.00000000
1632159119.97732949,1,0.51115507,0.00000000
1632159120.07732844,1,0.51212494,0.00000000
1632159120.17732835,1,0.51066993,0.00000000
1632159120.27732754,1,0.51212522,0.00000000
1632159120.37733030,1,0.51115520,0.00000000
1632159120.47732949,1,0.51115507,0.00000000
1632159120.57733202,1,0.51066994,0.00000000
1632159120.67732930,1,0.51115524,0.00000000
1632159120.77733135,1,0.50970011,0.00000000
1632159120.87729931,1,0.51115481,0.00000000
1632159120.97733068,1,0.51115516,0.00000000
1632159121.07733607,1,0.50970003,0.00000000
1632159121.17733598,1,0.51018521,0.00000000
1632159121.27733970,1,0.51018497,0.00000000
1632159121.37733984,1,0.50970020,0.00000000
1632159121.47733331,1,0.51018490,0.00000000
1632159121.57730079,1,0.51018514,0.00000000
1632159121.67733407,1,0.50969990,0.00000000
1632159121.77731085,1,0.50921508,0.00000000
1632159121.87731123,1,0.50970020,0.00000000
1632159121.97730708,1,0.50921490,0.00000000
1632159122.07730317,1,0.50873002,0.00000000
1632159122.17733312,1,0.46018490,0.00000000
1632159122.27733827,1,0.40921494,0.00000000
1632159122.37730145,1,0.35872987,0.00000000
1632159122.47732329,1,0.30921522,0.00000000
1632159122.57733297,1,0.25873015,0.00000000
1632159122.67733645,1,0.20824503,0.00000000
1632159122.77730584,1,0.15775985,0.00000000
1632159122.87730169,1,0.10727508,0.00000000
1632159122.97730327,1,0.05775979,0.00000000
1632159123.07733536,1,0.00727503,0.00000000
1632159123.17729974,2,0.00000000,0.00000000
1632159123.27729964,2,0.00000000,0.00000000
1632159123.37730098,2,0.00000000,0.00000000
1632159123.47731042,2,0.00000000,0.00000000
1632159123.57732487,2,0.00000000,0.00000000
1632159123.67733955,2,0.00000000,0.00000000
1632159123.77730012,2,0.00000000,0.00000000
1632159123.87729931,2,0.00000000,0.00000000
1632159123.97729254,2,0.00000000,0.00000000
1632159124.07730031,2,0.00000000,0.00000000
1632159124.17732882,2,0.00000000,0.00000000
1632159124.27732992,2,0.00000000,0.00000000
1632159124.37732673,2,0.00000000,0.00000000
1632159124.47730088,2,0.00000000,0.00000000
1632159124.57730031,2,0.00000000,0.00000000
1632159124.67730355,2,0.00000000,0.00000000
1632159124.77732778,2,0.00000000,0.00000000
1632159124.87729883,2,0.00000000,0.00000000
1632159124.97729921,2,0.00000000,0.00000000
1632159125.07732677,2,0.00000000,0.00000000
1632159125.17732811,2,0.00000000,0.00000000
1632159125.27729917,2,0.00000000,0.00000000
1632159125.37729955,2,0.00000000,0.00000000
1632159125.47729993,2,0.00000000,0.00000000
1632159125.57733178,2,0.00000000,0.00000000
1632159125.67730021,2,0.00000000,0.00000000
1632159125.77732921,2,0.00000000,0.00000000
1632159125.87730026,2,0.00000000,0.00000000
1632159125.97730446,2,0.00000000,0.00000000
1632159126.07732511,2,0.00000000,0.00000000
1632159126.17732835,2,0.00000000,0.00000000
1632159126.27729917,2,0.00000000,0.00000000
1632159126.37729883,2,0.00000000,0.00000000
1632159126.47729993,2,0.00000000,0.00000000
1632159126.57730055,2,0.00000000,0.00000000
1632159126.67729926,2,0.00000000,0.00000000
1632159126.77733064,2,0.00000000,0.00000000
1632159126.87733006,2,0.00000000,0.00000000
1632159126.97729850,2,0.00000000,0.00000000
1632159127.07729864,2,0.00000000,0.00000000
1632159127.17733049,2,0.00000000,0.00000000
1632159127.27733660,2,0.00000000,0.00000000
1632159127.37732887,2,0.00000000,0.00000000
1632159127.47729969,2,0.00000000,0.00000000
1632159127.57729816,2,0.00000000,0.00000000
1632159127.67729878,2,0.00000000,0.00000000
1632159127.77730083,2,0.00000000,0.00000000
1632159127.87729979,2,0.00000000,0.00000000
1632159127.97729874,2,0.00000000,0.00000000
1632159128.07733202,2,0.00000000,0.00000000
1632159128.17733526,2,0.00000000,0.00000000
1632159128.27733207,2,0.00000000,0.00000000
1632159128.37732768,2,0.00000000,0.00000000
1632159128.47733378,2,0.00000000,0.00000000
1632159128.57732892,2,0.00000000,0.00000000
1632159128.67733049,2,0.00000000,0.00000000
1632159128.77729940,2,0.00000000,0.00000000
1632159128.87730169,2,0.00000000,0.00000000
1632159128.97732592,2,0.00000000,0.00000000
1632159129.07730341,2,0.00000000,0.00000000
1632159129.17730594,2,0.00000000,0.00000000
1632159129.27732873,2,0.00000000,0.00000000
1632159129.37732959,2,0.00000000,0.00000000
1632159129.47732735,2,0.00000000,0.00000000
1632159129.57730007,2,0.00000000,0.00000000
1632159129.67730165,2,0.00000000,0.00000000
1632159129.77730298,2,0.00000000,0.00000000
1632159129.87732458,2,0.00000000,0.00000000
1632159129.97732878,2,0.00000000,0.00000000
1632159130.07732797,2,0.00000000,0.00000000
1632159130.17732978,2,0.00000000,0.00000000
1632159130.27732849,2,0.00000000,0.00000000
1632159130.37733030,2,0.00000000,0.00000000
1632159130.47732520,2,0.00000000,0.00000000
1632159130.57733345,2,0.00000000,0.00000000
1632159130.67732668,2,0.00000000,0.00000000
1632159130.77732944,2,0.00000000,0.00000000
1632159130.87733221,2,0.00000000,0.00000000
1632159130.97733140,2,0.00000000,0.00000000
1632159131.07732940,2,0.00000000,0.00000000
1632159131.17732406,2,0.00000000,0.00000000
1632159131.27730227,2,0.00000000,0.00000000
1632159131.37729931,2,0.00000000,0.00000000
1632159131.47733259,2,0.00000000,0.00000000
1632159131.57732463,2,0.00000000,0.00000000
1632159131.67729926,2,0.00000000,0.00000000
1632159131.77732325,2,0.00000000,0.00000000
1632159131.87729859,2,0.00000000,0.00000000
1632159131.97732878,2,0.00000000,0.00000000
1632159132.07732368,2,0.00000000,0.00000000
1632159132.17733049,2,0.00000000,0.00000000
1632159132.27732968,2,0.00000000,0.00000000
1632159132.37732792,2,0.00000000,0.00000000
1632159132.47732997,2,0.00000000,0.00000000
1632159132.57732844,2,0.00000000,0.00000000
1632159132.67732763,2,0.00000000,0.00000000
1632159132.77733421,2,0.00000000,0.00000000
1632159132.87730217,2,0.00000000,0.00000000
1632159132.97732878,2,0.00000000,0.00000000
1632159133.07732940,2,0.00000000,0.00000000
1632159133.17733192,2,0.00000000,0.00000000
1632159133.27732944,2,0.00000000,0.00000000
1632159133.37733054,2,0.00000000,0.00000000
1632159133.47732973,2,0.00000000,0.00000000
1632159133.57733345,2,0.00000000,0.00000000
1632159133.67732859,2,0.00000000,0.00000000
1632159133.77732801,2,0.00000000,0.00000000
1632159133.87729955,2,0.00000000,0.00000000
1632159133.97732759,2,0.00000000,0.00000000
1632159134.07732964,2,0.00000000,0.00000000
1632159134.17733407,2,0.00000000,0.00000000
1632159134.27730227,2,0.00000000,0.00000000
1632159134.37733150,2,0.00000000,0.00000000
1632159134.47732997,2,0.00000000,0.00000000
1632159134.57733154,2,0.00000000,0.00000000
1632159134.67733169,2,0.00000000,0.00000000
1632159134.77733183,2,0.00000000,0.00000000
1632159134.87729931,2,0.00000000,0.00000000
1632159134.97732925,2,0.00000000,0.00000000
1632159135.07733250,2,0.00000000,0.00000000
1632159135.17730165,2,0.00000000,0.00000000
1632159135.27733159,2,0.00000000,0.00000000
1632159135.37732267,2,0.00000000,0.00000000
1632159135.47732663,2,0.00000000,0.00000000
1632159135.57732821,2,0.00000000,0.00000000
1632159135.67729902,2,0.00000000,0.00000000
1632159135.77732825,2,0.00000000,0.00000000
1632159135.87732506,2,0.00000000,0.00000000
1632159135.97733140,2,0.00000000,0.00000000
1632159136.07732296,2,0.00000000,0.00000000
1632159136.17729974,2,0.00000000,0.00000000
1632159136.27733374,2,0.00000000,0.00000000
1632159136.37729907,2,0.00000000,0.00000000
1632159136.47732759,2,0.00000000,0.00000000
1632159136.57732821,2,0.00000000,0.00000000
1632159136.67732739,2,0.00000000,0.00000000
1632159136.77729869,2,0.00000000,0.00000000
1632159136.87732410,2,0.00000000,0.00000000
1632159136.97732949,2,0.00000000,0.00000000
1632159137.07733035,2,0.00000000,0.00000000
1632159137.17732835,2,0.00000000,0.00000000
1632159137.27732825,2,0.00000000,0.00000000
1632159137.37732959,2,0.00000000,0.00000000
1632159137.47730422,2,0.00000000,0.00000000
1632159137.57730150,2,0.00000000,0.00000000
1632159137.67730069,2,0.00000000,0.00000000
1632159137.77730107,2,0.00000000,0.00000000
1632159137.87729883,2,0.00000000,0.00000000
1632159137.97733140,2,0.00000000,0.00000000
1632159138.07730174,2,0.00000000,0.00000000
1632159138.17732835,2,0.00000000,0.00000000
1632159138.27733064,2,0.00000000,0.00000000
1632159138.37732983,2,0.00000000,0.00000000
1632159138.47732949,2,0.00000000,0.00000000
1632159138.57732940,2,0.00000000,0.00000000
1632159138.67733240,2,0.00000000,0.00000000
1632159138.77732658,2,0.00000000,0.00000000
1632159138.87733293,2,0.00000000,0.00000000
1632159138.97732401,2,0.00000000,0.00000000
1632159139.07732773,2,0.00000000,0.00000000
1632159139.17733145,2,0.00000000,0.00000000
1632159139.27733016,2,0.00000000,0.00000000
1632159139.37732887,2,0.00000000,0.00000000
1632159139.47733140,2,0.00000000,0.00000000
1632159139.57733178,2,0.00000000,0.00000000
1632159139.67732835,2,0.00000000,0.00000000
1632159139.77732897,2,0.00000000,0.00000000
1632159139.87729979,2,0.00000000,0.00000000
1632159139.97732830,2,0.00000000,0.00000000
1632159140.07732797,2,0.00000000,0.00000000
1632159140.17729998,2,0.00000000,0.00000000
1632159140.27732801,2,0.00000000,0.00000000
1632159140.37732768,2,0.00000000,0.00000000
1632159140.47732782,2,0.00000000,0.00000000
1632159140.57732916,2,0.00000000,0.00000000
1632159140.67732787,2,0.00000000,0.00000000
1632159140.77732849,2,0.00000000,0.00000000
1632159140.87733483,2,0.00000000,0.00000000
1632159140.97732663,2,0.00000000,0.00000000
1632159141.07732296,2,0.00000000,0.00000000
1632159141.17732835,2,0.00000000,0.00000000
1632159141.27732849,2,0.00000000,0.00000000
1632159141.37733293,2,0.00000000,0.00000000
1632159141.47732663,2,0.00000000,0.00000000
1632159141.57730293,2,0.00000000,0.00000000
1632159141.67733049,2,0.00000000,0.00000000
1632159141.77732778,2,0.00000000,0.00000000
1632159141.87729883,2,0.00000000,0.00000000
1632159141.97732353,2,0.00000000,0.00000000
1632159142.07732844,2,0.00000000,0.00000000
1632159142.17732811,2,0.00000000,0.00000000
1632159142.27733183,2,0.00000000,0.00000000
1632159142.37733221,2,0.00000000,0.00000000
1632159142.47729945,2,0.00000000,0.00000000
1632159142.57732749,2,0.00000000,0.00000000
1632159142.67730236,2,0.00000000,0.00000000
1632159142.77730131,2,0.00000000,0.00000000
1632159142.87730193,2,0.00000000,0.00000000
1632159142.97730207,2,0.00000000,0.00000000
1632159143.07730174,2,0.00000000,0.00000000
1632159143.17730165,2,0.00000000,0.00000000
1632159143.27730107,2,0.00000000,0.00000000
1632159143.37730432,2,0.00000000,0.00000000
1632159143.47730350,2,0.00000000,0.00000000
1632159143.57730222,2,0.00000000,0.00000000
1632159143.67730141,2,0.00000000,0.00000000
1632159143.77730680,2,0.00000000,0.00000000
1632159143.87731147,2,0.00000000,0.00000000
1632159143.97730255,2,0.00000000,0.00000000
1632159144.07730365,2,0.00000000,0.00000000
1632159144.17730308,2,0.00000000,0.00000000
1632159144.27730274,2,0.00000000,0.00000000
1632159144.37730122,2,0.00000000,0.00000000
1632159144.47730231,2,0.00000000,0.00000000
1632159144.57730269,2,0.00000000,0.00000000
1632159144.67730260,2,0.00000000,0.00000000
1632159144.77730250,2,0.00000000,0.00000000
1632159144.87730336,2,0.00000000,0.00000000
1632159144.97733188,2,0.00000000,0.00000000
1632159145.07732582,2,0.00000000,0.00000000
1632159145.17733002,2,0.00000000,0.00000000
1632159145.27733803,2,0.00000000,0.00000000
1632159145.37732887,2,0.00000000,0.00000000
1632159145.47732902,2,0.00000000,0.00000000
1632159145.57731032,2,0.00000000,0.00000000
1632159145.67732739,2,0.00000000,0.00000000
1632159145.77732754,2,0.00000000,0.00000000
1632159145.87729955,2,0.00000000,0.00000000
1632159145.97733665,2,0.00000000,0.00000000
1632159146.07733011,2,0.00000000,0.00000000
1632159146.17732787,2,0.00000000,0.00000000
1632159146.27729821,2,0.00000000,0.00000000
1632159146.37732816,2,0.00000000,0.00000000
1632159146.47732711,2,0.00000000,0.00000000
1632159146.57733250,2,0.00000000,0.00000000
1632159146.67732763,2,0.00000000,0.00000000
1632159146.77732873,2,0.00000000,0.00000000
1632159146.87729931,2,0.00000000,0.00000000
1632159146.97732782,2,0.00000000,0.00000000
1632159147.07732892,2,0.00000000,0.00000000
1632159147.17732787,2,0.00000000,0.00000000
1632159147.27732825,2,0.00000000,0.00000000
1632159147.37732768,2,0.00000000,0.00000000
1632159147.47732711,2,0.00000000,0.00000000
1632159147.57733297,2,0.00000000,0.00000000
1632159147.67732906,2,0.00000000,0.00000000
1632159147.77730227,2,0.00000000,0.00000000
1632159147.87730050,2,0.00000000,0.00000000
1632159147.97732687,2,0.00000000,0.00000000
1632159148.07733107,2,0.00000000,0.00000000
1632159148.17732787,2,0.00000000,0.00000000
1632159148.27732873,2,0.00000000,0.00000000
1632159148.37732935,2,0.00000000,0.00000000
1632159148.47732759,2,0.00000000,0.00000000
1632159148.57736111,2,0.00000000,0.00000000
1632159148.67732549,2,0.00000000,0.00000000
1632159148.77733183,2,0.00000000,0.00000000
1632159148.87730002,2,0.00000000,0.00000000
1632159148.97732759,2,0.00000000,0.00000000
1632159149.07732725,2,0.00000000,0.00000000
1632159149.17732739,2,0.00000000,0.00000000
1632159149.27732754,2,0.00000000,0.00000000
1632159149.37732744,2,0.00000000,0.00000000
1632159149.47729921,2,0.00000000,0.00000000
1632159149.57732534,2,0.00000000,0.00000000
1632159149.67730212,2,0.00000000,0.00000000
1632159149.77729797,2,0.00000000,0.00000000
1632159149.87732768,2,0.00000000,0.00000000
1632159149.97729993,2,0.00000000,0.00000000
1632159150.07732797,2,0.00000000,0.00000000
1632159150.17733026,2,0.00000000,0.00000000
1632159150.27732944,2,0.00000000,0.00000000
1632159150.37732911,2,0.00000000,0.00000000
1632159150.47730041,2,0.00000000,0.00000000
1632159150.57732654,2,0.00000000,0.00000000
1632159150.67732835,2,0.00000000,0.00000000
1632159150.77732682,2,0.00000000,0.00000000
1632159150.87733030,2,0.00000000,0.00000000
1632159150.97733760,2,0.00000000,0.00000000
1632159151.07732964,2,0.00000000,0.00000000
1632159151.17732906,2,0.00000000,0.00000000
1632159151.27732682,2,0.00000000,0.00000000
1632159151.37732720,2,0.00000000,0.00000000
1632159151.47732759,2,0.00000000,0.00000000
1632159151.57733011,2,0.00000000,0.00000000
1632159151.67732716,2,0.00000000,0.00000000
1632159151.77732635,2,0.00000000,0.00000000
1632159151.87730074,2,0.00000000,0.00000000
1632159151.97732663,2,0.00000000,0.00000000
1632159152.07732677,2,0.00000000,0.00000000
1632159152.17732620,2,0.00000000,0.00000000
1632159152.27732539,2,0.00000000,0.00000000
1632159152.37732959,2,0.00000000,0.00000000
1632159152.47732615,2,0.00000000,0.00000000
1632159152.57729840,2,0.00000000,0.00000000
1632159152.67733741,2,0.00000000,0.00000000
1632159152.77732682,2,0.00000000,0.00000000
1632159152.87729907,2,0.00000000,0.00000000
1632159152.97732663,2,0.00000000,0.00000000
1632159153.07733226,2,0.00000000,0.00000000
1632159153.17732501,2,0.00000000,0.00000000
1632159153.27733016,2,0.00000000,0.00000000
1632159153.37732720,2,0.00000000,0.00000000
1632159153.47733355,2,0.00000000,0.00000000
1632159153.57732797,2,0.00000000,0.00000000
1632159153.67729783,2,0.00000000,0.00000000
1632159153.77731442,2,0.00000000,0.00000000
1632159153.87732387,2,0.00000000,0.00000000
1632159153.97732711,2,0.00000000,0.00000000
1632159154.07730103,2,0.00000000,0.00000000
1632159154.17732716,2,0.00000000,0.00000000
1632159154.27732801,2,0.00000000,0.00000000
1632159154.37732768,2,0.00000000,0.00000000
1632159154.47732711,2,0.00000000,0.00000000
1632159154.57729697,2,0.00000000,0.00000000
1632159154.67732620,2,0.00000000,0.00000000
1632159154.77729559,2,0.00000000,0.00000000
1632159154.87730122,2,0.00000000,0.00000000
1632159154.97732687,2,0.00000000,0.00000000
1632159155.07732677,2,0.00000000,0.00000000
1632159155.17732167,2,0.00000000,0.00000000
1632159155.27732706,2,0.00000000,0.00000000
1632159155.37729645,2,0.00000000,0.00000000
1632159155.47732115,2,0.00000000,0.00000000
1632159155.57729721,2,0.00000000,0.00000000
1632159155.67731810,2,0.00000000,0.00000000
1632159155.77733278,2,0.00000000,0.00000000
1632159155.87729859,2,0.00000000,0.00000000
1632159155.97733092,2,0.00000000,0.00000000
1632159156.07729864,2,0.00000000,0.00000000
1632159156.17733407,2,0.00000000,0.00000000
1632159156.27732801,2,0.00000000,0.00000000
1632159156.37732840,2,0.00000000,0.00000000
1632159156.47733259,2,0.00000000,0.00000000
1632159156.57732916,2,0.00000000,0.00000000
1632159156.67733335,2,0.00000000,0.00000000
1632159156.77732682,2,0.00000000,0.00000000
1632159156.87729907,2,0.00000000,0.00000000
1632159156.97732449,2,0.00000000,0.00000000
1632159157.07733107,2,0.00000000,0.00000000
1632159157.17733431,2,0.00000000,0.00000000
1632159157.27730012,2,0.00000000,0.00000000
1632159157.37732935,2,0.00000000,0.00000000
1632159157.47732925,2,0.00000000,0.00000000
1632159157.57732964,2,0.00000000,0.00000000
1632159157.67732835,2,0.00000000,0.00000000
1632159157.77733517,2,0.00000000,0.00000000
1632159157.87730145,2,0.00000000,0.00000000
1632159157.97730255,2,0.00000000,0.00000000
1632159158.07732844,2,0.00000000,0.00000000
1632159158.17732835,2,0.00000000,0.00000000
1632159158.27732944,2,0.00000000,0.00000000
1632159158.37733030,2,0.00000000,0.00000000
1632159158.47733068,2,0.00000000,0.00000000
1632159158.57732892,2,0.00000000,0.00000000
1632159158.67732573,2,0.00000000,0.00000000
1632159158.77732873,2,0.00000000,0.00000000
1632159158.87730193,2,0.00000000,0.00000000
1632159158.97732925,2,0.00000000,0.00000000
1632159159.07732868,2,0.00000000,0.00000000
1632159159.17733240,2,0.00000000,0.00000000
1632159159.27732944,2,0.00000000,0.00000000
1632159159.37730002,2,0.00000000,0.00000000
1632159159.47732568,2,0.00000000,0.00000000
1632159159.57730222,2,0.00000000,0.00000000
1632159159.67729902,2,0.00000000,0.00000000
1632159159.77732801,2,0.00000000,0.00000000
1632159159.87732387,2,0.00000000,0.00000000
1632159159.97732878,2,0.00000000,0.00000000
1632159160.07732391,2,0.00000000,0.00000000
1632159160.17733359,2,0.00000000,0.00000000
1632159160.27733064,2,0.00000000,0.00000000
1632159160.37733054,2,0.00000000,0.00000000
1632159160.47732973,2,0.00000000,0.00000000
1632159160.57732940,2,0.00000000,0.00000000
1632159160.67733002,2,0.00000000,0.00000000
1632159160.77732921,2,0.00000000,0.00000000
1632159160.87730455,2,0.00000000,0.00000000
1632159160.97732759,2,0.00000000,0.00000000
1632159161.07733059,2,0.00000000,0.00000000
1632159161.17733192,2,0.00000000,0.00000000
1632159161.27732897,2,0.00000000,0.00000000
1632159161.37732840,2,0.00000000,0.00000000
1632159161.47732902,2,0.00000000,0.00000000
1632159161.57733297,2,0.00000000,0.00000000
1632159161.67732882,2,0.00000000,0.00000000
1632159161.77732944,2,0.00000000,0.00000000
1632159161.87732983,2,0.00000000,0.00000000
1632159161.97732401,2,0.00000000,0.00000000
1632159162.07733130,2,0.00000000,0.00000000
1632159162.17732882,2,0.00000000,0.00000000
1632159162.27732921,2,0.00000000,0.00000000
1632159162.37732959,2,0.00000000,0.00000000
1632159162.47732878,2,0.00000000,0.00000000
1632159162.57732940,2,0.00000000,0.00000000
1632159162.67732906,2,0.00000000,0.00000000
1632159162.77732849,2,0.00000000,0.00000000
1632159162.87729883,2,0.00000000,0.00000000
1632159162.97733045,2,0.00000000,0.00000000
1632159163.07733488,2,0.00000000,0.00000000
1632159163.17733097,2,0.00000000,0.00000000
1632159163.27732801,2,0.00000000,0.00000000
1632159163.37729907,2,0.00000000,0.00000000
1632159163.47732925,2,0.00000000,0.00000000
1632159163.57732916,2,0.00000000,0.00000000
1632159163.67733240,2,0.00000000,0.00000000
1632159163.77732968,2,0.00000000,0.00000000
1632159163.87732816,2,0.00000000,0.00000000
1632159163.97732782,2,0.00000000,0.00000000
1632159164.07732821,2,0.00000000,0.00000000
1632159164.17732978,2,0.00000000,0.00000000
1632159164.27733016,2,0.00000000,0.00000000
1632159164.37733006,2,0.00000000,0.00000000
1632159164.47738504,2,0.00000000,0.00000000
1632159164.57732964,2,0.00000000,0.00000000
1632159164.67732978,2,0.00000000,0.00000000
1632159164.77732992,2,0.00000000,0.00000000
1632159164.87730074,2,0.00000000,0.00000000
1632159164.97730303,2,0.00000000,0.00000000
1632159165.07730269,2,0.00000000,0.00000000
1632159165.17732906,2,0.00000000,0.00000000
1632159165.27730370,2,0.00000000,0.00000000
1632159165.37730336,2,0.00000000,0.00000000
1632159165.47730327,2,0.00000000,0.00000000
1632159165.57732916,2,0.00000000,0.00000000
1632159165.67730141,2,0.00000000,0.00000000
1632159165.77732921,2,0.00000000,0.00000000
1632159165.87732840,2,0.00000000,0.00000000
1632159165.97729969,2,0.00000000,0.00000000
1632159166.07730126,2,0.00000000,0.00000000
1632159166.17733097,2,0.00000000,0.00000000
1632159166.27732968,2,0.00000000,0.00000000
1632159166.37732315,2,0.00000000,0.00000000
1632159166.47733092,2,0.00000000,0.00000000
1632159166.57733679,2,0.00000000,0.00000000
1632159166.67733073,2,0.00000000,0.00000000
1632159166.77733374,2,0.00000000,0.00000000
1632159166.87729907,2,0.00000000,0.00000000
1632159166.97732806,2,0.00000000,0.00000000
1632159167.07732916,2,0.00000000,0.00000000
1632159167.17733049,2,0.00000000,0.00000000
1632159167.27732921,2,0.00000000,0.00000000
1632159167.37732577,2,0.00000000,0.00000000
1632159167.47733021,2,0.00000000,0.00000000
1632159167.57733107,2,0.00000000,0.00000000
1632159167.67732859,2,0.00000000,0.00000000
1632159167.77732897,2,0.00000000,0.00000000
1632159167.87732887,2,0.00000000,0.00000000
1632159167.97733140,2,0.00000000,0.00000000
1632159168.07732892,2,0.00000000,0.00000000
1632159168.17732882,2,0.00000000,0.00000000
1632159168.27732968,2,0.00000000,0.00000000
1632159168.37730408,2,0.00000000,0.00000000
1632159168.47730231,2,0.00000000,0.00000000
1632159168.57732940,2,0.00000000,0.00000000
1632159168.67732930,2,0.00000000,0.00000000
1632159168.77730131,2,0.00000000,0.00000000
1632159168.87732863,2,0.00000000,0.00000000
1632159168.97733378,2,0.00000000,0.00000000
1632159169.07733321,1,0.00703976,0.00000000
1632159169.17732954,1,0.05596389,0.00000000
1632159169.27732849,1,0.10297288,0.00000000
1632159169.37732840,1,0.15093903,0.00000000
1632159169.47732949,1,0.19993891,0.00000000
1632159169.57732916,1,0.24702181,0.00000000
1632159169.67729926,1,0.29505358,0.00000000
1632159169.77733064,1,0.41967874,0.00000000
1632159169.87732911,1,0.43568232,0.00000000
1632159169.97732997,1,0.48536499,0.00000000
1632159170.07733059,1,0.53692077,0.00000000
1632159170.17732644,1,0.54034712,0.00000000
1632159170.27733183,1,0.57660181,0.00000000
1632159170.37732911,1,0.54413650,0.00000000
1632159170.47732925,1,0.54671607,0.00000000
1632159170.57733083,1,0.54373862,0.00000000
1632159170.67732835,1,0.54679803,0.00000000
1632159170.77730179,1,0.58362713,0.00000000
1632159170.87732935,1,0.55113338,0.00000000
1632159170.97733045,1,0.55355245,0.00000000
1632159171.07729959,1,0.55147390,0.00000000
1632159171.17733097,1,0.55295805,0.00000000
1632159171.27732968,1,0.55762850,0.00000000
1632159171.37733245,1,0.55929859,0.00000000
1632159171.47732854,1,0.56117781,0.00000000
1632159171.57733488,1,0.55917754,0.00000000
1632159171.67732763,1,0.56117168,0.00000000
1632159171.77732849,1,0.59665820,0.00000000
1632159171.87732959,1,0.56276264,0.00000000
1632159171.97732997,1,0.56191755,0.00000000
1632159172.07733011,1,0.56181622,0.00000000
1632159172.17732835,1,0.56165126,0.00000000
1632159172.27732873,1,0.56103212,0.00000000
1632159172.37732840,1,0.56115562,0.00000000
1632159172.47733831,1,0.56014750,0.00000000
1632159172.57732320,1,0.56017916,0.00000000
1632159172.67733169,1,0.55938486,0.00000000
1632159172.77732992,1,0.56032528,0.00000000
1632159172.87729931,1,0.55875726,0.00000000
1632159172.97732782,1,0.55969046,0.00000000
1632159173.07730055,1,0.55862811,0.00000000
1632159173.17733049,1,0.55894751,0.00000000
1632159173.27730370,1,0.55781870,0.00000000
1632159173.37733173,1,0.55907244,0.00000000
1632159173.47732878,1,0.55795206,0.00000000
1632159173.57732797,1,0.55718404,0.00000000
1632159173.67729855,1,0.55818837,0.00000000
1632159173.77732587,1,0.55641405,0.00000000
1632159173.87729979,1,0.55734831,0.00000000
1632159173.97732377,1,0.55602297,0.00000000
1632159174.07732320,1,0.55640533,0.00000000
1632159174.17729902,1,0.55675018,0.00000000
1632159174.27733374,1,0.55571407,0.00000000
1632159174.37733483,1,0.55620364,0.00000000
1632159174.47733355,1,0.55499310,0.00000000
1632159174.57729864,1,0.55606533,0.00000000
1632159174.67732573,1,0.55457453,0.00000000
1632159174.77733111,1,0.55509469,0.00000000
1632159174.87730122,1,0.55529217,0.00000000
1632159174.97730398,1,0.55383876,0.00000000
1632159175.07730246,1,0.55443930,0.00000000
1632159175.17730165,1,0.55442757,0.00000000
1632159175.27730250,1,0.55403328,0.00000000
1632159175.37730241,1,0.55364645,0.00000000
1632159175.47730184,1,0.55303228,0.00000000
1632159175.57730150,1,0.55381992,0.00000000
1632159175.67730212,1,0.55325484,0.00000000
1632159175.77732873,1,0.55275119,0.00000000
1632159175.87730265,1,0.55248048,0.00000000
1632159175.97730064,1,0.55306438,0.00000000
1632159176.07732987,1,0.55254717,0.00000000
1632159176.17732835,1,0.55211346,0.00000000
1632159176.27732825,1,0.55176989,0.00000000
1632159176.37730145,1,0.55240695,0.00000000
1632159176.47730303,1,0.55093986,0.00000000
1632159176.57732940,1,0.55199035,0.00000000
1632159176.67732286,1,0.55162737,0.00000000
1632159176.77732873,1,0.55106971,0.00000000
1632159176.87733197,1,0.55014357,0.00000000
1632159176.97730088,1,0.55152067,0.00000000
1632159177.07733297,1,0.55007169,0.00000000
1632159177.17725825,1,0.55035954,0.00000000
1632159177.27730155,1,0.55068347,0.00000000
1632159177.37732244,1,0.54947206,0.00000000
1632159177.47733617,1,0.54937996,0.00000000
1632159177.57732773,1,0.55045156,0.00000000
1632159177.67732763,1,0.54991257,0.00000000
1632159177.77732754,1,0.54863515,0.00000000
1632159177.87732410,1,0.54960655,0.00000000
1632159177.97732401,1,0.54876551,0.00000000
1632159178.07729936,1,0.54888495,0.00000000
1632159178.17733359,1,0.54935687,0.00000000
1632159178.27732849,1,0.54898747,0.00000000
1632159178.37733006,1,0.54807304,0.00000000
1632159178.47730136,1,0.54811651,0.00000000
1632159178.57730222,1,0.54801530,0.00000000
1632159178.67729855,1,0.54805841,0.00000000
1632159178.77732706,1,0.54807025,0.00000000
1632159178.87730002,1,0.54723747,0.00000000
1632159178.97730088,1,0.54870732,0.00000000
1632159179.07730150,1,0.54725306,0.00000000
1632159179.17729878,1,0.54736808,0.00000000
1632159179.27730083,1,0.54729397,0.00000000
1632159179.37729907,1,0.54652967,0.00000000
1632159179.47730112,1,0.54742611,0.00000000
1632159179.57732987,1,0.54648530,0.00000000
1632159179.67732835,1,0.54665996,0.00000000
1632159179.77729774,1,0.54653177,0.00000000
1632159179.87730241,1,0.54668695,0.00000000
1632159179.97733164,1,0.54570453,0.00000000
1632159180.07732797,1,0.54678072,0.00000000
1632159180.17733002,1,0.59401495,0.00000000
1632159180.27732921,1,0.64174528,0.00000000
1632159180.37732816,1,0.69032984,0.00000000
1632159180.47732806,1,0.73859897,0.00000000
1632159180.57732320,1,0.78589763,0.00000000
1632159180.67732668,1,0.83213902,0.00000000
1632159180.77732944,1,0.90030323,0.00000000
1632159180.87732911,1,0.95098978,0.00000000
1632159180.97732568,1,1.00287051,0.00000000
1632159181.07733297,0,0.00000000,0.00000000
1632159181.17732334,0,0.00000000,0.00000000
1632159181.27733350,0,0.00000000,0.00000000
1632159181.37732816,0,0.00000000,0.00000000
1632159181.47732735,0,0.00000000,0.00000000
1632159181.57732916,0,0.00000000,0.00000000
1632159181.67732930,0,0.00000000,0.00000000
1632159181.77732873,0,0.00000000,0.00000000
1632159181.87733126,0,0.00000000,0.00000000
1632159181.97733140,0,0.00000000,0.00000000
1632159182.07732868,0,0.00000000,0.00000000
1632159182.17733431,0,0.00000000,0.00000000
1632159182.27733159,0,0.00000000,0.00000000
1632159182.37732267,0,0.00000000,0.00000000
1632159182.47732759,0,0.00000000,0.00000000
1632159182.57732892,0,0.00000000,0.00000000
1632159182.67732859,0,0.00000000,0.00000000
1632159182.77732873,0,0.00000000,0.00000000
1632159182.87730050,0,0.00000000,0.00000000
1632159182.97730470,0,0.00000000,0.00000000
1632159183.07730174,0,0.00000000,0.00000000
1632159183.17730188,0,0.00000000,0.00000000
1632159183.27730393,0,0.00000000,0.00000000
1632159183.37732887,0,0.00000000,0.00000000
1632159183.47733188,0,0.00000000,0.00000000
1632159183.57732916,0,0.00000000,0.00000000
1632159183.67732978,0,0.00000000,0.00000000
1632159183.77732825,0,0.00000000,0.00000000
1632159183.87732983,0,0.00000000,0.00000000
1632159183.97732925,0,0.00000000,0.00000000
1632159184.07732964,0,0.00000000,0.00000000
1632159184.17732930,0,0.00000000,0.00000000
1632159184.27732992,0,0.00000000,0.00000000
1632159184.37730265,0,0.00000000,0.00000000
1632159184.47732997,0,0.00000000,0.00000000
1632159184.57733083,0,0.00000000,0.00000000
1632159184.67732787,0,0.00000000,0.00000000
1632159184.77733111,0,0.00000000,0.00000000
1632159184.87732792,0,0.00000000,0.00000000
1632159184.97732759,0,0.00000000,0.00000000
1632159185.07730103,0,0.00000000,0.00000000
1632159185.17730188,0,0.00000000,0.00000000
1632159185.27730274,0,0.00000000,0.00000000
1632159185.37730145,0,0.00000000,0.00000000
1632159185.47730207,0,0.00000000,0.00000000
1632159185.57730174,0,0.00000000,0.00000000
1632159185.67730331,0,0.00000000,0.00000000
1632159185.77730227,0,0.00000000,0.00000000
1632159185.87730217,0,0.00000000,0.00000000
1632159185.97730064,0,0.00000000,0.00000000
1632159186.07730246,0,0.00000000,0.00000000
1632159186.17732906,0,0.00000000,0.00000000
1632159186.27730393,0,0.00000000,0.00000000
1632159186.37730169,0,0.00000000,0.00000000
1632159186.47730088,0,0.00000000,0.00000000
1632159186.57730556,0,0.00000000,0.00000000
1632159186.67730308,0,0.00000000,0.00000000
1632159186.77730155,0,0.00000000,0.00000000
1632159186.87730217,0,0.00000000,0.00000000
1632159186.97730279,0,0.00000000,0.00000000
1632159187.07730341,0,0.00000000,0.00000000
1632159187.17730165,0,0.00000000,0.00000000
1632159187.27730179,0,0.00000000,0.00000000
1632159187.37730217,0,0.00000000,0.00000000
1632159187.47732997,0,0.00000000,0.00000000
1632159187.57730031,0,0.00000000,0.00000000
1632159187.67730093,0,0.00000000,0.00000000
1632159187.77732921,0,0.00000000,0.00000000
1632159187.87730074,0,0.00000000,0.00000000
1632159187.97730136,0,0.00000000,0.00000000
1632159188.07730341,0,0.00000000,0.00000000
1632159188.17730188,0,0.00000000,0.00000000
1632159188.27733684,0,0.00000000,0.00000000
1632159188.37732935,0,0.00000000,0.00000000
1632159188.47732520,0,0.00000000,0.00000000
1632159188.57730174,0,0.00000000,0.00000000
1632159188.67735720,0,0.00000000,0.00000000
1632159188.77733040,0,0.00000000,0.00000000
1632159188.87739444,0,0.00000000,0.00000000
1632159188.97736502,0,0.00000000,0.00000000
1632159189.07736230,0,0.00000000,0.00000000
1632159189.17736173,0,0.00000000,0.00000000
1632159189.27736211,0,0.00000000,0.00000000
1632159189.37736320,0,0.00000000,0.00000000
1632159189.47736049,0,0.00000000,0.00000000
1632159189.57737136,0,0.00000000,0.00000000
1632159189.67730331,0,0.00000000,0.00000000
1632159189.77732921,0,0.00000000,0.00000000
1632159189.87733388,0,0.00000000,0.00000000
1632159189.97733474,0,0.00000000,0.00000000
1632159190.07735801,0,0.00000000,0.00000000
1632159190.17736173,0,0.00000000,0.00000000
1632159190.27734613,0,0.00000000,0.00000000
1632159190.37731481,0,0.00000000,0.00000000
1632159190.47736478,0,0.00000000,0.00000000
1632159190.57733226,0,0.00000000,0.00000000
1632159190.67736936,0,0.00000000,0.00000000
1632159190.77731967,0,0.00000000,0.00000000
1632159190.87736607,0,0.00000000,0.00000000
1632159190.97734475,0,0.00000000,0.00000000
1632159191.07733178,0,0.00000000,0.00000000
1632159191.17741227,0,0.00000000,0.00000000
1632159191.27735829,0,0.00000000,0.00000000
1632159191.37736058,0,0.00000000,0.00000000
1632159191.47736073,0,0.00000000,0.00000000
1632159191.57736158,0,0.00000000,0.00000000
1632159191.67740107,0,0.00000000,0.00000000
1632159191.77735829,0,0.00000000,0.00000000
1632159191.87736416,0,0.00000000,0.00000000
1632159191.97732925,0,0.00000000,0.00000000
1632159192.07736063,0,0.00000000,0.00000000
1632159192.17736506,0,0.00000000,0.00000000
1632159192.27736020,0,0.00000000,0.00000000
1632159192.37735820,0,0.00000000,0.00000000
1632159192.47735929,0,0.00000000,0.00000000
1632159192.57735848,0,0.00000000,0.00000000
1632159192.67736006,0,0.00000000,0.00000000
1632159192.77735806,0,0.00000000,0.00000000
1632159192.87735987,0,0.00000000,0.00000000
1632159192.97736001,0,0.00000000,0.00000000
1632159193.07736039,0,0.00000000,0.00000000
1632159193.17736077,0,0.00000000,0.00000000
1632159193.27735949,0,0.00000000,0.00000000
1632159193.37735844,0,0.00000000,0.00000000
1632159193.47736049,0,0.00000000,0.00000000
1632159193.57735920,0,0.00000000,0.00000000
1632159193.67736244,0,0.00000000,0.00000000
1632159193.77735901,0,0.00000000,0.00000000
1632159193.87736177,0,0.00000000,0.00000000
1632159193.97737885,0,0.00000000,0.00000000
1632159194.07735968,0,0.00000000,0.00000000
1632159194.17733145,0,0.00000000,0.00000000
1632159194.27730536,0,0.00000000,0.00000000
1632159194.37736154,0,0.00000000,0.00000000
1632159194.47736478,0,0.00000000,0.00000000
1632159194.57738948,0,0.00000000,0.00000000
1632159194.67736101,0,0.00000000,0.00000000
1632159194.77741027,0,0.00000000,0.00000000
1632159194.87736034,0,0.00000000,0.00000000
1632159194.97736931,0,0.00000000,0.00000000
1632159195.07735848,0,0.00000000,0.00000000
1632159195.17736125,0,0.00000000,0.00000000
1632159195.27736044,0,0.00000000,0.00000000
1632159195.37736511,0,0.00000000,0.00000000
1632159195.47733474,0,0.00000000,0.00000000
1632159195.57736206,0,0.00000000,0.00000000
1632159195.67736006,0,0.00000000,0.00000000
1632159195.77736115,0,0.00000000,0.00000000
1632159195.87736130,0,0.00000000,0.00000000
1632159195.97736168,0,0.00000000,0.00000000
1632159196.07736111,0,0.00000000,0.00000000
1632159196.17736077,0,0.00000000,0.00000000
1632159196.27736187,0,0.00000000,0.00000000
1632159196.37732363,0,0.00000000,0.00000000
1632159196.47735977,0,0.00000000,0.00000000
1632159196.57736349,0,0.00000000,0.00000000
1632159196.67732692,0,0.00000000,0.00000000
1632159196.77734280,0,0.00000000,0.00000000
1632159196.87736130,0,0.00000000,0.00000000
1632159196.97736168,0,0.00000000,0.00000000
1632159197.07736826,0,0.00000000,0.00000000
1632159197.17736459,0,0.00000000,0.00000000
1632159197.27736020,0,0.00000000,0.00000000
1632159197.37733030,0,0.00000000,0.00000000
1632159197.47736716,0,0.00000000,0.00000000
1632159197.57736683,0,0.00000000,0.00000000
1632159197.67736626,0,0.00000000,0.00000000
1632159197.77736020,0,0.00000000,0.00000000
1632159197.87733507,0,0.00000000,0.00000000
1632159197.97736597,0,0.00000000,0.00000000
1632159198.07736993,0,0.00000000,0.00000000
1632159198.17736363,0,0.00000000,0.00000000
1632159198.27736926,0,0.00000000,0.00000000
1632159198.37736177,0,0.00000000,0.00000000
1632159198.47736502,0,0.00000000,0.00000000
1632159198.57736731,0,0.00000000,0.00000000
1632159198.67736053,0,0.00000000,0.00000000
1632159198.77736282,0,0.00000000,0.00000000
1632159198.87737155,0,0.00000000,0.00000000
1632159198.97736788,0,0.00000000,0.00000000
1632159199.07736754,0,0.00000000,0.00000000
1632159199.17735934,0,0.00000000,0.00000000
1632159199.27736831,0,0.00000000,0.00000000
1632159199.37736368,0,0.00000000,0.00000000
1632159199.47736669,0,0.00000000,0.00000000
1632159199.57736015,0,0.00000000,0.00000000
1632159199.67735982,0,0.00000000,0.00000000
1632159199.77736044,0,0.00000000,0.00000000
1632159199.87736630,0,0.00000000,0.00000000
1632159199.97736835,0,0.00000000,0.00000000
1632159200.07736421,0,0.00000000,0.00000000
1632159200.17736721,0,0.00000000,0.00000000
1632159200.27736926,0,0.00000000,0.00000000
1632159200.37736344,0,0.00000000,0.00000000
1632159200.47736406,0,0.00000000,0.00000000
1632159200.57736349,0,0.00000000,0.00000000
1632159200.67736220,0,0.00000000,0.00000000
1632159200.77736616,0,0.00000000,0.00000000
1632159200.87735987,0,0.00000000,0.00000000
1632159200.97736263,0,0.00000000,0.00000000
1632159201.07731891,0,0.00000000,0.00000000
1632159201.17733312,0,0.00000000,0.00000000
1632159201.27736139,0,0.00000000,0.00000000
1632159201.37736034,0,0.00000000,0.00000000
1632159201.47735929,0,0.00000000,0.00000000
1632159201.57735991,0,0.00000000,0.00000000
1632159201.67736149,0,0.00000000,0.00000000
1632159201.77736187,0,0.00000000,0.00000000
1632159201.87736034,0,0.00000000,0.00000000
1632159201.97737074,0,0.00000000,0.00000000
1632159202.07735991,0,0.00000000,0.00000000
1632159202.17736125,0,0.00000000,0.00000000
1632159202.27736068,0,0.00000000,0.00000000
1632159202.37736082,0,0.00000000,0.00000000
1632159202.47734070,0,0.00000000,0.00000000
1632159202.57736206,0,0.00000000,0.00000000
1632159202.67736292,0,0.00000000,0.00000000
1632159202.77736068,0,0.00000000,0.00000000
1632159202.87736225,0,0.00000000,0.00000000
1632159202.97736073,0,0.00000000,0.00000000
1632159203.07736349,0,0.00000000,0.00000000
1632159203.17736220,0,0.00000000,0.00000000
1632159203.27735996,0,0.00000000,0.00000000
1632159203.37736440,0,0.00000000,0.00000000
1632159203.47736144,0,0.00000000,0.00000000
1632159203.57736707,0,0.00000000,0.00000000
1632159203.67736292,0,0.00000000,0.00000000
1632159203.77732468,0,0.00000000,0.00000000
1632159203.87736130,0,0.00000000,0.00000000
1632159203.97736168,0,0.00000000,0.00000000
1632159204.07736588,0,0.00000000,0.00000000
1632159204.17736268,0,0.00000000,0.00000000
1632159204.27737164,0,0.00000000,0.00000000
1632159204.37736154,0,0.00000000,0.00000000
1632159204.47736120,0,0.00000000,0.00000000
1632159204.57736158,0,0.00000000,0.00000000
1632159204.67736745,0,0.00000000,0.00000000
1632159204.77736211,0,0.00000000,0.00000000
1632159204.87736225,0,0.00000000,0.00000000
1632159204.97736001,0,0.00000000,0.00000000
1632159205.07736540,0,0.00000000,0.00000000
1632159205.17735863,0,0.00000000,0.00000000
1632159205.27736259,0,0.00000000,0.00000000
1632159205.37732530,0,0.00000000,0.00000000
1632159205.47734690,0,0.00000000,0.00000000
1632159205.57735872,0,0.00000000,0.00000000
1632159205.67737222,0,0.00000000,0.00000000
1632159205.77735949,0,0.00000000,0.00000000
1632159205.87735891,0,0.00000000,0.00000000
1632159205.97737408,0,0.00000000,0.00000000
1632159206.07736540,0,0.00000000,0.00000000
1632159206.17735910,0,0.00000000,0.00000000
1632159206.27736092,0,0.00000000,0.00000000
1632159206.37735820,0,0.00000000,0.00000000
1632159206.47736335,0,0.00000000,0.00000000
1632159206.57736039,0,0.00000000,0.00000000
1632159206.67735934,0,0.00000000,0.00000000
1632159206.77736092,0,0.00000000,0.00000000
1632159206.87735891,0,0.00000000,0.00000000
1632159206.97732663,0,0.00000000,0.00000000
1632159207.07735920,0,0.00000000,0.00000000
1632159207.17736220,0,0.00000000,0.00000000
1632159207.27735925,0,0.00000000,0.00000000
1632159207.37736106,0,0.00000000,0.00000000
1632159207.47735858,0,0.00000000,0.00000000
1632159207.57735944,0,0.00000000,0.00000000
1632159207.67735863,0,0.00000000,0.00000000
1632159207.77735853,0,0.00000000,0.00000000
1632159207.87736344,0,0.00000000,0.00000000
1632159207.97735906,0,0.00000000,0.00000000
1632159208.07733583,0,0.00000000,0.00000000
1632159208.17735887,0,0.00000000,0.00000000
1632159208.27735782,0,0.00000000,0.00000000
1632159208.37735939,0,0.00000000,0.00000000
1632159208.47735906,0,0.00000000,0.00000000
1632159208.57735872,0,0.00000000,0.00000000
1632159208.67737007,0,0.00000000,0.00000000
1632159208.77736282,0,0.00000000,0.00000000
1632159208.87735939,0,0.00000000,0.00000000
1632159208.97735953,0,0.00000000,0.00000000
1632159209.07735825,0,0.00000000,0.00000000
1632159209.17736101,0,0.00000000,0.00000000
1632159209.27732921,0,0.00000000,0.00000000
1632159209.37736487,0,0.00000000,0.00000000
1632159209.47735882,0,0.00000000,0.00000000
1632159209.57736492,0,0.00000000,0.00000000
1632159209.67735934,0,0.00000000,0.00000000
1632159209.77735925,0,0.00000000,0.00000000
1632159209.87735820,0,0.00000000,0.00000000
1632159209.97735882,0,0.00000000,0.00000000
1632159210.07736158,0,0.00000000,0.00000000
1632159210.17736173,0,0.00000000,0.00000000
1632159210.27736187,0,0.00000000,0.00000000
1632159210.37736177,0,0.00000000,0.00000000
1632159210.47736025,0,0.00000000,0.00000000
1632159210.57736087,0,0.00000000,0.00000000
1632159210.67738008,0,0.00000000,0.00000000
1632159210.77735972,0,0.00000000,0.00000000
1632159210.87735939,0,0.00000000,0.00000000
1632159210.97736335,0,0.00000000,0.00000000
1632159211.07736015,0,0.00000000,0.00000000
1632159211.17736602,0,0.00000000,0.00000000
1632159211.27735972,0,0.00000000,0.00000000
1632159211.37736511,0,0.00000000,0.00000000
1632159211.47736454,0,0.00000000,0.00000000
1632159211.57735872,0,0.00000000,0.00000000
1632159211.67736149,0,0.00000000,0.00000000
1632159211.77735972,0,0.00000000,0.00000000
1632159211.87736678,0,0.00000000,0.00000000
1632159211.97736382,0,0.00000000,0.00000000
1632159212.07736301,0,0.00000000,0.00000000
1632159212.17736030,0,0.00000000,0.00000000
1632159212.27735925,0,0.00000000,0.00000000
1632159212.37733793,0,0.00000000,0.00000000
1632159212.47735977,0,0.00000000,0.00000000
1632159212.57736111,0,0.00000000,0.00000000
1632159212.67736077,0,0.00000000,0.00000000
1632159212.77735925,0,0.00000000,0.00000000
1632159212.87735987,0,0.00000000,0.00000000
1632159212.97736859,0,0.00000000,0.00000000
1632159213.07732844,0,0.00000000,0.00000000
1632159213.17735434,0,0.00000000,0.00000000
1632159213.27735949,0,0.00000000,0.00000000
1632159213.37735939,0,0.00000000,0.00000000
1632159213.47732568,0,0.00000000,0.00000000
1632159213.57731557,0,0.00000000,0.00000000
1632159213.67736411,0,0.00000000,0.00000000
1632159213.77736020,0,0.00000000,0.00000000
1632159213.87736368,0,0.00000000,0.00000000
1632159213.97736979,0,0.00000000,0.00000000
1632159214.07736063,0,0.00000000,0.00000000
1632159214.17736053,0,0.00000000,0.00000000
1632159214.27735996,0,0.00000000,0.00000000
1632159214.37736297,0,0.00000000,0.00000000
1632159214.47736597,0,0.00000000,0.00000000
1632159214.57737517,0,0.00000000,0.00000000
1632159214.67736268,0,0.00000000,0.00000000
1632159214.77732372,0,0.00000000,0.00000000
1632159214.87732005,0,0.00000000,0.00000000
1632159214.97737384,0,0.00000000,0.00000000
1632159215.07736135,1,1.18346995,0.00000000
1632159215.17736006,1,1.14131421,0.00000000
1632159215.27736020,1,1.09926957,0.00000000
1632159215.37735939,1,0.93299538,0.00000000
1632159215.47735977,1,0.95598926,0.00000000
1632159215.57736444,1,0.91428985,0.00000000
1632159215.67736530,1,0.87276910,0.00000000
1632159215.77737474,1,0.76888773,0.00000000
1632159215.87736034,1,0.66167005,0.00000000
1632159215.97736502,1,0.69116455,0.00000000
1632159216.07736254,1,0.64688764,0.00000000
1632159216.17736697,1,0.54243377,0.00000000
1632159216.27735949,1,0.43336501,0.00000000
1632159216.37737703,1,0.46716558,0.00000000
1632159216.47735023,1,0.35490480,0.00000000
1632159216.57733345,1,0.31059615,0.00000000
1632159216.67735696,1,0.19578509,0.00000000
1632159216.77737927,1,0.23355178,0.00000000
1632159216.87736630,1,0.11739211,0.00000000
1632159216.97736001,1,0.07647924,0.00000000
1632159217.07735944,2,0.00000000,0.00000000
1632159217.17735839,2,0.00000000,0.00000000
1632159217.27735758,2,0.00000000,0.00000000
1632159217.37736702,2,0.00000000,0.00000000
1632159217.47734141,2,0.00000000,0.00000000
1632159217.57732487,2,0.00000000,0.00000000
1632159217.67735720,2,0.00000000,0.00000000
1632159217.77737236,2,0.00000000,0.00000000
1632159217.87735844,2,0.00000000,0.00000000
1632159217.97736239,2,0.00000000,0.00000000
1632159218.07736111,2,0.00000000,0.00000000
1632159218.17737007,2,0.00000000,0.00000000
1632159218.27733588,2,0.00000000,0.00000000
1632159218.37734747,2,0.00000000,0.00000000
1632159218.47731781,2,0.00000000,0.00000000
1632159218.57731891,2,0.00000000,0.00000000
1632159218.67736435,2,0.00000000,0.00000000
1632159218.77737665,2,0.00000000,0.00000000
1632159218.87732887,2,0.00000000,0.00000000
1632159218.97736049,2,0.00000000,0.00000000
1632159219.07736111,2,0.00000000,0.00000000
1632159219.17740393,2,0.00000000,0.00000000
1632159219.27732205,2,0.00000000,0.00000000
1632159219.37736440,2,0.00000000,0.00000000
1632159219.47736573,2,0.00000000,0.00000000
1632159219.57736468,2,0.00000000,0.00000000
1632159219.67735910,2,0.00000000,0.00000000
1632159219.77733517,2,0.00000000,0.00000000
1632159219.87735987,2,0.00000000,0.00000000
1632159219.97737288,2,0.00000000,0.00000000
1632159220.07736921,2,0.00000000,0.00000000
1632159220.17735958,2,0.00000000,0.00000000
1632159220.27735996,2,0.00000000,0.00000000
1632159220.37735820,2,0.00000000,0.00000000
1632159220.47736144,2,0.00000000,0.00000000
1632159220.57735944,2,0.00000000,0.00000000
1632159220.67735958,2,0.00000000,0.00000000
1632159220.77736449,2,0.00000000,0.00000000
1632159220.87735653,2,0.00000000,0.00000000
1632159220.97735763,2,0.00000000,0.00000000
1632159221.07735991,2,0.00000000,0.00000000
1632159221.17735887,2,0.00000000,0.00000000
1632159221.27735901,2,0.00000000,0.00000000
1632159221.37735891,2,0.00000000,0.00000000
1632159221.47735810,2,0.00000000,0.00000000
1632159221.57736683,2,0.00000000,0.00000000
1632159221.67735863,2,0.00000000,0.00000000
1632159221.77735829,2,0.00000000,0.00000000
1632159221.87735891,2,0.00000000,0.00000000
1632159221.97735643,2,0.00000000,0.00000000
1632159222.07735586,2,0.00000000,0.00000000
1632159222.17735934,2,0.00000000,0.00000000
1632159222.27735734,2,0.00000000,0.00000000
1632159222.37733364,2,0.00000000,0.00000000
1632159222.47735715,2,0.00000000,0.00000000
1632159222.57732773,2,0.00000000,0.00000000
1632159222.67735982,2,0.00000000,0.00000000
1632159222.77735758,2,0.00000000,0.00000000
1632159222.87736440,2,0.00000000,0.00000000
1632159222.97736144,2,0.00000000,0.00000000
1632159223.07735920,2,0.00000000,0.00000000
1632159223.17735696,2,0.00000000,0.00000000
1632159223.27735734,2,0.00000000,0.00000000
1632159223.37734509,2,0.00000000,0.00000000
1632159223.47737455,2,0.00000000,0.00000000
1632159223.57736087,2,0.00000000,0.00000000
1632159223.67735720,2,0.00000000,0.00000000
1632159223.77735662,2,0.00000000,0.00000000
1632159223.87736988,2,0.00000000,0.00000000
1632159223.97732544,2,0.00000000,0.00000000
1632159224.07736015,2,0.00000000,0.00000000
1632159224.17735887,2,0.00000000,0.00000000
1632159224.27733684,2,0.00000000,0.00000000
1632159224.37737083,2,0.00000000,0.00000000
1632159224.47737837,2,0.00000000,0.00000000
1632159224.57730818,2,0.00000000,0.00000000
1632159224.67736030,2,0.00000000,0.00000000
1632159224.77736664,2,0.00000000,0.00000000
1632159224.87736583,2,0.00000000,0.00000000
1632159224.97734571,2,0.00000000,0.00000000
1632159225.07736564,2,0.00000000,0.00000000
1632159225.17733598,2,0.00000000,0.00000000
1632159225.27731824,2,0.00000000,0.00000000
1632159225.37734962,2,0.00000000,0.00000000
1632159225.47736979,2,0.00000000,0.00000000
1632159225.57734537,2,0.00000000,0.00000000
1632159225.67735624,2,0.00000000,0.00000000
1632159225.77735901,2,0.00000000,0.00000000
1632159225.87735820,2,0.00000000,0.00000000
1632159225.97736454,2,0.00000000,0.00000000
1632159226.07730579,2,0.00000000,0.00000000
1632159226.17735481,2,0.00000000,0.00000000
1632159226.27735901,2,0.00000000,0.00000000
1632159226.37733102,2,0.00000000,0.00000000
1632159226.47732973,2,0.00000000,0.00000000
1632159226.57733369,2,0.00000000,0.00000000
1632159226.67730403,2,0.00000000,0.00000000
1632159226.77741933,2,0.00000000,0.00000000
1632159226.87733221,2,0.00000000,0.00000000
1632159226.97736454,2,0.00000000,0.00000000
1632159227.07736325,2,0.00000000,0.00000000
1632159227.17736983,2,0.00000000,0.00000000
1632159227.27736044,2,0.00000000,0.00000000
1632159227.37732792,2,0.00000000,0.00000000
1632159227.47735977,2,0.00000000,0.00000000
1632159227.57736278,2,0.00000000,0.00000000
1632159227.67735910,2,0.00000000,0.00000000
1632159227.77735877,2,0.00000000,0.00000000
1632159227.87736106,2,0.00000000,0.00000000
1632159227.97735906,2,0.00000000,0.00000000
1632159228.07735896,2,0.00000000,0.00000000
1632159228.17735839,2,0.00000000,0.00000000
1632159228.27735877,2,0.00000000,0.00000000
1632159228.37736416,2,0.00000000,0.00000000
1632159228.47735810,2,0.00000000,0.00000000
1632159228.57736683,2,0.00000000,0.00000000
1632159228.67736077,2,0.00000000,0.00000000
1632159228.77735829,2,0.00000000,0.00000000
1632159228.87732720,2,0.00000000,0.00000000
1632159228.97732973,2,0.00000000,0.00000000
1632159229.07736135,2,0.00000000,0.00000000
1632159229.17736101,2,0.00000000,0.00000000
1632159229.27736497,2,0.00000000,0.00000000
1632159229.37736344,2,0.00000000,0.00000000
1632159229.47736025,2,0.00000000,0.00000000
1632159229.57737327,2,0.00000000,0.00000000
1632159229.67734051,2,0.00000000,0.00000000
1632159229.77732134,2,0.00000000,0.00000000
1632159229.87731767,2,0.00000000,0.00000000
1632159229.97736168,2,0.00000000,0.00000000
1632159230.07732105,2,0.00000000,0.00000000
1632159230.17736673,2,0.00000000,0.00000000
1632159230.27737689,2,0.00000000,0.00000000
1632159230.37736106,2,0.00000000,0.00000000
1632159230.47735953,2,0.00000000,0.00000000
1632159230.57736540,2,0.00000000,0.00000000
1632159230.67736721,2,0.00000000,0.00000000
1632159230.77736449,2,0.00000000,0.00000000
1632159230.87736082,2,0.00000000,0.00000000
1632159230.97736120,2,0.00000000,0.00000000
1632159231.07735968,2,0.00000000,0.00000000
1632159231.17736006,2,0.00000000,0.00000000
1632159231.27736115,2,0.00000000,0.00000000
1632159231.37736630,2,0.00000000,0.00000000
1632159231.47736478,2,0.00000000,0.00000000
1632159231.57730436,2,0.00000000,0.00000000
1632159231.67732644,2,0.00000000,0.00000000
1632159231.77732778,2,0.00000000,0.00000000
1632159231.87733316,2,0.00000000,0.00000000
1632159231.97737122,2,0.00000000,0.00000000
1632159232.07736230,2,0.00000000,0.00000000
1632159232.17737865,2,0.00000000,0.00000000
1632159232.27736115,2,0.00000000,0.00000000
1632159232.37736297,2,0.00000000,0.00000000
1632159232.47736192,2,0.00000000,0.00000000
1632159232.57735896,2,0.00000000,0.00000000
1632159232.67736077,2,0.00000000,0.00000000
1632159232.77734184,2,0.00000000,0.00000000
1632159232.87735915,2,0.00000000,0.00000000
1632159232.97733521,2,0.00000000,0.00000000
1632159233.07735872,2,0.00000000,0.00000000
1632159233.17736745,2,0.00000000,0.00000000
1632159233.27739906,2,0.00000000,0.00000000
1632159233.37735701,2,0.00000000,0.00000000
1632159233.47736025,2,0.00000000,0.00000000
1632159233.57736063,2,0.00000000,0.00000000
1632159233.67736173,2,0.00000000,0.00000000
1632159233.77736759,2,0.00000000,0.00000000
1632159233.87736320,2,0.00000000,0.00000000
1632159233.97736430,2,0.00000000,0.00000000
1632159234.07735991,2,0.00000000,0.00000000
1632159234.17736173,2,0.00000000,0.00000000
1632159234.27736211,2,0.00000000,0.00000000
1632159234.37736249,2,0.00000000,0.00000000
1632159234.47736049,2,0.00000000,0.00000000
1632159234.57736874,2,0.00000000,0.00000000
1632159234.67736435,2,0.00000000,0.00000000
1632159234.77736306,2,0.00000000,0.00000000
1632159234.87736106,2,0.00000000,0.00000000
1632159234.97736144,2,0.00000000,0.00000000
1632159235.07736278,2,0.00000000,0.00000000
1632159235.17736125,2,0.00000000,0.00000000
1632159235.27736521,2,0.00000000,0.00000000
1632159235.37736511,2,0.00000000,0.00000000
1632159235.47736359,2,0.00000000,0.00000000
1632159235.57736135,2,0.00000000,0.00000000
1632159235.67736435,2,0.00000000,0.00000000
1632159235.77736163,2,0.00000000,0.00000000
1632159235.87736344,2,0.00000000,0.00000000
1632159235.97736120,2,0.00000000,0.00000000
1632159236.07736135,2,0.00000000,0.00000000
1632159236.17736554,2,0.00000000,0.00000000
1632159236.27736568,2,0.00000000,0.00000000
1632159236.37736082,2,0.00000000,0.00000000
1632159236.47736287,2,0.00000000,0.00000000
1632159236.57736468,2,0.00000000,0.00000000
1632159236.67736387,2,0.00000000,0.00000000
1632159236.77736330,2,0.00000000,0.00000000
1632159236.87736011,2,0.00000000,0.00000000
1632159236.97736359,2,0.00000000,0.00000000
1632159237.07736278,2,0.00000000,0.00000000
1632159237.17736149,2,0.00000000,0.00000000
1632159237.27736163,2,0.00000000,0.00000000
1632159237.37736177,2,0.00000000,0.00000000
1632159237.47736001,2,0.00000000,0.00000000
1632159237.57736349,2,0.00000000,0.00000000
1632159237.67736554,2,0.00000000,0.00000000
1632159237.77736354,2,0.00000000,0.00000000
1632159237.87736154,2,0.00000000,0.00000000
1632159237.97736454,2,0.00000000,0.00000000
1632159238.07736659,2,0.00000000,0.00000000
1632159238.17736101,2,0.00000000,0.00000000
1632159238.27733350,2,0.00000000,0.00000000
1632159238.37740350,2,0.00000000,0.00000000
1632159238.47735596,2,0.00000000,0.00000000
1632159238.57732582,2,0.00000000,0.00000000
1632159238.67736769,2,0.00000000,0.00000000
1632159238.77737212,2,0.00000000,0.00000000
1632159238.87736416,2,0.00000000,0.00000000
1632159238.97736692,2,0.00000000,0.00000000
1632159239.07736635,2,0.00000000,0.00000000
1632159239.17736077,2,0.00000000,0.00000000
1632159239.27736664,2,0.00000000,0.00000000
1632159239.37735939,2,0.00000000,0.00000000
1632159239.47736740,2,0.00000000,0.00000000
1632159239.57732201,2,0.00000000,0.00000000
1632159239.67735958,2,0.00000000,0.00000000
1632159239.77735853,2,0.00000000,0.00000000
1632159239.87734437,2,0.00000000,0.00000000
1632159239.97736430,2,0.00000000,0.00000000
1632159240.07736158,2,0.00000000,0.00000000
1632159240.17734146,2,0.00000000,0.00000000
1632159240.27736402,2,0.00000000,0.00000000
1632159240.37736511,2,0.00000000,0.00000000
1632159240.47736669,2,0.00000000,0.00000000
1632159240.57736278,2,0.00000000,0.00000000
1632159240.67736244,2,0.00000000,0.00000000
1632159240.77736068,2,0.00000000,0.00000000
1632159240.87735868,2,0.00000000,0.00000000
1632159240.97736192,2,0.00000000,0.00000000
1632159241.07736111,2,0.00000000,0.00000000
1632159241.17735958,2,0.00000000,0.00000000
1632159241.27736616,2,0.00000000,0.00000000
1632159241.37736058,2,0.00000000,0.00000000
1632159241.47736073,2,0.00000000,0.00000000
1632159241.57736540,2,0.00000000,0.00000000
1632159241.67736268,2,0.00000000,0.00000000
1632159241.77736640,2,0.00000000,0.00000000
1632159241.87736440,2,0.00000000,0.00000000
1632159241.97734165,2,0.00000000,0.00000000
1632159242.07731676,2,0.00000000,0.00000000
1632159242.17737579,2,0.00000000,0.00000000
1632159242.27736235,2,0.00000000,0.00000000
1632159242.37736058,2,0.00000000,0.00000000
1632159242.47736144,2,0.00000000,0.00000000
1632159242.57736516,2,0.00000000,0.00000000
1632159242.67736077,2,0.00000000,0.00000000
1632159242.77736092,2,0.00000000,0.00000000
1632159242.87737107,2,0.00000000,0.00000000
1632159242.97736168,2,0.00000000,0.00000000
1632159243.07735801,2,0.00000000,0.00000000
1632159243.17736387,2,0.00000000,0.00000000
1632159243.27736306,2,0.00000000,0.00000000
1632159243.37731218,2,0.00000000,0.00000000
1632159243.47736311,2,0.00000000,0.00000000
1632159243.57736325,2,0.00000000,0.00000000
1632159243.67736077,2,0.00000000,0.00000000
1632159243.77736044,2,0.00000000,0.00000000
1632159243.87736011,2,0.00000000,0.00000000
1632159243.97736025,2,0.00000000,0.00000000
1632159244.07736301,2,0.00000000,0.00000000
1632159244.17736363,2,0.00000000,0.00000000
1632159244.27736306,2,0.00000000,0.00000000
1632159244.37736392,2,0.00000000,0.00000000
1632159244.47736287,2,0.00000000,0.00000000
1632159244.57736206,2,0.00000000,0.00000000
1632159244.67736435,2,0.00000000,0.00000000
1632159244.77736306,2,0.00000000,0.00000000
1632159244.87736630,2,0.00000000,0.00000000
1632159244.97736001,2,0.00000000,0.00000000
1632159245.07736230,2,0.00000000,0.00000000
1632159245.17736912,2,0.00000000,0.00000000
1632159245.27736783,2,0.00000000,0.00000000
1632159245.37736726,2,0.00000000,0.00000000
1632159245.47736692,2,0.00000000,0.00000000
1632159245.57736707,2,0.00000000,0.00000000
1632159245.67736697,2,0.00000000,0.00000000
1632159245.77736282,2,0.00000000,0.00000000
1632159245.87736917,2,0.00000000,0.00000000
1632159245.97736168,2,0.00000000,0.00000000
1632159246.07737041,2,0.00000000,0.00000000
1632159246.17736816,2,0.00000000,0.00000000
1632159246.27736735,2,0.00000000,0.00000000
1632159246.37737322,2,0.00000000,0.00000000
1632159246.47766972,2,0.00000000,0.00000000
1632159246.57736015,2,0.00000000,0.00000000
1632159246.67732191,2,0.00000000,0.00000000
1632159246.77741289,2,0.00000000,0.00000000
1632159246.87735701,2,0.00000000,0.00000000
1632159246.97736144,2,0.00000000,0.00000000
1632159247.07736135,2,0.00000000,0.00000000
1632159247.17736125,1,0.03958932,0.00000000
1632159247.27736998,1,0.08638619,0.00000000
1632159247.37736344,1,0.21762042,0.00000000
1632159247.47737694,1,0.22477366,0.00000000
1632159247.57736158,1,0.27201201,0.00000000
1632159247.67736101,1,0.31929334,0.00000000
1632159247.77736115,1,0.36761112,0.00000000
1632159247.87736082,1,0.45488638,0.00000000
1632159247.97736073,1,0.46584986,0.00000000
1632159248.07735968,1,0.51582200,0.00000000
1632159248.17736149,1,0.59979818,0.00000000
1632159248.27736044,1,0.68872495,0.00000000
1632159248.37736654,1,0.70140675,0.00000000
1632159248.47736049,1,0.75205117,0.00000000
1632159248.57736778,1,0.80265087,0.00000000
1632159248.67736220,1,0.84666364,0.00000000
1632159248.77736163,1,0.93302623,0.00000000
1632159248.87739253,1,0.94704489,0.00000000
1632159248.97731829,1,1.03276268,0.00000000
1632159249.07736969,0,0.00000000,0.00000000
1632159249.17736697,0,0.00000000,0.00000000
1632159249.27732491,0,0.00000000,0.00000000
1632159249.37736368,0,0.00000000,0.00000000
1632159249.47736335,0,0.00000000,0.00000000
1632159249.57736874,0,0.00000000,0.00000000
1632159249.67736816,0,0.00000000,0.00000000
1632159249.77736068,0,0.00000000,0.00000000
1632159249.87734079,0,0.00000000,0.00000000
1632159249.97736621,0,0.00000000,0.00000000
1632159250.07736087,0,0.00000000,0.00000000
1632159250.17733026,0,0.00000000,0.00000000
1632159250.27737284,0,0.00000000,0.00000000
1632159250.37736368,0,0.00000000,0.00000000
1632159250.47734118,0,0.00000000,0.00000000
1632159250.57736659,0,0.00000000,0.00000000
1632159250.67739129,0,0.00000000,0.00000000
1632159250.77730131,0,0.00000000,0.00000000
1632159250.87736201,0,0.00000000,0.00000000
1632159250.97736621,0,0.00000000,0.00000000
1632159251.07736015,0,0.00000000,0.00000000
1632159251.17731357,0,0.00000000,0.00000000
1632159251.27733445,0,0.00000000,0.00000000
1632159251.37733388,0,0.00000000,0.00000000
1632159251.47733402,0,0.00000000,0.00000000
1632159251.57732964,0,0.00000000,0.00000000
1632159251.67731786,0,0.00000000,0.00000000
1632159251.77732396,0,0.00000000,0.00000000
1632159251.87736273,0,0.00000000,0.00000000
1632159251.97736359,0,0.00000000,0.00000000
1632159252.07736278,0,0.00000000,0.00000000
1632159252.17736292,0,0.00000000,0.00000000
1632159252.27736092,0,0.00000000,0.00000000
1632159252.37732458,0,0.00000000,0.00000000
1632159252.47733831,0,0.00000000,0.00000000
1632159252.57736659,0,0.00000000,0.00000000
1632159252.67737103,0,0.00000000,0.00000000
1632159252.77735782,0,0.00000000,0.00000000
1632159252.87736130,0,0.00000000,0.00000000
1632159252.97736144,0,0.00000000,0.00000000
1632159253.07736087,0,0.00000000,0.00000000
1632159253.17736506,0,0.00000000,0.00000000
1632159253.27736139,0,0.00000000,0.00000000
1632159253.37736249,0,0.00000000,0.00000000
1632159253.47736144,0,0.00000000,0.00000000
1632159253.57736015,0,0.00000000,0.00000000
1632159253.67736006,0,0.00000000,0.00000000
1632159253.77737069,0,0.00000000,0.00000000
1632159253.87736058,0,0.00000000,0.00000000
1632159253.97736049,0,0.00000000,0.00000000
1632159254.07736230,0,0.00000000,0.00000000
1632159254.17736030,0,0.00000000,0.00000000
1632159254.27736592,0,0.00000000,0.00000000
1632159254.37736058,0,0.00000000,0.00000000
1632159254.47734737,0,0.00000000,0.00000000
1632159254.57734346,0,0.00000000,0.00000000
1632159254.67734432,0,0.00000000,0.00000000
1632159254.77735829,0,0.00000000,0.00000000
1632159254.87735963,0,0.00000000,0.00000000
1632159254.97735977,0,0.00000000,0.00000000
1632159255.07736278,0,0.00000000,0.00000000
1632159255.17736316,0,0.00000000,0.00000000
1632159255.27737212,0,0.00000000,0.00000000
1632159255.37737584,0,0.00000000,0.00000000
1632159255.47734571,0,0.00000000,0.00000000
1632159255.57736874,0,0.00000000,0.00000000
1632159255.67736363,0,0.00000000,0.00000000
1632159255.77736235,0,0.00000000,0.00000000
1632159255.87736177,0,0.00000000,0.00000000
1632159255.97736764,0,0.00000000,0.00000000
1632159256.07736373,0,0.00000000,0.00000000
1632159256.17736220,0,0.00000000,0.00000000
1632159256.27736163,0,0.00000000,0.00000000
1632159256.37736893,0,0.00000000,0.00000000
1632159256.47736764,0,0.00000000,0.00000000
1632159256.57736301,0,0.00000000,0.00000000
1632159256.67736220,0,0.00000000,0.00000000
1632159256.77736330,0,0.00000000,0.00000000
1632159256.87736177,0,0.00000000,0.00000000
1632159256.97737288,0,0.00000000,0.00000000
1632159257.07736230,0,0.00000000,0.00000000
1632159257.17736197,0,0.00000000,0.00000000
1632159257.27736282,0,0.00000000,0.00000000
1632159257.37736225,0,0.00000000,0.00000000
1632159257.47736120,0,0.00000000,0.00000000
1632159257.57736278,0,0.00000000,0.00000000
1632159257.67736197,0,0.00000000,0.00000000
1632159257.77736592,0,0.00000000,0.00000000
1632159257.87736154,0,0.00000000,0.00000000
1632159257.97736216,0,0.00000000,0.00000000
1632159258.07736826,0,0.00000000,0.00000000
1632159258.17737007,0,0.00000000,0.00000000
1632159258.27736235,0,0.00000000,0.00000000
1632159258.37736297,0,0.00000000,0.00000000
1632159258.47736049,0,0.00000000,0.00000000
1632159258.57734275,0,0.00000000,0.00000000
1632159258.67736220,0,0.00000000,0.00000000
1632159258.77736378,0,0.00000000,0.00000000
1632159258.87736249,0,0.00000000,0.00000000
1632159258.97738266,0,0.00000000,0.00000000
1632159259.07736373,0,0.00000000,0.00000000
1632159259.17736125,0,0.00000000,0.00000000
1632159259.27736235,0,0.00000000,0.00000000
1632159259.37736511,0,0.00000000,0.00000000
1632159259.47735929,0,0.00000000,0.00000000
1632159259.57736540,0,0.00000000,0.00000000
1632159259.67736244,0,0.00000000,0.00000000
1632159259.77736330,0,0.00000000,0.00000000
1632159259.87736154,0,0.00000000,0.00000000
1632159259.97736406,0,0.00000000,0.00000000
1632159260.07736230,0,0.00000000,0.00000000
1632159260.17736101,0,0.00000000,0.00000000
1632159260.27736020,0,0.00000000,0.00000000
1632159260.37736392,0,0.00000000,0.00000000
1632159260.47736621,0,0.00000000,0.00000000
1632159260.57736087,0,0.00000000,0.00000000
1632159260.67736769,0,0.00000000,0.00000000
1632159260.77736187,0,0.00000000,0.00000000
1632159260.87736344,0,0.00000000,0.00000000
1632159260.97734332,0,0.00000000,0.00000000
1632159261.07735825,0,0.00000000,0.00000000
1632159261.17736030,0,0.00000000,0.00000000
1632159261.27735972,0,0.00000000,0.00000000
1632159261.37736344,0,0.00000000,0.00000000
1632159261.47736120,0,0.00000000,0.00000000
1632159261.57735968,0,0.00000000,0.00000000
1632159261.67736816,0,0.00000000,0.00000000
1632159261.77736020,0,0.00000000,0.00000000
1632159261.87736273,0,0.00000000,0.00000000
1632159261.97735858,0,0.00000000,0.00000000
1632159262.07735753,0,0.00000000,0.00000000
1632159262.17736053,0,0.00000000,0.00000000
1632159262.27735806,0,0.00000000,0.00000000
1632159262.37735987,0,0.00000000,0.00000000
1632159262.47735953,0,0.00000000,0.00000000
1632159262.57736468,0,0.00000000,0.00000000
1632159262.67736363,0,0.00000000,0.00000000
1632159262.77736044,0,0.00000000,0.00000000
1632159262.87736058,0,0.00000000,0.00000000
1632159262.97737026,0,0.00000000,0.00000000
1632159263.07737136,0,0.00000000,0.00000000
1632159263.17736244,0,0.00000000,0.00000000
1632159263.27736688,0,0.00000000,0.00000000
1632159263.37737656,0,0.00000000,0.00000000
1632159263.47741652,0,0.00000000,0.00000000
1632159263.57732797,0,0.00000000,0.00000000
1632159263.67736411,0,0.00000000,0.00000000
1632159263.77735662,0,0.00000000,0.00000000
1632159263.87736940,0,0.00000000,0.00000000
1632159263.97736740,0,0.00000000,0.00000000
1632159264.07736015,0,0.00000000,0.00000000
1632159264.17736197,0,0.00000000,0.00000000
1632159264.27735996,0,0.00000000,0.00000000
1632159264.37736320,0,0.00000000,0.00000000
1632159264.47736382,0,0.00000000,0.00000000
1632159264.57736182,0,0.00000000,0.00000000
1632159264.67736006,0,0.00000000,0.00000000
1632159264.77736831,0,0.00000000,0.00000000
1632159264.87737703,0,0.00000000,0.00000000
1632159264.97731376,0,0.00000000,0.00000000
1632159265.07736540,0,0.00000000,0.00000000
1632159265.17736459,0,0.00000000,0.00000000
1632159265.27736044,0,0.00000000,0.00000000
1632159265.37735963,0,0.00000000,0.00000000
1632159265.47737551,0,0.00000000,0.00000000
1632159265.57736158,0,0.00000000,0.00000000
1632159265.67736125,0,0.00000000,0.00000000
1632159265.77736020,0,0.00000000,0.00000000
1632159265.87736154,0,0.00000000,0.00000000
1632159265.97734284,0,0.00000000,0.00000000
1632159266.07736301,0,0.00000000,0.00000000
1632159266.17735982,0,0.00000000,0.00000000
1632159266.27736092,0,0.00000000,0.00000000
1632159266.37736177,0,0.00000000,0.00000000
1632159266.47736073,0,0.00000000,0.00000000
1632159266.57736278,0,0.00000000,0.00000000
1632159266.67735958,0,0.00000000,0.00000000
1632159266.77735972,0,0.00000000,0.00000000
1632159266.87735963,0,0.00000000,0.00000000
1632159266.97736073,0,0.00000000,0.00000000
1632159267.07735991,0,0.00000000,0.00000000
1632159267.17736363,0,0.00000000,0.00000000
1632159267.27736473,0,0.00000000,0.00000000
1632159267.37736058,0,0.00000000,0.00000000
1632159267.47736001,0,0.00000000,0.00000000
1632159267.57736087,0,0.00000000,0.00000000
1632159267.67736053,0,0.00000000,0.00000000
1632159267.77735829,0,0.00000000,0.00000000
1632159267.87736011,0,0.00000000,0.00000000
1632159267.97731543,0,0.00000000,0.00000000
1632159268.07733822,0,0.00000000,0.00000000
1632159268.17733812,0,0.00000000,0.00000000
1632159268.27731323,0,0.00000000,0.00000000
1632159268.37735629,0,0.00000000,0.00000000
1632159268.47735691,0,0.00000000,0.00000000
1632159268.57736373,0,0.00000000,0.00000000
1632159268.67736316,0,0.00000000,0.00000000
1632159268.77733421,0,0.00000000,0.00000000
1632159268.87731671,0,0.00000000,0.00000000
1632159268.97737241,0,0.00000000,0.00000000
1632159269.07736444,0,0.00000000,0.00000000
1632159269.17735982,0,0.00000000,0.00000000
1632159269.27736259,0,0.00000000,0.00000000
1632159269.37736130,0,0.00000000,0.00000000
1632159269.47736049,0,0.00000000,0.00000000
1632159269.57736158,0,0.00000000,0.00000000
1632159269.67732906,0,0.00000000,0.00000000
1632159269.77732277,0,0.00000000,0.00000000
1632159269.87736106,0,0.00000000,0.00000000
1632159269.97736073,0,0.00000000,0.00000000
1632159270.07731080,0,0.00000000,0.00000000
1632159270.17736483,0,0.00000000,0.00000000
1632159270.27736330,0,0.00000000,0.00000000
1632159270.37736535,0,0.00000000,0.00000000
1632159270.47736430,0,0.00000000,0.00000000
1632159270.57731795,0,0.00000000,0.00000000
1632159270.67737460,0,0.00000000,0.00000000
1632159270.77731895,0,0.00000000,0.00000000
1632159270.87737608,0,0.00000000,0.00000000
1632159270.97735858,0,0.00000000,0.00000000
1632159271.07733178,0,0.00000000,0.00000000
1632159271.17734981,0,0.00000000,0.00000000
1632159271.27733827,0,0.00000000,0.00000000
1632159271.37731504,0,0.00000000,0.00000000
1632159271.47736716,0,0.00000000,0.00000000
1632159271.57735753,0,0.00000000,0.00000000
1632159271.67735720,0,0.00000000,0.00000000
1632159271.77732110,0,0.00000000,0.00000000
1632159271.87733436,0,0.00000000,0.00000000
1632159271.97733855,0,0.00000000,0.00000000
1632159272.07735705,0,0.00000000,0.00000000
1632159272.17735887,1,0.95049324,0.00000000
1632159272.27736020,1,0.90050259,0.00000000
1632159272.37736106,1,0.85051194,0.00000000
1632159272.47732639,1,0.80052128,0.00000000
1632159272.57736969,1,0.75053110,0.00000000
1632159272.67733526,1,0.70054093,0.00000000
1632159272.77736473,1,0.65055130,0.00000000
1632159272.87736726,1,0.60347205,0.00000000
1632159272.97737169,1,0.55639352,0.00000000
1632159273.07736015,1,0.50980045,0.00000000
1632159273.17735696,1,0.51223027,0.00000000
1632159273.27730775,1,0.51347193,0.00000000
1632159273.37736273,1,0.51167248,0.00000000
1632159273.47736239,1,0.51555609,0.00000000
1632159273.57733417,1,0.51847308,0.00000000
1632159273.67730308,1,0.51554861,0.00000000
1632159273.77736139,1,0.51167148,0.00000000
1632159273.87737966,1,0.51507334,0.00000000
1632159273.97735834,1,0.51892908,0.00000000
1632159274.07732844,1,0.52038922,0.00000000
1632159274.17730546,1,0.52427816,0.00000000
1632159274.27734137,1,0.52378021,0.00000000
1632159274.37734103,1,0.52330492,0.00000000
1632159274.47736621,1,0.52377685,0.00000000
1632159274.57735920,1,0.52330108,0.00000000
1632159274.67736125,1,0.52328932,0.00000000
1632159274.77734828,1,0.52281064,0.00000000
1632159274.87735748,1,0.52233512,0.00000000
1632159274.97730660,1,0.52232122,0.00000000
1632159275.07741308,1,0.52184557,0.00000000
1632159275.17733192,1,0.52134649,0.00000000
1632159275.27731967,1,0.52135521,0.00000000
1632159275.37736487,1,0.52182801,0.00000000
1632159275.47737002,1,0.52134894,0.00000000
1632159275.57735920,1,0.52135765,0.00000000
1632159275.67735791,1,0.52085984,0.00000000
1632159275.77736497,1,0.52038050,0.00000000
1632159275.87735987,1,0.52038896,0.00000000
1632159275.97736263,1,0.51940443,0.00000000
1632159276.07735968,1,0.52038279,0.00000000
1632159276.17736125,1,0.51988473,0.00000000
1632159276.27735877,1,0.51940512,0.00000000
1632159276.37735820,1,0.51941335,0.00000000
1632159276.47734904,1,0.51843001,0.00000000
1632159276.57736659,1,0.51940472,0.00000000
1632159276.67733049,1,0.51844285,0.00000000
1632159276.77732897,1,0.51842938,0.00000000
1632159276.87735748,1,0.51891947,0.00000000
1632159276.97736096,1,0.51747197,0.00000000
1632159277.07731891,1,0.51842835,0.00000000
1632159277.17731690,1,0.51746278,0.00000000
1632159277.27738714,1,0.51747057,0.00000000
1632159277.37737489,1,0.51745636,0.00000000
1632159277.47733831,1,0.51746115,0.00000000
1632159277.57733941,1,0.51746845,0.00000000
1632159277.67737007,1,0.51648458,0.00000000
1632159277.77738500,1,0.51648862,0.00000000
1632159277.87730312,1,0.51649571,0.00000000
1632159277.97733402,1,0.51648125,0.00000000
1632159278.07733464,1,0.51648500,0.00000000
1632159278.17733002,1,0.46650357,0.00000000
1632159278.27736187,1,0.41551970,0.00000000
1632159278.37738132,1,0.36553623,0.00000000
1632159278.47738743,1,0.31555226,0.00000000
1632159278.57740140,1,0.26557071,0.00000000
1632159278.67736197,1,0.21411201,0.00000000
1632159278.77739215,1,0.16461365,0.00000000
1632159278.87735677,1,0.11366224,0.00000000
1632159278.97733212,1,0.06462837,0.00000000
1632159279.07732534,1,0.01367642,0.00000000
1632159279.17733097,2,0.00000000,0.00000000
1632159279.27736259,2,0.00000000,0.00000000
1632159279.37730932,2,0.00000000,0.00000000
1632159279.47735572,2,0.00000000,0.00000000
1632159279.57733679,2,0.00000000,0.00000000
1632159279.67742205,2,0.00000000,0.00000000
1632159279.77733994,2,0.00000000,0.00000000
1632159279.87730217,2,0.00000000,0.00000000
1632159279.97732902,2,0.00000000,0.00000000
1632159280.07739878,2,0.00000000,0.00000000
1632159280.17736363,2,0.00000000,0.00000000
1632159280.27735853,2,0.00000000,0.00000000
1632159280.37736249,2,0.00000000,0.00000000
1632159280.47736430,2,0.00000000,0.00000000
1632159280.57731390,2,0.00000000,0.00000000
1632159280.67733121,2,0.00000000,0.00000000
1632159280.77733588,2,0.00000000,0.00000000
1632159280.87738609,2,0.00000000,0.00000000
1632159280.97736740,2,0.00000000,0.00000000
1632159281.07733536,2,0.00000000,0.00000000
1632159281.17730188,2,0.00000000,0.00000000
1632159281.27732921,2,0.00000000,0.00000000
1632159281.37731338,2,0.00000000,0.00000000
1632159281.47737908,2,0.00000000,0.00000000
1632159281.57736373,2,0.00000000,0.00000000
1632159281.67741561,2,0.00000000,0.00000000
1632159281.77735734,2,0.00000000,0.00000000
1632159281.87736320,2,0.00000000,0.00000000
1632159281.97735262,2,0.00000000,0.00000000
1632159282.07735729,2,0.00000000,0.00000000
1632159282.17735863,2,0.00000000,0.00000000
1632159282.27738309,2,0.00000000,0.00000000
1632159282.37735868,2,0.00000000,0.00000000
1632159282.47736168,2,0.00000000,0.00000000
1632159282.57735968,2,0.00000000,0.00000000
1632159282.67735863,2,0.00000000,0.00000000
1632159282.77736163,2,0.00000000,0.00000000
1632159282.87736177,2,0.00000000,0.00000000
1632159282.97737026,2,0.00000000,0.00000000
1632159283.07735944,2,0.00000000,0.00000000
1632159283.17736077,2,0.00000000,0.00000000
1632159283.27736473,2,0.00000000,0.00000000
1632159283.37735891,2,0.00000000,0.00000000
1632159283.47735953,2,0.00000000,0.00000000
1632159283.57737970,2,0.00000000,0.00000000
1632159283.67731309,2,0.00000000,0.00000000
1632159283.77736259,2,0.00000000,0.00000000
1632159283.87735748,2,0.00000000,0.00000000
1632159283.97736573,2,0.00000000,0.00000000
1632159284.07736635,2,0.00000000,0.00000000
1632159284.17736602,2,0.00000000,0.00000000
1632159284.27732587,2,0.00000000,0.00000000
1632159284.37732863,2,0.00000000,0.00000000
1632159284.47735906,2,0.00000000,0.00000000
1632159284.57735634,2,0.00000000,0.00000000
1632159284.67736340,2,0.00000000,0.00000000
1632159284.77733397,2,0.00000000,0.00000000
1632159284.87735724,2,0.00000000,0.00000000
1632159284.97735739,2,0.00000000,0.00000000
1632159285.07735682,2,0.00000000,0.00000000
1632159285.17735910,2,0.00000000,0.00000000
1632159285.27736115,2,0.00000000,0.00000000
1632159285.37730455,2,0.00000000,0.00000000
1632159285.47732759,2,0.00000000,0.00000000
1632159285.57733798,2,0.00000000,0.00000000
1632159285.67736721,2,0.00000000,0.00000000
1632159285.77735996,2,0.00000000,0.00000000
1632159285.87735820,2,0.00000000,0.00000000
1632159285.97735834,2,0.00000000,0.00000000
1632159286.07738471,2,0.00000000,0.00000000
1632159286.17736459,2,0.00000000,0.00000000
1632159286.27735615,2,0.00000000,0.00000000
1632159286.37735963,2,0.00000000,0.00000000
1632159286.47736073,2,0.00000000,0.00000000
1632159286.57736135,2,0.00000000,0.00000000
1632159286.67736578,2,0.00000000,0.00000000
1632159286.77736163,2,0.00000000,0.00000000
1632159286.87735915,2,0.00000000,0.00000000
1632159286.97735929,2,0.00000000,0.00000000
1632159287.07736230,2,0.00000000,0.00000000
1632159287.17737675,2,0.00000000,0.00000000
1632159287.27735877,2,0.00000000,0.00000000
1632159287.37736297,2,0.00000000,0.00000000
1632159287.47736263,2,0.00000000,0.00000000
1632159287.57736278,2,0.00000000,0.00000000
1632159287.67735887,2,0.00000000,0.00000000
1632159287.77738309,2,0.00000000,0.00000000
1632159287.87733269,2,0.00000000,0.00000000
1632159287.97737455,2,0.00000000,0.00000000
1632159288.07738447,2,0.00000000,0.00000000
1632159288.17736316,2,0.00000000,0.00000000
1632159288.27735829,2,0.00000000,0.00000000
1632159288.37735820,2,0.00000000,0.00000000
1632159288.47732091,2,0.00000000,0.00000000
1632159288.57736754,2,0.00000000,0.00000000
1632159288.67736363,2,0.00000000,0.00000000
1632159288.77736139,2,0.00000000,0.00000000
1632159288.87736177,2,0.00000000,0.00000000
1632159288.97736454,2,0.00000000,0.00000000
1632159289.07736683,2,0.00000000,0.00000000
1632159289.17736101,2,0.00000000,0.00000000
1632159289.27736282,2,0.00000000,0.00000000
1632159289.37736440,2,0.00000000,0.00000000
1632159289.47737455,2,0.00000000,0.00000000
1632159289.57736897,2,0.00000000,0.00000000
1632159289.67736125,2,0.00000000,0.00000000
1632159289.77736330,2,0.00000000,0.00000000
1632159289.87736201,2,0.00000000,0.00000000
1632159289.97736740,2,0.00000000,0.00000000
1632159290.07733750,2,0.00000000,0.00000000
1632159290.17732882,2,0.00000000,0.00000000
1632159290.27733636,2,0.00000000,0.00000000
1632159290.37735868,2,0.00000000,0.00000000
1632159290.47736192,2,0.00000000,0.00000000
1632159290.57736206,2,0.00000000,0.00000000
1632159290.67736602,2,0.00000000,0.00000000
1632159290.77737284,2,0.00000000,0.00000000
1632159290.87732339,2,0.00000000,0.00000000
1632159290.97736335,2,0.00000000,0.00000000
1632159291.07736135,2,0.00000000,0.00000000
1632159291.17736435,2,0.00000000,0.00000000
1632159291.27735996,2,0.00000000,0.00000000
1632159291.37732983,2,0.00000000,0.00000000
1632159291.47738266,2,0.00000000,0.00000000
1632159291.57743621,2,0.00000000,0.00000000
1632159291.67737222,2,0.00000000,0.00000000
1632159291.77736139,2,0.00000000,0.00000000
1632159291.87736034,2,0.00000000,0.00000000
1632159291.97735119,2,0.00000000,0.00000000
1632159292.07735920,2,0.00000000,0.00000000
1632159292.17741656,2,0.00000000,0.00000000
1632159292.27735901,2,0.00000000,0.00000000
1632159292.37736368,2,0.00000000,0.00000000
1632159292.47736120,2,0.00000000,0.00000000
1632159292.57736063,2,0.00000000,0.00000000
1632159292.67733240,2,0.00000000,0.00000000
1632159292.77735996,2,0.00000000,0.00000000
1632159292.87737846,2,0.00000000,0.00000000
1632159292.97736478,2,0.00000000,0.00000000
1632159293.07732606,2,0.00000000,0.00000000
1632159293.17735958,2,0.00000000,0.00000000
1632159293.27736187,2,0.00000000,0.00000000
1632159293.37735987,2,0.00000000,0.00000000
1632159293.47736192,2,0.00000000,0.00000000
1632159293.57736349,2,0.00000000,0.00000000
1632159293.67736197,2,0.00000000,0.00000000
1632159293.77736568,2,0.00000000,0.00000000
1632159293.87736368,2,0.00000000,0.00000000
1632159293.97732377,2,0.00000000,0.00000000
1632159294.07736063,2,0.00000000,0.00000000
1632159294.17736340,2,0.00000000,0.00000000
1632159294.27741051,2,0.00000000,0.00000000
1632159294.37737036,2,0.00000000,0.00000000
1632159294.47738338,2,0.00000000,0.00000000
1632159294.57736683,2,0.00000000,0.00000000
