Seconds, Linear Velocity, Angular Velocitiy,X,Y
1632313385.99496841,0.00000000,0.00000000,0.00000000,0.00000000
1632313386.07769799,0.00000000,0.00000000,0.00000000,0.00000000
1632313386.17871237,0.00000000,0.00000000,0.00000000,0.00000000
1632313386.27956963,0.00000000,0.00000000,0.00000000,0.00000000
1632313386.37924647,0.00000000,0.00000000,0.00000000,0.00000000
1632313386.47901797,0.00000000,0.00000000,0.00000000,0.00000000
1632313386.57879925,0.00000000,0.00000000,0.00000000,0.00000000
1632313386.67946935,0.00000000,0.00000000,0.00000000,0.00000000
1632313386.77917528,0.00000000,0.00000000,0.00000000,0.00000000
1632313386.87890291,0.00000000,0.00000000,0.00000000,0.00000000
1632313386.97955012,0.00000000,0.00000000,0.00000000,0.00000000
1632313387.07927513,0.00000000,0.00000000,0.00000000,0.00000000
1632313387.17897105,0.00000000,0.00000000,0.00000000,0.00000000
1632313387.27970433,0.00000000,0.00000000,0.00000000,0.00000000
1632313387.38044930,0.00000000,0.00000000,0.00000000,0.00000000
1632313387.48013330,0.00000000,0.00000000,0.00000000,0.00000000
1632313387.57980680,0.00000000,0.00000000,0.00000000,0.00000000
1632313387.68050742,0.00000000,0.00000000,0.00000000,0.00000000
1632313387.78015637,0.00000000,0.00000000,0.00000000,0.00000000
1632313387.87987137,0.00000000,0.00000000,0.00000000,0.00000000
1632313387.98054457,0.00000000,0.00000000,0.00000000,0.00000000
1632313388.08022428,0.00000000,0.00000000,0.00000000,0.00000000
1632313388.18042898,0.00000000,0.00000000,0.00000000,0.00000000
1632313388.28099823,0.00000000,0.00000000,0.00000000,0.00000000
1632313388.38063669,0.00000000,0.00000000,0.00000000,0.00000000
1632313388.48117948,0.00000000,0.00000000,0.00000000,0.00000000
1632313388.58108377,0.00000000,0.00000000,0.00000000,0.00000000
1632313388.68124771,0.00000000,0.00000000,0.00000000,0.00000000
1632313388.78156781,0.00000000,0.00000000,0.00000000,0.00000000
1632313388.88144374,0.00000000,0.00000000,0.00000000,0.00000000
1632313388.98128557,0.00000000,0.00000000,0.00000000,0.00000000
1632313389.08114100,0.00000000,0.00000000,0.00000000,0.00000000
1632313389.18106103,0.00000000,0.00000000,0.00000000,0.00000000
1632313389.28077459,0.00000000,0.00000000,0.00000000,0.00000000
1632313389.38142920,0.00000000,0.00000000,0.00000000,0.00000000
1632313389.48205829,0.00000000,0.00000000,0.00000000,0.00000000
1632313389.58177829,0.00000000,0.00000000,0.00000000,0.00000000
1632313389.68263626,0.00000000,0.00000000,0.00000000,0.00000000
1632313389.78196716,0.00000000,0.00000000,0.00000000,0.00000000
1632313389.88217664,0.00000000,0.00000000,0.00000000,0.00000000
1632313389.98192620,0.00000000,0.00000000,0.00000000,0.00000000
1632313390.08265233,0.00000000,0.00000000,0.00000000,0.00000000
1632313390.18335199,0.00000000,0.00000000,0.00000000,0.00000000
1632313390.28298903,0.00000000,0.00000000,0.00000000,0.00000000
1632313390.38271141,0.00000000,0.00000000,0.00000000,0.00000000
1632313390.48321295,0.00000000,0.00000000,0.00000000,0.00000000
1632313390.58283043,0.00000000,0.00000000,0.00000000,0.00000000
1632313390.68340755,0.00000000,0.00000000,0.00000000,0.00000000
1632313390.78398561,0.00000000,0.00000000,0.00000000,0.00000000
1632313390.88447881,0.00000000,0.00000000,0.00000000,0.00000000
1632313390.98524523,0.00000000,0.00000000,0.00000000,0.00000000
1632313391.08521795,0.00000000,0.00000000,0.00000000,0.00000000
1632313391.18473959,0.00000000,0.00000000,0.00000000,0.00000000
1632313391.28542089,0.00000000,0.00000000,0.00000000,0.00000000
1632313391.38507247,0.00000000,0.00000000,0.00000000,0.00000000
1632313391.48488617,0.00000000,0.00000000,0.00000000,0.00000000
1632313391.58505440,0.00000000,0.00000000,0.00000000,0.00000000
1632313391.68460488,0.00000000,0.00000000,0.00000000,0.00000000
1632313391.78536367,0.00000000,0.00000000,0.00000000,0.00000000
1632313391.88487482,0.00000000,0.00000000,0.00000000,0.00000000
1632313391.98540711,0.00000000,0.00000000,0.00000000,0.00000000
1632313392.08500457,0.00000000,0.00000000,0.00000000,0.00000000
1632313392.18488884,0.00000000,0.00000000,0.00000000,0.00000000
1632313392.28560567,0.00000000,0.00000000,0.00000000,0.00000000
1632313392.38521910,0.00000000,0.00000000,0.00000000,0.00000000
1632313392.48496437,0.00000000,0.00000000,0.00000000,0.00000000
1632313392.58494210,0.00000000,0.00000000,0.00000000,0.00000000
1632313392.68454671,0.00000000,0.00000000,0.00000000,0.00000000
1632313392.78543305,0.00000000,0.00000000,0.00000000,0.00000000
1632313392.88607025,0.00000000,0.00000000,0.00000000,0.00000000
1632313392.98559976,0.00000000,0.00000000,0.00000000,0.00000000
1632313393.08633256,0.00000000,0.00000000,0.00000000,0.00000000
1632313393.18597579,0.00000000,0.00000000,0.00000000,0.00000000
1632313393.28578520,0.00000000,0.00000000,0.00000000,0.00000000
1632313393.38653374,0.00000000,0.00000000,0.00000000,0.00000000
1632313393.48653960,0.00000000,0.00000000,0.00000000,0.00000000
1632313393.58627653,0.00000000,0.00000000,0.00000000,0.00000000
1632313393.68629241,0.00000000,0.00000000,0.00000000,0.00000000
1632313393.78601480,0.00000000,0.00000000,0.00000000,0.00000000
1632313393.88565493,0.00000000,0.00000000,0.00000000,0.00000000
1632313393.98615932,0.00000000,0.00000000,0.00000000,0.00000000
1632313394.08576202,0.00000000,0.00000000,0.00000000,0.00000000
1632313394.18638015,0.00000000,0.00000000,0.00000000,0.00000000
1632313394.28601408,0.00000000,0.00000000,0.00000000,0.00000000
1632313394.38559914,0.00000000,0.00000000,0.00000000,0.00000000
1632313394.48624182,0.00000000,0.00000000,0.00000000,0.00000000
1632313394.58601952,0.00000000,0.00000000,0.00000000,0.00000000
1632313394.68560648,0.00000000,0.00000000,0.00000000,0.00000000
1632313394.78622198,0.00000000,0.00000000,0.00000000,0.00000000
1632313394.88606715,0.00000000,0.00000000,0.00000000,0.00000000
1632313394.98606730,0.00000000,0.00000000,0.00000000,0.00000000
1632313395.08586550,0.00000000,0.00000000,0.00000000,0.00000000
1632313395.18665719,0.00000000,0.00000000,0.00000000,0.00000000
1632313395.28760862,0.00000000,0.00000000,0.00000000,0.00000000
1632313395.38739419,0.00000000,0.00000000,0.00000000,0.00000000
1632313395.48675871,0.00000000,0.00000000,0.00000000,0.00000000
1632313395.58707523,0.00000000,0.00000000,0.00000000,0.00000000
1632313395.68680120,0.00000000,0.00000000,0.00000000,0.00000000
1632313395.78752923,0.00000000,0.00000000,0.00000000,0.00000000
1632313395.88709807,0.00000000,0.00000000,0.00000000,0.00000000
1632313395.98764896,0.00000000,0.00000000,0.00000000,0.00000000
1632313396.08714819,0.00000000,0.00000000,0.00000000,0.00000000
1632313396.18680048,0.00000000,0.00000000,0.00000000,0.00000000
1632313396.28733015,0.00000000,0.00000000,0.00000000,0.00000000
1632313396.38691092,0.00000000,0.00000000,0.00000000,0.00000000
1632313396.48691463,0.00000000,0.00000000,0.00000000,0.00000000
1632313396.58768868,0.00000000,0.00000000,0.00000000,0.00000000
1632313396.68838811,0.00000000,0.00000000,0.00000000,0.00000000
1632313396.78821325,0.00000000,0.00000000,0.00000000,0.00000000
1632313396.88791704,0.00000000,0.00000000,0.00000000,0.00000000
1632313396.98853374,0.00000000,0.00000000,0.00000000,0.00000000
1632313397.08829379,0.00000000,0.00000000,0.00000000,0.00000000
1632313397.18799686,0.00000000,0.00000000,0.00000000,0.00000000
1632313397.28774619,0.00000000,0.00000000,0.00000000,0.00000000
1632313397.38855314,0.00000000,0.00000000,0.00000000,0.00000000
1632313397.48832822,0.00000000,0.00000000,0.00000000,0.00000000
1632313397.58836675,0.00000000,0.00000000,0.00000000,0.00000000
1632313397.68833399,0.00000000,0.00000000,0.00000000,0.00000000
1632313397.78802896,0.00000000,0.00000000,0.00000000,0.00000000
1632313397.88783360,0.00000000,0.00000000,0.00000000,0.00000000
1632313397.98811531,0.00000000,0.00000000,0.00000000,0.00000000
1632313398.08781743,0.00000000,0.00000000,0.00000000,0.00000000
1632313398.18854141,0.00000000,0.00000000,0.00000000,0.00000000
1632313398.28817344,0.00000000,0.00000000,0.00000000,0.00000000
1632313398.38800955,0.00000000,0.00000000,0.00000000,0.00000000
1632313398.48833704,0.00000000,0.00000000,0.00000000,0.00000000
1632313398.58774328,0.00000000,0.00000000,0.00000000,0.00000000
1632313398.68856692,0.00000000,0.00000000,0.00000000,0.00000000
1632313398.78823686,0.00000000,0.00000000,0.00000000,0.00000000
1632313398.88794804,0.00000000,0.00000000,0.00000000,0.00000000
1632313398.98814559,0.00000000,0.00000000,0.00000000,0.00000000
1632313399.08798409,0.00000000,0.00000000,0.00000000,0.00000000
1632313399.18868184,0.00000000,0.00000000,0.00000000,0.00000000
1632313399.28940868,0.00000000,0.00000000,0.00000000,0.00000000
1632313399.38926697,0.00000000,0.00000000,0.00000000,0.00000000
1632313399.48962045,0.03000000,0.00000000,0.00291000,0.00000000
1632313399.59050941,0.06000000,0.00000000,0.00873000,0.00000000
1632313399.68989515,0.09000000,0.00000000,0.01794500,0.00000000
1632313399.79020953,0.12000000,0.00000000,0.02958500,0.00000000
1632313399.89069366,0.14000000,0.00000000,0.04365000,0.00000000
1632313399.99101710,0.14000000,0.00000000,0.05771500,0.00000000
1632313400.09073377,0.13900000,0.00000000,0.07178000,0.00000000
1632313400.19078302,0.13800000,0.00000000,0.08584500,0.00000000
1632313400.29138088,0.13600000,0.00000000,0.09894000,0.00000000
1632313400.39069533,0.13400000,0.00000000,0.11252000,0.00000000
1632313400.49098277,0.13300000,0.00000000,0.12561500,0.00000000
1632313400.59154797,0.13100000,0.00000000,0.13871000,0.00000000
1632313400.69177055,0.13000000,0.00000000,0.15180500,0.00000000
1632313400.79227400,0.12900000,0.00000000,0.16490000,0.00000000
1632313400.89154387,0.12700000,0.00000000,0.17799500,0.00000000
1632313400.99230289,0.12600000,0.00000000,0.19060500,0.00000000
1632313401.09189868,0.12500000,0.00000000,0.20273000,0.00000000
1632313401.19242334,0.12300000,0.00000000,0.21485500,0.00000000
1632313401.29173303,0.12200000,0.00000000,0.22795000,0.00000000
1632313401.39220214,0.12100000,0.00000000,0.23959000,0.00000000
1632313401.49194551,0.12000000,0.00000000,0.25171500,0.00000000
1632313401.59240723,0.11500000,0.00000000,0.26287000,0.00000000
1632313401.69225883,0.10900000,0.00000000,0.27354000,0.00000000
1632313401.79243660,0.10200000,0.00000000,0.28372500,0.00000000
1632313401.89190054,0.09600000,0.00000000,0.29391000,0.00000000
1632313401.99236631,0.09000000,0.00000000,0.30264000,0.00000000
1632313402.09179139,0.08400000,0.00000000,0.31088500,0.00000000
1632313402.19198084,0.07800000,0.00000000,0.31864500,0.00000000
1632313402.29223394,0.07200000,0.00000000,0.32592000,0.00000000
1632313402.39244246,0.06600000,0.00000000,0.33271000,0.00000000
1632313402.49267673,0.06000000,0.00000000,0.33853000,0.00000000
1632313402.59282923,0.05400000,0.00000000,0.34386500,0.00000000
1632313402.69369197,0.04800000,0.00000000,0.34871500,0.00000000
1632313402.79389429,0.04200000,0.00000000,0.35259500,0.00000000
1632313402.89415216,0.03700000,0.00000000,0.35696000,0.00000000
1632313402.99481964,0.03100000,0.00000000,0.35987000,0.00000000
1632313403.09527445,0.02600000,0.00000000,0.36278000,0.00000000
1632313403.19558859,0.02000000,0.00000000,0.36472000,0.00000000
1632313403.29498243,0.01500000,0.00000000,0.36569000,0.00000000
1632313403.39564538,0.01400000,0.00000000,0.36763000,0.00000000
1632313403.49493432,0.01400000,0.00000000,0.36860000,0.00000000
1632313403.59556079,0.01400000,0.00000000,0.36957000,0.00000000
1632313403.69510651,0.01400000,0.00000000,0.37199500,0.00000000
1632313403.79557157,0.01300000,0.00000000,0.37296500,0.00000000
1632313403.89512682,0.01300000,0.00000000,0.37393500,0.00000000
1632313403.99560165,0.01300000,0.00000000,0.37587500,0.00000000
1632313404.09482670,0.01300000,0.00000000,0.37684500,0.00000000
1632313404.19538021,0.01300000,0.00000000,0.37781500,0.00000000
1632313404.29554248,0.01300000,0.00000000,0.37975500,0.00000000
1632313404.39629984,0.01300000,0.00000000,0.38072500,0.00000000
1632313404.49645472,0.01200000,0.00000000,0.38169500,0.00000000
1632313404.59624124,0.01200000,0.00000000,0.38266500,0.00000000
1632313404.69653130,0.01200000,0.00000000,0.38363500,0.00000000
1632313404.79657340,0.01200000,0.00000000,0.38557500,0.00000000
1632313404.89583683,0.01200000,0.00000000,0.38654500,0.00000000
1632313404.99626613,0.01200000,0.00000000,0.38751500,0.00000000
1632313405.09653330,0.01200000,0.00000000,0.38897000,0.00000000
1632313405.19595027,0.01200000,0.00000000,0.38994000,0.00000000
1632313405.29633832,0.01100000,0.00000000,0.39188000,0.00000000
1632313405.39579940,0.01100000,0.00000000,0.39285000,0.00000000
1632313405.49623656,0.01100000,0.00000000,0.39382000,0.00000000
1632313405.59662795,0.01100000,0.00000000,0.39479000,0.00000000
1632313405.69594455,0.01100000,0.00000000,0.39576000,0.00000000
1632313405.79649258,0.01100000,0.00000000,0.39673000,0.00000000
1632313405.89615178,0.01100000,0.00000000,0.39770000,0.00000000
1632313405.99624658,0.01100000,0.00000000,0.39867000,0.00000000
1632313406.09657669,0.01100000,0.00000000,0.39964000,0.00000000
1632313406.19595766,0.01000000,0.00000000,0.40061000,0.00000000
1632313406.29637289,0.01000000,0.00000000,0.40158000,0.00000000
1632313406.39593291,0.01000000,0.00000000,0.40255000,0.00000000
1632313406.49648476,0.01000000,0.00000000,0.40352000,0.00000000
1632313406.59615040,0.01000000,0.00000000,0.40497500,0.00000000
1632313406.69667816,0.01000000,0.00000000,0.40594500,0.00000000
1632313406.79701734,0.01000000,0.00000000,0.40691500,0.00000000
1632313406.89743757,0.01000000,0.00000000,0.40788500,0.00000000
1632313406.99681973,0.01000000,0.00000000,0.40885500,0.00000000
1632313407.09716678,0.00900000,0.00000000,0.40982500,0.00000000
1632313407.19681978,0.00900000,0.00000000,0.41079500,0.00000000
1632313407.29722714,0.00900000,0.00000000,0.41176500,0.00000000
1632313407.39736915,0.00900000,0.00000000,0.41273500,0.00000000
1632313407.49676800,0.00900000,0.00000000,0.41370500,0.00000000
1632313407.59689069,0.00900000,0.00000000,0.41467500,0.00000000
1632313407.69724941,0.00900000,0.00000000,0.41564500,0.00000000
1632313407.79752874,0.00900000,0.00000000,0.41661500,0.00000000
1632313407.89728212,0.00000000,0.00000000,0.41661500,0.00000000
1632313407.99767900,0.03000000,0.00000000,0.41952500,0.00000000
1632313408.09788561,0.06000000,0.00000000,0.42583000,0.00000000
1632313408.19864035,0.09000000,0.00000000,0.43359000,0.00000000
1632313408.29802036,0.12000000,0.00000000,0.44668500,0.00000000
1632313408.39808393,0.15000000,0.00000000,0.46172000,0.00000000
1632313408.49815083,0.15800000,0.00000000,0.47675500,0.00000000
1632313408.59850526,0.15700000,0.00000000,0.49276000,0.00000000
1632313408.69860077,0.15700000,0.00000000,0.50876500,0.00000000
1632313408.79963923,0.15500000,0.00000000,0.52380000,0.00000000
1632313408.90060091,0.15400000,0.00000000,0.53980500,0.00000000
1632313408.99996758,0.15200000,0.00000000,0.55484000,0.00000000
1632313409.10001063,0.15100000,0.00000000,0.56987500,0.00000000
1632313409.20021915,0.14900000,0.00000000,0.58491000,0.00000000
1632313409.30036378,0.14800000,0.00000000,0.59994500,0.00000000
1632313409.39984870,0.14600000,0.00000000,0.61352500,0.00000000
1632313409.50034499,0.14500000,0.00000000,0.62856000,0.00000000
1632313409.60020828,0.14300000,0.00000000,0.64262500,0.00000000
1632313409.70045328,0.14100000,0.00000000,0.65669000,0.00000000
1632313409.80138087,0.14000000,0.00000000,0.67075500,0.00000000
1632313409.90137148,0.13900000,0.00000000,0.68482000,0.00000000
1632313410.00157809,0.13700000,0.00000000,0.69888500,0.00000000
1632313410.10250807,0.13600000,0.00000000,0.71198000,0.00000000
1632313410.20181847,0.13400000,0.00000000,0.72556000,0.00000000
1632313410.30214047,0.13300000,0.00000000,0.73865500,0.00000000
1632313410.40219641,0.13200000,0.00000000,0.75175000,0.00000000
1632313410.50232530,0.13000000,0.00000000,0.76484500,0.00000000
1632313410.60179901,0.12900000,0.00000000,0.77794000,0.00000000
1632313410.70197678,0.12700000,0.00000000,0.79055000,0.00000000
1632313410.80239296,0.12600000,0.00000000,0.80267500,0.00000000
1632313410.90266752,0.12500000,0.00000000,0.81577000,0.00000000
1632313411.00285816,0.12400000,0.00000000,0.82789500,0.00000000
1632313411.10286450,0.12200000,0.00000000,0.83953500,0.00000000
1632313411.20312667,0.12100000,0.00000000,0.85166000,0.00000000
1632313411.30347800,0.12000000,0.00000000,0.86378500,0.00000000
1632313411.40283155,0.11800000,0.00000000,0.87591000,0.00000000
1632313411.50267267,0.11700000,0.00000000,0.88755000,0.00000000
1632313411.60373616,0.11600000,0.00000000,0.89870500,0.00000000
1632313411.70410848,0.11500000,0.00000000,0.91083000,0.00000000
1632313411.80442977,0.11400000,0.00000000,0.92198500,0.00000000
1632313411.90470839,0.11200000,0.00000000,0.93265500,0.00000000
1632313412.00502753,0.11100000,0.00000000,0.94478000,0.00000000
1632313412.10537815,0.11000000,0.00000000,0.95496500,0.00000000
1632313412.20550275,0.10900000,0.00000000,0.96563500,0.00000000
1632313412.30609226,0.10800000,0.00000000,0.97679000,0.00000000
1632313412.40658998,0.10700000,0.00000000,0.98794500,0.00000000
1632313412.50614190,0.10600000,0.00000000,0.99861500,0.00000000
1632313412.60647535,0.10400000,0.00000000,1.00880000,0.00000000
1632313412.70584369,0.10300000,0.00000000,1.01898500,0.00000000
1632313412.80619240,0.10200000,0.00000000,1.02965500,0.00000000
1632313412.90674901,0.10100000,0.00000000,1.03984000,0.00000000
1632313413.00719547,0.10000000,0.00000000,1.04954000,0.00000000
1632313413.10699677,0.09900000,0.00000000,1.05972500,0.00000000
1632313413.20708966,0.09800000,0.00000000,1.06894000,0.00000000
1632313413.30686855,0.09700000,0.00000000,1.07864000,0.00000000
1632313413.40749955,0.09600000,0.00000000,1.08882500,0.00000000
1632313413.50671053,0.09500000,0.00000000,1.09755500,0.00000000
1632313413.60715437,0.09400000,0.00000000,1.10677000,0.00000000
1632313413.70765424,0.09300000,0.00000000,1.11695500,0.00000000
1632313413.80774140,0.09200000,0.00000000,1.12568500,0.00000000
1632313413.90815687,0.09100000,0.00000000,1.13490000,0.00000000
1632313414.00839496,0.09000000,0.00000000,1.14363000,0.00000000
1632313414.10871673,0.08900000,0.00000000,1.15284500,0.00000000
1632313414.20900202,0.08800000,0.00000000,1.16157500,0.00000000
1632313414.30906010,0.08700000,0.00000000,1.17079000,0.00000000
1632313414.40884876,0.08600000,0.00000000,1.17855000,0.00000000
1632313414.50904822,0.08600000,0.00000000,1.18776500,0.00000000
1632313414.60912275,0.08500000,0.00000000,1.19552500,0.00000000
1632313414.70922208,0.08400000,0.00000000,1.20474000,0.00000000
1632313414.80879951,0.08300000,0.00000000,1.21298500,0.00000000
1632313414.90885782,0.08200000,0.00000000,1.22074500,0.00000000
1632313415.00952125,0.08100000,0.00000000,1.22899000,0.00000000
1632313415.10991788,0.08000000,0.00000000,1.23675000,0.00000000
1632313415.21057868,0.08000000,0.00000000,1.24499500,0.00000000
1632313415.31008673,0.07900000,0.00000000,1.25275500,0.00000000
1632313415.41044354,0.07800000,0.00000000,1.26051500,0.00000000
1632313415.50979638,0.07700000,0.00000000,1.26876000,0.00000000
1632313415.61014175,0.07600000,0.00000000,1.27555000,0.00000000
1632313415.71047664,0.07500000,0.00000000,1.28379500,0.00000000
1632313415.80993462,0.07500000,0.00000000,1.29058500,0.00000000
1632313415.91013169,0.07400000,0.00000000,1.29883000,0.00000000
1632313416.00970387,0.07300000,0.00000000,1.30562000,0.00000000
1632313416.11040425,0.07200000,0.00000000,1.31289500,0.00000000
1632313416.20989633,0.07200000,0.00000000,1.31968500,0.00000000
1632313416.31021976,0.07100000,0.00000000,1.32793000,0.00000000
1632313416.41052032,0.07000000,0.00000000,1.33472000,0.00000000
1632313416.50990486,0.06900000,0.00000000,1.34054000,0.00000000
1632313416.61014080,0.06900000,0.00000000,1.34781500,0.00000000
1632313416.70964241,0.06800000,0.00000000,1.35460500,0.00000000
1632313416.81059337,0.06700000,0.00000000,1.36188000,0.00000000
1632313416.91130710,0.06700000,0.00000000,1.36867000,0.00000000
1632313417.01163244,0.06600000,0.00000000,1.37497500,0.00000000
1632313417.11134720,0.06500000,0.00000000,1.38176500,0.00000000
1632313417.21172523,0.06500000,0.00000000,1.38758500,0.00000000
1632313417.31234884,0.06500000,0.00000000,1.39486000,0.00000000
1632313417.41187453,0.06500000,0.00000000,1.40068000,0.00000000
1632313417.51210594,0.06500000,0.00000000,1.40795500,0.00000000
1632313417.61258459,0.06500000,0.00000000,1.41377500,0.00000000
1632313417.71193910,0.03500000,0.00000000,1.41765500,0.00000000
1632313417.81227803,0.00500000,0.00000000,1.41765500,0.00000000
1632313417.91259050,0.00000000,0.00000000,1.41765500,0.00000000
1632313418.01221323,0.00000000,0.00000000,1.41765500,0.00000000
1632313418.11214209,0.00000000,0.00000000,1.41765500,0.00000000
1632313418.21239686,0.00000000,0.00000000,1.41765500,0.00000000
1632313418.31261706,0.00000000,0.00000000,1.41765500,0.00000000
1632313418.41218376,0.00000000,0.00000000,1.41765500,0.00000000
1632313418.51190233,0.00000000,0.00000000,1.41765500,0.00000000
1632313418.61263657,0.00000000,0.00000000,1.41765500,0.00000000
1632313418.71243238,0.00000000,0.00000000,1.41765500,0.00000000
1632313418.81217408,0.00000000,0.00000000,1.41765500,0.00000000
1632313418.91167212,0.00000000,0.00000000,1.41765500,0.00000000
1632313419.01256394,0.00000000,0.00000000,1.41765500,0.00000000
1632313419.11369514,0.00000000,0.00000000,1.41765500,0.00000000
1632313419.21436119,0.00000000,0.00000000,1.41765500,0.00000000
1632313419.31402707,0.00000000,0.00000000,1.41765500,0.00000000
1632313419.41462660,0.00000000,0.00000000,1.41765500,0.00000000
1632313419.51422930,0.00000000,0.00000000,1.41765500,0.00000000
1632313419.61394978,0.00000000,0.00000000,1.41765500,0.00000000
1632313419.71379209,0.00000000,0.00000000,1.41765500,0.00000000
1632313419.81430411,0.00000000,0.00000000,1.41765500,0.00000000
1632313419.91443253,0.00000000,0.00000000,1.41765500,0.00000000
1632313420.01410103,0.00000000,0.00000000,1.41765500,0.00000000
1632313420.11385775,0.00000000,0.00000000,1.41765500,0.00000000
1632313420.21406269,0.00000000,0.00000000,1.41765500,0.00000000
1632313420.31391859,0.00000000,0.00000000,1.41765500,0.00000000
1632313420.41406751,0.00000000,0.00000000,1.41765500,0.00000000
1632313420.51379585,0.00000000,0.00000000,1.41765500,0.00000000
1632313420.61454105,0.00000000,0.00000000,1.41765500,0.00000000
1632313420.71419668,0.00000000,0.00000000,1.41765500,0.00000000
1632313420.81375909,0.00000000,0.00000000,1.41765500,0.00000000
1632313420.91387367,0.00000000,0.00000000,1.41765500,0.00000000
1632313421.01459932,0.00000000,0.00000000,1.41765500,0.00000000
1632313421.11439037,0.00000000,0.00000000,1.41765500,0.00000000
1632313421.21401691,0.00000000,0.00000000,1.41765500,0.00000000
1632313421.31423521,0.00000000,0.00000000,1.41765500,0.00000000
1632313421.41394997,0.00000000,0.00000000,1.41765500,0.00000000
1632313421.51469469,0.00000000,0.00000000,1.41765500,0.00000000
1632313421.61513090,0.00000000,0.00000000,1.41765500,0.00000000
1632313421.71507382,0.00000000,0.00000000,1.41765500,0.00000000
1632313421.81488228,0.00000000,0.00000000,1.41765500,0.00000000
1632313421.91559577,0.00000000,0.00000000,1.41765500,0.00000000
1632313422.01529479,0.00000000,0.00000000,1.41765500,0.00000000
1632313422.11500359,0.00000000,0.00000000,1.41765500,0.00000000
1632313422.21525645,0.00000000,0.00000000,1.41765500,0.00000000
1632313422.31503797,0.00000000,0.00000000,1.41765500,0.00000000
1632313422.41458535,0.00000000,0.00000000,1.41765500,0.00000000
1632313422.51554513,0.00000000,0.00000000,1.41765500,0.00000000
1632313422.61533952,0.00000000,0.00000000,1.41765500,0.00000000
1632313422.71509981,0.00000000,0.00000000,1.41765500,0.00000000
1632313422.81481075,0.00000000,0.00000000,1.41765500,0.00000000
1632313422.91558480,0.00000000,0.00000000,1.41765500,0.00000000
1632313423.01530957,0.00000000,0.00000000,1.41765500,0.00000000
1632313423.11521578,0.00000000,0.00000000,1.41765500,0.00000000
1632313423.21498203,0.00000000,0.00000000,1.41765500,0.00000000
1632313423.31481171,0.00000000,0.00000000,1.41765500,0.00000000
1632313423.41557455,0.00000000,0.00000000,1.41765500,0.00000000
1632313423.51539588,0.00000000,0.00000000,1.41765500,0.00000000
1632313423.61519718,0.00000000,0.00000000,1.41765500,0.00000000
1632313423.71503043,0.00000000,0.00000000,1.41765500,0.00000000
1632313423.81480789,0.00000000,0.00000000,1.41765500,0.00000000
1632313423.91537261,0.00000000,0.00000000,1.41765500,0.00000000
1632313424.01532602,0.00000000,0.00000000,1.41765500,0.00000000
1632313424.11500144,0.00000000,0.00000000,1.41765500,0.00000000
1632313424.21575880,0.00000000,0.00000000,1.41765500,0.00000000
1632313424.31649160,0.00000000,0.00000000,1.41765500,0.00000000
