Seconds,ChildArea,Child Observation Distance,Robot bounds proximity
1632158905.79297996,0,0.00000000,0.00000000
1632158905.89295316,0,0.00000000,0.00000000
1632158905.99297285,0,0.00000000,0.00000000
1632158906.09295678,0,0.00000000,0.00000000
1632158906.19297433,0,0.00000000,0.00000000
1632158906.29297233,0,0.00000000,0.00000000
1632158906.39294171,0,0.00000000,0.00000000
1632158906.49294138,0,0.00000000,0.00000000
1632158906.59293914,0,0.00000000,0.00000000
1632158906.69293904,0,0.00000000,0.00000000
1632158906.79294086,0,0.00000000,0.00000000
1632158906.89298844,0,0.00000000,0.00000000
1632158906.99297380,0,0.00000000,0.00000000
1632158907.09297681,0,0.00000000,0.00000000
1632158907.19297099,0,0.00000000,0.00000000
1632158907.29298353,0,0.00000000,0.00000000
1632158907.39295220,0,0.00000000,0.00000000
1632158907.49297142,0,0.00000000,0.00000000
1632158907.59293938,0,0.00000000,0.00000000
1632158907.69294095,0,0.00000000,0.00000000
1632158907.79294181,0,0.00000000,0.00000000
1632158907.89291000,0,0.00000000,0.00000000
1632158907.99294543,0,0.00000000,0.00000000
1632158908.09293175,0,0.00000000,0.00000000
1632158908.19297695,0,0.00000000,0.00000000
1632158908.29294920,0,0.00000000,0.00000000
1632158908.39293170,0,0.00000000,0.00000000
1632158908.49294353,0,0.00000000,0.00000000
1632158908.59294605,0,0.00000000,0.00000000
1632158908.69301534,0,0.00000000,0.00000000
1632158908.79302502,0,0.00000000,0.00000000
1632158908.89294481,0,0.00000000,0.00000000
1632158908.99294615,0,0.00000000,0.00000000
1632158909.09292245,0,0.00000000,0.00000000
1632158909.19294524,0,0.00000000,0.00000000
1632158909.29293203,0,0.00000000,0.00000000
1632158909.39293098,0,0.00000000,0.00000000
1632158909.49293423,0,0.00000000,0.00000000
1632158909.59298420,0,0.00000000,0.00000000
1632158909.69297838,0,0.00000000,0.00000000
1632158909.79294229,0,0.00000000,0.00000000
1632158909.89291167,0,0.00000000,0.00000000
1632158909.99293900,0,0.00000000,0.00000000
1632158910.09293795,0,0.00000000,0.00000000
1632158910.19296813,0,0.00000000,0.00000000
1632158910.29294968,0,0.00000000,0.00000000
1632158910.39293909,0,0.00000000,0.00000000
1632158910.49295068,0,0.00000000,0.00000000
1632158910.59295130,0,0.00000000,0.00000000
1632158910.69297004,0,0.00000000,0.00000000
1632158910.79298735,0,0.00000000,0.00000000
1632158910.89295030,0,0.00000000,0.00000000
1632158910.99294758,0,0.00000000,0.00000000
1632158911.09297705,0,0.00000000,0.00000000
1632158911.19294333,0,0.00000000,0.00000000
1632158911.29298472,0,0.00000000,0.00000000
1632158911.39294457,0,0.00000000,0.00000000
1632158911.49297762,0,0.00000000,0.00000000
1632158911.59298038,0,0.00000000,0.00000000
1632158911.69294071,0,0.00000000,0.00000000
1632158911.79294300,0,0.00000000,0.00000000
1632158911.89294004,0,0.00000000,0.00000000
1632158911.99291492,0,0.00000000,0.00000000
1632158912.09290957,0,0.00000000,0.00000000
1632158912.19293976,0,0.00000000,0.00000000
1632158912.29290891,0,0.00000000,0.00000000
1632158912.39293051,0,0.00000000,0.00000000
1632158912.49297810,0,0.00000000,0.00000000
1632158912.59296584,0,0.00000000,0.00000000
1632158912.69293165,0,0.00000000,0.00000000
1632158912.79293132,0,0.00000000,0.00000000
1632158912.89297271,0,0.00000000,0.00000000
1632158912.99294806,0,0.00000000,0.00000000
1632158913.09293246,0,0.00000000,0.00000000
1632158913.19293952,0,0.00000000,0.00000000
1632158913.29293084,0,0.00000000,0.00000000
1632158913.39293146,0,0.00000000,0.00000000
1632158913.49293327,0,0.00000000,0.00000000
1632158913.59293485,0,0.00000000,0.00000000
1632158913.69293928,0,0.00000000,0.00000000
1632158913.79293108,0,0.00000000,0.00000000
1632158913.89291501,0,0.00000000,0.00000000
1632158913.99291825,0,0.00000000,0.00000000
1632158914.09292626,0,0.00000000,0.00000000
1632158914.19292879,0,0.00000000,0.00000000
1632158914.29292965,0,0.00000000,0.00000000
1632158914.39309716,0,0.00000000,0.00000000
1632158914.49309635,0,0.00000000,0.00000000
1632158914.59293962,0,0.00000000,0.00000000
1632158914.69297409,0,0.00000000,0.00000000
1632158914.79293251,0,0.00000000,0.00000000
1632158914.89293218,0,0.00000000,0.00000000
1632158914.99293709,1,1.00000000,0.00000000
1632158915.09293580,1,0.94999981,0.00000000
1632158915.19299483,1,0.90000010,0.00000000
1632158915.29293823,1,0.84999990,0.00000000
1632158915.39297938,1,0.80000019,0.00000000
1632158915.49294043,1,0.75000000,0.00000000
1632158915.59293532,1,0.70290981,0.00000000
1632158915.69293523,1,0.65581996,0.00000000
1632158915.79293513,1,0.60921497,0.00000000
1632158915.89297223,1,0.55678990,0.00000000
1632158915.99295068,1,0.51018503,0.00000000
1632158916.09295511,1,0.51406478,0.00000000
1632158916.19297314,1,0.51358000,0.00000000
1632158916.29293513,1,0.51406515,0.00000000
1632158916.39293218,1,0.51503488,0.00000000
1632158916.49293160,1,0.51406521,0.00000000
1632158916.59293938,1,0.51115494,0.00000000
1632158916.69295239,1,0.51406481,0.00000000
1632158916.79305387,1,0.51503503,0.00000000
1632158916.89293504,1,0.51357987,0.00000000
1632158916.99295616,1,0.51357987,0.00000000
1632158917.09297514,1,0.51406513,0.00000000
1632158917.19294977,1,0.51406486,0.00000000
1632158917.29300761,1,0.51309507,0.00000000
1632158917.39297819,1,0.51406517,0.00000000
1632158917.49298263,1,0.51260990,0.00000000
1632158917.59294939,1,0.51309495,0.00000000
1632158917.69297194,1,0.51309504,0.00000000
1632158917.79293776,1,0.51309514,0.00000000
1632158917.89293551,1,0.51309476,0.00000000
1632158917.99298477,1,0.51163986,0.00000000
1632158918.09294152,1,0.51309479,0.00000000
1632158918.19297528,1,0.51212489,0.00000000
1632158918.29297042,1,0.51212487,0.00000000
1632158918.39293385,1,0.51163986,0.00000000
1632158918.49292183,1,0.51212478,0.00000000
1632158918.59293509,1,0.51212477,0.00000000
1632158918.69293189,1,0.51212523,0.00000000
1632158918.79293942,1,0.51067021,0.00000000
1632158918.89292192,1,0.51067021,0.00000000
1632158918.99296665,1,0.51115501,0.00000000
1632158919.09293342,1,0.51066989,0.00000000
1632158919.19294429,1,0.51115518,0.00000000
1632158919.29296923,1,0.51115518,0.00000000
1632158919.39294219,1,0.51066992,0.00000000
1632158919.49294591,1,0.51115521,0.00000000
1632158919.59294176,1,0.51115508,0.00000000
1632158919.69297862,1,0.50969996,0.00000000
1632158919.79293656,1,0.51115513,0.00000000
1632158919.89293361,1,0.51018501,0.00000000
1632158919.99291229,1,0.50969976,0.00000000
1632158920.09293938,1,0.51018494,0.00000000
1632158920.19297647,1,0.51018518,0.00000000
1632158920.29298663,1,0.50969994,0.00000000
1632158920.39294648,1,0.51018511,0.00000000
1632158920.49293327,1,0.50969987,0.00000000
1632158920.59297609,1,0.50921505,0.00000000
1632158920.69294477,1,0.50921505,0.00000000
1632158920.79297805,1,0.50872993,0.00000000
1632158920.89294052,1,0.50872993,0.00000000
1632158920.99290919,1,0.50873023,0.00000000
1632158921.09293461,1,0.45921511,0.00000000
1632158921.19297695,1,0.40873004,0.00000000
1632158921.29294252,1,0.35921491,0.00000000
1632158921.39293909,1,0.30921484,0.00000000
1632158921.49293756,1,0.25775977,0.00000000
1632158921.59293652,1,0.20824501,0.00000000
1632158921.69294095,1,0.15775983,0.00000000
1632158921.79293776,1,0.10824507,0.00000000
1632158921.89298320,1,0.05775989,0.00000000
1632158921.99297714,1,0.00824513,0.00000000
1632158922.09294558,2,0.00000000,0.00000000
1632158922.19294190,2,0.00000000,0.00000000
1632158922.29294348,2,0.00000000,0.00000000
1632158922.39293098,2,0.00000000,0.00000000
1632158922.49293137,2,0.00000000,0.00000000
1632158922.59293818,2,0.00000000,0.00000000
1632158922.69291210,2,0.00000000,0.00000000
1632158922.79293156,2,0.00000000,0.00000000
1632158922.89291263,2,0.00000000,0.00000000
1632158922.99293852,2,0.00000000,0.00000000
1632158923.09293914,2,0.00000000,0.00000000
1632158923.19293809,2,0.00000000,0.00000000
1632158923.29293847,2,0.00000000,0.00000000
1632158923.39293408,2,0.00000000,0.00000000
1632158923.49293423,2,0.00000000,0.00000000
1632158923.59290862,2,0.00000000,0.00000000
1632158923.69291401,2,0.00000000,0.00000000
1632158923.79291487,2,0.00000000,0.00000000
1632158923.89291048,2,0.00000000,0.00000000
1632158923.99291015,2,0.00000000,0.00000000
1632158924.09290981,2,0.00000000,0.00000000
1632158924.19293952,2,0.00000000,0.00000000
1632158924.29293418,2,0.00000000,0.00000000
1632158924.39293361,2,0.00000000,0.00000000
1632158924.49293327,2,0.00000000,0.00000000
1632158924.59293795,2,0.00000000,0.00000000
1632158924.69290876,2,0.00000000,0.00000000
1632158924.79293633,2,0.00000000,0.00000000
1632158924.89291239,2,0.00000000,0.00000000
1632158924.99293447,2,0.00000000,0.00000000
1632158925.09291959,2,0.00000000,0.00000000
1632158925.19293761,2,0.00000000,0.00000000
1632158925.29293847,2,0.00000000,0.00000000
1632158925.39293885,2,0.00000000,0.00000000
1632158925.49293923,2,0.00000000,0.00000000
1632158925.59291172,2,0.00000000,0.00000000
1632158925.69293809,2,0.00000000,0.00000000
1632158925.79293728,2,0.00000000,0.00000000
1632158925.89292121,2,0.00000000,0.00000000
1632158925.99293661,2,0.00000000,0.00000000
1632158926.09290934,2,0.00000000,0.00000000
1632158926.19293857,2,0.00000000,0.00000000
1632158926.29293895,2,0.00000000,0.00000000
1632158926.39293814,2,0.00000000,0.00000000
1632158926.49293494,2,0.00000000,0.00000000
1632158926.59291267,2,0.00000000,0.00000000
1632158926.69295216,2,0.00000000,0.00000000
1632158926.79293990,2,0.00000000,0.00000000
1632158926.89294004,2,0.00000000,0.00000000
1632158926.99293947,2,0.00000000,0.00000000
1632158927.09293890,2,0.00000000,0.00000000
1632158927.19293880,2,0.00000000,0.00000000
1632158927.29293370,2,0.00000000,0.00000000
1632158927.39293838,2,0.00000000,0.00000000
1632158927.49290991,2,0.00000000,0.00000000
1632158927.59293866,2,0.00000000,0.00000000
1632158927.69293880,2,0.00000000,0.00000000
1632158927.79293418,2,0.00000000,0.00000000
1632158927.89294076,2,0.00000000,0.00000000
1632158927.99293685,2,0.00000000,0.00000000
1632158928.09291077,2,0.00000000,0.00000000
1632158928.19293904,2,0.00000000,0.00000000
1632158928.29293823,2,0.00000000,0.00000000
1632158928.39291143,2,0.00000000,0.00000000
1632158928.49293923,2,0.00000000,0.00000000
1632158928.59294057,2,0.00000000,0.00000000
1632158928.69293571,2,0.00000000,0.00000000
1632158928.79293060,2,0.00000000,0.00000000
1632158928.89294386,2,0.00000000,0.00000000
1632158928.99291229,2,0.00000000,0.00000000
1632158929.09290910,2,0.00000000,0.00000000
1632158929.19290924,2,0.00000000,0.00000000
1632158929.29293633,2,0.00000000,0.00000000
1632158929.39293480,2,0.00000000,0.00000000
1632158929.49293685,2,0.00000000,0.00000000
1632158929.59291244,2,0.00000000,0.00000000
1632158929.69291019,2,0.00000000,0.00000000
1632158929.79289985,2,0.00000000,0.00000000
1632158929.89290929,2,0.00000000,0.00000000
1632158929.99294066,2,0.00000000,0.00000000
1632158930.09293866,2,0.00000000,0.00000000
1632158930.19293809,2,0.00000000,0.00000000
1632158930.29290962,2,0.00000000,0.00000000
1632158930.39293766,2,0.00000000,0.00000000
1632158930.49292541,2,0.00000000,0.00000000
1632158930.59294009,2,0.00000000,0.00000000
1632158930.69293809,2,0.00000000,0.00000000
1632158930.79293895,2,0.00000000,0.00000000
1632158930.89293861,2,0.00000000,0.00000000
1632158930.99293399,2,0.00000000,0.00000000
1632158931.09293985,2,0.00000000,0.00000000
1632158931.19292021,2,0.00000000,0.00000000
1632158931.29291034,2,0.00000000,0.00000000
1632158931.39293909,2,0.00000000,0.00000000
1632158931.49290919,2,0.00000000,0.00000000
1632158931.59293914,2,0.00000000,0.00000000
1632158931.69293332,2,0.00000000,0.00000000
1632158931.79291272,2,0.00000000,0.00000000
1632158931.89293981,2,0.00000000,0.00000000
1632158931.99292970,2,0.00000000,0.00000000
1632158932.09291053,2,0.00000000,0.00000000
1632158932.19293857,2,0.00000000,0.00000000
1632158932.29291153,2,0.00000000,0.00000000
1632158932.39293885,2,0.00000000,0.00000000
1632158932.49293852,2,0.00000000,0.00000000
1632158932.59293842,2,0.00000000,0.00000000
1632158932.69291091,2,0.00000000,0.00000000
1632158932.79293990,2,0.00000000,0.00000000
1632158932.89293885,2,0.00000000,0.00000000
1632158932.99293900,2,0.00000000,0.00000000
1632158933.09291101,2,0.00000000,0.00000000
1632158933.19293499,2,0.00000000,0.00000000
1632158933.29293847,2,0.00000000,0.00000000
1632158933.39291096,2,0.00000000,0.00000000
1632158933.49290991,2,0.00000000,0.00000000
1632158933.59294105,2,0.00000000,0.00000000
1632158933.69293904,2,0.00000000,0.00000000
1632158933.79291010,2,0.00000000,0.00000000
1632158933.89291000,2,0.00000000,0.00000000
1632158933.99291015,2,0.00000000,0.00000000
1632158934.09290934,2,0.00000000,0.00000000
1632158934.19294071,2,0.00000000,0.00000000
1632158934.29291010,2,0.00000000,0.00000000
1632158934.39293480,2,0.00000000,0.00000000
1632158934.49290895,2,0.00000000,0.00000000
1632158934.59290957,2,0.00000000,0.00000000
1632158934.69290948,2,0.00000000,0.00000000
1632158934.79291105,2,0.00000000,0.00000000
1632158934.89293599,2,0.00000000,0.00000000
1632158934.99293923,2,0.00000000,0.00000000
1632158935.09294391,2,0.00000000,0.00000000
1632158935.19293451,2,0.00000000,0.00000000
1632158935.29290891,2,0.00000000,0.00000000
1632158935.39291835,2,0.00000000,0.00000000
1632158935.49291110,2,0.00000000,0.00000000
1632158935.59293962,2,0.00000000,0.00000000
1632158935.69293857,2,0.00000000,0.00000000
1632158935.79293823,2,0.00000000,0.00000000
1632158935.89291167,2,0.00000000,0.00000000
1632158935.99293900,2,0.00000000,0.00000000
1632158936.09293962,2,0.00000000,0.00000000
1632158936.19293475,2,0.00000000,0.00000000
1632158936.29294229,2,0.00000000,0.00000000
1632158936.39290977,2,0.00000000,0.00000000
1632158936.49293971,2,0.00000000,0.00000000
1632158936.59294200,2,0.00000000,0.00000000
1632158936.69294000,2,0.00000000,0.00000000
1632158936.79294086,2,0.00000000,0.00000000
1632158936.89294100,2,0.00000000,0.00000000
1632158936.99293494,2,0.00000000,0.00000000
1632158937.09293556,2,0.00000000,0.00000000
1632158937.19291162,2,0.00000000,0.00000000
1632158937.29293513,2,0.00000000,0.00000000
1632158937.39293885,2,0.00000000,0.00000000
1632158937.49291015,2,0.00000000,0.00000000
1632158937.59293866,2,0.00000000,0.00000000
1632158937.69293690,2,0.00000000,0.00000000
1632158937.79294229,2,0.00000000,0.00000000
1632158937.89290810,2,0.00000000,0.00000000
1632158937.99294567,2,0.00000000,0.00000000
1632158938.09294415,2,0.00000000,0.00000000
1632158938.19293451,2,0.00000000,0.00000000
1632158938.29291296,2,0.00000000,0.00000000
1632158938.39293838,2,0.00000000,0.00000000
1632158938.49293160,2,0.00000000,0.00000000
1632158938.59290886,2,0.00000000,0.00000000
1632158938.69291306,2,0.00000000,0.00000000
1632158938.79293633,2,0.00000000,0.00000000
1632158938.89290953,2,0.00000000,0.00000000
1632158938.99293375,2,0.00000000,0.00000000
1632158939.09291196,2,0.00000000,0.00000000
1632158939.19290948,2,0.00000000,0.00000000
1632158939.29290938,2,0.00000000,0.00000000
1632158939.39290929,2,0.00000000,0.00000000
1632158939.49291611,2,0.00000000,0.00000000
1632158939.59290576,2,0.00000000,0.00000000
1632158939.69293571,2,0.00000000,0.00000000
1632158939.79293609,2,0.00000000,0.00000000
1632158939.89290953,2,0.00000000,0.00000000
1632158939.99293494,2,0.00000000,0.00000000
1632158940.09290838,2,0.00000000,0.00000000
1632158940.19293594,2,0.00000000,0.00000000
1632158940.29291034,2,0.00000000,0.00000000
1632158940.39291048,2,0.00000000,0.00000000
1632158940.49293876,2,0.00000000,0.00000000
1632158940.59293342,2,0.00000000,0.00000000
1632158940.69290876,2,0.00000000,0.00000000
1632158940.79294038,2,0.00000000,0.00000000
1632158940.89290953,2,0.00000000,0.00000000
1632158940.99293613,2,0.00000000,0.00000000
1632158941.09293389,2,0.00000000,0.00000000
1632158941.19293475,2,0.00000000,0.00000000
1632158941.29293919,2,0.00000000,0.00000000
1632158941.39293885,2,0.00000000,0.00000000
1632158941.49291277,2,0.00000000,0.00000000
1632158941.59291339,2,0.00000000,0.00000000
1632158941.69291234,2,0.00000000,0.00000000
1632158941.79291320,2,0.00000000,0.00000000
1632158941.89291549,2,0.00000000,0.00000000
1632158941.99291301,2,0.00000000,0.00000000
1632158942.09291506,2,0.00000000,0.00000000
1632158942.19291210,2,0.00000000,0.00000000
1632158942.29291153,2,0.00000000,0.00000000
1632158942.39291286,2,0.00000000,0.00000000
1632158942.49291277,2,0.00000000,0.00000000
1632158942.59291363,2,0.00000000,0.00000000
1632158942.69291353,2,0.00000000,0.00000000
1632158942.79291153,2,0.00000000,0.00000000
1632158942.89291501,2,0.00000000,0.00000000
1632158942.99291277,2,0.00000000,0.00000000
1632158943.09291220,2,0.00000000,0.00000000
1632158943.19294000,2,0.00000000,0.00000000
1632158943.29290962,2,0.00000000,0.00000000
1632158943.39293981,2,0.00000000,0.00000000
1632158943.49293327,2,0.00000000,0.00000000
1632158943.59293318,2,0.00000000,0.00000000
1632158943.69294262,2,0.00000000,0.00000000
1632158943.79291010,2,0.00000000,0.00000000
1632158943.89293385,2,0.00000000,0.00000000
1632158943.99293661,2,0.00000000,0.00000000
1632158944.09293127,2,0.00000000,0.00000000
1632158944.19294119,2,0.00000000,0.00000000
1632158944.29293871,2,0.00000000,0.00000000
1632158944.39291215,2,0.00000000,0.00000000
1632158944.49291110,2,0.00000000,0.00000000
1632158944.59291172,2,0.00000000,0.00000000
1632158944.69291306,2,0.00000000,0.00000000
1632158944.79291224,2,0.00000000,0.00000000
1632158944.89290953,2,0.00000000,0.00000000
1632158944.99291182,2,0.00000000,0.00000000
1632158945.09291172,2,0.00000000,0.00000000
1632158945.19293499,2,0.00000000,0.00000000
1632158945.29291248,2,0.00000000,0.00000000
1632158945.39291239,2,0.00000000,0.00000000
1632158945.49291205,2,0.00000000,0.00000000
1632158945.59291315,2,0.00000000,0.00000000
1632158945.69291234,2,0.00000000,0.00000000
1632158945.79294229,2,0.00000000,0.00000000
1632158945.89291239,2,0.00000000,0.00000000
1632158945.99290967,2,0.00000000,0.00000000
1632158946.09293962,2,0.00000000,0.00000000
1632158946.19293857,2,0.00000000,0.00000000
1632158946.29293442,2,0.00000000,0.00000000
1632158946.39291048,2,0.00000000,0.00000000
1632158946.49290872,2,0.00000000,0.00000000
1632158946.59291005,2,0.00000000,0.00000000
1632158946.69294453,2,0.00000000,0.00000000
1632158946.79291034,2,0.00000000,0.00000000
1632158946.89291239,2,0.00000000,0.00000000
1632158946.99290967,2,0.00000000,0.00000000
1632158947.09293294,2,0.00000000,0.00000000
1632158947.19291067,2,0.00000000,0.00000000
1632158947.29293180,2,0.00000000,0.00000000
1632158947.39291024,2,0.00000000,0.00000000
1632158947.49290967,2,0.00000000,0.00000000
1632158947.59293985,2,0.00000000,0.00000000
1632158947.69290948,2,0.00000000,0.00000000
1632158947.79290986,2,0.00000000,0.00000000
1632158947.89290905,2,0.00000000,0.00000000
1632158947.99290919,2,0.00000000,0.00000000
1632158948.09292269,2,0.00000000,0.00000000
1632158948.19293833,2,0.00000000,0.00000000
1632158948.29291201,2,0.00000000,0.00000000
1632158948.39290881,2,0.00000000,0.00000000
1632158948.49291182,2,0.00000000,0.00000000
1632158948.59291220,2,0.00000000,0.00000000
1632158948.69291162,2,0.00000000,0.00000000
1632158948.79290962,2,0.00000000,0.00000000
1632158948.89291167,2,0.00000000,0.00000000
1632158948.99291182,2,0.00000000,0.00000000
1632158949.09291172,2,0.00000000,0.00000000
1632158949.19291210,2,0.00000000,0.00000000
1632158949.29291201,2,0.00000000,0.00000000
1632158949.39291167,2,0.00000000,0.00000000
1632158949.49291158,2,0.00000000,0.00000000
1632158949.59291196,2,0.00000000,0.00000000
1632158949.69290948,2,0.00000000,0.00000000
1632158949.79293823,2,0.00000000,0.00000000
1632158949.89293909,2,0.00000000,0.00000000
1632158949.99293447,2,0.00000000,0.00000000
1632158950.09293914,2,0.00000000,0.00000000
1632158950.19290924,2,0.00000000,0.00000000
1632158950.29293942,2,0.00000000,0.00000000
1632158950.39291191,2,0.00000000,0.00000000
1632158950.49293566,2,0.00000000,0.00000000
1632158950.59293556,2,0.00000000,0.00000000
1632158950.69293404,2,0.00000000,0.00000000
1632158950.79293537,2,0.00000000,0.00000000
1632158950.89294028,2,0.00000000,0.00000000
1632158950.99293423,2,0.00000000,0.00000000
1632158951.09292412,2,0.00000000,0.00000000
1632158951.19294477,2,0.00000000,0.00000000
1632158951.29293966,2,0.00000000,0.00000000
1632158951.39293528,2,0.00000000,0.00000000
1632158951.49290967,2,0.00000000,0.00000000
1632158951.59293842,2,0.00000000,0.00000000
1632158951.69293976,2,0.00000000,0.00000000
1632158951.79293799,2,0.00000000,0.00000000
1632158951.89291167,2,0.00000000,0.00000000
1632158951.99291158,2,0.00000000,0.00000000
1632158952.09294009,2,0.00000000,0.00000000
1632158952.19291306,2,0.00000000,0.00000000
1632158952.29293847,2,0.00000000,0.00000000
1632158952.39293838,2,0.00000000,0.00000000
1632158952.49293613,2,0.00000000,0.00000000
1632158952.59293580,2,0.00000000,0.00000000
1632158952.69291043,2,0.00000000,0.00000000
1632158952.79290915,2,0.00000000,0.00000000
1632158952.89293981,2,0.00000000,0.00000000
1632158952.99291229,2,0.00000000,0.00000000
1632158953.09291196,2,0.00000000,0.00000000
1632158953.19291210,2,0.00000000,0.00000000
1632158953.29290891,2,0.00000000,0.00000000
1632158953.39293504,2,0.00000000,0.00000000
1632158953.49293828,2,0.00000000,0.00000000
1632158953.59293866,2,0.00000000,0.00000000
1632158953.69293904,2,0.00000000,0.00000000
1632158953.79293656,2,0.00000000,0.00000000
1632158953.89293194,2,0.00000000,0.00000000
1632158953.99293327,2,0.00000000,0.00000000
1632158954.09293842,2,0.00000000,0.00000000
1632158954.19293857,2,0.00000000,0.00000000
1632158954.29293513,2,0.00000000,0.00000000
1632158954.39293861,2,0.00000000,0.00000000
1632158954.49293923,2,0.00000000,0.00000000
1632158954.59294105,2,0.00000000,0.00000000
1632158954.69293356,2,0.00000000,0.00000000
1632158954.79293346,2,0.00000000,0.00000000
1632158954.89293480,2,0.00000000,0.00000000
1632158954.99293804,2,0.00000000,0.00000000
1632158955.09294248,2,0.00000000,0.00000000
1632158955.19293380,2,0.00000000,0.00000000
1632158955.29293919,2,0.00000000,0.00000000
1632158955.39293408,2,0.00000000,0.00000000
1632158955.49293900,2,0.00000000,0.00000000
1632158955.59293890,2,0.00000000,0.00000000
1632158955.69290853,2,0.00000000,0.00000000
1632158955.79293394,2,0.00000000,0.00000000
1632158955.89294434,2,0.00000000,0.00000000
1632158955.99293327,2,0.00000000,0.00000000
1632158956.09293866,2,0.00000000,0.00000000
1632158956.19293809,2,0.00000000,0.00000000
1632158956.29293942,2,0.00000000,0.00000000
1632158956.39293909,2,0.00000000,0.00000000
1632158956.49293303,2,0.00000000,0.00000000
1632158956.59293818,2,0.00000000,0.00000000
1632158956.69293904,2,0.00000000,0.00000000
1632158956.79290891,2,0.00000000,0.00000000
1632158956.89290929,2,0.00000000,0.00000000
1632158956.99293685,2,0.00000000,0.00000000
1632158957.09290910,2,0.00000000,0.00000000
1632158957.19293880,2,0.00000000,0.00000000
1632158957.29294157,2,0.00000000,0.00000000
1632158957.39291191,2,0.00000000,0.00000000
1632158957.49293447,2,0.00000000,0.00000000
1632158957.59294438,2,0.00000000,0.00000000
1632158957.69290853,2,0.00000000,0.00000000
1632158957.79293537,2,0.00000000,0.00000000
1632158957.89294171,2,0.00000000,0.00000000
1632158957.99293876,2,0.00000000,0.00000000
1632158958.09293342,2,0.00000000,0.00000000
1632158958.19293404,2,0.00000000,0.00000000
1632158958.29293418,2,0.00000000,0.00000000
1632158958.39293408,2,0.00000000,0.00000000
1632158958.49293542,2,0.00000000,0.00000000
1632158958.59293485,2,0.00000000,0.00000000
1632158958.69293952,2,0.00000000,0.00000000
1632158958.79293919,2,0.00000000,0.00000000
1632158958.89293528,2,0.00000000,0.00000000
1632158958.99294019,2,0.00000000,0.00000000
1632158959.09291077,2,0.00000000,0.00000000
1632158959.19291234,2,0.00000000,0.00000000
1632158959.29293847,2,0.00000000,0.00000000
1632158959.39291263,2,0.00000000,0.00000000
1632158959.49291277,2,0.00000000,0.00000000
1632158959.59291101,2,0.00000000,0.00000000
1632158959.69291186,2,0.00000000,0.00000000
1632158959.79291439,2,0.00000000,0.00000000
1632158959.89291120,2,0.00000000,0.00000000
1632158959.99291062,2,0.00000000,0.00000000
1632158960.09291172,2,0.00000000,0.00000000
1632158960.19291353,2,0.00000000,0.00000000
1632158960.29291105,2,0.00000000,0.00000000
1632158960.39293480,2,0.00000000,0.00000000
1632158960.49291325,2,0.00000000,0.00000000
1632158960.59290886,2,0.00000000,0.00000000
1632158960.69294357,2,0.00000000,0.00000000
1632158960.79291177,2,0.00000000,0.00000000
1632158960.89290881,2,0.00000000,0.00000000
1632158960.99291062,2,0.00000000,0.00000000
1632158961.09291029,2,0.00000000,0.00000000
1632158961.19291043,2,0.00000000,0.00000000
1632158961.29293942,2,0.00000000,0.00000000
1632158961.39301968,2,0.00000000,0.00000000
1632158961.49298239,2,0.00000000,0.00000000
1632158961.59293699,2,0.00000000,0.00000000
1632158961.69292974,2,0.00000000,0.00000000
1632158961.79293203,2,0.00000000,0.00000000
1632158961.89299154,2,0.00000000,0.00000000
1632158961.99294376,2,0.00000000,0.00000000
1632158962.09298229,2,0.00000000,0.00000000
1632158962.19294167,2,0.00000000,0.00000000
1632158962.29293251,2,0.00000000,0.00000000
1632158962.39295077,2,0.00000000,0.00000000
1632158962.49294329,2,0.00000000,0.00000000
1632158962.59291172,2,0.00000000,0.00000000
1632158962.69294071,2,0.00000000,0.00000000
1632158962.79294419,2,0.00000000,0.00000000
1632158962.89302206,2,0.00000000,0.00000000
1632158962.99293303,2,0.00000000,0.00000000
1632158963.09293437,2,0.00000000,0.00000000
1632158963.19297671,2,0.00000000,0.00000000
1632158963.29297471,2,0.00000000,0.00000000
1632158963.39298940,2,0.00000000,0.00000000
1632158963.49296308,2,0.00000000,0.00000000
1632158963.59295678,2,0.00000000,0.00000000
1632158963.69293880,2,0.00000000,0.00000000
1632158963.79292178,2,0.00000000,0.00000000
1632158963.89294434,2,0.00000000,0.00000000
1632158963.99293351,2,0.00000000,0.00000000
1632158964.09292698,2,0.00000000,0.00000000
1632158964.19294119,2,0.00000000,0.00000000
1632158964.29291320,2,0.00000000,0.00000000
1632158964.39291739,2,0.00000000,0.00000000
1632158964.49301648,2,0.00000000,0.00000000
1632158964.59293413,2,0.00000000,0.00000000
1632158964.69308066,2,0.00000000,0.00000000
1632158964.79297662,2,0.00000000,0.00000000
1632158964.89294195,2,0.00000000,0.00000000
1632158964.99297071,2,0.00000000,0.00000000
1632158965.09294391,2,0.00000000,0.00000000
1632158965.19294119,2,0.00000000,0.00000000
1632158965.29298091,2,0.00000000,0.00000000
1632158965.39294910,2,0.00000000,0.00000000
1632158965.49295092,2,0.00000000,0.00000000
1632158965.59293985,2,0.00000000,0.00000000
1632158965.69298100,2,0.00000000,0.00000000
1632158965.79299927,2,0.00000000,0.00000000
1632158965.89297056,2,0.00000000,0.00000000
1632158965.99297690,2,0.00000000,0.00000000
1632158966.09296370,2,0.00000000,0.00000000
1632158966.19294119,2,0.00000000,0.00000000
1632158966.29293466,2,0.00000000,0.00000000
1632158966.39299440,2,0.00000000,0.00000000
1632158966.49292636,2,0.00000000,0.00000000
1632158966.59294200,2,0.00000000,0.00000000
1632158966.69297004,2,0.00000000,0.00000000
1632158966.79294515,2,0.00000000,0.00000000
1632158966.89293742,2,0.00000000,0.00000000
1632158966.99297261,2,0.00000000,0.00000000
1632158967.09298086,2,0.00000000,0.00000000
1632158967.19293261,2,0.00000000,0.00000000
1632158967.29295206,2,0.00000000,0.00000000
1632158967.39294577,2,0.00000000,0.00000000
1632158967.49293780,2,0.00000000,0.00000000
1632158967.59298301,2,0.00000000,0.00000000
1632158967.69297123,2,0.00000000,0.00000000
1632158967.79293180,2,0.00000000,0.00000000
1632158967.89296412,2,0.00000000,0.00000000
1632158967.99294877,1,0.00159751,0.00000000
1632158968.09297347,1,0.05055555,0.00000000
1632158968.19294477,1,0.09759697,0.00000000
1632158968.29294538,1,0.14559596,0.00000000
1632158968.39294195,1,0.19462832,0.00000000
1632158968.49294686,1,0.24174270,0.00000000
1632158968.59295130,1,0.36563595,0.00000000
1632158968.69293022,1,0.38119851,0.00000000
1632158968.79293466,1,0.38120616,0.00000000
1632158968.89297485,1,0.43330550,0.00000000
1632158968.99297214,1,0.53400093,0.00000000
1632158969.09293938,1,0.57143879,0.00000000
1632158969.19297338,1,0.53967775,0.00000000
1632158969.29293990,1,0.53472325,0.00000000
1632158969.39294338,1,0.53471965,0.00000000
1632158969.49297261,1,0.53581263,0.00000000
1632158969.59297109,1,0.53877025,0.00000000
1632158969.69297576,1,0.57453892,0.00000000
1632158969.79297185,1,0.53792756,0.00000000
1632158969.89293218,1,0.53913896,0.00000000
1632158969.99294114,1,0.54305257,0.00000000
1632158970.09295225,1,0.54579988,0.00000000
1632158970.19297814,1,0.54853401,0.00000000
1632158970.29293203,1,0.55266069,0.00000000
1632158970.39297247,1,0.54836186,0.00000000
1632158970.49295139,1,0.55082572,0.00000000
1632158970.59297156,1,0.55487966,0.00000000
1632158970.69293571,1,0.59259984,0.00000000
1632158970.79297876,1,0.59258898,0.00000000
1632158970.89297771,1,0.55856708,0.00000000
1632158970.99293423,1,0.55806815,0.00000000
1632158971.09295034,1,0.55745651,0.00000000
1632158971.19291258,1,0.55639552,0.00000000
1632158971.29293537,1,0.55738254,0.00000000
1632158971.39294004,1,0.55605550,0.00000000
1632158971.49293852,1,0.55664483,0.00000000
1632158971.59293938,1,0.55563665,0.00000000
1632158971.69294000,1,0.55567334,0.00000000
1632158971.79293394,1,0.55585335,0.00000000
1632158971.89293408,1,0.55490320,0.00000000
1632158971.99293971,1,0.55499222,0.00000000
1632158972.09294510,1,0.55421538,0.00000000
1632158972.19294524,1,0.55526869,0.00000000
1632158972.29294109,1,0.55422137,0.00000000
1632158972.39294291,1,0.55339321,0.00000000
1632158972.49297094,1,0.55436489,0.00000000
1632158972.59297633,1,0.55350498,0.00000000
1632158972.69297695,1,0.55272931,0.00000000
1632158972.79294419,1,0.55273821,0.00000000
1632158972.89293242,1,0.55289439,0.00000000
1632158972.99298024,1,0.55239666,0.00000000
1632158973.09297562,1,0.55201663,0.00000000
1632158973.19293427,1,0.55198420,0.00000000
1632158973.29296923,1,0.55202424,0.00000000
1632158973.39297199,1,0.55138359,0.00000000
1632158973.49297333,1,0.55072685,0.00000000
1632158973.59294987,1,0.55149077,0.00000000
1632158973.69294429,1,0.55134645,0.00000000
1632158973.79298997,1,0.55011591,0.00000000
1632158973.89293480,1,0.55061435,0.00000000
1632158973.99293566,1,0.55083075,0.00000000
1632158974.09292960,1,0.54912250,0.00000000
1632158974.19297695,1,0.54913256,0.00000000
1632158974.29293871,1,0.54979184,0.00000000
1632158974.39297247,1,0.54838016,0.00000000
1632158974.49293685,1,0.55016569,0.00000000
1632158974.59297681,1,0.55018082,0.00000000
1632158974.69293499,1,0.54916427,0.00000000
1632158974.79293084,1,0.54885988,0.00000000
1632158974.89295769,1,0.54833375,0.00000000
1632158974.99294710,1,0.54809936,0.00000000
1632158975.09293890,1,0.54739894,0.00000000
1632158975.19294000,1,0.54805998,0.00000000
1632158975.29293728,1,0.54864842,0.00000000
1632158975.39297271,1,0.54710803,0.00000000
1632158975.49292874,1,0.54774317,0.00000000
1632158975.59293008,1,0.54626423,0.00000000
1632158975.69297695,1,0.54733706,0.00000000
1632158975.79294276,1,0.54683054,0.00000000
1632158975.89293814,1,0.54642657,0.00000000
1632158975.99293303,1,0.54547642,0.00000000
1632158976.09293890,1,0.54709260,0.00000000
1632158976.19294310,1,0.54710291,0.00000000
1632158976.29294753,1,0.54566620,0.00000000
1632158976.39294457,1,0.54629961,0.00000000
1632158976.49294615,1,0.54478379,0.00000000
1632158976.59292507,1,0.54599375,0.00000000
1632158976.69292974,1,0.54484540,0.00000000
1632158976.79294181,1,0.54548499,0.00000000
1632158976.89294505,1,0.54522199,0.00000000
1632158976.99294496,1,0.54400513,0.00000000
1632158977.09294081,1,0.54509579,0.00000000
1632158977.19297719,1,0.54427955,0.00000000
1632158977.29293156,1,0.54474488,0.00000000
1632158977.39298058,1,0.54336896,0.00000000
1632158977.49293709,1,0.54441112,0.00000000
1632158977.59297657,1,0.54337673,0.00000000
1632158977.69293165,1,0.54340712,0.00000000
1632158977.79297352,1,0.54344967,0.00000000
1632158977.89294100,1,0.54344579,0.00000000
1632158977.99293590,1,0.54262641,0.00000000
1632158978.09297299,1,0.54409624,0.00000000
1632158978.19294262,1,0.54264112,0.00000000
1632158978.29293776,1,0.54274818,0.00000000
1632158978.39301848,1,0.54170625,0.00000000
1632158978.49297166,1,0.54281679,0.00000000
1632158978.59293103,1,0.54207484,0.00000000
1632158978.69294333,1,0.54282865,0.00000000
1632158978.79293561,1,0.54201765,0.00000000
1632158978.89293861,1,0.54217083,0.00000000
1632158978.99293971,1,0.54106925,0.00000000
1632158979.09298348,1,0.59017111,0.00000000
1632158979.19295168,1,0.63849189,0.00000000
1632158979.29297137,1,0.68582243,0.00000000
1632158979.39293146,1,0.73365479,0.00000000
1632158979.49295306,1,0.78234738,0.00000000
1632158979.59297490,1,0.85075328,0.00000000
1632158979.69294000,1,0.90212502,0.00000000
1632158979.79293108,1,0.95050026,0.00000000
1632158979.89292455,1,0.99875118,0.00000000
1632158979.99293828,0,0.00000000,0.00000000
1632158980.09293079,0,0.00000000,0.00000000
1632158980.19297600,0,0.00000000,0.00000000
1632158980.29297376,0,0.00000000,0.00000000
1632158980.39294004,0,0.00000000,0.00000000
1632158980.49297547,0,0.00000000,0.00000000
1632158980.59297061,0,0.00000000,0.00000000
1632158980.69293499,0,0.00000000,0.00000000
1632158980.79294467,0,0.00000000,0.00000000
1632158980.89292073,0,0.00000000,0.00000000
1632158980.99294543,0,0.00000000,0.00000000
1632158981.09297991,0,0.00000000,0.00000000
1632158981.19294906,0,0.00000000,0.00000000
1632158981.29297113,0,0.00000000,0.00000000
1632158981.39293790,0,0.00000000,0.00000000
1632158981.49293995,0,0.00000000,0.00000000
1632158981.59295154,0,0.00000000,0.00000000
1632158981.69293547,0,0.00000000,0.00000000
1632158981.79296923,0,0.00000000,0.00000000
1632158981.89292359,0,0.00000000,0.00000000
1632158981.99293995,0,0.00000000,0.00000000
1632158982.09294486,0,0.00000000,0.00000000
1632158982.19294024,0,0.00000000,0.00000000
1632158982.29293036,0,0.00000000,0.00000000
1632158982.39294577,0,0.00000000,0.00000000
1632158982.49295068,0,0.00000000,0.00000000
1632158982.59294987,0,0.00000000,0.00000000
1632158982.69303417,0,0.00000000,0.00000000
1632158982.79292846,0,0.00000000,0.00000000
1632158982.89292312,0,0.00000000,0.00000000
1632158982.99292636,0,0.00000000,0.00000000
1632158983.09293008,0,0.00000000,0.00000000
1632158983.19293714,0,0.00000000,0.00000000
1632158983.29292917,0,0.00000000,0.00000000
1632158983.39293599,0,0.00000000,0.00000000
1632158983.49293971,0,0.00000000,0.00000000
1632158983.59293461,0,0.00000000,0.00000000
1632158983.69293833,0,0.00000000,0.00000000
1632158983.79296947,0,0.00000000,0.00000000
1632158983.89295435,0,0.00000000,0.00000000
1632158983.99295211,0,0.00000000,0.00000000
1632158984.09293938,0,0.00000000,0.00000000
1632158984.19293809,0,0.00000000,0.00000000
1632158984.29297066,0,0.00000000,0.00000000
1632158984.39293838,0,0.00000000,0.00000000
1632158984.49297762,0,0.00000000,0.00000000
1632158984.59293485,0,0.00000000,0.00000000
1632158984.69293571,0,0.00000000,0.00000000
1632158984.79297948,0,0.00000000,0.00000000
1632158984.89297295,0,0.00000000,0.00000000
1632158984.99292898,0,0.00000000,0.00000000
1632158985.09293890,0,0.00000000,0.00000000
1632158985.19297743,0,0.00000000,0.00000000
1632158985.29301453,0,0.00000000,0.00000000
1632158985.39297795,0,0.00000000,0.00000000
1632158985.49293089,0,0.00000000,0.00000000
1632158985.59298897,0,0.00000000,0.00000000
1632158985.69298720,0,0.00000000,0.00000000
1632158985.79301620,0,0.00000000,0.00000000
1632158985.89297748,0,0.00000000,0.00000000
1632158985.99299097,0,0.00000000,0.00000000
1632158986.09293747,0,0.00000000,0.00000000
1632158986.19298410,0,0.00000000,0.00000000
1632158986.29293704,0,0.00000000,0.00000000
1632158986.39293861,0,0.00000000,0.00000000
1632158986.49298167,0,0.00000000,0.00000000
1632158986.59293628,0,0.00000000,0.00000000
1632158986.69297910,0,0.00000000,0.00000000
1632158986.79293203,0,0.00000000,0.00000000
1632158986.89294147,0,0.00000000,0.00000000
1632158986.99293137,0,0.00000000,0.00000000
1632158987.09296942,0,0.00000000,0.00000000
1632158987.19297814,0,0.00000000,0.00000000
1632158987.29297519,0,0.00000000,0.00000000
1632158987.39297700,0,0.00000000,0.00000000
1632158987.49297762,0,0.00000000,0.00000000
1632158987.59298038,0,0.00000000,0.00000000
1632158987.69297695,0,0.00000000,0.00000000
1632158987.79297757,0,0.00000000,0.00000000
1632158987.89298010,0,0.00000000,0.00000000
1632158987.99297810,0,0.00000000,0.00000000
1632158988.09297895,0,0.00000000,0.00000000
1632158988.19295335,0,0.00000000,0.00000000
1632158988.29293609,0,0.00000000,0.00000000
1632158988.39294314,0,0.00000000,0.00000000
1632158988.49299145,0,0.00000000,0.00000000
1632158988.59295106,0,0.00000000,0.00000000
1632158988.69297242,0,0.00000000,0.00000000
1632158988.79292750,0,0.00000000,0.00000000
1632158988.89293194,0,0.00000000,0.00000000
1632158988.99301863,0,0.00000000,0.00000000
1632158989.09296966,0,0.00000000,0.00000000
1632158989.19297910,0,0.00000000,0.00000000
1632158989.29293656,0,0.00000000,0.00000000
1632158989.39293098,0,0.00000000,0.00000000
1632158989.49298573,0,0.00000000,0.00000000
1632158989.59297180,0,0.00000000,0.00000000
1632158989.69298124,0,0.00000000,0.00000000
1632158989.79299235,0,0.00000000,0.00000000
1632158989.89298201,0,0.00000000,0.00000000
1632158989.99294496,0,0.00000000,0.00000000
1632158990.09299088,0,0.00000000,0.00000000
1632158990.19298506,0,0.00000000,0.00000000
1632158990.29297256,0,0.00000000,0.00000000
1632158990.39296365,0,0.00000000,0.00000000
1632158990.49294209,0,0.00000000,0.00000000
1632158990.59294367,0,0.00000000,0.00000000
1632158990.69297695,0,0.00000000,0.00000000
1632158990.79297662,0,0.00000000,0.00000000
1632158990.89298654,0,0.00000000,0.00000000
1632158990.99293184,0,0.00000000,0.00000000
1632158991.09293056,0,0.00000000,0.00000000
1632158991.19298267,0,0.00000000,0.00000000
1632158991.29293418,0,0.00000000,0.00000000
1632158991.39294910,0,0.00000000,0.00000000
1632158991.49294639,0,0.00000000,0.00000000
1632158991.59294176,0,0.00000000,0.00000000
1632158991.69294047,0,0.00000000,0.00000000
1632158991.79292536,0,0.00000000,0.00000000
1632158991.89298153,0,0.00000000,0.00000000
1632158991.99294138,0,0.00000000,0.00000000
1632158992.09294510,0,0.00000000,0.00000000
1632158992.19294143,0,0.00000000,0.00000000
1632158992.29297447,0,0.00000000,0.00000000
1632158992.39294505,0,0.00000000,0.00000000
1632158992.49294949,0,0.00000000,0.00000000
1632158992.59293437,0,0.00000000,0.00000000
1632158992.69293475,0,0.00000000,0.00000000
1632158992.79298830,0,0.00000000,0.00000000
1632158992.89303994,0,0.00000000,0.00000000
1632158992.99293590,0,0.00000000,0.00000000
1632158993.09291887,0,0.00000000,0.00000000
1632158993.19298148,0,0.00000000,0.00000000
1632158993.29297948,0,0.00000000,0.00000000
1632158993.39294338,0,0.00000000,0.00000000
1632158993.49293613,0,0.00000000,0.00000000
1632158993.59293962,0,0.00000000,0.00000000
1632158993.69295001,0,0.00000000,0.00000000
1632158993.79293656,0,0.00000000,0.00000000
1632158993.89298296,0,0.00000000,0.00000000
1632158993.99292040,0,0.00000000,0.00000000
1632158994.09293842,0,0.00000000,0.00000000
1632158994.19297242,0,0.00000000,0.00000000
1632158994.29293299,0,0.00000000,0.00000000
1632158994.39293766,0,0.00000000,0.00000000
1632158994.49307418,0,0.00000000,0.00000000
1632158994.59294128,0,0.00000000,0.00000000
1632158994.69312024,0,0.00000000,0.00000000
1632158994.79297137,0,0.00000000,0.00000000
1632158994.89295006,0,0.00000000,0.00000000
1632158994.99293971,0,0.00000000,0.00000000
1632158995.09292197,0,0.00000000,0.00000000
1632158995.19295955,0,0.00000000,0.00000000
1632158995.29294181,0,0.00000000,0.00000000
1632158995.39292693,0,0.00000000,0.00000000
1632158995.49296975,0,0.00000000,0.00000000
1632158995.59297752,0,0.00000000,0.00000000
1632158995.69297433,0,0.00000000,0.00000000
1632158995.79293466,0,0.00000000,0.00000000
1632158995.89293361,0,0.00000000,0.00000000
1632158995.99293351,0,0.00000000,0.00000000
1632158996.09293437,0,0.00000000,0.00000000
1632158996.19293380,0,0.00000000,0.00000000
1632158996.29293060,0,0.00000000,0.00000000
1632158996.39311647,0,0.00000000,0.00000000
1632158996.49298573,0,0.00000000,0.00000000
1632158996.59296727,0,0.00000000,0.00000000
1632158996.69295597,0,0.00000000,0.00000000
1632158996.79293919,0,0.00000000,0.00000000
1632158996.89298129,0,0.00000000,0.00000000
1632158996.99293303,0,0.00000000,0.00000000
1632158997.09292889,0,0.00000000,0.00000000
1632158997.19299650,0,0.00000000,0.00000000
1632158997.29294634,0,0.00000000,0.00000000
1632158997.39293933,0,0.00000000,0.00000000
1632158997.49293137,0,0.00000000,0.00000000
1632158997.59293079,0,0.00000000,0.00000000
1632158997.69297075,0,0.00000000,0.00000000
1632158997.79292345,0,0.00000000,0.00000000
1632158997.89293408,0,0.00000000,0.00000000
1632158997.99293113,0,0.00000000,0.00000000
1632158998.09297085,0,0.00000000,0.00000000
1632158998.19292831,0,0.00000000,0.00000000
1632158998.29293299,0,0.00000000,0.00000000
1632158998.39294457,0,0.00000000,0.00000000
1632158998.49293804,0,0.00000000,0.00000000
1632158998.59293771,0,0.00000000,0.00000000
1632158998.69293118,0,0.00000000,0.00000000
1632158998.79296660,0,0.00000000,0.00000000
1632158998.89296055,0,0.00000000,0.00000000
1632158998.99297738,0,0.00000000,0.00000000
1632158999.09299040,0,0.00000000,0.00000000
1632158999.19293952,0,0.00000000,0.00000000
1632158999.29292846,0,0.00000000,0.00000000
1632158999.39292026,0,0.00000000,0.00000000
1632158999.49292970,0,0.00000000,0.00000000
1632158999.59296679,0,0.00000000,0.00000000
1632158999.69291759,0,0.00000000,0.00000000
1632158999.79292560,0,0.00000000,0.00000000
1632158999.89295316,0,0.00000000,0.00000000
1632158999.99297071,0,0.00000000,0.00000000
1632159000.09295368,0,0.00000000,0.00000000
1632159000.19298077,0,0.00000000,0.00000000
1632159000.29297161,0,0.00000000,0.00000000
1632159000.39291263,0,0.00000000,0.00000000
1632159000.49294996,0,0.00000000,0.00000000
1632159000.59296799,0,0.00000000,0.00000000
1632159000.69297266,0,0.00000000,0.00000000
1632159000.79293799,0,0.00000000,0.00000000
1632159000.89294076,0,0.00000000,0.00000000
1632159000.99294066,0,0.00000000,0.00000000
1632159001.09298611,0,0.00000000,0.00000000
1632159001.19295597,0,0.00000000,0.00000000
1632159001.29293132,0,0.00000000,0.00000000
1632159001.39292359,0,0.00000000,0.00000000
1632159001.49297166,0,0.00000000,0.00000000
1632159001.59297466,0,0.00000000,0.00000000
1632159001.69295788,0,0.00000000,0.00000000
1632159001.79297304,0,0.00000000,0.00000000
1632159001.89294481,0,0.00000000,0.00000000
1632159001.99293184,0,0.00000000,0.00000000
1632159002.09294558,0,0.00000000,0.00000000
1632159002.19295359,0,0.00000000,0.00000000
1632159002.29291940,0,0.00000000,0.00000000
1632159002.39293575,0,0.00000000,0.00000000
1632159002.49294734,0,0.00000000,0.00000000
1632159002.59295845,0,0.00000000,0.00000000
1632159002.69291568,0,0.00000000,0.00000000
1632159002.79292512,0,0.00000000,0.00000000
1632159002.89296842,0,0.00000000,0.00000000
1632159002.99292755,0,0.00000000,0.00000000
1632159003.09297085,0,0.00000000,0.00000000
1632159003.19297123,0,0.00000000,0.00000000
1632159003.29293084,0,0.00000000,0.00000000
1632159003.39293027,0,0.00000000,0.00000000
1632159003.49292016,0,0.00000000,0.00000000
1632159003.59298182,0,0.00000000,0.00000000
1632159003.69295263,0,0.00000000,0.00000000
1632159003.79294538,0,0.00000000,0.00000000
1632159003.89294314,0,0.00000000,0.00000000
1632159003.99293590,0,0.00000000,0.00000000
1632159004.09292674,0,0.00000000,0.00000000
1632159004.19294906,0,0.00000000,0.00000000
1632159004.29298401,0,0.00000000,0.00000000
1632159004.39296818,0,0.00000000,0.00000000
1632159004.49297595,0,0.00000000,0.00000000
1632159004.59292817,0,0.00000000,0.00000000
1632159004.69294596,0,0.00000000,0.00000000
1632159004.79293704,0,0.00000000,0.00000000
1632159004.89297318,0,0.00000000,0.00000000
1632159004.99297357,0,0.00000000,0.00000000
1632159005.09297013,0,0.00000000,0.00000000
1632159005.19292188,0,0.00000000,0.00000000
1632159005.29294109,0,0.00000000,0.00000000
1632159005.39296865,0,0.00000000,0.00000000
1632159005.49297357,0,0.00000000,0.00000000
1632159005.59294629,0,0.00000000,0.00000000
1632159005.69297266,0,0.00000000,0.00000000
1632159005.79294252,0,0.00000000,0.00000000
1632159005.89296985,0,0.00000000,0.00000000
1632159005.99298954,0,0.00000000,0.00000000
1632159006.09297156,0,0.00000000,0.00000000
1632159006.19297504,0,0.00000000,0.00000000
1632159006.29297543,0,0.00000000,0.00000000
1632159006.39297462,0,0.00000000,0.00000000
1632159006.49295187,0,0.00000000,0.00000000
1632159006.59295058,0,0.00000000,0.00000000
1632159006.69297266,0,0.00000000,0.00000000
1632159006.79297256,0,0.00000000,0.00000000
1632159006.89295340,0,0.00000000,0.00000000
1632159006.99297476,0,0.00000000,0.00000000
1632159007.09297347,0,0.00000000,0.00000000
1632159007.19296002,0,0.00000000,0.00000000
1632159007.29293633,0,0.00000000,0.00000000
1632159007.39293098,0,0.00000000,0.00000000
1632159007.49292397,0,0.00000000,0.00000000
