Seconds,ChildArea,Child Observation Distance,Robot bounds proximity
1632312862.00615072,0,0.00000000,0.00000000
1632312862.10613942,0,0.00000000,0.00000000
1632312862.20614147,0,0.00000000,0.00000000
1632312862.30614305,0,0.00000000,0.00000000
1632312862.40614247,0,0.00000000,0.00000000
1632312862.50614166,0,0.00000000,0.00000000
1632312862.60610843,0,0.00000000,0.00000000
1632312862.70608759,0,0.00000000,0.00000000
1632312862.80611348,0,0.00000000,0.00000000
1632312862.90608478,0,0.00000000,0.00000000
1632312863.00613570,0,0.00000000,0.00000000
1632312863.10615325,0,0.00000000,0.00000000
1632312863.20614576,0,0.00000000,0.00000000
1632312863.30615330,0,0.00000000,0.00000000
1632312863.40614629,0,0.00000000,0.00000000
1632312863.50614119,0,0.00000000,0.00000000
1632312863.60610986,0,0.00000000,0.00000000
1632312863.70614004,0,0.00000000,0.00000000
1632312863.80610919,0,0.00000000,0.00000000
1632312863.90611267,0,0.00000000,0.00000000
1632312864.00608134,0,0.00000000,0.00000000
1632312864.10611081,0,0.00000000,0.00000000
1632312864.20613813,0,0.00000000,0.00000000
1632312864.30614209,0,0.00000000,0.00000000
1632312864.40614295,0,0.00000000,0.00000000
1632312864.50614166,0,0.00000000,0.00000000
1632312864.60611749,0,0.00000000,0.00000000
1632312864.70610929,0,0.00000000,0.00000000
1632312864.80608106,0,0.00000000,0.00000000
1632312864.90616107,0,0.00000000,0.00000000
1632312865.00613904,0,0.00000000,0.00000000
1632312865.10610580,0,0.00000000,0.00000000
1632312865.20614100,0,0.00000000,0.00000000
1632312865.30614161,0,0.00000000,0.00000000
1632312865.40614033,0,0.00000000,0.00000000
1632312865.50613880,0,0.00000000,0.00000000
1632312865.60614276,0,0.00000000,0.00000000
1632312865.70614123,0,0.00000000,0.00000000
1632312865.80614424,0,0.00000000,0.00000000
1632312865.90611935,0,0.00000000,0.00000000
1632312866.00611186,0,0.00000000,0.00000000
1632312866.10611296,0,0.00000000,0.00000000
1632312866.20611095,0,0.00000000,0.00000000
1632312866.30619144,0,0.00000000,0.00000000
1632312866.40610075,0,0.00000000,0.00000000
1632312866.50611353,0,0.00000000,0.00000000
1632312866.60614133,0,0.00000000,0.00000000
1632312866.70615435,0,0.00000000,0.00000000
1632312866.80612135,0,0.00000000,0.00000000
1632312866.90614176,0,0.00000000,0.00000000
1632312867.00610447,0,0.00000000,0.00000000
1632312867.10608530,0,0.00000000,0.00000000
1632312867.20613623,0,0.00000000,0.00000000
1632312867.30609989,0,0.00000000,0.00000000
1632312867.40614152,0,0.00000000,0.00000000
1632312867.50612831,0,0.00000000,0.00000000
1632312867.60614133,0,0.00000000,0.00000000
1632312867.70609975,0,0.00000000,0.00000000
1632312867.80614161,0,0.00000000,0.00000000
1632312867.90611911,0,0.00000000,0.00000000
1632312868.00609851,0,0.00000000,0.00000000
1632312868.10613012,0,0.00000000,0.00000000
1632312868.20611167,0,0.00000000,0.00000000
1632312868.30612183,0,0.00000000,0.00000000
1632312868.40608954,0,0.00000000,0.00000000
1632312868.50611734,0,0.00000000,0.00000000
1632312868.60611224,0,0.00000000,0.00000000
1632312868.70611739,0,0.00000000,0.00000000
1632312868.80611014,0,0.00000000,0.00000000
1632312868.90611100,0,0.00000000,0.00000000
1632312869.00608301,0,0.00000000,0.00000000
1632312869.10611582,0,0.00000000,0.00000000
1632312869.20610809,0,0.00000000,0.00000000
1632312869.30614424,0,0.00000000,0.00000000
1632312869.40614271,0,0.00000000,0.00000000
1632312869.50614142,0,0.00000000,0.00000000
1632312869.60614395,0,0.00000000,0.00000000
1632312869.70614433,0,0.00000000,0.00000000
1632312869.80611110,0,0.00000000,0.00000000
1632312869.90617037,0,0.00000000,0.00000000
1632312870.00613809,0,0.00000000,0.00000000
1632312870.10609841,0,0.00000000,0.00000000
1632312870.20611835,0,0.00000000,0.00000000
1632312870.30611348,0,0.00000000,0.00000000
1632312870.40610957,0,0.00000000,0.00000000
1632312870.50611448,0,0.00000000,0.00000000
1632312870.60611367,0,0.00000000,0.00000000
1632312870.70611072,0,0.00000000,0.00000000
1632312870.80611205,0,0.00000000,0.00000000
1632312870.90619397,0,0.00000000,0.00000000
1632312871.00611091,0,0.00000000,0.00000000
1632312871.10618973,0,0.00000000,0.00000000
1632312871.20613861,1,1.00000000,0.00000000
1632312871.30611277,1,0.94999981,0.00000000
1632312871.40619493,1,0.90000010,0.00000000
1632312871.50608587,1,0.84999990,0.00000000
1632312871.60611343,1,0.80000019,0.00000000
1632312871.70611191,1,0.75000000,0.00000000
1632312871.80610847,1,0.69999981,0.00000000
1632312871.90610766,1,0.65291010,0.00000000
1632312872.00608206,1,0.60581977,0.00000000
1632312872.10610461,1,0.55921478,0.00000000
1632312872.20611024,1,0.50679019,0.00000000
1632312872.30610967,1,0.51018503,0.00000000
1632312872.40614820,1,0.51406478,0.00000000
1632312872.50611115,1,0.50970000,0.00000000
1632312872.60610652,1,0.51309517,0.00000000
1632312872.70611095,1,0.51406480,0.00000000
1632312872.80611277,1,0.51503501,0.00000000
1632312872.90613842,1,0.51066985,0.00000000
1632312873.00611377,1,0.51406515,0.00000000
1632312873.10611105,1,0.51503488,0.00000000
1632312873.20613861,1,0.51406520,0.00000000
1632312873.30611300,1,0.51406494,0.00000000
1632312873.40610957,1,0.51406515,0.00000000
1632312873.50608015,1,0.51406488,0.00000000
1632312873.60610414,1,0.51406510,0.00000000
1632312873.70610547,1,0.51357983,0.00000000
1632312873.80613875,1,0.51309498,0.00000000
1632312873.90616488,1,0.51309508,0.00000000
1632312874.00609851,1,0.51309518,0.00000000
1632312874.10612798,1,0.51309480,0.00000000
1632312874.20613265,1,0.51260990,0.00000000
1632312874.30614352,1,0.51309494,0.00000000
1632312874.40608478,1,0.51212504,0.00000000
1632312874.50610805,1,0.51309502,0.00000000
1632312874.60608602,1,0.51212512,0.00000000
1632312874.70608568,1,0.51261011,0.00000000
1632312874.80611897,1,0.51212515,0.00000000
1632312874.90608835,1,0.51212513,0.00000000
1632312875.00608206,1,0.51212512,0.00000000
1632312875.10611653,1,0.51067010,0.00000000
1632312875.20610690,1,0.51212492,0.00000000
1632312875.30611134,1,0.51115490,0.00000000
1632312875.40608239,1,0.51163977,0.00000000
1632312875.50611377,1,0.51115518,0.00000000
1632312875.60610747,1,0.51115505,0.00000000
1632312875.70611358,1,0.51066992,0.00000000
1632312875.80611420,1,0.51115521,0.00000000
1632312875.90610170,1,0.51115508,0.00000000
1632312876.00611210,1,0.50969996,0.00000000
1632312876.10608101,1,0.51115513,0.00000000
1632312876.20608306,1,0.51018501,0.00000000
1632312876.30610085,1,0.51066976,0.00000000
1632312876.40611172,1,0.51018506,0.00000000
1632312876.50608444,1,0.51018481,0.00000000
1632312876.60611320,1,0.50970005,0.00000000
1632312876.70608401,1,0.51018523,0.00000000
1632312876.80611181,1,0.50969999,0.00000000
1632312876.90611148,1,0.50921516,0.00000000
1632312877.00611472,1,0.51018481,0.00000000
1632312877.10611057,1,0.50873004,0.00000000
1632312877.20611334,1,0.51018511,0.00000000
1632312877.30611205,1,0.45873015,0.00000000
1632312877.40610933,1,0.40921503,0.00000000
1632312877.50611401,1,0.35921496,0.00000000
1632312877.60610867,1,0.30872989,0.00000000
1632312877.70611167,1,0.25921477,0.00000000
1632312877.80611324,1,0.20873017,0.00000000
1632312877.90611100,1,0.15824505,0.00000000
1632312878.00608301,1,0.10775987,0.00000000
1632312878.10611796,1,0.05824510,0.00000000
1632312878.20611310,1,0.00775992,0.00000000
1632312878.30611587,2,0.00000000,0.00000000
1632312878.40611124,2,0.00000000,0.00000000
1632312878.50611472,2,0.00000000,0.00000000
1632312878.60611320,2,0.00000000,0.00000000
1632312878.70608258,2,0.00000000,0.00000000
1632312878.80611157,2,0.00000000,0.00000000
1632312878.90611458,2,0.00000000,0.00000000
1632312879.00611234,2,0.00000000,0.00000000
1632312879.10608339,2,0.00000000,0.00000000
1632312879.20611286,2,0.00000000,0.00000000
1632312879.30611444,2,0.00000000,0.00000000
1632312879.40611577,2,0.00000000,0.00000000
1632312879.50610781,2,0.00000000,0.00000000
1632312879.60611439,2,0.00000000,0.00000000
1632312879.70608354,2,0.00000000,0.00000000
1632312879.80611157,2,0.00000000,0.00000000
1632312879.90608191,2,0.00000000,0.00000000
1632312880.00608134,2,0.00000000,0.00000000
1632312880.10611296,2,0.00000000,0.00000000
1632312880.20611310,2,0.00000000,0.00000000
1632312880.30611110,2,0.00000000,0.00000000
1632312880.40608382,2,0.00000000,0.00000000
1632312880.50608158,2,0.00000000,0.00000000
1632312880.60611343,2,0.00000000,0.00000000
1632312880.70611262,2,0.00000000,0.00000000
1632312880.80611372,2,0.00000000,0.00000000
1632312880.90611196,2,0.00000000,0.00000000
1632312881.00611186,2,0.00000000,0.00000000
1632312881.10610676,2,0.00000000,0.00000000
1632312881.20611215,2,0.00000000,0.00000000
1632312881.30611444,2,0.00000000,0.00000000
1632312881.40611196,2,0.00000000,0.00000000
1632312881.50612378,2,0.00000000,0.00000000
1632312881.60611296,2,0.00000000,0.00000000
1632312881.70611286,2,0.00000000,0.00000000
1632312881.80611205,2,0.00000000,0.00000000
1632312881.90608311,2,0.00000000,0.00000000
1632312882.00611377,2,0.00000000,0.00000000
1632312882.10611272,2,0.00000000,0.00000000
1632312882.20611143,2,0.00000000,0.00000000
1632312882.30613780,2,0.00000000,0.00000000
1632312882.40608335,2,0.00000000,0.00000000
1632312882.50611210,2,0.00000000,0.00000000
1632312882.60611272,2,0.00000000,0.00000000
1632312882.70611334,2,0.00000000,0.00000000
1632312882.80611205,2,0.00000000,0.00000000
1632312882.90608311,2,0.00000000,0.00000000
1632312883.00611281,2,0.00000000,0.00000000
1632312883.10611916,2,0.00000000,0.00000000
1632312883.20608711,2,0.00000000,0.00000000
1632312883.30611348,2,0.00000000,0.00000000
1632312883.40611243,2,0.00000000,0.00000000
1632312883.50611162,2,0.00000000,0.00000000
1632312883.60608387,2,0.00000000,0.00000000
1632312883.70611787,2,0.00000000,0.00000000
1632312883.80611658,2,0.00000000,0.00000000
1632312883.90608311,2,0.00000000,0.00000000
1632312884.00608230,2,0.00000000,0.00000000
1632312884.10611224,2,0.00000000,0.00000000
1632312884.20612860,2,0.00000000,0.00000000
1632312884.30608010,2,0.00000000,0.00000000
1632312884.40611553,2,0.00000000,0.00000000
1632312884.50608706,2,0.00000000,0.00000000
1632312884.60611343,2,0.00000000,0.00000000
1632312884.70608234,2,0.00000000,0.00000000
1632312884.80611181,2,0.00000000,0.00000000
1632312884.90611625,2,0.00000000,0.00000000
1632312885.00611401,2,0.00000000,0.00000000
1632312885.10608673,2,0.00000000,0.00000000
1632312885.20611620,2,0.00000000,0.00000000
1632312885.30611205,2,0.00000000,0.00000000
1632312885.40611219,2,0.00000000,0.00000000
1632312885.50611544,2,0.00000000,0.00000000
1632312885.60608244,2,0.00000000,0.00000000
1632312885.70611191,2,0.00000000,0.00000000
1632312885.80611539,2,0.00000000,0.00000000
1632312885.90611196,2,0.00000000,0.00000000
1632312886.00611448,2,0.00000000,0.00000000
1632312886.10608482,2,0.00000000,0.00000000
1632312886.20611596,2,0.00000000,0.00000000
1632312886.30611753,2,0.00000000,0.00000000
1632312886.40608573,2,0.00000000,0.00000000
1632312886.50611258,2,0.00000000,0.00000000
1632312886.60611033,2,0.00000000,0.00000000
1632312886.70608544,2,0.00000000,0.00000000
1632312886.80612135,2,0.00000000,0.00000000
1632312886.90611386,2,0.00000000,0.00000000
1632312887.00608301,2,0.00000000,0.00000000
1632312887.10611129,2,0.00000000,0.00000000
1632312887.20611334,2,0.00000000,0.00000000
1632312887.30608201,2,0.00000000,0.00000000
1632312887.40612173,2,0.00000000,0.00000000
1632312887.50608230,2,0.00000000,0.00000000
1632312887.60611200,2,0.00000000,0.00000000
1632312887.70611191,2,0.00000000,0.00000000
1632312887.80611110,2,0.00000000,0.00000000
1632312887.90608692,2,0.00000000,0.00000000
1632312888.00611186,2,0.00000000,0.00000000
1632312888.10608149,2,0.00000000,0.00000000
1632312888.20611191,2,0.00000000,0.00000000
1632312888.30611420,2,0.00000000,0.00000000
1632312888.40611434,2,0.00000000,0.00000000
1632312888.50614071,2,0.00000000,0.00000000
1632312888.60611272,2,0.00000000,0.00000000
1632312888.70612121,2,0.00000000,0.00000000
1632312888.80611420,2,0.00000000,0.00000000
1632312888.90611267,2,0.00000000,0.00000000
1632312889.00608563,2,0.00000000,0.00000000
1632312889.10610962,2,0.00000000,0.00000000
1632312889.20611262,2,0.00000000,0.00000000
1632312889.30611444,2,0.00000000,0.00000000
1632312889.40608382,2,0.00000000,0.00000000
1632312889.50611448,2,0.00000000,0.00000000
1632312889.60608244,2,0.00000000,0.00000000
1632312889.70611334,2,0.00000000,0.00000000
1632312889.80611229,2,0.00000000,0.00000000
1632312889.90608668,2,0.00000000,0.00000000
1632312890.00611305,2,0.00000000,0.00000000
1632312890.10611200,2,0.00000000,0.00000000
1632312890.20608187,2,0.00000000,0.00000000
1632312890.30611014,2,0.00000000,0.00000000
1632312890.40611529,2,0.00000000,0.00000000
1632312890.50610614,2,0.00000000,0.00000000
1632312890.60608077,2,0.00000000,0.00000000
1632312890.70608211,2,0.00000000,0.00000000
1632312890.80611610,2,0.00000000,0.00000000
1632312890.90611339,2,0.00000000,0.00000000
1632312891.00611138,2,0.00000000,0.00000000
1632312891.10611296,2,0.00000000,0.00000000
1632312891.20611191,2,0.00000000,0.00000000
1632312891.30611873,2,0.00000000,0.00000000
1632312891.40608287,2,0.00000000,0.00000000
1632312891.50611472,2,0.00000000,0.00000000
1632312891.60611320,2,0.00000000,0.00000000
1632312891.70611238,2,0.00000000,0.00000000
1632312891.80611205,2,0.00000000,0.00000000
1632312891.90608144,2,0.00000000,0.00000000
1632312892.00611234,2,0.00000000,0.00000000
1632312892.10608172,2,0.00000000,0.00000000
1632312892.20611262,2,0.00000000,0.00000000
1632312892.30611229,2,0.00000000,0.00000000
1632312892.40611172,2,0.00000000,0.00000000
1632312892.50611520,2,0.00000000,0.00000000
1632312892.60611296,2,0.00000000,0.00000000
1632312892.70608473,2,0.00000000,0.00000000
1632312892.80608225,2,0.00000000,0.00000000
1632312892.90611219,2,0.00000000,0.00000000
1632312893.00608301,2,0.00000000,0.00000000
1632312893.10611153,2,0.00000000,0.00000000
1632312893.20611143,2,0.00000000,0.00000000
1632312893.30608249,2,0.00000000,0.00000000
1632312893.40608597,2,0.00000000,0.00000000
1632312893.50608659,2,0.00000000,0.00000000
1632312893.60611320,2,0.00000000,0.00000000
1632312893.70608401,2,0.00000000,0.00000000
1632312893.80611181,2,0.00000000,0.00000000
1632312893.90608120,2,0.00000000,0.00000000
1632312894.00611401,2,0.00000000,0.00000000
1632312894.10611272,2,0.00000000,0.00000000
1632312894.20611143,2,0.00000000,0.00000000
1632312894.30611753,2,0.00000000,0.00000000
1632312894.40611029,2,0.00000000,0.00000000
1632312894.50611305,2,0.00000000,0.00000000
1632312894.60608625,2,0.00000000,0.00000000
1632312894.70611238,2,0.00000000,0.00000000
1632312894.80611563,2,0.00000000,0.00000000
1632312894.90608621,2,0.00000000,0.00000000
1632312895.00611329,2,0.00000000,0.00000000
1632312895.10608268,2,0.00000000,0.00000000
1632312895.20611572,2,0.00000000,0.00000000
1632312895.30608225,2,0.00000000,0.00000000
1632312895.40610862,2,0.00000000,0.00000000
1632312895.50611115,2,0.00000000,0.00000000
1632312895.60611510,2,0.00000000,0.00000000
1632312895.70610738,2,0.00000000,0.00000000
1632312895.80611181,2,0.00000000,0.00000000
1632312895.90610647,2,0.00000000,0.00000000
1632312896.00610638,2,0.00000000,0.00000000
1632312896.10608053,2,0.00000000,0.00000000
1632312896.20608115,2,0.00000000,0.00000000
1632312896.30608487,2,0.00000000,0.00000000
1632312896.40608382,2,0.00000000,0.00000000
1632312896.50611067,2,0.00000000,0.00000000
1632312896.60608697,2,0.00000000,0.00000000
1632312896.70608234,2,0.00000000,0.00000000
1632312896.80611181,2,0.00000000,0.00000000
1632312896.90611148,2,0.00000000,0.00000000
1632312897.00611615,2,0.00000000,0.00000000
1632312897.10611510,2,0.00000000,0.00000000
1632312897.20608044,2,0.00000000,0.00000000
1632312897.30611205,2,0.00000000,0.00000000
1632312897.40610623,2,0.00000000,0.00000000
1632312897.50611115,2,0.00000000,0.00000000
1632312897.60611057,2,0.00000000,0.00000000
1632312897.70611501,2,0.00000000,0.00000000
1632312897.80611110,2,0.00000000,0.00000000
1632312897.90611410,2,0.00000000,0.00000000
1632312898.00611043,2,0.00000000,0.00000000
1632312898.10611033,2,0.00000000,0.00000000
1632312898.20611262,2,0.00000000,0.00000000
1632312898.30611396,2,0.00000000,0.00000000
1632312898.40611267,2,0.00000000,0.00000000
1632312898.50611138,2,0.00000000,0.00000000
1632312898.60610962,2,0.00000000,0.00000000
1632312898.70611262,2,0.00000000,0.00000000
1632312898.80611062,2,0.00000000,0.00000000
1632312898.90610576,2,0.00000000,0.00000000
1632312899.00608110,2,0.00000000,0.00000000
1632312899.10604811,2,0.00000000,0.00000000
1632312899.20608282,2,0.00000000,0.00000000
1632312899.30608201,2,0.00000000,0.00000000
1632312899.40613437,2,0.00000000,0.00000000
1632312899.50611496,2,0.00000000,0.00000000
1632312899.60611296,2,0.00000000,0.00000000
1632312899.70608711,2,0.00000000,0.00000000
1632312899.80612063,2,0.00000000,0.00000000
1632312899.90611625,2,0.00000000,0.00000000
1632312900.00611401,2,0.00000000,0.00000000
1632312900.10611415,2,0.00000000,0.00000000
1632312900.20611382,2,0.00000000,0.00000000
1632312900.30611396,2,0.00000000,0.00000000
1632312900.40608287,2,0.00000000,0.00000000
1632312900.50611401,2,0.00000000,0.00000000
1632312900.60611653,2,0.00000000,0.00000000
1632312900.70611334,2,0.00000000,0.00000000
1632312900.80611086,2,0.00000000,0.00000000
1632312900.90608287,2,0.00000000,0.00000000
1632312901.00608277,2,0.00000000,0.00000000
1632312901.10611200,2,0.00000000,0.00000000
1632312901.20608521,2,0.00000000,0.00000000
1632312901.30608416,2,0.00000000,0.00000000
1632312901.40611291,2,0.00000000,0.00000000
1632312901.50608611,2,0.00000000,0.00000000
1632312901.60608196,2,0.00000000,0.00000000
1632312901.70608234,2,0.00000000,0.00000000
1632312901.80608392,2,0.00000000,0.00000000
1632312901.90611362,2,0.00000000,0.00000000
1632312902.00611377,2,0.00000000,0.00000000
1632312902.10611272,2,0.00000000,0.00000000
1632312902.20608544,2,0.00000000,0.00000000
1632312902.30608320,2,0.00000000,0.00000000
1632312902.40611482,2,0.00000000,0.00000000
1632312902.50612211,2,0.00000000,0.00000000
1632312902.60611129,2,0.00000000,0.00000000
1632312902.70611453,2,0.00000000,0.00000000
1632312902.80611253,2,0.00000000,0.00000000
1632312902.90611291,2,0.00000000,0.00000000
1632312903.00611281,2,0.00000000,0.00000000
1632312903.10608292,2,0.00000000,0.00000000
1632312903.20608306,2,0.00000000,0.00000000
1632312903.30611730,2,0.00000000,0.00000000
1632312903.40611744,2,0.00000000,0.00000000
1632312903.50608230,2,0.00000000,0.00000000
1632312903.60608196,2,0.00000000,0.00000000
1632312903.70612335,2,0.00000000,0.00000000
1632312903.80608416,2,0.00000000,0.00000000
1632312903.90611124,2,0.00000000,0.00000000
1632312904.00611115,2,0.00000000,0.00000000
1632312904.10608220,2,0.00000000,0.00000000
1632312904.20611191,2,0.00000000,0.00000000
1632312904.30611157,2,0.00000000,0.00000000
1632312904.40608382,2,0.00000000,0.00000000
1632312904.50611401,2,0.00000000,0.00000000
1632312904.60610676,2,0.00000000,0.00000000
1632312904.70611143,2,0.00000000,0.00000000
1632312904.80611157,2,0.00000000,0.00000000
1632312904.90611553,2,0.00000000,0.00000000
1632312905.00610900,2,0.00000000,0.00000000
1632312905.10608339,2,0.00000000,0.00000000
1632312905.20611429,2,0.00000000,0.00000000
1632312905.30611253,2,0.00000000,0.00000000
1632312905.40611243,2,0.00000000,0.00000000
1632312905.50608206,2,0.00000000,0.00000000
1632312905.60610628,2,0.00000000,0.00000000
1632312905.70608330,2,0.00000000,0.00000000
1632312905.80610943,2,0.00000000,0.00000000
1632312905.90608501,2,0.00000000,0.00000000
1632312906.00611377,2,0.00000000,0.00000000
1632312906.10608673,2,0.00000000,0.00000000
1632312906.20608687,2,0.00000000,0.00000000
1632312906.30608582,2,0.00000000,0.00000000
1632312906.40608573,2,0.00000000,0.00000000
1632312906.50611138,2,0.00000000,0.00000000
1632312906.60608625,2,0.00000000,0.00000000
1632312906.70610833,2,0.00000000,0.00000000
1632312906.80610967,2,0.00000000,0.00000000
1632312906.90608072,2,0.00000000,0.00000000
1632312907.00611234,2,0.00000000,0.00000000
1632312907.10608459,2,0.00000000,0.00000000
1632312907.20611191,2,0.00000000,0.00000000
1632312907.30611134,2,0.00000000,0.00000000
1632312907.40610862,2,0.00000000,0.00000000
1632312907.50611258,2,0.00000000,0.00000000
1632312907.60611510,2,0.00000000,0.00000000
1632312907.70611143,2,0.00000000,0.00000000
1632312907.80610752,2,0.00000000,0.00000000
1632312907.90611291,2,0.00000000,0.00000000
1632312908.00611138,2,0.00000000,0.00000000
1632312908.10611391,2,0.00000000,0.00000000
1632312908.20608258,2,0.00000000,0.00000000
1632312908.30611253,2,0.00000000,0.00000000
1632312908.40611315,2,0.00000000,0.00000000
1632312908.50611353,2,0.00000000,0.00000000
1632312908.60608387,2,0.00000000,0.00000000
1632312908.70611477,2,0.00000000,0.00000000
1632312908.80611205,2,0.00000000,0.00000000
1632312908.90611005,2,0.00000000,0.00000000
1632312909.00611758,2,0.00000000,0.00000000
1632312909.10610652,2,0.00000000,0.00000000
1632312909.20611238,2,0.00000000,0.00000000
1632312909.30611253,2,0.00000000,0.00000000
1632312909.40608263,2,0.00000000,0.00000000
1632312909.50608397,2,0.00000000,0.00000000
1632312909.60611081,2,0.00000000,0.00000000
1632312909.70611215,2,0.00000000,0.00000000
1632312909.80610609,2,0.00000000,0.00000000
1632312909.90608263,2,0.00000000,0.00000000
1632312910.00610924,2,0.00000000,0.00000000
1632312910.10611582,2,0.00000000,0.00000000
1632312910.20612001,2,0.00000000,0.00000000
1632312910.30611610,2,0.00000000,0.00000000
1632312910.40611506,2,0.00000000,0.00000000
1632312910.50611472,2,0.00000000,0.00000000
1632312910.60611200,2,0.00000000,0.00000000
1632312910.70611787,2,0.00000000,0.00000000
1632312910.80611253,2,0.00000000,0.00000000
1632312910.90611219,2,0.00000000,0.00000000
1632312911.00611377,2,0.00000000,0.00000000
1632312911.10608387,2,0.00000000,0.00000000
1632312911.20611262,2,0.00000000,0.00000000
1632312911.30612063,2,0.00000000,0.00000000
1632312911.40608406,2,0.00000000,0.00000000
1632312911.50608659,2,0.00000000,0.00000000
1632312911.60608602,2,0.00000000,0.00000000
1632312911.70608664,2,0.00000000,0.00000000
1632312911.80608439,2,0.00000000,0.00000000
1632312911.90608644,2,0.00000000,0.00000000
1632312912.00611186,2,0.00000000,0.00000000
1632312912.10611176,2,0.00000000,0.00000000
1632312912.20611858,2,0.00000000,0.00000000
1632312912.30611157,2,0.00000000,0.00000000
1632312912.40611863,2,0.00000000,0.00000000
1632312912.50608206,2,0.00000000,0.00000000
1632312912.60608149,2,0.00000000,0.00000000
1632312912.70611072,2,0.00000000,0.00000000
1632312912.80611229,2,0.00000000,0.00000000
1632312912.90608168,2,0.00000000,0.00000000
1632312913.00608230,2,0.00000000,0.00000000
1632312913.10611200,2,0.00000000,0.00000000
1632312913.20611238,2,0.00000000,0.00000000
1632312913.30608201,2,0.00000000,0.00000000
1632312913.40611219,2,0.00000000,0.00000000
1632312913.50611353,2,0.00000000,0.00000000
1632312913.60608268,2,0.00000000,0.00000000
1632312913.70608234,2,0.00000000,0.00000000
1632312913.80611205,2,0.00000000,0.00000000
1632312913.90610671,2,0.00000000,0.00000000
1632312914.00611043,2,0.00000000,0.00000000
1632312914.10611272,2,0.00000000,0.00000000
1632312914.20608616,2,0.00000000,0.00000000
1632312914.30608201,2,0.00000000,0.00000000
1632312914.40611529,2,0.00000000,0.00000000
1632312914.50608635,2,0.00000000,0.00000000
1632312914.60616207,2,0.00000000,0.00000000
1632312914.70610523,2,0.00000000,0.00000000
1632312914.80610871,2,0.00000000,0.00000000
1632312914.90614772,2,0.00000000,0.00000000
1632312915.00614548,2,0.00000000,0.00000000
1632312915.10609937,2,0.00000000,0.00000000
1632312915.20614624,2,0.00000000,0.00000000
1632312915.30614400,2,0.00000000,0.00000000
1632312915.40610385,2,0.00000000,0.00000000
1632312915.50614738,2,0.00000000,0.00000000
1632312915.60609770,2,0.00000000,0.00000000
1632312915.70615816,2,0.00000000,0.00000000
1632312915.80614638,2,0.00000000,0.00000000
1632312915.90616584,2,0.00000000,0.00000000
1632312916.00614476,2,0.00000000,0.00000000
1632312916.10608554,2,0.00000000,0.00000000
1632312916.20609355,2,0.00000000,0.00000000
1632312916.30609941,2,0.00000000,0.00000000
1632312916.40615869,2,0.00000000,0.00000000
1632312916.50613999,2,0.00000000,0.00000000
1632312916.60611391,2,0.00000000,0.00000000
1632312916.70612931,2,0.00000000,0.00000000
1632312916.80610108,2,0.00000000,0.00000000
1632312916.90610600,2,0.00000000,0.00000000
1632312917.00614429,2,0.00000000,0.00000000
1632312917.10616136,2,0.00000000,0.00000000
1632312917.20614052,2,0.00000000,0.00000000
1632312917.30612302,2,0.00000000,0.00000000
1632312917.40612555,2,0.00000000,0.00000000
1632312917.50610518,2,0.00000000,0.00000000
1632312917.60609984,2,0.00000000,0.00000000
1632312917.70616603,2,0.00000000,0.00000000
1632312917.80611205,2,0.00000000,0.00000000
1632312917.90610361,2,0.00000000,0.00000000
1632312918.00613379,2,0.00000000,0.00000000
1632312918.10614538,2,0.00000000,0.00000000
1632312918.20611453,2,0.00000000,0.00000000
1632312918.30615115,2,0.00000000,0.00000000
1632312918.40610743,2,0.00000000,0.00000000
1632312918.50616121,2,0.00000000,0.00000000
1632312918.60614920,2,0.00000000,0.00000000
1632312918.70610690,2,0.00000000,0.00000000
1632312918.80613136,2,0.00000000,0.00000000
1632312918.90614438,2,0.00000000,0.00000000
1632312919.00610375,2,0.00000000,0.00000000
1632312919.10614610,2,0.00000000,0.00000000
1632312919.20614123,2,0.00000000,0.00000000
1632312919.30614734,2,0.00000000,0.00000000
1632312919.40611506,2,0.00000000,0.00000000
1632312919.50614238,2,0.00000000,0.00000000
1632312919.60611892,2,0.00000000,0.00000000
1632312919.70610929,2,0.00000000,0.00000000
1632312919.80611753,2,0.00000000,0.00000000
1632312919.90608597,2,0.00000000,0.00000000
1632312920.00608706,2,0.00000000,0.00000000
1632312920.10608339,2,0.00000000,0.00000000
1632312920.20610404,2,0.00000000,0.00000000
1632312920.30610085,2,0.00000000,0.00000000
1632312920.40610838,2,0.00000000,0.00000000
1632312920.50614953,2,0.00000000,0.00000000
1632312920.60614538,2,0.00000000,0.00000000
1632312920.70612645,2,0.00000000,0.00000000
1632312920.80614543,2,0.00000000,0.00000000
1632312920.90614629,2,0.00000000,0.00000000
1632312921.00611687,2,0.00000000,0.00000000
1632312921.10608482,2,0.00000000,0.00000000
1632312921.20611262,2,0.00000000,0.00000000
1632312921.30611062,2,0.00000000,0.00000000
1632312921.40612912,2,0.00000000,0.00000000
1632312921.50615072,2,0.00000000,0.00000000
1632312921.60614657,2,0.00000000,0.00000000
1632312921.70614862,2,0.00000000,0.00000000
1632312921.80615044,2,0.00000000,0.00000000
1632312921.90611649,2,0.00000000,0.00000000
1632312922.00614667,2,0.00000000,0.00000000
1632312922.10615349,2,0.00000000,0.00000000
1632312922.20614409,2,0.00000000,0.00000000
1632312922.30611706,2,0.00000000,0.00000000
1632312922.40612650,2,0.00000000,0.00000000
1632312922.50614619,2,0.00000000,0.00000000
1632312922.60614657,2,0.00000000,0.00000000
1632312922.70614171,2,0.00000000,0.00000000
1632312922.80610180,2,0.00000000,0.00000000
1632312922.90614748,2,0.00000000,0.00000000
1632312923.00615120,2,0.00000000,0.00000000
1632312923.10614324,2,0.00000000,0.00000000
1632312923.20613122,2,0.00000000,0.00000000
1632312923.30614185,2,0.00000000,0.00000000
1632312923.40610194,2,0.00000000,0.00000000
1632312923.50614810,2,0.00000000,0.00000000
1632312923.60610223,2,0.00000000,0.00000000
1632312923.70611334,2,0.00000000,0.00000000
1632312923.80614758,2,0.00000000,0.00000000
1632312923.90614891,2,0.00000000,0.00000000
1632312924.00614548,2,0.00000000,0.00000000
1632312924.10614562,2,0.00000000,0.00000000
1632312924.20609808,1,0.00024008,0.00000000
1632312924.30612969,1,0.04920624,0.00000000
1632312924.40610337,1,0.09625624,0.00000000
1632312924.50610542,1,0.14426284,0.00000000
1632312924.60610747,1,0.19330333,0.00000000
1632312924.70610118,1,0.31631598,0.00000000
1632312924.80614305,1,0.32881637,0.00000000
1632312924.90614176,1,0.37793140,0.00000000
1632312925.00611353,1,0.42837759,0.00000000
1632312925.10614371,1,0.47902995,0.00000000
1632312925.20614552,1,0.53014584,0.00000000
1632312925.30613852,1,0.56769772,0.00000000
1632312925.40610743,1,0.53435261,0.00000000
1632312925.50612712,1,0.53193537,0.00000000
1632312925.60614538,1,0.53507404,0.00000000
1632312925.70609784,1,0.53689734,0.00000000
1632312925.80612707,1,0.54078274,0.00000000
1632312925.90611982,1,0.57680596,0.00000000
1632312926.00614691,1,0.54540464,0.00000000
1632312926.10614324,1,0.54164772,0.00000000
1632312926.20614409,1,0.54510369,0.00000000
1632312926.30615950,1,0.54738407,0.00000000
1632312926.40609145,1,0.55049908,0.00000000
1632312926.50610733,1,0.55441705,0.00000000
1632312926.60612249,1,0.55600174,0.00000000
1632312926.70614791,1,0.55329878,0.00000000
1632312926.80614734,1,0.59156864,0.00000000
1632312926.90610242,1,0.55819715,0.00000000
1632312927.00613976,1,0.55851727,0.00000000
1632312927.10614872,1,0.55710218,0.00000000
1632312927.20614672,1,0.55623476,0.00000000
1632312927.30612350,1,0.55769570,0.00000000
1632312927.40612960,1,0.55619526,0.00000000
1632312927.50610709,1,0.55653751,0.00000000
1632312927.60614276,1,0.55545211,0.00000000
1632312927.70610547,1,0.55570342,0.00000000
1632312927.80614853,1,0.55480774,0.00000000
1632312927.90614676,1,0.55548388,0.00000000
1632312928.00615215,1,0.55507281,0.00000000
1632312928.10614252,1,0.55510345,0.00000000
1632312928.20614314,1,0.55429690,0.00000000
1632312928.30614138,1,0.55324083,0.00000000
1632312928.40611959,1,0.55455805,0.00000000
1632312928.50610256,1,0.55249534,0.00000000
1632312928.60614324,1,0.55375204,0.00000000
1632312928.70610762,1,0.55363918,0.00000000
1632312928.80611849,1,0.55292642,0.00000000
1632312928.90614963,1,0.55150548,0.00000000
1632312929.00613236,1,0.55313258,0.00000000
1632312929.10610223,1,0.55220061,0.00000000
1632312929.20619130,1,0.55135898,0.00000000
1632312929.30609012,1,0.55229611,0.00000000
1632312929.40610528,1,0.55146969,0.00000000
1632312929.50607038,1,0.55137702,0.00000000
1632312929.60610890,1,0.55023807,0.00000000
1632312929.70615816,1,0.55054886,0.00000000
1632312929.80614686,1,0.55084266,0.00000000
1632312929.90611863,1,0.55021156,0.00000000
1632312930.00611234,1,0.54992689,0.00000000
1632312930.10611033,1,0.55012788,0.00000000
1632312930.20615673,1,0.54967407,0.00000000
1632312930.30615783,1,0.54934493,0.00000000
1632312930.40614748,1,0.55031685,0.00000000
1632312930.50610995,1,0.54801437,0.00000000
1632312930.60614300,1,0.54942592,0.00000000
1632312930.70614672,1,0.54900837,0.00000000
1632312930.80614567,1,0.54885593,0.00000000
1632312930.90614700,1,0.54778303,0.00000000
1632312931.00614810,1,0.54824951,0.00000000
1632312931.10610485,1,0.54790885,0.00000000
1632312931.20614696,1,0.54737547,0.00000000
1632312931.30614686,1,0.54808242,0.00000000
1632312931.40614200,1,0.54666963,0.00000000
1632312931.50614095,1,0.54679148,0.00000000
1632312931.60613990,1,0.54731347,0.00000000
1632312931.70611596,1,0.54673031,0.00000000
1632312931.80614042,1,0.54734279,0.00000000
1632312931.90607977,1,0.54612974,0.00000000
1632312932.00614977,1,0.54617967,0.00000000
1632312932.10614228,1,0.54674937,0.00000000
1632312932.20614314,1,0.54622632,0.00000000
1632312932.30610394,1,0.54524620,0.00000000
1632312932.40615892,1,0.54602820,0.00000000
1632312932.50615025,1,0.54539293,0.00000000
1632312932.60610151,1,0.54564860,0.00000000
1632312932.70612335,1,0.54512286,0.00000000
1632312932.80612087,1,0.54572328,0.00000000
1632312932.90611911,1,0.54469102,0.00000000
1632312933.00615501,1,0.54487127,0.00000000
1632312933.10618114,1,0.54389530,0.00000000
1632312933.20614505,1,0.54550957,0.00000000
1632312933.30614185,1,0.54396144,0.00000000
1632312933.40614200,1,0.54393348,0.00000000
1632312933.50610924,1,0.54401751,0.00000000
1632312933.60612249,1,0.54313626,0.00000000
1632312933.70609856,1,0.54455936,0.00000000
1632312933.80615091,1,0.54315247,0.00000000
1632312933.90610719,1,0.54345724,0.00000000
1632312934.00614333,1,0.54335650,0.00000000
1632312934.10616016,1,0.54340461,0.00000000
1632312934.20614457,1,0.54239862,0.00000000
1632312934.30613995,1,0.54365550,0.00000000
1632312934.40610576,1,0.54252370,0.00000000
1632312934.50613856,1,0.54275643,0.00000000
1632312934.60614371,1,0.54269480,0.00000000
1632312934.70614100,1,0.54180937,0.00000000
1632312934.80614328,1,0.54269430,0.00000000
1632312934.90612769,1,0.54189578,0.00000000
1632312935.00609994,1,0.54203132,0.00000000
1632312935.10611606,1,0.54206598,0.00000000
1632312935.20620251,1,0.54095191,0.00000000
1632312935.30613756,1,0.59016368,0.00000000
1632312935.40610242,1,0.63750688,0.00000000
1632312935.50613999,1,0.68666344,0.00000000
1632312935.60610533,1,0.73404445,0.00000000
1632312935.70611072,1,0.78236261,0.00000000
1632312935.80614209,1,0.85269181,0.00000000
1632312935.90614390,1,0.89882219,0.00000000
1632312936.00610065,1,0.95022605,0.00000000
1632312936.10614085,1,0.99714494,0.00000000
1632312936.20610213,0,0.00000000,0.00000000
1632312936.30614734,0,0.00000000,0.00000000
1632312936.40610981,0,0.00000000,0.00000000
1632312936.50614858,0,0.00000000,0.00000000
1632312936.60613251,0,0.00000000,0.00000000
1632312936.70611572,0,0.00000000,0.00000000
1632312936.80610943,0,0.00000000,0.00000000
1632312936.90610886,0,0.00000000,0.00000000
1632312937.00611424,0,0.00000000,0.00000000
1632312937.10611129,0,0.00000000,0.00000000
1632312937.20611143,0,0.00000000,0.00000000
1632312937.30611038,0,0.00000000,0.00000000
1632312937.40608954,0,0.00000000,0.00000000
1632312937.50615335,0,0.00000000,0.00000000
1632312937.60614324,0,0.00000000,0.00000000
1632312937.70611763,0,0.00000000,0.00000000
1632312937.80615234,0,0.00000000,0.00000000
1632312937.90615249,0,0.00000000,0.00000000
1632312938.00612116,0,0.00000000,0.00000000
1632312938.10612321,0,0.00000000,0.00000000
1632312938.20609689,0,0.00000000,0.00000000
1632312938.30609512,0,0.00000000,0.00000000
1632312938.40612531,0,0.00000000,0.00000000
1632312938.50613880,0,0.00000000,0.00000000
1632312938.60610080,0,0.00000000,0.00000000
1632312938.70610762,0,0.00000000,0.00000000
1632312938.80609632,0,0.00000000,0.00000000
1632312938.90613866,0,0.00000000,0.00000000
1632312939.00610089,0,0.00000000,0.00000000
1632312939.10610461,0,0.00000000,0.00000000
1632312939.20614195,0,0.00000000,0.00000000
1632312939.30615115,0,0.00000000,0.00000000
1632312939.40611529,0,0.00000000,0.00000000
1632312939.50614142,0,0.00000000,0.00000000
1632312939.60611510,0,0.00000000,0.00000000
1632312939.70614886,0,0.00000000,0.00000000
1632312939.80611014,0,0.00000000,0.00000000
1632312939.90615630,0,0.00000000,0.00000000
1632312940.00612617,0,0.00000000,0.00000000
1632312940.10610747,0,0.00000000,0.00000000
1632312940.20611691,0,0.00000000,0.00000000
1632312940.30614305,0,0.00000000,0.00000000
1632312940.40617585,0,0.00000000,0.00000000
1632312940.50611424,0,0.00000000,0.00000000
1632312940.60611105,0,0.00000000,0.00000000
1632312940.70614100,0,0.00000000,0.00000000
1632312940.80610228,0,0.00000000,0.00000000
1632312940.90610194,0,0.00000000,0.00000000
1632312941.00614667,0,0.00000000,0.00000000
1632312941.10614109,0,0.00000000,0.00000000
1632312941.20614100,0,0.00000000,0.00000000
1632312941.30610061,0,0.00000000,0.00000000
1632312941.40610456,0,0.00000000,0.00000000
1632312941.50614095,0,0.00000000,0.00000000
1632312941.60614204,0,0.00000000,0.00000000
1632312941.70612240,0,0.00000000,0.00000000
1632312941.80610991,0,0.00000000,0.00000000
1632312941.90611982,0,0.00000000,0.00000000
1632312942.00614262,0,0.00000000,0.00000000
1632312942.10614705,0,0.00000000,0.00000000
1632312942.20614266,0,0.00000000,0.00000000
1632312942.30614066,0,0.00000000,0.00000000
1632312942.40611029,0,0.00000000,0.00000000
1632312942.50614262,0,0.00000000,0.00000000
1632312942.60614300,0,0.00000000,0.00000000
1632312942.70610929,0,0.00000000,0.00000000
1632312942.80614853,0,0.00000000,0.00000000
1632312942.90611935,0,0.00000000,0.00000000
1632312943.00611520,0,0.00000000,0.00000000
1632312943.10614371,0,0.00000000,0.00000000
1632312943.20614386,0,0.00000000,0.00000000
1632312943.30611157,0,0.00000000,0.00000000
1632312943.40614247,0,0.00000000,0.00000000
1632312943.50610256,0,0.00000000,0.00000000
1632312943.60612988,0,0.00000000,0.00000000
1632312943.70610976,0,0.00000000,0.00000000
1632312943.80609822,0,0.00000000,0.00000000
1632312943.90614128,0,0.00000000,0.00000000
1632312944.00614166,0,0.00000000,0.00000000
1632312944.10611439,0,0.00000000,0.00000000
1632312944.20614696,0,0.00000000,0.00000000
1632312944.30614448,0,0.00000000,0.00000000
1632312944.40610743,0,0.00000000,0.00000000
1632312944.50619364,0,0.00000000,0.00000000
1632312944.60614181,0,0.00000000,0.00000000
1632312944.70614505,0,0.00000000,0.00000000
1632312944.80614567,0,0.00000000,0.00000000
1632312944.90610576,0,0.00000000,0.00000000
1632312945.00615478,0,0.00000000,0.00000000
1632312945.10614824,0,0.00000000,0.00000000
1632312945.20609307,0,0.00000000,0.00000000
1632312945.30611515,0,0.00000000,0.00000000
1632312945.40618658,0,0.00000000,0.00000000
1632312945.50610971,0,0.00000000,0.00000000
1632312945.60614204,0,0.00000000,0.00000000
1632312945.70611572,0,0.00000000,0.00000000
1632312945.80611920,0,0.00000000,0.00000000
1632312945.90610909,0,0.00000000,0.00000000
1632312946.00610399,0,0.00000000,0.00000000
1632312946.10615063,0,0.00000000,0.00000000
1632312946.20614100,0,0.00000000,0.00000000
1632312946.30612683,0,0.00000000,0.00000000
1632312946.40611529,0,0.00000000,0.00000000
1632312946.50611210,0,0.00000000,0.00000000
1632312946.60607982,0,0.00000000,0.00000000
1632312946.70611072,0,0.00000000,0.00000000
1632312946.80608106,0,0.00000000,0.00000000
1632312946.90611219,0,0.00000000,0.00000000
1632312947.00608516,0,0.00000000,0.00000000
1632312947.10611320,0,0.00000000,0.00000000
1632312947.20608282,0,0.00000000,0.00000000
1632312947.30610919,0,0.00000000,0.00000000
1632312947.40612245,0,0.00000000,0.00000000
1632312947.50610781,0,0.00000000,0.00000000
1632312947.60608459,0,0.00000000,0.00000000
1632312947.70608330,0,0.00000000,0.00000000
1632312947.80611229,0,0.00000000,0.00000000
1632312947.90611649,0,0.00000000,0.00000000
1632312948.00611305,0,0.00000000,0.00000000
1632312948.10608387,0,0.00000000,0.00000000
1632312948.20611429,0,0.00000000,0.00000000
1632312948.30611467,0,0.00000000,0.00000000
1632312948.40611148,0,0.00000000,0.00000000
1632312948.50611353,0,0.00000000,0.00000000
1632312948.60611415,0,0.00000000,0.00000000
1632312948.70611048,0,0.00000000,0.00000000
1632312948.80608225,0,0.00000000,0.00000000
1632312948.90611410,0,0.00000000,0.00000000
1632312949.00611234,0,0.00000000,0.00000000
1632312949.10612178,0,0.00000000,0.00000000
1632312949.20611048,0,0.00000000,0.00000000
1632312949.30611467,0,0.00000000,0.00000000
1632312949.40608096,0,0.00000000,0.00000000
1632312949.50611639,0,0.00000000,0.00000000
1632312949.60611153,0,0.00000000,0.00000000
1632312949.70608354,0,0.00000000,0.00000000
1632312949.80611181,0,0.00000000,0.00000000
1632312949.90611267,0,0.00000000,0.00000000
1632312950.00611258,0,0.00000000,0.00000000
1632312950.10611200,0,0.00000000,0.00000000
1632312950.20610929,0,0.00000000,0.00000000
1632312950.30611110,0,0.00000000,0.00000000
1632312950.40608454,0,0.00000000,0.00000000
1632312950.50616693,0,0.00000000,0.00000000
1632312950.60615039,0,0.00000000,0.00000000
1632312950.70611644,0,0.00000000,0.00000000
1632312950.80616021,0,0.00000000,0.00000000
1632312950.90610456,0,0.00000000,0.00000000
1632312951.00614238,0,0.00000000,0.00000000
1632312951.10610223,0,0.00000000,0.00000000
1632312951.20614719,0,0.00000000,0.00000000
1632312951.30614281,0,0.00000000,0.00000000
1632312951.40613317,0,0.00000000,0.00000000
1632312951.50610185,0,0.00000000,0.00000000
1632312951.60608625,0,0.00000000,0.00000000
1632312951.70614338,0,0.00000000,0.00000000
1632312951.80610609,0,0.00000000,0.00000000
1632312951.90613484,0,0.00000000,0.00000000
1632312952.00608587,0,0.00000000,0.00000000
1632312952.10610151,0,0.00000000,0.00000000
1632312952.20610499,0,0.00000000,0.00000000
1632312952.30614042,0,0.00000000,0.00000000
1632312952.40610909,0,0.00000000,0.00000000
1632312952.50614309,0,0.00000000,0.00000000
1632312952.60614228,0,0.00000000,0.00000000
1632312952.70613599,0,0.00000000,0.00000000
1632312952.80610394,0,0.00000000,0.00000000
1632312952.90614986,0,0.00000000,0.00000000
1632312953.00611687,0,0.00000000,0.00000000
1632312953.10608625,0,0.00000000,0.00000000
1632312953.20611238,0,0.00000000,0.00000000
1632312953.30614305,0,0.00000000,0.00000000
1632312953.40610480,0,0.00000000,0.00000000
1632312953.50612903,0,0.00000000,0.00000000
1632312953.60613203,0,0.00000000,0.00000000
1632312953.70610499,0,0.00000000,0.00000000
1632312953.80610180,0,0.00000000,0.00000000
1632312953.90615416,0,0.00000000,0.00000000
1632312954.00612450,0,0.00000000,0.00000000
1632312954.10610437,0,0.00000000,0.00000000
1632312954.20614505,0,0.00000000,0.00000000
1632312954.30609536,0,0.00000000,0.00000000
1632312954.40611386,0,0.00000000,0.00000000
1632312954.50614691,0,0.00000000,0.00000000
1632312954.60614967,0,0.00000000,0.00000000
1632312954.70614386,0,0.00000000,0.00000000
1632312954.80610538,0,0.00000000,0.00000000
1632312954.90611410,0,0.00000000,0.00000000
1632312955.00611997,0,0.00000000,0.00000000
1632312955.10613108,0,0.00000000,0.00000000
1632312955.20612526,0,0.00000000,0.00000000
1632312955.30610895,0,0.00000000,0.00000000
1632312955.40614009,0,0.00000000,0.00000000
1632312955.50614238,0,0.00000000,0.00000000
1632312955.60614228,0,0.00000000,0.00000000
1632312955.70610809,0,0.00000000,0.00000000
1632312955.80611491,0,0.00000000,0.00000000
1632312955.90610933,0,0.00000000,0.00000000
1632312956.00612020,0,0.00000000,0.00000000
1632312956.10611486,0,0.00000000,0.00000000
1632312956.20615387,0,0.00000000,0.00000000
1632312956.30608606,0,0.00000000,0.00000000
1632312956.40611982,0,0.00000000,0.00000000
1632312956.50613403,0,0.00000000,0.00000000
1632312956.60614252,0,0.00000000,0.00000000
1632312956.70610356,0,0.00000000,0.00000000
1632312956.80614376,0,0.00000000,0.00000000
1632312956.90611720,0,0.00000000,0.00000000
1632312957.00612020,0,0.00000000,0.00000000
1632312957.10610175,0,0.00000000,0.00000000
1632312957.20615387,0,0.00000000,0.00000000
1632312957.30610609,0,0.00000000,0.00000000
1632312957.40614629,0,0.00000000,0.00000000
1632312957.50611591,0,0.00000000,0.00000000
1632312957.60614395,0,0.00000000,0.00000000
1632312957.70618248,0,0.00000000,0.00000000
1632312957.80614996,0,0.00000000,0.00000000
1632312957.90614486,0,0.00000000,0.00000000
1632312958.00614333,0,0.00000000,0.00000000
1632312958.10614562,0,0.00000000,0.00000000
1632312958.20617509,0,0.00000000,0.00000000
1632312958.30613732,0,0.00000000,0.00000000
1632312958.40612364,0,0.00000000,0.00000000
1632312958.50614214,0,0.00000000,0.00000000
1632312958.60612583,0,0.00000000,0.00000000
1632312958.70614290,0,0.00000000,0.00000000
1632312958.80614400,0,0.00000000,0.00000000
1632312958.90614128,0,0.00000000,0.00000000
1632312959.00610185,0,0.00000000,0.00000000
1632312959.10621810,0,0.00000000,0.00000000
1632312959.20614672,0,0.00000000,0.00000000
1632312959.30614591,0,0.00000000,0.00000000
1632312959.40614891,0,0.00000000,0.00000000
1632312959.50610614,0,0.00000000,0.00000000
1632312959.60612535,0,0.00000000,0.00000000
1632312959.70617199,0,0.00000000,0.00000000
1632312959.80614471,0,0.00000000,0.00000000
1632312959.90616822,0,0.00000000,0.00000000
1632312960.00615144,0,0.00000000,0.00000000
1632312960.10614514,0,0.00000000,0.00000000
1632312960.20614243,0,0.00000000,0.00000000
1632312960.30614114,0,0.00000000,0.00000000
1632312960.40614009,0,0.00000000,0.00000000
1632312960.50614119,0,0.00000000,0.00000000
1632312960.60614252,0,0.00000000,0.00000000
1632312960.70610166,0,0.00000000,0.00000000
1632312960.80614042,0,0.00000000,0.00000000
1632312960.90612221,0,0.00000000,0.00000000
1632312961.00611806,0,0.00000000,0.00000000
1632312961.10613942,0,0.00000000,0.00000000
1632312961.20614052,0,0.00000000,0.00000000
1632312961.30614519,0,0.00000000,0.00000000
