Seconds,Detected,Distance,Angle,Child.X,Child.Y,Child.Angle
1632313392.37614512,1,7.00000000,0.00000000,7.00000000,0.00000000,0.00000000
1632313392.47613358,1,7.00000000,0.00000000,7.00000000,0.00000000,0.00000000
1632313392.57618260,1,7.00000000,0.00000000,7.00000000,0.00000000,0.00000000
1632313392.67613792,1,7.00000000,0.00000000,7.00000000,0.00000000,0.00000000
1632313392.77608275,1,7.00000000,0.00000000,7.00000000,0.00000000,0.00000000
1632313392.87615728,1,7.00000000,0.00000000,7.00000000,0.00000000,0.00000000
1632313392.97607255,1,7.00000000,0.00000000,7.00000000,0.00000000,0.00000000
1632313393.07614183,1,7.00000000,0.00000000,7.00000000,0.00000000,0.00000000
1632313393.17614365,1,7.00000000,0.00000000,7.00000000,0.00000000,0.00000000
1632313393.27616215,1,7.00000000,0.00000000,7.00000000,0.00000000,0.00000000
1632313393.37614775,1,7.00000000,0.00000000,7.00000000,0.00000000,0.00000000
1632313393.47616935,1,7.00000000,0.00000000,7.00000000,0.00000000,0.00000000
1632313393.57616425,1,7.00000000,0.00000000,7.00000000,0.00000000,0.00000000
1632313393.67616773,1,7.00000000,0.00000000,7.00000000,0.00000000,0.00000000
1632313393.77616858,1,7.00000000,0.00000000,7.00000000,0.00000000,0.00000000
1632313393.87608743,1,7.00000000,0.00000000,7.00000000,0.00000000,0.00000000
1632313393.97608113,1,7.00000000,0.00000000,7.00000000,0.00000000,0.00000000
1632313394.07608604,1,7.00000000,0.00000000,7.00000000,0.00000000,0.00000000
1632313394.17607021,1,7.00000000,0.00000000,7.00000000,0.00000000,0.00000000
1632313394.27607226,1,7.00000000,0.00000000,7.00000000,0.00000000,0.00000000
1632313394.37610865,1,7.00000000,0.00000000,7.00000000,0.00000000,0.00000000
1632313394.47608590,1,7.00000000,0.00000000,7.00000000,0.00000000,0.00000000
1632313394.57607841,1,7.00000000,0.00000000,7.00000000,0.00000000,0.00000000
1632313394.67607546,1,7.00000000,0.00000000,7.00000000,0.00000000,0.00000000
1632313394.77609515,1,7.00000000,0.00000000,7.00000000,0.00000000,0.00000000
1632313394.87615275,1,7.00000000,0.00000000,7.00000000,0.00000000,0.00000000
1632313394.97613168,1,7.00000000,0.00000000,7.00000000,0.00000000,0.00000000
1632313395.07615280,1,7.00000000,0.00000000,7.00000000,0.00000000,0.00000000
1632313395.17616296,1,7.00000000,0.00000000,7.00000000,0.00000000,0.00000000
1632313395.27615881,1,7.00000000,0.00000000,7.00000000,0.00000000,0.00000000
1632313395.37614465,1,7.00000000,0.00000000,7.00000000,0.00000000,0.00000000
1632313395.47616076,1,7.00000000,0.00000000,7.00000000,0.00000000,0.00000000
1632313395.57614732,1,7.00000000,0.00000000,7.00000000,0.00000000,0.00000000
1632313395.67615271,1,7.00000000,0.00000000,7.00000000,0.00000000,0.00000000
1632313395.77614355,1,7.00000000,0.00000000,7.00000000,0.00000000,0.00000000
1632313395.87616611,1,7.00000000,0.00000000,7.00000000,0.00000000,0.00000000
1632313395.97617340,1,7.00000000,0.00000000,7.00000000,0.00000000,0.00000000
1632313396.07609010,1,7.00000000,0.00000000,7.00000000,0.00000000,0.00000000
1632313396.17607164,1,7.00000000,0.00000000,7.00000000,0.00000000,0.00000000
1632313396.27607512,1,7.00000000,0.00000000,7.00000000,0.00000000,0.00000000
1632313396.37608767,1,7.00000000,0.00000000,7.00000000,0.00000000,0.00000000
1632313396.47613311,1,7.00000000,0.00000000,7.00000000,0.00000000,0.00000000
1632313396.57615328,1,7.00000000,0.00000000,7.00000000,0.00000000,0.00000000
1632313396.67619467,1,7.00000000,0.00000000,7.00000000,0.00000000,0.00000000
1632313396.77614737,1,7.00000000,0.00000000,7.00000000,0.00000000,0.00000000
1632313396.87615156,1,7.00000000,0.00000000,7.00000000,0.00000000,0.00000000
1632313396.97614217,1,7.00000000,0.00000000,7.00000000,0.00000000,0.00000000
1632313397.07616830,1,6.94999981,0.00000000,6.94999981,0.00000000,0.00000000
1632313397.17616916,1,6.90000010,0.00000000,6.90000010,0.00000000,0.00000000
1632313397.27617383,1,6.84999990,0.00000000,6.84999990,0.00000000,0.00000000
1632313397.37617207,1,6.80000019,0.00000000,6.80000019,0.00000000,0.00000000
1632313397.47614503,1,6.75000000,0.00000000,6.75000000,0.00000000,0.00000000
1632313397.57614923,1,6.69999981,0.00000000,6.69999981,0.00000000,0.00000000
1632313397.67616439,1,6.65000010,0.00000000,6.65000010,0.00000000,0.00000000
1632313397.77615738,1,6.59999990,0.00000000,6.59999990,0.00000000,0.00000000
1632313397.87615824,1,6.55000019,0.00000000,6.55000019,0.00000000,0.00000000
1632313397.97614884,1,6.50000000,0.00000000,6.50000000,0.00000000,0.00000000
1632313398.07615757,1,6.44999981,0.00000000,6.44999981,0.00000000,0.00000000
1632313398.17615271,1,6.40000010,0.00000000,6.40000010,0.00000000,0.00000000
1632313398.27615905,1,6.34999990,0.00000000,6.34999990,0.00000000,0.00000000
1632313398.37615561,1,6.30000019,0.00000000,6.30000019,0.00000000,0.00000000
1632313398.47619247,1,6.25000000,0.00000000,6.25000000,0.00000000,0.00000000
1632313398.57614851,1,6.19999981,0.00000000,6.19999981,0.00000000,0.00000000
1632313398.67616510,1,6.15000010,0.00000000,6.15000010,0.00000000,0.00000000
1632313398.77615047,1,6.09999990,0.00000000,6.09999990,0.00000000,0.00000000
1632313398.87614679,1,6.05000019,0.00000000,6.05000019,0.00000000,0.00000000
1632313398.97615290,1,6.00000000,0.00000000,6.00000000,0.00000000,0.00000000
1632313399.07615995,1,5.94999981,0.00000000,5.94999981,0.00000000,0.00000000
1632313399.17615485,1,5.90000010,0.00000000,5.90000010,0.00000000,0.00000000
1632313399.27616405,1,5.84999990,0.00000000,5.84999990,0.00000000,0.00000000
1632313399.37616181,1,5.80000019,0.00000000,5.80000019,0.00000000,0.00000000
1632313399.47615552,1,5.75000000,0.00000000,5.75000000,0.00000000,0.00000000
1632313399.57616186,1,5.69999981,0.00000000,5.70290981,0.00000000,0.00000000
1632313399.67616725,1,5.64708996,0.00000000,5.65581996,0.00000000,0.00000000
1632313399.77617049,1,5.59126997,0.00000000,5.60921497,0.00000000,0.00000000
1632313399.87615275,1,5.53205490,0.00000000,5.56163990,0.00000000,0.00000000
1632313399.97615266,1,5.47041512,0.00000000,5.51406512,0.00000000,0.00000000
1632313400.07613778,1,5.40635014,0.00000000,5.46406514,0.00000000,0.00000000
1632313400.17615962,1,5.34228516,0.00000000,5.41406516,0.00000000,0.00000000
1632313400.27615762,1,5.27822018,0.00000000,5.36406518,0.00000000,0.00000000
1632313400.37615681,1,5.21415520,0.00000000,5.31309520,0.00000000,0.00000000
1632313400.47615361,1,5.15106010,0.00000000,5.26358010,0.00000000,0.00000000
1632313400.57615423,1,5.08748007,0.00000000,5.21309507,0.00000000,0.00000000
1632313400.67615724,1,5.02438498,0.00000000,5.16309498,0.00000000,0.00000000
1632313400.77616787,1,4.96128988,0.00000000,5.11309488,0.00000000,0.00000000
1632313400.87607598,1,4.89819479,0.00000000,5.06309479,0.00000000,0.00000000
1632313400.97615075,1,4.83510017,0.00000000,5.01309517,0.00000000,0.00000000
1632313401.07616949,1,4.77200508,0.00000000,4.96261008,0.00000000,0.00000000
1632313401.17615771,1,4.70939493,0.00000000,4.91212493,0.00000000,0.00000000
1632313401.27616024,1,4.64727020,0.00000000,4.86212520,0.00000000,0.00000000
1632313401.37615633,1,4.58514500,0.00000000,4.81309500,0.00000000,0.00000000
1632313401.47614479,1,4.52204990,0.00000000,4.76163990,0.00000000,0.00000000
1632313401.57613683,1,4.46041012,0.00000000,4.71212512,0.00000000,0.00000000
1632313401.67615557,1,4.39828491,0.00000000,4.66115491,0.00000000,0.00000000
1632313401.77613401,1,4.33713007,0.00000000,4.61067007,0.00000000,0.00000000
1632313401.87614965,1,4.27646017,0.00000000,4.56018517,0.00000000,0.00000000
1632313401.97615552,1,4.21627522,0.00000000,4.51018522,0.00000000,0.00000000
1632313402.07615685,1,4.15608978,0.00000000,4.45872978,0.00000000,0.00000000
1632313402.17614555,1,4.09736013,0.00000000,4.40824513,0.00000000,0.00000000
1632313402.27615047,1,4.03911495,0.00000000,4.35775995,0.00000000,0.00000000
1632313402.37617278,1,3.98135495,0.00000000,4.30727495,0.00000000,0.00000000
1632313402.47617078,1,3.92407990,0.00000000,4.25678990,0.00000000,0.00000000
1632313402.57613063,1,3.86729002,0.00000000,4.20582002,0.00000000,0.00000000
1632313402.67615056,1,3.81147003,0.00000000,4.15533503,0.00000000,0.00000000
1632313402.77616477,1,3.75613499,0.00000000,4.10484999,0.00000000,0.00000000
1632313402.87617707,1,3.70128489,0.00000000,4.05387989,0.00000000,0.00000000
1632313402.97613740,1,3.64740491,0.00000000,4.00436491,0.00000000,0.00000000
1632313403.07616854,1,3.64303994,0.00000000,4.00290994,0.00000000,0.00000000
1632313403.17615461,1,3.64013004,0.00000000,4.00291004,0.00000000,0.00000000
1632313403.27618074,1,3.63721991,0.00000000,4.00193991,0.00000000,0.00000000
1632313403.37614918,1,3.63527989,0.00000000,4.00096989,0.00000000,0.00000000
1632313403.47607255,1,3.63431001,0.00000000,4.00194001,0.00000000,0.00000000
1632313403.57615566,1,3.63237000,0.00000000,4.00097000,0.00000000,0.00000000
1632313403.67614627,1,3.63140011,0.00000000,4.00097011,0.00000000,0.00000000
1632313403.77616596,1,3.63042998,0.00000000,4.00242498,0.00000000,0.00000000
1632313403.87617302,1,3.62800503,0.00000000,4.00097003,0.00000000,0.00000000
1632313403.97617054,1,3.62703490,0.00000000,4.00096990,0.00000000,0.00000000
1632313404.07616973,1,3.62606502,0.00000000,4.00194002,0.00000000,0.00000000
1632313404.17614746,1,3.62412500,0.00000000,4.00097000,0.00000000,0.00000000
1632313404.27609015,1,3.62315512,0.00000000,4.00097012,0.00000000,0.00000000
1632313404.37615132,1,3.62218499,0.00000000,4.00193999,0.00000000,0.00000000
1632313404.47615385,1,3.62024498,0.00000000,4.00096998,0.00000000,0.00000000
1632313404.57615280,1,3.61927509,0.00000000,4.00097009,0.00000000,0.00000000
1632313404.67615962,1,3.61830497,0.00000000,4.00096997,0.00000000,0.00000000
1632313404.77615452,1,3.61733508,0.00000000,4.00097008,0.00000000,0.00000000
1632313404.87615633,1,3.61636496,0.00000000,4.00193996,0.00000000,0.00000000
1632313404.97615170,1,3.61442494,0.00000000,4.00096994,0.00000000,0.00000000
1632313405.07618117,1,3.61345506,0.00000000,4.00097006,0.00000000,0.00000000
1632313405.17617011,1,3.61248493,0.00000000,4.00145493,0.00000000,0.00000000
1632313405.27614689,1,3.61103010,0.00000000,4.00097010,0.00000000,0.00000000
1632313405.37614608,1,3.61005998,0.00000000,4.00193998,0.00000000,0.00000000
1632313405.47615170,1,3.60811996,0.00000000,4.00096996,0.00000000,0.00000000
1632313405.57616425,1,3.60715008,0.00000000,4.00097008,0.00000000,0.00000000
1632313405.67615581,1,3.60617995,0.00000000,4.00096995,0.00000000,0.00000000
1632313405.77614665,1,3.60521007,0.00000000,4.00097007,0.00000000,0.00000000
1632313405.87616968,1,3.60423994,0.00000000,4.00096994,0.00000000,0.00000000
1632313405.97614479,1,3.60327005,0.00000000,4.00097005,0.00000000,0.00000000
1632313406.07619214,1,3.60229993,0.00000000,4.00096993,0.00000000,0.00000000
1632313406.17616844,1,3.60133004,0.00000000,4.00097004,0.00000000,0.00000000
1632313406.27615285,1,3.60035992,0.00000000,4.00096992,0.00000000,0.00000000
1632313406.37616420,1,3.59939003,0.00000000,4.00097003,0.00000000,0.00000000
1632313406.47615194,1,3.59841990,0.00000000,4.00096990,0.00000000,0.00000000
1632313406.57616878,1,3.59745002,0.00000000,4.00097002,0.00000000,0.00000000
1632313406.67615843,1,3.59647989,0.00000000,4.00145489,0.00000000,0.00000000
1632313406.77616119,1,3.59502506,0.00000000,4.00097006,0.00000000,0.00000000
1632313406.87615228,1,3.59405494,0.00000000,4.00096994,0.00000000,0.00000000
1632313406.97616816,1,3.59308505,0.00000000,4.00097005,0.00000000,0.00000000
1632313407.07614970,1,3.59211493,0.00000000,4.00096993,0.00000000,0.00000000
1632313407.17616916,1,3.59114504,0.00000000,4.00097004,0.00000000,0.00000000
1632313407.27617455,1,3.59017491,0.00000000,4.00096991,0.00000000,0.00000000
1632313407.37615728,1,3.58920503,0.00000000,4.00097003,0.00000000,0.00000000
1632313407.47618532,1,3.58823490,0.00000000,4.00096990,0.00000000,0.00000000
1632313407.57619262,1,3.58726501,0.00000000,4.00097001,0.00000000,0.00000000
1632313407.67617249,1,3.58629489,0.00000000,4.00096989,0.00000000,0.00000000
1632313407.77616382,1,3.58532500,0.00000000,4.00097000,0.00000000,0.00000000
1632313407.87615156,1,3.58435512,0.00000000,4.00097012,0.00000000,0.00000000
1632313407.97616768,1,3.58338499,0.00000000,3.99999999,0.00000000,0.00000000
1632313408.07608819,1,3.58338499,0.00000000,4.00290999,0.00000000,0.00000000
1632313408.17615771,1,3.58047509,0.00000000,4.00630509,0.00000000,0.00000000
1632313408.27616382,1,3.57417011,0.00000000,4.00776011,0.00000000,0.00000000
1632313408.37615848,1,3.56641006,0.00000000,4.01309506,0.00000000,0.00000000
1632313408.47619653,1,3.55331492,0.00000000,4.01503492,0.00000000,0.00000000
1632313408.57615495,1,3.53828001,0.00000000,4.01503501,0.00000000,0.00000000
1632313408.67614985,1,3.52324510,0.00000000,4.01600510,0.00000000,0.00000000
1632313408.77612209,1,3.50724006,0.00000000,4.01600506,0.00000000,0.00000000
1632313408.87613797,1,3.49123502,0.00000000,4.01503502,0.00000000,0.00000000
1632313408.97616982,1,3.47620010,0.00000000,4.01600510,0.00000000,0.00000000
1632313409.07616639,1,3.46019506,0.00000000,4.01503506,0.00000000,0.00000000
1632313409.17607474,1,3.44515991,0.00000000,4.01503491,0.00000000,0.00000000
1632313409.27610588,1,3.43012500,0.00000000,4.01503500,0.00000000,0.00000000
1632313409.37615466,1,3.41509008,0.00000000,4.01503508,0.00000000,0.00000000
1632313409.47618556,1,3.40005493,0.00000000,4.01357993,0.00000000,0.00000000
1632313409.57610226,1,3.38647509,0.00000000,4.01503509,0.00000000,0.00000000
1632313409.67609167,1,3.37143993,0.00000000,4.01406493,0.00000000,0.00000000
1632313409.77612066,1,3.35737491,0.00000000,4.01406491,0.00000000,0.00000000
1632313409.87617064,1,3.34331012,0.00000000,4.01406512,0.00000000,0.00000000
1632313409.97613049,1,3.32924509,0.00000000,4.01406509,0.00000000,0.00000000
1632313410.07617116,1,3.31518006,0.00000000,4.01406506,0.00000000,0.00000000
1632313410.17614603,1,3.30111504,0.00000000,4.01309504,0.00000000,0.00000000
1632313410.27615714,1,3.28801990,0.00000000,4.01357990,0.00000000,0.00000000
1632313410.37615371,1,3.27444005,0.00000000,4.01309505,0.00000000,0.00000000
1632313410.47609043,1,3.26134491,0.00000000,4.01309491,0.00000000,0.00000000
1632313410.57616901,1,3.24825001,0.00000000,4.01309501,0.00000000,0.00000000
1632313410.67619658,1,3.23515511,0.00000000,4.01309511,0.00000000,0.00000000
1632313410.77615142,1,3.22205997,0.00000000,4.01260997,0.00000000,0.00000000
1632313410.87617302,1,3.20945001,0.00000000,4.01212501,0.00000000,0.00000000
1632313410.97609568,1,3.19732499,0.00000000,4.01309499,0.00000000,0.00000000
1632313411.07614946,1,3.18423009,0.00000000,4.01212509,0.00000000,0.00000000
1632313411.17617893,1,3.17210507,0.00000000,4.01164007,0.00000000,0.00000000
1632313411.27615547,1,3.16046500,0.00000000,4.01212500,0.00000000,0.00000000
1632313411.37615538,1,3.14833999,0.00000000,4.01212499,0.00000000,0.00000000
1632313411.47615385,1,3.13621497,0.00000000,4.01212497,0.00000000,0.00000000
1632313411.57615399,1,3.12408996,0.00000000,4.01163996,0.00000000,0.00000000
1632313411.67614651,1,3.11244988,0.00000000,4.01115488,0.00000000,0.00000000
1632313411.77617216,1,3.10129499,0.00000000,4.01212499,0.00000000,0.00000000
1632313411.87617636,1,3.08916998,0.00000000,4.01115498,0.00000000,0.00000000
1632313411.97620583,1,3.07801509,0.00000000,4.01067009,0.00000000,0.00000000
1632313412.07616544,1,3.06734490,0.00000000,4.01212490,0.00000000,0.00000000
1632313412.17617202,1,3.05521989,0.00000000,4.01018489,0.00000000,0.00000000
1632313412.27607250,1,3.04503489,0.00000000,4.01066989,0.00000000,0.00000000
1632313412.37617064,1,3.03436494,0.00000000,4.01115494,0.00000000,0.00000000
1632313412.47614813,1,3.02321005,0.00000000,4.01115505,0.00000000,0.00000000
1632313412.57619643,1,3.01205492,0.00000000,4.01066992,0.00000000,0.00000000
1632313412.67614698,1,3.00138497,0.00000000,4.01018497,0.00000000,0.00000000
1632313412.77615643,1,2.99119997,0.00000000,4.01018497,0.00000000,0.00000000
1632313412.87615395,1,2.98101497,0.00000000,4.01066997,0.00000000,0.00000000
1632313412.97615671,1,2.97034502,0.00000000,4.01018502,0.00000000,0.00000000
1632313413.07615376,1,2.96016002,0.00000000,4.00970002,0.00000000,0.00000000
1632313413.17615986,1,2.95045996,0.00000000,4.01018496,0.00000000,0.00000000
1632313413.27614832,1,2.94027495,0.00000000,4.00921495,0.00000000,0.00000000
1632313413.37617207,1,2.93106008,0.00000000,4.00970008,0.00000000,0.00000000
1632313413.47613573,1,2.92136002,0.00000000,4.01018502,0.00000000,0.00000000
1632313413.57616138,1,2.91117501,0.00000000,4.00873001,0.00000000,0.00000000
1632313413.67618442,1,2.90244508,0.00000000,4.00921508,0.00000000,0.00000000
1632313413.77616024,1,2.89322996,0.00000000,4.01018496,0.00000000,0.00000000
1632313413.87616539,1,2.88304496,0.00000000,4.00872996,0.00000000,0.00000000
1632313413.97619772,1,2.87431502,0.00000000,4.00921502,0.00000000,0.00000000
1632313414.07616448,1,2.86509991,0.00000000,4.00872991,0.00000000,0.00000000
1632313414.17616868,1,2.85636997,0.00000000,4.00921497,0.00000000,0.00000000
1632313414.27615619,1,2.84715509,0.00000000,4.00873009,0.00000000,0.00000000
1632313414.37616968,1,2.83842492,0.00000000,4.00921492,0.00000000,0.00000000
1632313414.47616124,1,2.82921004,0.00000000,4.00776004,0.00000000,0.00000000
1632313414.57616329,1,2.82145000,0.00000000,4.00921500,0.00000000,0.00000000
1632313414.67617106,1,2.81223512,0.00000000,4.00776012,0.00000000,0.00000000
1632313414.77607751,1,2.80447507,0.00000000,4.00921507,0.00000000,0.00000000
1632313414.87609959,1,2.79525995,0.00000000,4.00824495,0.00000000,0.00000000
1632313414.97618389,1,2.78701496,0.00000000,4.00775996,0.00000000,0.00000000
1632313415.07611799,1,2.77925491,0.00000000,4.00824491,0.00000000,0.00000000
1632313415.17615652,1,2.77100992,0.00000000,4.00775992,0.00000000,0.00000000
1632313415.27617693,1,2.76325011,0.00000000,4.00824511,0.00000000,0.00000000
1632313415.37616682,1,2.75500488,0.00000000,4.00775988,0.00000000,0.00000000
1632313415.47617650,1,2.74724507,0.00000000,4.00776007,0.00000000,0.00000000
1632313415.57616520,1,2.73948503,0.00000000,4.00824503,0.00000000,0.00000000
1632313415.67614555,1,2.73124003,0.00000000,4.00679003,0.00000000,0.00000000
1632313415.77614379,1,2.72445011,0.00000000,4.00824511,0.00000000,0.00000000
1632313415.87616897,1,2.71620488,0.00000000,4.00678988,0.00000000,0.00000000
1632313415.97615409,1,2.70941496,0.00000000,4.00824496,0.00000000,0.00000000
1632313416.07609987,1,2.70116997,0.00000000,4.00678997,0.00000000,0.00000000
1632313416.17616916,1,2.69438004,0.00000000,4.00727504,0.00000000,0.00000000
1632313416.27610469,1,2.68710494,0.00000000,4.00678994,0.00000000,0.00000000
1632313416.37617207,1,2.68031502,0.00000000,4.00824502,0.00000000,0.00000000
1632313416.47616982,1,2.67207003,0.00000000,4.00679003,0.00000000,0.00000000
1632313416.57608247,1,2.66528010,0.00000000,4.00582010,0.00000000,0.00000000
1632313416.67614889,1,2.65946007,0.00000000,4.00727507,0.00000000,0.00000000
1632313416.77611971,1,2.65218496,0.00000000,4.00678996,0.00000000,0.00000000
1632313416.87615800,1,2.64539504,0.00000000,4.00727504,0.00000000,0.00000000
1632313416.97616887,1,2.63811994,0.00000000,4.00678994,0.00000000,0.00000000
1632313417.07616043,1,2.63133001,0.00000000,4.00630501,0.00000000,0.00000000
1632313417.17616940,1,2.62502503,0.00000000,4.00679003,0.00000000,0.00000000
1632313417.27609372,1,2.61823511,0.00000000,4.00582011,0.00000000,0.00000000
1632313417.37610364,1,2.61241508,0.00000000,4.00727508,0.00000000,0.00000000
1632313417.47616887,1,2.60513997,0.00000000,4.00581997,0.00000000,0.00000000
1632313417.57613420,1,2.59931993,0.00000000,4.00727493,0.00000000,0.00000000
1632313417.67614889,1,2.59204507,0.00000000,4.00582007,0.00000000,0.00000000
1632313417.77615285,1,2.58622503,0.00000000,4.00388003,0.00000000,0.00000000
1632313417.87614393,1,2.58234501,0.00000000,4.00000001,0.00000000,0.00000000
1632313417.97616673,1,2.58234501,0.00000000,4.00000001,0.00000000,0.00000000
1632313418.07617140,1,2.58234501,0.00000000,4.00000001,0.00000000,0.00000000
1632313418.17611647,1,2.58234501,0.00000000,4.00000001,0.00000000,0.00000000
1632313418.27614069,1,2.58234501,0.00000000,4.00000001,0.00000000,0.00000000
1632313418.37614465,1,2.58234501,0.00000000,4.00000001,0.00000000,0.00000000
1632313418.47618723,1,2.58234501,0.00000000,4.00000001,0.00000000,0.00000000
