Seconds,x,y,z,w
1632163589.96737885,0.00000000,0.00000000,0.00000000,0.00000000
1632163590.06739640,0.00000000,0.00000000,0.00000000,0.00000000
1632163590.16738057,0.00000000,0.00000000,0.00000000,0.00000000
1632163590.26738024,0.00000000,0.00000000,0.00000000,0.00000000
1632163590.36737871,0.00000000,0.00000000,0.00000000,0.00000000
1632163590.46733880,0.00000000,0.00000000,0.00000000,0.00000000
1632163590.56738067,0.00000000,0.00000000,0.00000000,0.00000000
1632163590.66734219,0.00000000,0.00000000,0.00000000,0.00000000
1632163590.76740193,0.00000000,0.00000000,0.00000000,0.00000000
1632163590.86738563,0.00000000,0.00000000,0.00000000,0.00000000
1632163590.96737909,0.00000000,0.00000000,0.00000000,0.00000000
1632163591.06737971,0.00000000,0.00000000,0.00000000,0.00000000
1632163591.16738057,0.00000000,0.00000000,0.00000000,0.00000000
1632163591.26738882,0.00000000,0.00000000,0.00000000,0.00000000
1632163591.36734438,0.00000000,0.00000000,0.00000000,0.00000000
1632163591.46738219,0.00000000,0.00000000,0.00000000,0.00000000
1632163591.56738281,0.00000000,0.00000000,0.00000000,0.00000000
1632163591.66738129,0.00000000,0.00000000,0.00000000,0.00000000
1632163591.76738715,0.00000000,0.00000000,0.00000000,0.00000000
1632163591.86738586,0.00000000,0.00000000,0.00000000,0.00000000
1632163591.96738076,0.00000000,0.00000000,0.00000000,0.00000000
1632163592.06735253,0.00000000,0.00000000,0.00000000,0.00000000
1632163592.16737556,0.00000000,0.00000000,0.00000000,0.00000000
1632163592.26739454,0.00000000,0.00000000,0.00000000,0.00000000
1632163592.36736798,0.00000000,0.00000000,0.00000000,0.00000000
1632163592.46738672,0.00000000,0.00000000,0.00000000,0.00000000
1632163592.56737828,0.00000000,0.00000000,0.00000000,0.00000000
1632163592.66738844,0.00000000,0.00000000,0.00000000,0.00000000
1632163592.76738763,0.00000000,0.00000000,0.00000000,0.00000000
1632163592.86738372,0.00000000,0.00000000,0.00000000,0.00000000
1632163592.96738672,0.00000000,0.00000000,0.00000000,0.00000000
1632163593.06738091,0.00000000,0.00000000,0.00000000,0.00000000
1632163593.16737986,0.00000000,0.00000000,0.00000000,0.00000000
1632163593.26738167,0.00000000,0.00000000,0.00000000,0.00000000
1632163593.36734676,0.00000000,0.00000000,0.00000000,0.00000000
1632163593.46739674,0.00000000,0.00000000,0.00000000,0.00000000
1632163593.56734943,0.00000000,0.00000000,0.00000000,0.00000000
1632163593.66737914,0.00000000,0.00000000,0.00000000,0.00000000
1632163593.76738191,0.00000000,0.00000000,0.00000000,0.00000000
1632163593.86738014,0.00000000,0.00000000,0.00000000,0.00000000
1632163593.96738553,0.00000000,0.00000000,0.00000000,0.00000000
1632163594.06738281,0.00000000,0.00000000,0.00000000,0.00000000
1632163594.16738176,0.00000000,0.00000000,0.00000000,0.00000000
1632163594.26736093,0.00000000,0.00000000,0.00000000,0.00000000
1632163594.36736035,0.00000000,0.00000000,0.00000000,0.00000000
1632163594.46737957,0.00000000,0.00000000,0.00000000,0.00000000
1632163594.56738019,0.00000000,0.00000000,0.00000000,0.00000000
1632163594.66738057,0.00000000,0.00000000,0.00000000,0.00000000
1632163594.76737976,0.00000000,0.00000000,0.00000000,0.00000000
1632163594.86738014,0.00000000,0.00000000,0.00000000,0.00000000
1632163594.96737981,0.00000000,0.00000000,0.00000000,0.00000000
1632163595.06738138,0.00000000,0.00000000,0.00000000,0.00000000
1632163595.16735268,0.00000000,0.00000000,0.00000000,0.00000000
1632163595.26738691,0.00000000,0.00000000,0.00000000,0.00000000
1632163595.36737990,0.00000000,0.00000000,0.00000000,0.00000000
1632163595.46738386,0.00000000,0.00000000,0.00000000,0.00000000
1632163595.56737852,0.00000000,0.00000000,0.00000000,0.00000000
1632163595.66738534,0.00000000,0.00000000,0.00000000,0.00000000
1632163595.76737785,0.00000000,0.00000000,0.00000000,0.00000000
1632163595.86738110,0.00000000,0.00000000,0.00000000,0.00000000
1632163595.96733785,0.00000000,0.00000000,0.00000000,0.00000000
1632163596.06737781,0.00000000,0.00000000,0.00000000,0.00000000
1632163596.16737866,0.00000000,0.00000000,0.00000000,0.00000000
1632163596.26738906,0.00000000,0.00000000,0.00000000,0.00000000
1632163596.36738920,0.00000000,0.00000000,0.00000000,0.00000000
1632163596.46738505,0.00000000,0.00000000,0.00000000,0.00000000
1632163596.56739354,0.00000000,0.00000000,0.00000000,0.00000000
1632163596.66737914,0.00000000,0.00000000,0.00000000,0.00000000
1632163596.76739311,0.00000000,0.00000000,0.00000000,0.00000000
1632163596.86737323,0.00000000,0.00000000,0.00000000,0.00000000
1632163596.96737933,0.00000000,0.00000000,0.00000000,0.00000000
1632163597.06736183,0.00000000,0.00000000,0.00000000,0.00000000
1632163597.16737986,0.00000000,0.00000000,0.00000000,0.00000000
1632163597.26738167,0.00000000,0.00000000,0.00000000,0.00000000
1632163597.36738753,0.00000000,0.00000000,0.00000000,0.00000000
1632163597.46734142,0.00000000,0.00000000,0.00000000,0.00000000
1632163597.56738758,0.00000000,0.00000000,0.00000000,0.00000000
1632163597.66737890,0.00000000,0.00000000,0.00000000,0.00000000
1632163597.76737785,0.00000000,0.00000000,0.00000000,0.00000000
1632163597.86737919,0.00000000,0.00000000,0.00000000,0.00000000
1632163597.96738100,0.00000000,0.00000000,0.00000000,0.00000000
1632163598.06733966,0.00000000,0.00000000,0.00000000,0.00000000
1632163598.16739225,0.00000000,0.00000000,0.00000000,0.00000000
1632163598.26738286,0.00000000,0.00000000,0.00000000,0.00000000
1632163598.36738443,0.00000000,0.00000000,0.00000000,0.00000000
1632163598.46737885,0.00000000,0.00000000,0.00000000,0.00000000
1632163598.56737852,0.00000000,0.00000000,0.00000000,0.00000000
1632163598.66737866,0.00000000,0.00000000,0.00000000,0.00000000
1632163598.76738310,0.00000000,0.00000000,0.00000000,0.00000000
1632163598.86739659,0.00000000,0.00000000,0.00000000,0.00000000
1632163598.96738029,0.00000000,0.00000000,0.00000000,0.00000000
1632163599.06737852,0.00000000,0.00000000,0.00000000,0.00000000
1632163599.16737890,0.00000000,0.00000000,0.00000000,0.00000000
1632163599.26737881,0.00000000,0.00000000,0.00000000,0.00000000
1632163599.36739779,0.00000000,0.00000000,0.00000000,0.00000000
1632163599.46738553,0.00000000,0.00000000,0.00000000,0.00000000
1632163599.56738544,0.00000000,0.00000000,0.00000000,0.00000000
1632163599.66738510,0.00000000,0.00000000,0.00000000,0.00000000
1632163599.76738429,0.00000000,0.00000000,0.00000000,0.00000000
1632163599.86737895,0.00000000,0.00000000,0.00000000,0.00000000
1632163599.96738148,0.00000000,0.00000000,0.00000000,0.00000000
1632163600.06735063,0.00000000,0.00000000,0.00000000,0.00000000
1632163600.16735339,0.00000000,0.00000000,0.00000000,0.00000000
1632163600.26737809,0.00000000,0.00000000,0.00000000,0.00000000
1632163600.36738610,0.00000000,0.00000000,0.00000000,0.00000000
1632163600.46737790,0.00000000,0.00000000,0.00000000,0.00000000
1632163600.56737852,0.00000000,0.00000000,0.00000000,0.00000000
1632163600.66737938,0.00000000,0.00000000,0.00000000,0.00000000
1632163600.76737952,0.00000000,0.00000000,0.00000000,0.00000000
1632163600.86738348,0.00000000,0.00000000,0.00000000,0.00000000
1632163600.96738315,0.00000000,0.00000000,0.00000000,0.00000000
1632163601.06740594,0.00000000,0.00000000,0.00000000,0.00000000
1632163601.16737628,0.00000000,0.00000000,0.00000000,0.00000000
1632163601.26737976,0.00000000,0.00000000,0.00000000,0.00000000
1632163601.36735892,0.00000000,0.00000000,0.00000000,0.00000000
1632163601.46740866,0.00000000,0.00000000,0.00000000,0.00000000
1632163601.56733274,0.00000000,0.00000000,0.00000000,0.00000000
1632163601.66739154,0.00000000,0.00000000,0.00000000,0.00000000
1632163601.76738572,0.00000000,0.00000000,0.00000000,0.00000000
1632163601.86737943,0.00000000,0.00000000,0.00000000,0.00000000
1632163601.96735668,0.00000000,0.00000000,0.00000000,0.00000000
1632163602.06740761,0.00000000,0.00000000,0.00000000,0.00000000
1632163602.16738820,0.00000000,0.00000000,0.00000000,0.00000000
1632163602.26739168,50.00000000,0.00000000,0.00000000,0.00000000
1632163602.36738443,45.24000000,0.00000000,0.00000000,0.00000000
1632163602.46737933,40.94000000,0.00000000,0.00000000,0.00000000
1632163602.56738162,37.04000000,0.00000000,0.00000000,0.00000000
1632163602.66738343,33.52000000,0.00000000,0.00000000,0.00000000
1632163602.76734352,30.33000000,0.00000000,0.00000000,0.00000000
1632163602.86738276,27.44000000,0.00000000,0.00000000,0.00000000
1632163602.96738291,24.83000000,0.00000000,0.00000000,0.00000000
1632163603.06738114,22.47000000,0.00000000,0.00000000,0.00000000
1632163603.16737914,20.33000000,0.00000000,0.00000000,0.00000000
1632163603.26734209,18.39000000,0.00000000,0.00000000,0.00000000
1632163603.36738539,16.64000000,0.00000000,0.00000000,0.00000000
1632163603.46737933,15.06000000,0.00000000,0.00000000,0.00000000
1632163603.56738329,13.63000000,0.00000000,0.00000000,0.00000000
1632163603.66738009,12.33000000,0.00000000,0.00000000,0.00000000
1632163603.76738358,11.16000000,0.00000000,0.00000000,0.00000000
1632163603.86738205,10.09000000,0.00000000,0.00000000,0.00000000
1632163603.96738696,9.13000000,0.00000000,0.00000000,0.00000000
1632163604.06738186,8.26000000,0.00000000,0.00000000,0.00000000
1632163604.16738105,7.48000000,0.00000000,0.00000000,0.00000000
1632163604.26732564,6.77000000,0.00000000,0.00000000,0.00000000
1632163604.36734128,6.12000000,0.00000000,0.00000000,0.00000000
1632163604.46734738,5.54000000,0.00000000,0.00000000,0.00000000
1632163604.56733942,5.01000000,0.00000000,0.00000000,0.00000000
1632163604.66731763,4.54000000,0.00000000,0.00000000,0.00000000
1632163604.76734614,4.10000000,0.00000000,0.00000000,0.00000000
1632163604.86734724,3.71000000,0.00000000,0.00000000,0.00000000
1632163604.96734643,3.36000000,0.00000000,0.00000000,0.00000000
1632163605.06734514,3.04000000,0.00000000,0.00000000,0.00000000
1632163605.16735053,2.75000000,0.00000000,0.00000000,0.00000000
1632163605.26734614,2.49000000,0.00000000,0.00000000,0.00000000
1632163605.36734581,2.25000000,0.00000000,0.00000000,0.00000000
1632163605.46734548,2.04000000,0.00000000,0.00000000,0.00000000
1632163605.56731772,1.84000000,0.00000000,0.00000000,0.00000000
1632163605.66734552,1.67000000,0.00000000,0.00000000,0.00000000
1632163605.76734519,1.51000000,0.00000000,0.00000000,0.00000000
1632163605.86734676,1.37000000,0.00000000,0.00000000,0.00000000
1632163605.96734691,1.24000000,0.00000000,0.00000000,0.00000000
1632163606.06731820,1.12000000,0.00000000,0.00000000,0.00000000
1632163606.16734838,1.01000000,0.00000000,0.00000000,0.00000000
1632163606.26734972,0.92000000,0.00000000,0.00000000,0.00000000
1632163606.36731648,0.83000000,0.00000000,0.00000000,0.00000000
1632163606.46734619,0.75000000,0.00000000,0.00000000,0.00000000
1632163606.56734729,0.68000000,0.00000000,0.00000000,0.00000000
1632163606.66735101,0.61000000,0.00000000,0.00000000,0.00000000
1632163606.76734614,0.56000000,0.00000000,0.00000000,0.00000000
1632163606.86731553,0.50000000,0.00000000,0.00000000,0.00000000
1632163606.96734047,0.45000000,0.00000000,0.00000000,0.00000000
1632163607.06734681,0.41000000,0.00000000,0.00000000,0.00000000
1632163607.16734576,0.37000000,0.00000000,0.00000000,0.00000000
1632163607.26734138,0.34000000,0.00000000,0.00000000,0.00000000
1632163607.36735153,0.30000000,0.00000000,0.00000000,0.00000000
1632163607.46734548,0.28000000,0.00000000,0.00000000,0.00000000
1632163607.56734538,0.25000000,0.00000000,0.00000000,0.00000000
1632163607.66734719,0.23000000,0.00000000,0.00000000,0.00000000
1632163607.76734638,0.20000000,0.00000000,0.00000000,0.00000000
1632163607.86734653,0.18000000,0.00000000,0.00000000,0.00000000
1632163607.96734715,0.17000000,0.00000000,0.00000000,0.00000000
1632163608.06734800,0.15000000,0.00000000,0.00000000,0.00000000
1632163608.16731882,0.14000000,0.00000000,0.00000000,0.00000000
1632163608.26731801,0.12000000,0.00000000,0.00000000,0.00000000
1632163608.36734319,0.11000000,0.00000000,0.00000000,0.00000000
1632163608.46734881,0.10000000,0.00000000,0.00000000,0.00000000
1632163608.56734848,0.09000000,0.00000000,0.00000000,0.00000000
1632163608.66734791,0.08000000,0.00000000,0.00000000,0.00000000
1632163608.76731730,0.08000000,0.00000000,0.00000000,0.00000000
1632163608.86734653,0.07000000,0.00000000,0.00000000,0.00000000
1632163608.96734619,0.06000000,0.00000000,0.00000000,0.00000000
1632163609.06732059,0.06000000,0.00000000,0.00000000,0.00000000
1632163609.16731620,0.00000000,0.00000000,0.00000000,0.00000000
1632163609.26734567,0.00000000,0.00000000,0.00000000,0.00000000
1632163609.36732030,0.00000000,0.00000000,0.00000000,0.00000000
1632163609.46734691,0.00000000,0.00000000,0.00000000,0.00000000
1632163609.56734586,0.00000000,0.00000000,0.00000000,0.00000000
1632163609.66734600,0.00000000,0.00000000,0.00000000,0.00000000
1632163609.76734924,0.00000000,0.00000000,0.00000000,0.00000000
1632163609.86734653,0.00000000,0.00000000,0.00000000,0.00000000
1632163609.96734476,0.00000000,0.00000000,0.00000000,0.00000000
1632163610.06734490,0.00000000,0.00000000,0.00000000,0.00000000
1632163610.16731596,0.00000000,0.00000000,0.00000000,0.00000000
1632163610.26735091,0.00000000,0.00000000,0.00000000,0.00000000
1632163610.36734295,0.00000000,0.00000000,0.00000000,0.00000000
1632163610.46734905,0.00000000,0.00000000,0.00000000,0.00000000
1632163610.56734681,0.00000000,0.00000000,0.00000000,0.00000000
1632163610.66734862,0.00000000,0.00000000,0.00000000,0.00000000
1632163610.76734972,0.00000000,0.00000000,0.00000000,0.00000000
1632163610.86734676,0.00000000,0.00000000,0.00000000,0.00000000
1632163610.96734571,0.00000000,0.00000000,0.00000000,0.00000000
1632163611.06731772,0.00000000,0.00000000,0.00000000,0.00000000
1632163611.16734600,0.00000000,0.00000000,0.00000000,0.00000000
1632163611.26734757,0.00000000,0.00000000,0.00000000,0.00000000
1632163611.36734700,0.00000000,0.00000000,0.00000000,0.00000000
1632163611.46734858,0.00000000,0.00000000,0.00000000,0.00000000
1632163611.56734943,0.00000000,0.00000000,0.00000000,0.00000000
1632163611.66734600,0.00000000,0.00000000,0.00000000,0.00000000
1632163611.76734614,0.00000000,0.00000000,0.00000000,0.00000000
1632163611.86734581,0.00000000,0.00000000,0.00000000,0.00000000
1632163611.96734548,0.00000000,0.00000000,0.00000000,0.00000000
1632163612.06734967,0.00000000,0.00000000,0.00000000,0.00000000
1632163612.16734576,0.00000000,0.00000000,0.00000000,0.00000000
1632163612.26735091,0.00000000,0.00000000,0.00000000,0.00000000
1632163612.36734653,0.00000000,0.00000000,0.00000000,0.00000000
1632163612.46734548,0.00000000,0.00000000,0.00000000,0.00000000
1632163612.56734586,0.00000000,0.00000000,0.00000000,0.00000000
1632163612.66734695,0.00000000,0.00000000,0.00000000,0.00000000
1632163612.76731753,0.00000000,0.00000000,0.00000000,0.00000000
1632163612.86734700,0.00000000,0.00000000,0.00000000,0.00000000
1632163612.96734619,0.00000000,0.00000000,0.00000000,0.00000000
1632163613.06734610,0.00000000,0.00000000,0.00000000,0.00000000
1632163613.16734815,0.00000000,0.00000000,0.00000000,0.00000000
1632163613.26734710,0.00000000,0.00000000,0.00000000,0.00000000
1632163613.36734629,0.00000000,0.00000000,0.00000000,0.00000000
1632163613.46734810,0.00000000,0.00000000,0.00000000,0.00000000
1632163613.56734729,0.00000000,0.00000000,0.00000000,0.00000000
1632163613.66734648,0.00000000,0.00000000,0.00000000,0.00000000
1632163613.76731515,0.00000000,0.00000000,0.00000000,0.00000000
1632163613.86734557,0.00000000,0.00000000,0.00000000,0.00000000
1632163613.96734643,0.00000000,0.00000000,0.00000000,0.00000000
1632163614.06731653,0.00000000,0.00000000,0.00000000,0.00000000
1632163614.16734624,0.00000000,0.00000000,0.00000000,0.00000000
1632163614.26734591,0.00000000,0.00000000,0.00000000,0.00000000
1632163614.36734128,0.00000000,0.00000000,0.00000000,0.00000000
1632163614.46734285,0.00000000,0.00000000,0.00000000,0.00000000
1632163614.56735849,0.00000000,0.00000000,0.00000000,0.00000000
1632163614.66735053,0.00000000,0.00000000,0.00000000,0.00000000
1632163614.76732016,0.00000000,0.00000000,0.00000000,0.00000000
1632163614.86732554,0.00000000,0.00000000,0.00000000,0.00000000
1632163614.96735024,0.00000000,0.00000000,0.00000000,0.00000000
1632163615.06731820,0.00000000,0.00000000,0.00000000,0.00000000
1632163615.16734290,0.00000000,0.00000000,0.00000000,0.00000000
1632163615.26742792,0.00000000,0.00000000,0.00000000,0.00000000
1632163615.36738372,0.00000000,0.00000000,0.00000000,0.00000000
1632163615.46738577,0.00000000,0.00000000,0.00000000,0.00000000
1632163615.56737947,0.00000000,0.00000000,0.00000000,0.00000000
1632163615.66735363,0.00000000,0.00000000,0.00000000,0.00000000
1632163615.76738191,0.00000000,0.00000000,0.00000000,0.00000000
1632163615.86738682,0.00000000,0.00000000,0.00000000,0.00000000
1632163615.96738648,0.00000000,0.00000000,0.00000000,0.00000000
1632163616.06739044,0.00000000,0.00000000,0.00000000,0.00000000
1632163616.16738105,0.00000000,0.00000000,0.00000000,0.00000000
1632163616.26733994,0.00000000,0.00000000,0.00000000,0.00000000
1632163616.36738634,0.00000000,0.00000000,0.00000000,0.00000000
1632163616.46736002,0.00000000,0.00000000,0.00000000,0.00000000
1632163616.56732464,0.00000000,0.00000000,0.00000000,0.00000000
1632163616.66735053,0.00000000,0.00000000,0.00000000,0.00000000
1632163616.76738691,0.00000000,0.00000000,0.00000000,0.00000000
1632163616.86738420,0.00000000,0.00000000,0.00000000,0.00000000
1632163616.96739197,0.00000000,0.00000000,0.00000000,0.00000000
1632163617.06737852,0.00000000,0.00000000,0.00000000,0.00000000
1632163617.16740513,0.00000000,0.00000000,0.00000000,0.00000000
1632163617.26736140,0.00000000,0.00000000,0.00000000,0.00000000
1632163617.36735415,0.00000000,0.00000000,0.00000000,0.00000000
1632163617.46734190,0.00000000,0.00000000,0.00000000,0.00000000
1632163617.56737947,0.00000000,0.00000000,0.00000000,0.00000000
1632163617.66737890,0.00000000,0.00000000,0.00000000,0.00000000
1632163617.76737809,0.00000000,0.00000000,0.00000000,0.00000000
1632163617.86737823,0.00000000,0.00000000,0.00000000,0.00000000
1632163617.96738386,0.00000000,0.00000000,0.00000000,0.00000000
