Seconds,Detected,Distance,Angle,Child.X,Child.Y,Child.Angle
1632163585.66903186,1,7.00000000,0.00000000,7.00000000,0.00000000,0.00000000
1632163585.76904058,1,7.00000000,0.00000000,7.00000000,0.00000000,0.00000000
1632163585.86903977,1,7.00000000,0.00000000,7.00000000,0.00000000,0.00000000
1632163585.96903872,1,7.00000000,0.00000000,7.00000000,0.00000000,0.00000000
1632163586.06904268,1,7.00000000,0.00000000,7.00000000,0.00000000,0.00000000
1632163586.16904545,1,7.00000000,0.00000000,7.00000000,0.00000000,0.00000000
1632163586.26904726,1,7.00000000,0.00000000,7.00000000,0.00000000,0.00000000
1632163586.36902571,1,7.00000000,0.00000000,7.00000000,0.00000000,0.00000000
1632163586.46904159,1,7.00000000,0.00000000,7.00000000,0.00000000,0.00000000
1632163586.56904268,1,7.00000000,0.00000000,7.00000000,0.00000000,0.00000000
1632163586.66904283,1,7.00000000,0.00000000,7.00000000,0.00000000,0.00000000
1632163586.76900697,1,7.00000000,0.00000000,7.00000000,0.00000000,0.00000000
1632163586.86902952,1,7.00000000,0.00000000,7.00000000,0.00000000,0.00000000
1632163586.96904159,1,7.00000000,0.00000000,7.00000000,0.00000000,0.00000000
1632163587.06902289,1,7.00000000,0.00000000,7.00000000,0.00000000,0.00000000
1632163587.16898656,1,7.00000000,0.00000000,7.00000000,0.00000000,0.00000000
1632163587.26896048,1,7.00000000,0.00000000,7.00000000,0.00000000,0.00000000
1632163587.36898351,1,7.00000000,0.00000000,7.00000000,0.00000000,0.00000000
1632163587.46898198,1,7.00000000,0.00000000,7.00000000,0.00000000,0.00000000
1632163587.56903338,1,7.00000000,0.00000000,7.00000000,0.00000000,0.00000000
1632163587.66905642,1,7.00000000,0.00000000,7.00000000,0.00000000,0.00000000
1632163587.76903653,1,7.00000000,0.00000000,7.00000000,0.00000000,0.00000000
1632163587.86904359,1,7.00000000,0.00000000,7.00000000,0.00000000,0.00000000
1632163587.96904373,1,7.00000000,0.00000000,7.00000000,0.00000000,0.00000000
1632163588.06904078,1,7.00000000,0.00000000,7.00000000,0.00000000,0.00000000
1632163588.16904879,1,7.00000000,0.00000000,7.00000000,0.00000000,0.00000000
1632163588.26905274,1,7.00000000,0.00000000,7.00000000,0.00000000,0.00000000
1632163588.36905146,1,7.00000000,0.00000000,7.00000000,0.00000000,0.00000000
1632163588.46904206,1,7.00000000,0.00000000,7.00000000,0.00000000,0.00000000
1632163588.56902337,1,7.00000000,0.00000000,7.00000000,0.00000000,0.00000000
1632163588.66901970,1,7.00000000,0.00000000,7.00000000,0.00000000,0.00000000
1632163588.76904368,1,7.00000000,0.00000000,7.00000000,0.00000000,0.00000000
1632163588.86904669,1,7.00000000,0.00000000,7.00000000,0.00000000,0.00000000
1632163588.96904492,1,7.00000000,0.00000000,7.00000000,0.00000000,0.00000000
1632163589.06904197,1,7.00000000,0.00000000,7.00000000,0.00000000,0.00000000
1632163589.16904688,1,7.00000000,0.00000000,7.00000000,0.00000000,0.00000000
1632163589.26899576,1,7.00000000,0.00000000,7.00000000,0.00000000,0.00000000
1632163589.36898184,1,7.00000000,0.00000000,7.00000000,0.00000000,0.00000000
1632163589.46898365,1,7.00000000,0.00000000,7.00000000,0.00000000,0.00000000
1632163589.56898475,1,7.00000000,0.00000000,7.00000000,0.00000000,0.00000000
1632163589.66897964,1,7.00000000,0.00000000,7.00000000,0.00000000,0.00000000
1632163589.76898408,1,7.00000000,0.00000000,7.00000000,0.00000000,0.00000000
1632163589.86903739,1,7.00000000,0.00000000,7.00000000,0.00000000,0.00000000
1632163589.96900392,1,7.00000000,0.00000000,7.00000000,0.00000000,0.00000000
1632163590.06904101,1,7.00000000,0.00000000,7.00000000,0.00000000,0.00000000
1632163590.16903949,1,7.00000000,0.00000000,7.00000000,0.00000000,0.00000000
1632163590.26904106,1,7.00000000,0.00000000,7.00000000,0.00000000,0.00000000
1632163590.36899996,1,6.94999981,0.00000000,6.94999981,0.00000000,0.00000000
1632163590.46903944,1,6.90000010,0.00000000,6.90000010,0.00000000,0.00000000
1632163590.56903863,1,6.84999990,0.00000000,6.84999990,0.00000000,0.00000000
1632163590.66904044,1,6.80000019,0.00000000,6.80000019,0.00000000,0.00000000
1632163590.76904202,1,6.75000000,0.00000000,6.75000000,0.00000000,0.00000000
1632163590.86904955,1,6.69999981,0.00000000,6.69999981,0.00000000,0.00000000
1632163590.96901894,1,6.65000010,0.00000000,6.65000010,0.00000000,0.00000000
1632163591.06903863,1,6.59999990,0.00000000,6.59999990,0.00000000,0.00000000
1632163591.16904044,1,6.55000019,0.00000000,6.55000019,0.00000000,0.00000000
1632163591.26904559,1,6.50000000,0.00000000,6.50000000,0.00000000,0.00000000
1632163591.36904073,1,6.44999981,0.00000000,6.44999981,0.00000000,0.00000000
1632163591.46901894,1,6.40000010,0.00000000,6.40000010,0.00000000,0.00000000
1632163591.56904960,1,6.34999990,0.00000000,6.34999990,0.00000000,0.00000000
1632163591.66902089,1,6.30000019,0.00000000,6.30000019,0.00000000,0.00000000
1632163591.76903987,1,6.25000000,0.00000000,6.25000000,0.00000000,0.00000000
1632163591.86905146,1,6.19999981,0.00000000,6.19999981,0.00000000,0.00000000
1632163591.96901989,1,6.15000010,0.00000000,6.15000010,0.00000000,0.00000000
1632163592.06895280,1,6.09999990,0.00000000,6.09999990,0.00000000,0.00000000
1632163592.16904283,1,6.05000019,0.00000000,6.05000019,0.00000000,0.00000000
1632163592.26909161,1,6.00000000,0.00000000,6.00000000,0.00000000,0.00000000
1632163592.36906338,1,5.94999981,0.00000000,5.94999981,0.00000000,0.00000000
1632163592.46902251,1,5.90000010,0.00000000,5.90000010,0.00000000,0.00000000
1632163592.56902289,1,5.84999990,0.00000000,5.84999990,0.00000000,0.00000000
1632163592.66902399,1,5.80000019,0.00000000,5.80000019,0.00000000,0.00000000
1632163592.76904273,1,5.75000000,0.00000000,5.75000000,0.00000000,0.00000000
1632163592.86905503,1,5.69999981,0.00000000,5.70290981,0.00000000,0.00000000
1632163592.96904683,1,5.64708996,0.00000000,5.65581996,0.00000000,0.00000000
1632163593.06901360,1,5.59126997,0.00000000,5.60921497,0.00000000,0.00000000
1632163593.16904283,1,5.53205490,0.00000000,5.55678990,0.00000000,0.00000000
1632163593.26904297,1,5.47526503,0.00000000,5.51018503,0.00000000,0.00000000
1632163593.36900520,1,5.41508007,0.00000000,5.46406507,0.00000000,0.00000000
1632163593.46904564,1,5.35101509,0.00000000,5.41358009,0.00000000,0.00000000
1632163593.56904340,1,5.28743505,0.00000000,5.36406505,0.00000000,0.00000000
1632163593.66903567,1,5.22337008,0.00000000,5.31503508,0.00000000,0.00000000
1632163593.76902175,1,5.15833521,0.00000000,5.26406521,0.00000000,0.00000000
1632163593.86903954,1,5.09427023,0.00000000,5.21406523,0.00000000,0.00000000
1632163593.96904039,1,5.03020477,0.00000000,5.16406477,0.00000000,0.00000000
1632163594.06901932,1,4.96613979,0.00000000,5.11406479,0.00000000,0.00000000
1632163594.16904259,1,4.90207481,0.00000000,5.06260981,0.00000000,0.00000000
1632163594.26904058,1,4.83946514,0.00000000,5.01406514,0.00000000,0.00000000
1632163594.36899686,1,4.77540016,0.00000000,4.96309516,0.00000000,0.00000000
1632163594.46901941,1,4.71230507,0.00000000,4.91309507,0.00000000,0.00000000
1632163594.56901979,1,4.64920998,0.00000000,4.86309498,0.00000000,0.00000000
1632163594.66904521,1,4.58611488,0.00000000,4.81309488,0.00000000,0.00000000
1632163594.76904535,1,4.52301979,0.00000000,4.76260979,0.00000000,0.00000000
1632163594.86904263,1,4.46041012,0.00000000,4.71212512,0.00000000,0.00000000
1632163594.96903992,1,4.39828491,0.00000000,4.66309491,0.00000000,0.00000000
1632163595.06905246,1,4.33518982,0.00000000,4.61115482,0.00000000,0.00000000
1632163595.16904354,1,4.27403498,0.00000000,4.56066998,0.00000000,0.00000000
1632163595.26904655,1,4.21336508,0.00000000,4.51018508,0.00000000,0.00000000
1632163595.36904049,1,4.15318012,0.00000000,4.45970012,0.00000000,0.00000000
1632163595.46903992,1,4.09348011,0.00000000,4.40921511,0.00000000,0.00000000
1632163595.56900477,1,4.03426504,0.00000000,4.35824504,0.00000000,0.00000000
1632163595.66904521,1,3.97602010,0.00000000,4.30776010,0.00000000,0.00000000
1632163595.76901722,1,3.91826010,0.00000000,4.25679010,0.00000000,0.00000000
1632163595.86903954,1,3.86146998,0.00000000,4.20727498,0.00000000,0.00000000
1632163595.96904254,1,3.80419493,0.00000000,4.15484993,0.00000000,0.00000000
1632163596.06903696,1,3.74934506,0.00000000,4.10630506,0.00000000,0.00000000
1632163596.16904354,1,3.69303989,0.00000000,4.05484989,0.00000000,0.00000000
1632163596.26904964,1,3.63819003,0.00000000,4.00388003,0.00000000,0.00000000
1632163596.36904001,1,3.63431001,0.00000000,4.00291001,0.00000000,0.00000000
1632163596.46904898,1,3.63140011,0.00000000,4.00339511,0.00000000,0.00000000
1632163596.56905651,1,3.62800503,0.00000000,4.00291003,0.00000000,0.00000000
1632163596.66904640,1,3.62509489,0.00000000,4.00193989,0.00000000,0.00000000
1632163596.76904130,1,3.62315512,0.00000000,4.00097012,0.00000000,0.00000000
1632163596.86899710,1,3.62218499,0.00000000,4.00193999,0.00000000,0.00000000
1632163596.96901655,1,3.62024498,0.00000000,4.00096998,0.00000000,0.00000000
1632163597.06900573,1,3.61927509,0.00000000,4.00097009,0.00000000,0.00000000
1632163597.16904068,1,3.61830497,0.00000000,4.00096997,0.00000000,0.00000000
1632163597.26903820,1,3.61733508,0.00000000,4.00194008,0.00000000,0.00000000
1632163597.36905003,1,3.61539507,0.00000000,4.00097007,0.00000000,0.00000000
1632163597.46904945,1,3.61442494,0.00000000,4.00096994,0.00000000,0.00000000
1632163597.56904030,1,3.61345506,0.00000000,4.00097006,0.00000000,0.00000000
1632163597.66903758,1,3.61248493,0.00000000,4.00145493,0.00000000,0.00000000
1632163597.76903725,1,3.61103010,0.00000000,4.00194010,0.00000000,0.00000000
1632163597.86903954,1,3.60909009,0.00000000,4.00097009,0.00000000,0.00000000
1632163597.96904659,1,3.60811996,0.00000000,4.00096996,0.00000000,0.00000000
1632163598.06904769,1,3.60715008,0.00000000,4.00097008,0.00000000,0.00000000
1632163598.16901970,1,3.60617995,0.00000000,4.00096995,0.00000000,0.00000000
1632163598.26903892,1,3.60521007,0.00000000,4.00097007,0.00000000,0.00000000
1632163598.36903739,1,3.60423994,0.00000000,4.00096994,0.00000000,0.00000000
1632163598.46902084,1,3.60327005,0.00000000,4.00097005,0.00000000,0.00000000
1632163598.56903863,1,3.60229993,0.00000000,4.00096993,0.00000000,0.00000000
1632163598.66903758,1,3.60133004,0.00000000,4.00194004,0.00000000,0.00000000
1632163598.76904154,1,3.59939003,0.00000000,4.00097003,0.00000000,0.00000000
1632163598.86900425,1,3.59841990,0.00000000,4.00096990,0.00000000,0.00000000
1632163598.96903610,1,3.59745002,0.00000000,4.00097002,0.00000000,0.00000000
1632163599.06903791,1,3.59647989,0.00000000,4.00145489,0.00000000,0.00000000
1632163599.16903996,1,3.59502506,0.00000000,4.00097006,0.00000000,0.00000000
1632163599.26904368,1,3.59405494,0.00000000,4.00096994,0.00000000,0.00000000
1632163599.36905050,1,3.59308505,0.00000000,4.00097005,0.00000000,0.00000000
1632163599.46903801,1,3.59211493,0.00000000,4.00096993,0.00000000,0.00000000
1632163599.56901526,1,3.59114504,0.00000000,4.00097004,0.00000000,0.00000000
1632163599.66904020,1,3.59017491,0.00000000,3.99999991,0.00000000,0.00000000
1632163599.76901627,1,3.59017491,0.00000000,4.00096991,0.00000000,0.00000000
1632163599.86903858,1,3.58920503,0.00000000,4.00097003,0.00000000,0.00000000
1632163599.96904349,1,3.58823490,0.00000000,4.00096990,0.00000000,0.00000000
1632163600.06905556,1,3.58726501,0.00000000,4.00097001,0.00000000,0.00000000
1632163600.16898870,1,3.58629489,0.00000000,4.00096989,0.00000000,0.00000000
1632163600.26903534,1,3.58532500,0.00000000,4.00097000,0.00000000,0.00000000
1632163600.36904359,1,3.58435512,0.00000000,4.00097012,0.00000000,0.00000000
1632163600.46900725,1,3.58338499,0.00000000,4.00096999,0.00000000,0.00000000
1632163600.56903815,1,3.58241510,0.00000000,4.00097010,0.00000000,0.00000000
1632163600.66903877,1,3.58144498,0.00000000,4.00096998,0.00000000,0.00000000
1632163600.76904249,1,3.58047509,0.00000000,4.00000009,0.00000000,0.00000000
1632163600.86903834,1,3.58047509,0.00000000,4.00145509,0.00000000,0.00000000
1632163600.96899652,1,3.57902002,0.00000000,4.00097002,0.00000000,0.00000000
1632163601.06903291,1,3.57804990,0.00000000,4.00096990,0.00000000,0.00000000
1632163601.16903400,1,3.57708001,0.00000000,4.00097001,0.00000000,0.00000000
1632163601.26904058,1,3.57610989,0.00000000,3.99999989,0.00000000,0.00000000
1632163601.36901665,1,3.57610989,0.00000000,4.00290989,0.00000000,0.00000000
1632163601.46903992,1,3.57319999,0.00000000,4.00581999,0.00000000,0.00000000
1632163601.56901455,1,3.56737995,0.00000000,4.00921495,0.00000000,0.00000000
1632163601.66901731,1,3.55816507,0.00000000,4.01212507,0.00000000,0.00000000
1632163601.76903772,1,3.54604006,0.00000000,4.01503506,0.00000000,0.00000000
1632163601.86903882,1,3.53100491,0.00000000,4.01551991,0.00000000,0.00000000
1632163601.96901393,1,3.51548505,0.00000000,4.01600505,0.00000000,0.00000000
1632163602.06903958,1,3.49948001,0.00000000,4.01503501,0.00000000,0.00000000
1632163602.16903400,1,3.48444510,0.00000000,4.01600510,0.00000000,0.00000000
1632163602.26903605,1,3.46844006,0.00000000,4.01503506,0.00000000,0.00000000
1632163602.36905956,1,3.45340490,0.00000000,4.01600490,0.00000000,0.00000000
1632163602.46902704,1,3.43740010,0.00000000,4.01503510,0.00000000,0.00000000
1632163602.56901908,1,3.42236495,0.00000000,4.01503495,0.00000000,0.00000000
1632163602.66899133,1,3.40733004,0.00000000,4.01503504,0.00000000,0.00000000
1632163602.76904488,1,3.39229488,0.00000000,4.01406488,0.00000000,0.00000000
1632163602.86904144,1,3.37823009,0.00000000,4.01503509,0.00000000,0.00000000
1632163602.96904087,1,3.36319494,0.00000000,4.01406494,0.00000000,0.00000000
1632163603.06904244,1,3.34912992,0.00000000,4.01503492,0.00000000,0.00000000
1632163603.16899753,1,3.33409500,0.00000000,4.01406500,0.00000000,0.00000000
1632163603.26898956,1,3.32002997,0.00000000,4.01357997,0.00000000,0.00000000
1632163603.36903763,1,3.30644989,0.00000000,4.01309489,0.00000000,0.00000000
1632163603.46904397,1,3.29335499,0.00000000,4.01406499,0.00000000,0.00000000
1632163603.56900358,1,3.27928996,0.00000000,4.01309496,0.00000000,0.00000000
1632163603.66903925,1,3.26619506,0.00000000,4.01406506,0.00000000,0.00000000
1632163603.76903987,1,3.25213003,0.00000000,4.01309503,0.00000000,0.00000000
1632163603.86904216,1,3.23903489,0.00000000,4.01260989,0.00000000,0.00000000
1632163603.96904325,1,3.22642493,0.00000000,4.01309493,0.00000000,0.00000000
1632163604.06901932,1,3.21333003,0.00000000,4.01309503,0.00000000,0.00000000
1632163604.16899514,1,3.20023489,0.00000000,4.01212489,0.00000000,0.00000000
1632163604.26898456,1,3.18811011,0.00000000,4.01309511,0.00000000,0.00000000
1632163604.36897659,1,3.17501497,0.00000000,4.01163997,0.00000000,0.00000000
1632163604.46897292,1,3.16337490,0.00000000,4.01309490,0.00000000,0.00000000
1632163604.56895065,1,3.15028000,0.00000000,4.01212500,0.00000000,0.00000000
1632163604.66894722,1,3.13815498,0.00000000,4.01212498,0.00000000,0.00000000
1632163604.76897407,1,3.12602997,0.00000000,4.01163997,0.00000000,0.00000000
1632163604.86897302,1,3.11438990,0.00000000,4.01115490,0.00000000,0.00000000
1632163604.96897244,1,3.10323501,0.00000000,4.01212501,0.00000000,0.00000000
1632163605.06897688,1,3.09110999,0.00000000,4.01066999,0.00000000,0.00000000
1632163605.16897893,1,3.08044004,0.00000000,4.01212504,0.00000000,0.00000000
1632163605.26897860,1,3.06831503,0.00000000,4.01115503,0.00000000,0.00000000
1632163605.36897039,1,3.05715990,0.00000000,4.01115490,0.00000000,0.00000000
1632163605.46897602,1,3.04600501,0.00000000,4.01067001,0.00000000,0.00000000
1632163605.56896424,1,3.03533506,0.00000000,4.01115506,0.00000000,0.00000000
1632163605.66897869,1,3.02417994,0.00000000,4.01115494,0.00000000,0.00000000
1632163605.76897860,1,3.01302505,0.00000000,4.00970005,0.00000000,0.00000000
1632163605.86895585,1,3.00332499,0.00000000,4.01115499,0.00000000,0.00000000
1632163605.96894884,1,2.99217010,0.00000000,4.01115510,0.00000000,0.00000000
1632163606.06898546,1,2.98101497,0.00000000,4.00969997,0.00000000,0.00000000
1632163606.16897559,1,2.97131491,0.00000000,4.01018491,0.00000000,0.00000000
1632163606.26897287,1,2.96112990,0.00000000,4.00969990,0.00000000,0.00000000
1632163606.36897659,1,2.95143008,0.00000000,4.01018508,0.00000000,0.00000000
1632163606.46897769,1,2.94124508,0.00000000,4.01018508,0.00000000,0.00000000
1632163606.56897712,1,2.93106008,0.00000000,4.00970008,0.00000000,0.00000000
1632163606.66897583,1,2.92136002,0.00000000,4.01018502,0.00000000,0.00000000
1632163606.76897502,1,2.91117501,0.00000000,4.00873001,0.00000000,0.00000000
1632163606.86898136,1,2.90244508,0.00000000,4.01018508,0.00000000,0.00000000
1632163606.96897793,1,2.89226007,0.00000000,4.00921507,0.00000000,0.00000000
1632163607.06897640,1,2.88304496,0.00000000,4.00872996,0.00000000,0.00000000
1632163607.16897631,1,2.87431502,0.00000000,4.01018502,0.00000000,0.00000000
1632163607.26897883,1,2.86413002,0.00000000,4.00873002,0.00000000,0.00000000
1632163607.36897826,1,2.85540009,0.00000000,4.00921509,0.00000000,0.00000000
1632163607.46897769,1,2.84618497,0.00000000,4.00872997,0.00000000,0.00000000
1632163607.56897807,1,2.83745503,0.00000000,4.00824503,0.00000000,0.00000000
1632163607.66898298,1,2.82921004,0.00000000,4.00873004,0.00000000,0.00000000
1632163607.76896214,1,2.82048011,0.00000000,4.00921511,0.00000000,0.00000000
1632163607.86897802,1,2.81126499,0.00000000,4.00824499,0.00000000,0.00000000
1632163607.96897888,1,2.80302000,0.00000000,4.00873000,0.00000000,0.00000000
1632163608.06897902,1,2.79429007,0.00000000,4.00824507,0.00000000,0.00000000
1632163608.16897774,1,2.78604507,0.00000000,4.00776007,0.00000000,0.00000000
1632163608.26897883,1,2.77828503,0.00000000,4.00921503,0.00000000,0.00000000
1632163608.36897254,1,2.76906991,0.00000000,4.00775991,0.00000000,0.00000000
1632163608.46894693,1,2.76131010,0.00000000,4.00824510,0.00000000,0.00000000
1632163608.56897330,1,2.75306511,0.00000000,4.00776011,0.00000000,0.00000000
1632163608.66897368,1,2.74530506,0.00000000,4.00824506,0.00000000,0.00000000
1632163608.76898241,1,2.73706007,0.00000000,4.00679007,0.00000000,0.00000000
1632163608.86897779,1,2.73026991,0.00000000,4.00824491,0.00000000,0.00000000
1632163608.96897793,1,2.72202492,0.00000000,4.00775992,0.00000000,0.00000000
1632163609.06897855,1,2.71426511,0.00000000,4.00679011,0.00000000,0.00000000
1632163609.16894770,1,2.70747495,0.00000000,4.00824495,0.00000000,0.00000000
1632163609.26897407,1,2.69922996,0.00000000,4.00678996,0.00000000,0.00000000
1632163609.36897087,1,2.69244003,0.00000000,4.00727503,0.00000000,0.00000000
1632163609.46895003,1,2.68516493,0.00000000,4.00775993,0.00000000,0.00000000
1632163609.56897163,1,2.67740512,0.00000000,4.00727512,0.00000000,0.00000000
1632163609.66897106,1,2.67013001,0.00000000,4.00679001,0.00000000,0.00000000
1632163609.76894736,1,2.66334009,0.00000000,4.00727509,0.00000000,0.00000000
1632163609.86897445,1,2.65606499,0.00000000,4.00678999,0.00000000,0.00000000
1632163609.96894836,1,2.64927506,0.00000000,4.00679006,0.00000000,0.00000000
1632163610.06894803,1,2.64248490,0.00000000,4.00630490,0.00000000,0.00000000
1632163610.16897154,1,2.63617992,0.00000000,4.00678992,0.00000000,0.00000000
1632163610.26897883,1,2.62939000,0.00000000,4.00727500,0.00000000,0.00000000
1632163610.36897731,1,2.62211490,0.00000000,4.00581990,0.00000000,0.00000000
1632163610.46895409,1,2.61629510,0.00000000,4.00727510,0.00000000,0.00000000
1632163610.56895423,1,2.60901999,0.00000000,4.00581999,0.00000000,0.00000000
1632163610.66896319,1,2.60319996,0.00000000,4.00678996,0.00000000,0.00000000
1632163610.76897812,1,2.59641004,0.00000000,4.00630504,0.00000000,0.00000000
1632163610.86895490,1,2.59010506,0.00000000,4.00582006,0.00000000,0.00000000
1632163610.96895456,1,2.58428502,0.00000000,4.00582002,0.00000000,0.00000000
1632163611.06897974,1,2.57846498,0.00000000,4.00727498,0.00000000,0.00000000
1632163611.16897750,1,2.57119012,0.00000000,4.00485012,0.00000000,0.00000000
1632163611.26897693,1,2.56633997,0.00000000,4.00630497,0.00000000,0.00000000
1632163611.36897922,1,2.56003499,0.00000000,4.00581999,0.00000000,0.00000000
1632163611.46897769,1,2.55421495,0.00000000,4.00581995,0.00000000,0.00000000
1632163611.56898260,1,2.54839492,0.00000000,4.00630492,0.00000000,0.00000000
1632163611.66897869,1,2.54208994,0.00000000,4.00581994,0.00000000,0.00000000
1632163611.76897669,1,2.53626990,0.00000000,4.00484990,0.00000000,0.00000000
1632163611.86894727,1,2.53141999,0.00000000,4.00630499,0.00000000,0.00000000
1632163611.96897674,1,2.52511501,0.00000000,4.00485001,0.00000000,0.00000000
1632163612.06897688,1,2.52026510,0.00000000,4.00582010,0.00000000,0.00000000
1632163612.16897893,1,2.51444507,0.00000000,4.00533507,0.00000000,0.00000000
1632163612.26898766,1,2.50910997,0.00000000,4.00581997,0.00000000,0.00000000
1632163612.36897922,1,2.50328994,0.00000000,4.00484994,0.00000000,0.00000000
1632163612.46897769,1,2.49844003,0.00000000,4.00533503,0.00000000,0.00000000
1632163612.56897664,1,2.49310493,0.00000000,4.00581993,0.00000000,0.00000000
1632163612.66895223,1,2.48728490,0.00000000,4.00193990,0.00000000,0.00000000
1632163612.76894927,1,2.48534489,0.00000000,4.00533489,0.00000000,0.00000000
1632163612.86897874,1,2.48001003,0.00000000,4.00776003,0.00000000,0.00000000
1632163612.96897745,1,2.47224998,0.00000000,4.01018498,0.00000000,0.00000000
1632163613.06898141,1,2.46206498,0.00000000,4.00969998,0.00000000,0.00000000
1632163613.16897798,1,2.45236492,0.00000000,4.01018492,0.00000000,0.00000000
1632163613.26897407,1,2.44217992,0.00000000,4.00969992,0.00000000,0.00000000
1632163613.36897564,1,2.43248010,0.00000000,4.01018510,0.00000000,0.00000000
1632163613.46897984,1,2.42229509,0.00000000,4.00921509,0.00000000,0.00000000
1632163613.56899881,1,2.41307998,0.00000000,4.00969998,0.00000000,0.00000000
1632163613.66897988,1,2.40337992,0.00000000,4.00921492,0.00000000,0.00000000
1632163613.76897812,1,2.39416504,0.00000000,4.00970004,0.00000000,0.00000000
1632163613.86897850,1,2.38446498,0.00000000,4.00921498,0.00000000,0.00000000
1632163613.96897197,1,2.37525010,0.00000000,4.00921510,0.00000000,0.00000000
1632163614.06894875,1,2.36603498,0.00000000,4.00872998,0.00000000,0.00000000
1632163614.16897941,1,2.35730505,0.00000000,4.00921505,0.00000000,0.00000000
1632163614.26897955,1,2.34808993,0.00000000,4.00872993,0.00000000,0.00000000
1632163614.36897874,1,2.33936000,0.00000000,4.00921500,0.00000000,0.00000000
1632163614.46897960,1,2.33014488,0.00000000,4.00872988,0.00000000,0.00000000
1632163614.56894803,1,2.32141495,0.00000000,4.00921495,0.00000000,0.00000000
1632163614.66897702,1,2.31220007,0.00000000,4.00776007,0.00000000,0.00000000
1632163614.76897693,1,2.30444002,0.00000000,4.00921502,0.00000000,0.00000000
1632163614.86898327,1,2.29522491,0.00000000,4.00775991,0.00000000,0.00000000
1632163614.96895599,1,2.28746510,0.00000000,4.00824510,0.00000000,0.00000000
1632163615.06895590,1,2.27922010,0.00000000,4.00921510,0.00000000,0.00000000
1632163615.16895461,1,2.27000499,0.00000000,4.00775999,0.00000000,0.00000000
1632163615.26904631,1,2.26224494,0.00000000,4.00775994,0.00000000,0.00000000
1632163615.36899757,1,2.25448489,0.00000000,4.00824489,0.00000000,0.00000000
1632163615.46905375,1,2.24623990,0.00000000,4.00775990,0.00000000,0.00000000
1632163615.56905174,1,2.23848009,0.00000000,4.00727509,0.00000000,0.00000000
1632163615.66905093,1,2.23120499,0.00000000,4.00775999,0.00000000,0.00000000
1632163615.76905155,1,2.22344494,0.00000000,4.00824494,0.00000000,0.00000000
1632163615.86904812,1,2.21519995,0.00000000,4.00678995,0.00000000,0.00000000
1632163615.96904850,1,2.20841002,0.00000000,4.00824502,0.00000000,0.00000000
1632163616.06904507,1,2.20016503,0.00000000,4.00679003,0.00000000,0.00000000
1632163616.16905999,1,2.19337511,0.00000000,4.00824511,0.00000000,0.00000000
1632163616.26904106,1,2.18512988,0.00000000,4.00678988,0.00000000,0.00000000
1632163616.36905575,1,2.17833996,0.00000000,4.00727496,0.00000000,0.00000000
1632163616.46904159,1,2.17106509,0.00000000,4.00679009,0.00000000,0.00000000
1632163616.56899095,1,2.16427493,0.00000000,4.00678993,0.00000000,0.00000000
1632163616.66903281,1,2.15748501,0.00000000,4.00727501,0.00000000,0.00000000
1632163616.76903749,1,2.15020990,0.00000000,4.00678990,0.00000000,0.00000000
1632163616.86905527,1,2.14341998,0.00000000,4.00727498,0.00000000,0.00000000
1632163616.96898770,1,2.13614511,0.00000000,4.00582011,0.00000000,0.00000000
1632163617.06903696,1,2.13032508,0.00000000,4.00727508,0.00000000,0.00000000
1632163617.16902137,1,2.12304997,0.00000000,4.00678997,0.00000000,0.00000000
1632163617.26900911,1,2.11626005,0.00000000,4.00582005,0.00000000,0.00000000
1632163617.36899543,1,2.11044002,0.00000000,4.00727502,0.00000000,0.00000000
1632163617.46905565,1,2.10316491,0.00000000,4.00581991,0.00000000,0.00000000
1632163617.56904078,1,2.09734511,0.00000000,4.00630511,0.00000000,0.00000000
1632163617.66903925,1,2.09103990,0.00000000,4.00581990,0.00000000,0.00000000
1632163617.76904321,1,2.08522010,0.00000000,4.00679010,0.00000000,0.00000000
1632163617.86902308,1,2.07842994,0.00000000,4.00630494,0.00000000,0.00000000
1632163617.96904159,1,2.07212496,0.00000000,4.00581996,0.00000000,0.00000000
1632163618.06902981,1,2.06630492,0.00000000,4.00581992,0.00000000,0.00000000
1632163618.16904068,1,2.06048489,0.00000000,4.00630489,0.00000000,0.00000000
1632163618.26904345,1,2.05417991,0.00000000,4.00484991,0.00000000,0.00000000
1632163618.36905932,1,2.04933000,0.00000000,4.00630500,0.00000000,0.00000000
1632163618.46902466,1,2.04302502,0.00000000,4.00582002,0.00000000,0.00000000
1632163618.56902289,1,2.03720498,0.00000000,4.00581998,0.00000000,0.00000000
1632163618.66905212,1,2.03138494,0.00000000,4.00533494,0.00000000,0.00000000
1632163618.76904750,1,2.02605009,0.00000000,4.00582009,0.00000000,0.00000000
1632163618.86905503,1,2.02023005,0.00000000,4.00485005,0.00000000,0.00000000
1632163618.96906185,1,2.01537991,0.00000000,4.00630491,0.00000000,0.00000000
1632163619.06904578,1,2.00907493,0.00000000,4.00484993,0.00000000,0.00000000
1632163619.16899323,1,2.00422502,0.00000000,4.00485002,0.00000000,0.00000000
1632163619.26904273,1,1.99937499,0.00000000,4.00630499,0.00000000,0.00000000
1632163619.36900520,1,1.99307001,0.00000000,4.00485001,0.00000000,0.00000000
1632163619.46904373,1,1.98821998,0.00000000,4.00484998,0.00000000,0.00000000
1632163619.56904221,1,1.98336995,0.00000000,4.00533495,0.00000000,0.00000000
1632163619.66906762,1,1.97803497,0.00000000,4.00484997,0.00000000,0.00000000
1632163619.76899242,1,1.97318494,0.00000000,4.00484994,0.00000000,0.00000000
1632163619.86903262,1,1.96833503,0.00000000,4.00485003,0.00000000,0.00000000
1632163619.96904635,1,1.96348500,0.00000000,4.00533500,0.00000000,0.00000000
1632163620.06904817,1,1.95815003,0.00000000,4.00485003,0.00000000,0.00000000
1632163620.16903090,1,1.95330000,0.00000000,4.00485000,0.00000000,0.00000000
1632163620.26905084,1,1.94844997,0.00000000,4.00533497,0.00000000,0.00000000
1632163620.36906457,1,1.94311500,0.00000000,4.00194000,0.00000000,0.00000000
1632163620.46904612,1,1.94117498,0.00000000,3.99999998,0.00000000,0.00000000
1632163620.56899500,1,1.94117498,0.00000000,3.99999998,0.00000000,0.00000000
1632163620.66904497,1,1.94117498,0.00000000,3.99999998,0.00000000,0.00000000
1632163620.76906037,1,1.94117498,0.00000000,3.99999998,0.00000000,0.00000000
1632163620.86902618,1,1.94117498,0.00000000,3.99999998,0.00000000,0.00000000
1632163620.96905375,1,1.94117498,0.00000000,3.99999998,0.00000000,0.00000000
1632163621.06904531,1,1.94117498,0.00000000,3.99999998,0.00000000,0.00000000
