Seconds,Desired Distance
1632159109.38914347,3.50000000
1632159109.48905897,3.50000000
1632159109.58906293,3.50000000
1632159109.68904567,3.50000000
1632159109.78915167,3.50000000
1632159109.88906646,3.50000000
1632159109.98906755,3.50000000
1632159110.08912444,3.50000000
1632159110.18912125,3.50000000
1632159110.28910947,3.50000000
1632159110.38903928,3.50000000
1632159110.48905158,3.50000000
1632159110.58919930,3.50000000
1632159110.68896890,3.50000000
1632159110.78880930,3.50000000
1632159110.88885689,3.50000000
1632159110.98883104,3.50000000
1632159111.08881879,3.50000000
1632159111.18903279,3.50000000
1632159111.28903413,3.50000000
1632159111.38909507,3.50000000
1632159111.48906255,3.50000000
1632159111.58907366,3.50000000
1632159111.68907213,3.50000000
1632159111.78908372,3.50000000
1632159111.88880634,3.50000000
1632159111.98883057,3.50000000
1632159112.08882403,3.50000000
1632159112.18879271,3.50000000
1632159112.28880239,3.50000000
1632159112.38880539,3.50000000
1632159112.48882198,3.50000000
1632159112.58881712,3.50000000
1632159112.68882656,3.50000000
1632159112.78882313,3.50000000
1632159112.88880277,3.50000000
1632159112.98884034,3.50000000
1632159113.08884525,3.50000000
1632159113.18881655,3.50000000
1632159113.28882432,3.50000000
1632159113.38882565,3.50000000
1632159113.48880267,3.50000000
1632159113.58883667,3.50000000
1632159113.68879676,3.50000000
1632159113.78883290,3.50000000
1632159113.88882327,3.50000000
1632159113.98880839,3.50000000
1632159114.08882689,3.50000000
1632159114.18880200,3.50000000
1632159114.28880835,3.50000000
1632159114.38882232,3.50000000
1632159114.48882365,3.50000000
1632159114.58882260,3.50000000
1632159114.68882370,3.50000000
1632159114.78882217,3.50000000
1632159114.88880205,3.50000000
1632159114.98881173,3.50000000
1632159115.08882308,3.50000000
1632159115.18880439,3.50000000
1632159115.28880024,3.50000000
1632159115.38884425,3.50000000
1632159115.48883247,3.50000000
1632159115.58882713,3.50000000
1632159115.68882561,3.50000000
1632159115.78880787,3.50000000
1632159115.88880110,3.50000000
1632159115.98886824,3.50000000
1632159116.08884406,3.50000000
1632159116.18882895,3.50000000
1632159116.28880382,3.50000000
1632159116.38883281,3.50000000
1632159116.48881841,3.50000000
1632159116.58883286,3.50000000
1632159116.68882823,3.50000000
1632159116.78883314,3.50000000
1632159116.88883305,3.50000000
1632159116.98883367,3.50000000
1632159117.08881664,3.50000000
1632159117.18883109,3.50000000
1632159117.28883576,3.50000000
1632159117.38880181,3.50000000
1632159117.48885155,3.50000000
1632159117.58881044,3.50000000
1632159117.68880224,3.50000000
1632159117.78883028,3.50000000
1632159117.88881850,3.50000000
1632159117.98883629,3.50000000
1632159118.08883119,3.50000000
1632159118.18884277,3.50000000
1632159118.28883910,3.50000000
1632159118.38880658,3.50000000
1632159118.48883963,3.50000000
1632159118.58886313,3.50000000
1632159118.68884039,3.50000000
1632159118.78883123,3.50000000
1632159118.88881850,3.50000000
1632159118.98883986,3.50000000
1632159119.08882856,3.50000000
1632159119.18880463,3.50000000
1632159119.28883433,3.50000000
1632159119.38881803,3.50000000
1632159119.48882008,3.50000000
1632159119.58885098,3.50000000
1632159119.68883848,3.50000000
1632159119.78882575,3.50000000
1632159119.88880491,3.50000000
1632159119.98884082,3.50000000
1632159120.08880615,3.50000000
1632159120.18883801,3.50000000
1632159120.28883553,3.50000000
1632159120.38882637,3.50000000
1632159120.48883939,3.50000000
1632159120.58881187,3.50000000
1632159120.68880272,3.50000000
1632159120.78883195,3.50000000
1632159120.88882947,3.50000000
1632159120.98883247,3.50000000
1632159121.08882833,3.50000000
1632159121.18883443,3.50000000
1632159121.28883457,3.50000000
1632159121.38883162,3.50000000
1632159121.48883963,3.50000000
1632159121.58883882,3.50000000
1632159121.68880224,3.50000000
1632159121.78880811,3.50000000
1632159121.88887000,3.50000000
1632159121.98882532,3.50000000
1632159122.08883190,3.50000000
1632159122.18882895,3.50000000
1632159122.28886223,3.50000000
1632159122.38884091,3.50000000
1632159122.48882794,3.50000000
1632159122.58883119,3.50000000
1632159122.68882704,3.50000000
1632159122.78884768,3.50000000
1632159122.88880444,3.50000000
1632159122.98880935,3.50000000
1632159123.08881807,3.50000000
1632159123.18883777,3.50000000
1632159123.28880668,3.50000000
1632159123.38883090,3.50000000
1632159123.48880529,3.50000000
1632159123.58886218,3.50000000
1632159123.68881559,3.50000000
1632159123.78883624,3.50000000
1632159123.88883042,3.50000000
1632159123.98883200,3.50000000
1632159124.08880448,3.50000000
1632159124.18880439,3.50000000
1632159124.28882980,3.50000000
1632159124.38883233,3.50000000
1632159124.48881149,3.50000000
1632159124.58883095,3.50000000
1632159124.68880534,3.50000000
1632159124.78880167,3.50000000
1632159124.88879848,3.50000000
1632159124.98880386,3.50000000
1632159125.08884120,3.50000000
1632159125.18882513,3.50000000
1632159125.28882694,3.50000000
1632159125.38884568,3.50000000
1632159125.48880529,3.50000000
1632159125.58883715,3.50000000
1632159125.68881845,3.50000000
1632159125.78880429,3.50000000
1632159125.88880920,3.50000000
1632159125.98883438,3.50000000
1632159126.08885002,3.50000000
1632159126.18880558,3.50000000
1632159126.28880548,3.50000000
1632159126.38883352,3.50000000
1632159126.48889899,3.50000000
1632159126.58884501,3.50000000
1632159126.68884444,3.50000000
1632159126.78885651,3.50000000
1632159126.88883233,3.50000000
1632159126.98881364,3.50000000
1632159127.08883095,3.50000000
1632159127.18883276,3.50000000
1632159127.28880763,3.50000000
1632159127.38880849,3.50000000
1632159127.48881459,3.50000000
1632159127.58883166,3.50000000
1632159127.68880534,3.50000000
1632159127.78881311,3.50000000
1632159127.88883209,3.50000000
1632159127.98882985,3.50000000
1632159128.08881092,3.50000000
1632159128.18880630,3.50000000
1632159128.28886151,3.50000000
1632159128.38885689,3.50000000
1632159128.48881149,3.50000000
1632159128.58882380,3.50000000
1632159128.68882179,2.00000000
1632159128.78883147,2.00000000
1632159128.88880396,2.00000000
1632159128.98883271,2.00000000
1632159129.08883619,2.00000000
1632159129.18880987,2.00000000
1632159129.28886223,2.00000000
1632159129.38883424,2.00000000
1632159129.48882985,2.00000000
1632159129.58882976,2.00000000
1632159129.68882704,2.00000000
1632159129.78883386,2.00000000
1632159129.88884664,2.00000000
1632159129.98883533,2.00000000
1632159130.08884168,2.00000000
1632159130.18881440,2.00000000
1632159130.28883886,2.00000000
1632159130.38880515,2.00000000
1632159130.48895931,2.00000000
1632159130.58883953,2.00000000
1632159130.68883324,2.00000000
1632159130.78883123,2.00000000
1632159130.88880825,2.00000000
1632159130.98880816,2.00000000
1632159131.08881474,2.00000000
1632159131.18880820,2.00000000
1632159131.28881264,2.00000000
1632159131.38883781,2.00000000
1632159131.48883224,2.00000000
1632159131.58880830,2.00000000
1632159131.68881059,2.00000000
1632159131.78881407,2.00000000
1632159131.88881183,2.00000000
1632159131.98880649,2.00000000
1632159132.08880496,2.00000000
1632159132.18880892,2.00000000
1632159132.28880596,2.00000000
1632159132.38882589,2.00000000
1632159132.48884892,2.00000000
1632159132.58884358,2.00000000
1632159132.68884325,2.00000000
1632159132.78885484,2.00000000
1632159132.88884735,2.00000000
1632159132.98884392,2.00000000
1632159133.08885002,2.00000000
1632159133.18888330,2.00000000
1632159133.28888392,2.00000000
1632159133.38884306,2.00000000
1632159133.48884368,2.00000000
1632159133.58886909,2.00000000
1632159133.68884587,2.00000000
1632159133.78884196,2.00000000
1632159133.88884306,2.00000000
1632159133.98885155,2.00000000
1632159134.08884835,2.00000000
1632159134.18885088,2.00000000
1632159134.28881073,2.00000000
1632159134.38884234,2.00000000
1632159134.48885512,2.00000000
1632159134.58881021,2.00000000
1632159134.68885303,2.00000000
1632159134.78884554,2.00000000
1632159134.88884592,2.00000000
1632159134.98884416,2.00000000
1632159135.08890843,2.00000000
1632159135.18881249,2.00000000
1632159135.28880906,2.00000000
1632159135.38880324,2.00000000
1632159135.48883176,2.00000000
1632159135.58885837,2.00000000
1632159135.68880820,2.00000000
1632159135.78880692,2.00000000
1632159135.88880420,2.00000000
1632159135.98880553,2.00000000
1632159136.08890891,2.00000000
1632159136.18885446,2.00000000
1632159136.28882837,2.00000000
1632159136.38882828,2.00000000
1632159136.48885942,2.00000000
1632159136.58882880,2.00000000
1632159136.68880439,2.00000000
1632159136.78880668,2.00000000
1632159136.88883138,2.00000000
1632159136.98883247,2.00000000
1632159137.08881259,2.00000000
1632159137.18885183,2.00000000
1632159137.28883243,2.00000000
1632159137.38880730,2.00000000
1632159137.48883152,2.00000000
1632159137.58883715,2.00000000
1632159137.68882990,2.00000000
1632159137.78883624,2.00000000
1632159137.88881254,2.00000000
1632159137.98880672,2.00000000
1632159138.08880877,2.00000000
1632159138.18881416,2.00000000
1632159138.28886986,2.00000000
1632159138.38885283,2.00000000
1632159138.48883677,2.00000000
1632159138.58883739,2.00000000
1632159138.68882513,2.00000000
1632159138.78882408,2.00000000
1632159138.88883710,2.00000000
1632159138.98883080,2.00000000
1632159139.08883214,2.00000000
1632159139.18880820,2.00000000
1632159139.28882909,2.00000000
1632159139.38883185,2.00000000
1632159139.48882318,2.00000000
1632159139.58882904,2.00000000
1632159139.68880844,2.00000000
1632159139.78883815,3.50000000
1632159139.88881445,3.50000000
1632159139.98880935,3.50000000
1632159140.08880687,3.50000000
1632159140.18880343,3.50000000
1632159140.28881121,3.50000000
1632159140.38883352,3.50000000
1632159140.48881817,3.50000000
1632159140.58881497,3.50000000
1632159140.68884540,3.50000000
1632159140.78883457,3.50000000
1632159140.88886166,3.50000000
1632159140.98880076,3.50000000
1632159141.08885241,3.50000000
1632159141.18883562,3.50000000
1632159141.28880548,3.50000000
1632159141.38883877,3.50000000
1632159141.48880339,3.50000000
1632159141.58883858,3.50000000
1632159141.68881059,3.50000000
1632159141.78883100,3.50000000
1632159141.88881230,3.50000000
1632159141.98881149,3.50000000
1632159142.08887458,3.50000000
1632159142.18881607,3.50000000
1632159142.28884315,3.50000000
1632159142.38881540,3.50000000
1632159142.48883390,3.50000000
1632159142.58885360,3.50000000
1632159142.68883252,3.50000000
1632159142.78883386,3.50000000
1632159142.88883162,3.50000000
1632159142.98882675,3.50000000
1632159143.08883262,3.50000000
1632159143.18881798,3.50000000
1632159143.28883362,3.50000000
1632159143.38882518,3.50000000
1632159143.48881984,3.50000000
1632159143.58882499,3.50000000
1632159143.68880248,3.50000000
1632159143.78883934,3.50000000
1632159143.88881803,3.50000000
1632159143.98884296,3.50000000
1632159144.08880806,3.50000000
1632159144.18884087,3.50000000
1632159144.28886986,3.50000000
1632159144.38882351,3.50000000
1632159144.48883772,3.50000000
1632159144.58886147,3.50000000
1632159144.68882251,3.50000000
1632159144.78880501,3.50000000
1632159144.88885236,3.50000000
1632159144.98883581,3.50000000
1632159145.08883190,3.50000000
1632159145.18880606,3.50000000
1632159145.28883410,3.50000000
1632159145.38880920,3.50000000
1632159145.48884749,3.50000000
1632159145.58880734,3.50000000
1632159145.68883419,3.50000000
1632159145.78880596,3.50000000
1632159145.88881087,3.50000000
1632159145.98883891,3.50000000
1632159146.08883262,3.50000000
1632159146.18883681,3.50000000
1632159146.28884363,3.50000000
1632159146.38880873,3.50000000
1632159146.48881006,3.50000000
1632159146.58883619,3.50000000
1632159146.68880320,3.50000000
1632159146.78880501,3.50000000
1632159146.88881588,3.50000000
1632159146.98881364,3.50000000
1632159147.08881283,3.50000000
1632159147.18887424,2.00000000
1632159147.28880763,2.00000000
1632159147.38885117,2.00000000
1632159147.48883319,2.00000000
1632159147.58883429,2.00000000
1632159147.68884110,2.00000000
1632159147.78883123,2.00000000
1632159147.88885784,2.00000000
1632159147.98885179,2.00000000
1632159148.08880711,2.00000000
1632159148.18883491,2.00000000
1632159148.28884006,2.00000000
1632159148.38883829,2.00000000
1632159148.48884702,2.00000000
1632159148.58883381,2.00000000
1632159148.68884873,2.00000000
1632159148.78880835,2.00000000
1632159148.88880682,2.00000000
1632159148.98882985,2.00000000
1632159149.08883691,2.00000000
1632159149.18880773,2.00000000
1632159149.28880310,2.00000000
1632159149.38882875,2.00000000
1632159149.48883057,2.00000000
1632159149.58881235,2.00000000
1632159149.68882990,2.00000000
1632159149.78884482,2.00000000
1632159149.88882160,2.00000000
1632159149.98883414,2.00000000
1632159150.08883238,2.00000000
1632159150.18883324,2.00000000
1632159150.28883028,2.00000000
1632159150.38882470,2.00000000
1632159150.48883438,2.00000000
1632159150.58884859,2.00000000
1632159150.68881202,2.00000000
1632159150.78883004,2.00000000
1632159150.88880754,2.00000000
1632159150.98880720,2.00000000
1632159151.08883119,2.00000000
1632159151.18882132,2.00000000
1632159151.28883815,2.00000000
1632159151.38883686,2.00000000
1632159151.48886847,2.00000000
1632159151.58883572,2.00000000
1632159151.68884850,2.00000000
1632159151.78885174,2.00000000
1632159151.88884974,2.00000000
1632159151.98881793,2.00000000
1632159152.08880734,2.00000000
1632159152.18882132,2.00000000
1632159152.28880739,2.00000000
1632159152.38883853,2.00000000
1632159152.48881650,2.00000000
1632159152.58883643,2.00000000
1632159152.68883324,2.00000000
1632159152.78884172,2.00000000
1632159152.88881660,2.00000000
1632159152.98884201,2.00000000
1632159153.08882451,2.00000000
1632159153.18883634,2.00000000
1632159153.28882623,2.00000000
1632159153.38880563,2.00000000
1632159153.48883462,2.00000000
1632159153.58880615,2.00000000
1632159153.68884969,2.00000000
1632159153.78884482,2.00000000
1632159153.88883877,2.00000000
1632159153.98880982,2.00000000
1632159154.08885074,2.00000000
1632159154.18880367,2.00000000
1632159154.28881693,2.00000000
1632159154.38882780,2.00000000
1632159154.48880816,2.00000000
1632159154.58888888,2.00000000
1632159154.68881249,2.00000000
1632159154.78883052,2.00000000
1632159154.88880610,2.00000000
1632159154.98883581,2.00000000
1632159155.08883023,2.00000000
1632159155.18880606,2.00000000
1632159155.28884530,2.00000000
1632159155.38883591,2.00000000
1632159155.48880720,2.00000000
1632159155.58884358,2.00000000
1632159155.68883610,2.00000000
1632159155.78886962,2.00000000
1632159155.88882041,2.00000000
1632159155.98881149,2.00000000
1632159156.08880734,2.00000000
1632159156.18883085,2.00000000
1632159156.28885293,2.00000000
1632159156.38883352,2.00000000
1632159156.48880291,2.00000000
1632159156.58885813,2.00000000
1632159156.68883204,2.00000000
1632159156.78885365,2.00000000
1632159156.88884568,2.00000000
1632159156.98881292,2.00000000
1632159157.08882737,2.00000000
1632159157.18883729,2.00000000
1632159157.28884101,2.00000000
1632159157.38880801,2.00000000
1632159157.48880410,2.00000000
1632159157.58883810,2.00000000
1632159157.68883657,2.00000000
1632159157.78884912,2.00000000
1632159157.88889074,2.00000000
1632159157.98880959,2.00000000
1632159158.08883262,2.00000000
1632159158.18880630,2.00000000
1632159158.28880620,2.00000000
1632159158.38885927,2.00000000
1632159158.48884773,2.00000000
1632159158.58888078,2.00000000
1632159158.68884897,2.00000000
1632159158.78884697,2.00000000
1632159158.88884139,2.00000000
1632159158.98888421,2.00000000
1632159159.08883905,2.00000000
1632159159.18883753,2.00000000
1632159159.28884482,2.00000000
1632159159.38884115,2.00000000
1632159159.48884082,2.00000000
1632159159.58883190,2.00000000
1632159159.68884087,2.00000000
1632159159.78883433,2.00000000
1632159159.88882828,2.00000000
1632159159.98880625,2.00000000
1632159160.08884215,2.00000000
1632159160.18882132,2.00000000
1632159160.28882360,2.00000000
1632159160.38884091,2.00000000
1632159160.48881936,2.00000000
1632159160.58884811,2.00000000
1632159160.68883896,2.00000000
1632159160.78881145,2.00000000
1632159160.88880944,2.00000000
1632159160.98885942,3.50000000
1632159161.08880901,3.50000000
1632159161.18883562,3.50000000
1632159161.28884268,3.50000000
1632159161.38883018,3.50000000
1632159161.48883796,3.50000000
1632159161.58883095,3.50000000
1632159161.68882704,3.50000000
1632159161.78880072,3.50000000
1632159161.88882351,3.50000000
1632159161.98883605,3.50000000
1632159162.08883858,3.50000000
1632159162.18881607,3.50000000
1632159162.28881073,3.50000000
1632159162.38880539,3.50000000
1632159162.48882389,3.50000000
1632159162.58887482,3.50000000
1632159162.68883491,3.50000000
1632159162.78883982,3.50000000
1632159162.88885498,3.50000000
1632159162.98883820,3.50000000
1632159163.08882904,3.50000000
1632159163.18882918,3.50000000
1632159163.28883195,3.50000000
1632159163.38880849,3.50000000
1632159163.48882103,3.50000000
1632159163.58884668,3.50000000
1632159163.68884110,3.50000000
1632159163.78882861,3.50000000
1632159163.88881397,3.50000000
1632159163.98884225,3.50000000
1632159164.08885455,3.50000000
1632159164.18883252,3.50000000
1632159164.28886604,3.50000000
1632159164.38880181,3.50000000
1632159164.48882866,3.50000000
1632159164.58882594,3.50000000
1632159164.68882847,3.50000000
1632159164.78883219,3.50000000
1632159164.88881993,3.50000000
1632159164.98883510,3.50000000
1632159165.08882618,3.50000000
1632159165.18882775,3.50000000
1632159165.28884411,3.50000000
1632159165.38881063,3.50000000
1632159165.48882580,3.50000000
1632159165.58884048,3.50000000
1632159165.68883228,3.50000000
1632159165.78885722,3.50000000
1632159165.88883305,3.50000000
1632159165.98880553,3.50000000
1632159166.08880734,3.50000000
1632159166.18883657,3.50000000
1632159166.28883004,3.50000000
1632159166.38880610,3.50000000
1632159166.48882723,3.50000000
1632159166.58884406,3.50000000
1632159166.68880415,3.50000000
1632159166.78880525,3.50000000
1632159166.88880897,3.50000000
1632159166.98881388,3.50000000
1632159167.08880472,3.50000000
1632159167.18883252,3.50000000
1632159167.28883624,3.50000000
1632159167.38884282,3.50000000
1632159167.48882771,3.50000000
1632159167.58886385,3.50000000
1632159167.68880463,3.50000000
1632159167.78882146,3.50000000
1632159167.88882875,3.50000000
1632159167.98883080,3.50000000
1632159168.08880806,3.50000000
1632159168.18883538,3.50000000
1632159168.28882957,3.50000000
1632159168.38880968,3.50000000
1632159168.48880887,3.50000000
1632159168.58880997,3.50000000
1632159168.68882942,3.50000000
1632159168.78882957,3.50000000
1632159168.88883281,3.50000000
1632159168.98883390,3.50000000
1632159169.08882332,3.50000000
1632159169.18882847,3.50000000
1632159169.28883362,3.50000000
1632159169.38883448,3.50000000
1632159169.48883128,3.50000000
1632159169.58882952,3.50000000
1632159169.68883181,3.50000000
1632159169.78883338,3.50000000
1632159169.88882923,3.50000000
1632159169.98881674,3.50000000
1632159170.08883953,3.50000000
1632159170.18883324,3.50000000
1632159170.28883743,3.50000000
1632159170.38882828,3.50000000
1632159170.48883510,3.50000000
1632159170.58883309,3.50000000
1632159170.68882990,3.50000000
1632159170.78883982,3.50000000
1632159170.88882089,3.50000000
1632159170.98880744,3.50000000
1632159171.08880782,3.50000000
1632159171.18882728,3.50000000
1632159171.28882694,3.50000000
1632159171.38880730,3.50000000
1632159171.48884487,3.50000000
1632159171.58884668,3.50000000
1632159171.68884420,3.50000000
1632159171.78884578,3.50000000
1632159171.88885593,3.50000000
1632159171.98884773,3.50000000
1632159172.08884382,3.50000000
1632159172.18884492,3.50000000
1632159172.28883672,3.50000000
1632159172.38883734,3.50000000
1632159172.48883533,3.50000000
1632159172.58885217,3.50000000
1632159172.68884397,3.50000000
1632159172.78885746,3.50000000
1632159172.88888335,3.50000000
1632159172.98883986,3.50000000
1632159173.08885455,3.50000000
1632159173.18881178,3.50000000
1632159173.28882098,3.50000000
1632159173.38884473,3.50000000
1632159173.48884487,3.50000000
1632159173.58883977,3.50000000
1632159173.68884134,3.50000000
1632159173.78883052,3.50000000
1632159173.88882327,3.50000000
1632159173.98885036,3.50000000
1632159174.08886623,3.50000000
1632159174.18883705,3.50000000
1632159174.28883958,3.50000000
1632159174.38885140,3.50000000
1632159174.48883820,3.50000000
1632159174.58883095,3.50000000
1632159174.68884659,3.50000000
1632159174.78883886,3.50000000
1632159174.88881111,3.50000000
1632159174.98883224,3.50000000
1632159175.08883309,3.50000000
1632159175.18881941,3.50000000
1632159175.28881478,3.50000000
1632159175.38883066,3.50000000
1632159175.48883533,3.50000000
1632159175.58883095,3.50000000
1632159175.68880796,3.50000000
1632159175.78881168,3.50000000
1632159175.88882017,3.50000000
1632159175.98884487,3.50000000
1632159176.08884907,3.50000000
1632159176.18883634,3.50000000
1632159176.28884149,3.50000000
1632159176.38883638,3.50000000
1632159176.48884845,3.50000000
1632159176.58884144,3.50000000
1632159176.68883300,3.50000000
1632159176.78884077,3.50000000
1632159176.88881874,3.50000000
1632159176.98880458,3.50000000
1632159177.08880758,3.50000000
1632159177.18883657,3.50000000
1632159177.28882909,3.50000000
1632159177.38883138,3.50000000
1632159177.48882580,3.50000000
1632159177.58883286,3.50000000
1632159177.68882966,3.50000000
1632159177.78883314,3.50000000
1632159177.88882065,3.50000000
1632159177.98882985,3.50000000
1632159178.08884048,3.50000000
1632159178.18883395,3.50000000
1632159178.28881931,3.50000000
1632159178.38883972,3.50000000
1632159178.48881721,3.50000000
1632159178.58883595,3.50000000
1632159178.68885541,3.50000000
1632159178.78884983,3.50000000
1632159178.88881636,3.50000000
1632159178.98881102,3.50000000
1632159179.08880639,3.50000000
1632159179.18883514,3.50000000
1632159179.28883100,3.50000000
1632159179.38883066,3.50000000
1632159179.48880863,3.50000000
1632159179.58880734,3.50000000
1632159179.68883491,3.50000000
1632159179.78884149,3.50000000
1632159179.88882113,3.50000000
1632159179.98884034,3.50000000
1632159180.08884954,3.50000000
1632159180.18880510,3.50000000
1632159180.28883004,3.50000000
1632159180.38882661,3.50000000
1632159180.48883462,3.50000000
1632159180.58882833,3.50000000
1632159180.68883204,3.50000000
1632159180.78883171,3.50000000
1632159180.88881063,3.50000000
1632159180.98883367,3.50000000
1632159181.08880115,3.50000000
1632159181.18882847,3.50000000
1632159181.28881526,3.50000000
1632159181.38881779,3.50000000
1632159181.48883724,3.50000000
1632159181.58883500,3.50000000
1632159181.68883729,3.50000000
1632159181.78884363,3.50000000
1632159181.88880706,3.50000000
1632159181.98880386,3.50000000
1632159182.08883190,3.50000000
1632159182.18883014,3.50000000
1632159182.28883481,3.50000000
1632159182.38880563,3.50000000
1632159182.48882532,3.50000000
1632159182.58880925,3.50000000
1632159182.68883610,3.50000000
1632159182.78883076,3.50000000
1632159182.88883591,3.50000000
1632159182.98880792,3.50000000
1632159183.08883762,3.50000000
1632159183.18882561,3.50000000
1632159183.28880429,3.50000000
1632159183.38883853,3.50000000
1632159183.48881006,3.50000000
1632159183.58880353,3.50000000
1632159183.68883085,3.50000000
1632159183.78883338,3.50000000
1632159183.88880301,3.50000000
1632159183.98882747,3.50000000
1632159184.08882952,3.50000000
1632159184.18880534,3.50000000
1632159184.28880358,3.50000000
1632159184.38883901,3.50000000
1632159184.48880529,3.50000000
1632159184.58882856,3.50000000
1632159184.68880200,3.50000000
1632159184.78883576,3.50000000
1632159184.88883376,3.50000000
1632159184.98880339,3.50000000
1632159185.08882570,3.50000000
1632159185.18888187,3.50000000
1632159185.28883910,3.50000000
1632159185.38880467,3.50000000
1632159185.48883820,3.50000000
1632159185.58880448,3.50000000
1632159185.68880725,3.50000000
1632159185.78884745,3.50000000
1632159185.88885379,3.50000000
1632159185.98880482,3.50000000
1632159186.08883214,3.50000000
1632159186.18884206,3.50000000
1632159186.28883410,3.50000000
1632159186.38880610,3.50000000
1632159186.48880148,3.50000000
1632159186.58881450,3.50000000
1632159186.68881083,3.50000000
1632159186.78883028,3.50000000
1632159186.88884401,3.50000000
1632159186.98885536,3.50000000
1632159187.08882308,3.50000000
1632159187.18882442,3.50000000
1632159187.28881669,3.50000000
1632159187.38881469,3.50000000
1632159187.48884058,3.50000000
1632159187.58885717,3.50000000
1632159187.68884826,3.50000000
1632159187.78882289,3.50000000
1632159187.88882947,3.50000000
1632159187.98884106,3.50000000
1632159188.08885360,3.50000000
1632159188.18882537,3.50000000
1632159188.28882456,3.50000000
1632159188.38883257,3.50000000
1632159188.48880100,3.50000000
1632159188.58879995,3.50000000
1632159188.68924785,3.50000000
1632159188.78881073,3.50000000
1632159188.88885474,3.50000000
1632159188.98915195,3.50000000
1632159189.08918595,3.50000000
1632159189.18909168,3.50000000
1632159189.28912067,3.50000000
1632159189.38914418,3.50000000
1632159189.48906374,3.50000000
1632159189.58908057,3.50000000
1632159189.68903828,3.50000000
1632159189.78903341,3.50000000
1632159189.88920665,3.50000000
1632159189.98883891,3.50000000
1632159190.08906460,3.50000000
1632159190.18915582,3.50000000
1632159190.28915501,3.50000000
1632159190.38911033,3.50000000
1632159190.48903346,3.50000000
1632159190.58880544,3.50000000
1632159190.68897462,3.50000000
1632159190.78909659,3.50000000
1632159190.88903832,3.50000000
1632159190.98888588,3.50000000
1632159191.08882523,3.50000000
1632159191.18890500,3.50000000
1632159191.28916979,3.50000000
1632159191.38917279,3.50000000
1632159191.48911428,3.50000000
1632159191.58912301,3.50000000
1632159191.68907380,3.50000000
1632159191.78912854,3.50000000
1632159191.88905239,3.50000000
1632159191.98891997,3.50000000
1632159192.08914399,3.50000000
1632159192.18914104,3.50000000
1632159192.28915906,3.50000000
1632159192.38915300,3.50000000
1632159192.48917985,3.50000000
1632159192.58906698,3.50000000
1632159192.68907809,3.50000000
1632159192.78905320,3.50000000
1632159192.88905931,3.50000000
1632159192.98909712,3.50000000
1632159193.08910370,3.50000000
1632159193.18908858,3.50000000
1632159193.28904772,3.50000000
1632159193.38904619,3.50000000
1632159193.48909402,3.50000000
1632159193.58908629,3.50000000
1632159193.68916011,3.50000000
1632159193.78920197,3.50000000
1632159193.88917303,3.50000000
1632159193.98906446,3.50000000
1632159194.08903503,3.50000000
1632159194.18915510,3.50000000
1632159194.28881931,3.50000000
1632159194.38921762,3.50000000
1632159194.48920178,3.50000000
1632159194.58916092,3.50000000
1632159194.68905950,3.50000000
1632159194.78881860,3.50000000
1632159194.88910222,3.50000000
1632159194.98888445,3.50000000
1632159195.08915281,3.50000000
1632159195.18913031,3.50000000
1632159195.28920531,3.50000000
1632159195.38916731,3.50000000
1632159195.48914433,3.50000000
1632159195.58918953,3.50000000
1632159195.68906140,3.50000000
1632159195.78911519,3.50000000
1632159195.88914657,3.50000000
1632159195.98921967,3.50000000
1632159196.08907771,3.50000000
1632159196.18903637,3.50000000
1632159196.28904843,3.50000000
1632159196.38920379,3.50000000
1632159196.48921871,3.50000000
1632159196.58906388,3.50000000
1632159196.68905830,3.50000000
1632159196.78911543,3.50000000
1632159196.88903999,3.50000000
1632159196.98907733,3.50000000
1632159197.08905125,3.50000000
1632159197.18905783,3.50000000
1632159197.28914452,3.50000000
1632159197.38907218,3.50000000
1632159197.48904514,3.50000000
1632159197.58914924,3.50000000
1632159197.68906498,3.50000000
1632159197.78905177,3.50000000
1632159197.88913584,3.50000000
1632159197.98911357,3.50000000
1632159198.08916116,3.50000000
1632159198.18917441,3.50000000
1632159198.28919721,3.50000000
1632159198.38912106,3.50000000
1632159198.48917675,3.50000000
1632159198.58925867,3.50000000
1632159198.68910718,3.50000000
1632159198.78907824,3.50000000
1632159198.88903713,3.50000000
1632159198.98912191,3.50000000
1632159199.08911109,3.50000000
1632159199.18911290,3.50000000
1632159199.28921294,3.50000000
1632159199.38912654,3.50000000
1632159199.48915935,3.50000000
1632159199.58909512,3.50000000
1632159199.68911386,3.50000000
1632159199.78919125,3.50000000
1632159199.88911653,3.50000000
1632159199.98914695,3.50000000
1632159200.08913493,3.50000000
1632159200.18907881,3.50000000
1632159200.28919625,3.50000000
1632159200.38906264,3.50000000
1632159200.48911357,3.50000000
1632159200.58925390,3.50000000
1632159200.68946028,3.50000000
1632159200.78913975,3.50000000
1632159200.88922310,3.50000000
1632159200.98922992,3.50000000
1632159201.08891129,3.50000000
1632159201.18921399,3.50000000
1632159201.28908491,3.50000000
1632159201.38914323,3.50000000
1632159201.48911905,3.50000000
1632159201.58926678,3.50000000
1632159201.68914104,3.50000000
1632159201.78912330,3.50000000
1632159201.88923955,3.50000000
1632159201.98901987,3.50000000
1632159202.08926606,3.50000000
1632159202.18918514,3.50000000
1632159202.28909969,3.50000000
1632159202.38903046,3.50000000
1632159202.48911786,3.50000000
1632159202.58922434,3.50000000
1632159202.68918324,3.50000000
1632159202.78919125,3.50000000
1632159202.88918996,3.50000000
1632159202.98910260,3.50000000
1632159203.08912635,3.50000000
1632159203.18905401,3.50000000
1632159203.28908205,3.50000000
1632159203.38906622,3.50000000
1632159203.48914742,3.50000000
1632159203.58918810,3.50000000
1632159203.68918729,3.50000000
1632159203.78920531,3.50000000
1632159203.88919616,3.50000000
1632159203.98919368,3.50000000
1632159204.08915758,3.50000000
1632159204.18907046,3.50000000
1632159204.28907013,3.50000000
1632159204.38920856,3.50000000
1632159204.48912621,3.50000000
1632159204.58923030,3.50000000
1632159204.68908858,3.50000000
1632159204.78924203,3.50000000
1632159204.88903236,3.50000000
1632159204.98908520,3.50000000
1632159205.08921003,3.50000000
1632159205.18902421,3.50000000
1632159205.28904533,3.50000000
1632159205.38905215,3.50000000
1632159205.48906016,3.50000000
1632159205.58916521,3.50000000
1632159205.68911743,3.50000000
1632159205.78918624,3.50000000
1632159205.88909149,3.50000000
1632159205.98906541,3.50000000
1632159206.08903718,3.50000000
1632159206.18918204,3.50000000
1632159206.28905344,3.50000000
1632159206.38905597,3.50000000
1632159206.48911071,3.50000000
1632159206.58908176,3.50000000
1632159206.68909883,3.50000000
1632159206.78922129,3.50000000
1632159206.88918400,3.50000000
1632159206.98906612,3.50000000
1632159207.08905005,3.50000000
1632159207.18916225,3.50000000
1632159207.28923607,3.50000000
1632159207.38903594,3.50000000
1632159207.48906302,3.50000000
1632159207.58919978,3.50000000
1632159207.68912864,3.50000000
1632159207.78904200,3.50000000
1632159207.88904381,3.50000000
1632159207.98908329,3.50000000
1632159208.08918929,3.50000000
1632159208.18921781,3.50000000
1632159208.28911281,3.50000000
1632159208.38903379,3.50000000
1632159208.48906302,3.50000000
1632159208.58907700,3.50000000
1632159208.68916416,3.50000000
1632159208.78914046,3.50000000
1632159208.88909793,3.50000000
1632159208.98910022,3.50000000
1632159209.08919072,3.50000000
1632159209.18907976,3.50000000
1632159209.28906488,3.50000000
1632159209.38918924,3.50000000
1632159209.48921490,3.50000000
1632159209.58920789,3.50000000
1632159209.68905640,3.50000000
1632159209.78904366,3.50000000
1632159209.88905573,3.50000000
1632159209.98906851,3.50000000
1632159210.08910012,3.50000000
1632159210.18909192,3.50000000
1632159210.28905654,3.50000000
1632159210.38911271,3.50000000
1632159210.48918295,3.50000000
1632159210.58914542,3.50000000
1632159210.68908119,3.50000000
1632159210.78912997,3.50000000
1632159210.88911700,3.50000000
1632159210.98919439,3.50000000
1632159211.08913112,3.50000000
1632159211.18920207,3.50000000
1632159211.28905606,3.50000000
1632159211.38905430,3.50000000
1632159211.48906088,3.50000000
1632159211.58907294,3.50000000
1632159211.68915224,3.50000000
1632159211.78915834,3.50000000
1632159211.88915324,3.50000000
1632159211.98902321,3.50000000
1632159212.08921623,3.50000000
1632159212.18910360,3.50000000
1632159212.28910136,3.50000000
1632159212.38909364,3.50000000
1632159212.48910069,3.50000000
1632159212.58913517,3.50000000
1632159212.68915558,3.50000000
1632159212.78917313,3.50000000
1632159212.88905954,3.50000000
1632159212.98906541,3.50000000
1632159213.08907652,3.50000000
1632159213.18911791,3.50000000
1632159213.28919458,3.50000000
1632159213.38910365,3.50000000
1632159213.48883390,3.50000000
1632159213.58920431,3.50000000
1632159213.68899703,3.50000000
1632159213.78913975,3.50000000
1632159213.88913345,3.50000000
1632159213.98918796,3.50000000
1632159214.08905077,3.50000000
1632159214.18903637,3.50000000
1632159214.28902864,3.50000000
1632159214.38907123,3.50000000
1632159214.48920512,3.50000000
1632159214.58890414,3.50000000
1632159214.68902659,3.50000000
1632159214.78919387,3.50000000
1632159214.88922715,3.50000000
1632159214.98908424,3.50000000
1632159215.08914328,3.50000000
1632159215.18918109,3.50000000
1632159215.28919458,3.50000000
1632159215.38905287,3.50000000
1632159215.48918486,3.50000000
1632159215.58924389,3.50000000
1632159215.68908095,3.50000000
1632159215.78911400,3.50000000
1632159215.88920450,3.50000000
1632159215.98914385,3.50000000
1632159216.08914852,3.50000000
1632159216.18918109,3.50000000
1632159216.28917718,3.50000000
1632159216.38907862,3.50000000
1632159216.48907351,3.50000000
1632159216.58885717,3.50000000
1632159216.68907809,3.50000000
1632159216.78912997,3.50000000
1632159216.88914776,3.50000000
1632159216.98919249,3.50000000
1632159217.08910775,3.50000000
1632159217.18908358,3.50000000
1632159217.28911233,3.50000000
1632159217.38909364,3.50000000
1632159217.48909616,3.50000000
1632159217.58908296,3.50000000
1632159217.68912554,3.50000000
1632159217.78915238,3.50000000
1632159217.88919258,3.50000000
1632159217.98916698,3.50000000
1632159218.08921242,3.50000000
1632159218.18907547,3.50000000
1632159218.28923965,3.50000000
1632159218.38922358,3.50000000
1632159218.48918581,3.50000000
1632159218.58915281,3.50000000
1632159218.68917084,3.50000000
1632159218.78918910,3.50000000
1632159218.88918328,3.50000000
1632159218.98913598,3.50000000
1632159219.08907318,3.50000000
1632159219.18912125,3.50000000
1632159219.28915262,3.50000000
1632159219.38912296,3.50000000
1632159219.48911166,3.50000000
1632159219.58907700,3.50000000
1632159219.68916559,3.50000000
1632159219.78911686,3.50000000
1632159219.88913274,3.50000000
1632159219.98917174,3.50000000
1632159220.08914042,3.50000000
1632159220.18908620,3.50000000
1632159220.28902531,3.50000000
1632159220.38910103,3.50000000
1632159220.48907423,3.50000000
1632159220.58917165,3.50000000
1632159220.68941617,3.50000000
1632159220.78908825,3.50000000
1632159220.88907838,3.50000000
1632159220.98903370,3.50000000
1632159221.08921218,3.50000000
1632159221.18915629,3.50000000
1632159221.28913403,3.50000000
1632159221.38915825,3.50000000
1632159221.48917222,3.50000000
1632159221.58904839,3.50000000
1632159221.68909836,3.50000000
1632159221.78913188,3.50000000
1632159221.88909483,3.50000000
1632159221.98900056,3.50000000
1632159222.08920693,3.50000000
1632159222.18915153,3.50000000
1632159222.28912115,3.50000000
1632159222.38918185,3.50000000
1632159222.48916960,3.50000000
1632159222.58906651,3.50000000
1632159222.68919802,3.50000000
1632159222.78917861,3.50000000
1632159222.88906741,3.50000000
1632159222.98914599,3.50000000
1632159223.08916140,3.50000000
1632159223.18910241,3.50000000
1632159223.28914618,3.50000000
1632159223.38890171,3.50000000
1632159223.48917675,3.50000000
1632159223.58916283,3.50000000
1632159223.68924212,3.50000000
1632159223.78912759,3.50000000
1632159223.88910198,3.50000000
1632159223.98914337,3.50000000
1632159224.08907390,3.50000000
1632159224.18908238,3.50000000
1632159224.28906870,3.50000000
1632159224.38918948,3.50000000
1632159224.48916698,3.50000000
1632159224.58889532,3.50000000
1632159224.68911815,3.50000000
1632159224.78918505,3.50000000
1632159224.88922811,3.50000000
1632159224.98918700,3.50000000
1632159225.08919573,3.50000000
1632159225.18885517,3.50000000
1632159225.28907824,3.50000000
1632159225.38919330,3.50000000
1632159225.48929691,3.50000000
1632159225.58910465,3.50000000
1632159225.68920541,3.50000000
1632159225.78923845,2.00000000
1632159225.88903832,2.00000000
1632159225.98922658,2.00000000
1632159226.08888936,2.00000000
1632159226.18910027,2.00000000
1632159226.28913093,2.00000000
1632159226.38883829,2.00000000
1632159226.48884344,2.00000000
1632159226.58880687,2.00000000
1632159226.68888855,2.00000000
1632159226.78927445,2.00000000
1632159226.88895106,2.00000000
1632159226.98910356,2.00000000
1632159227.08918214,2.00000000
1632159227.18899298,2.00000000
1632159227.28922963,2.00000000
1632159227.38920283,2.00000000
1632159227.48912239,2.00000000
1632159227.58913970,2.00000000
1632159227.68913150,2.00000000
1632159227.78917384,2.00000000
1632159227.88948870,2.00000000
1632159227.98923230,2.00000000
1632159228.08911753,2.00000000
1632159228.18926978,2.00000000
1632159228.28921843,2.00000000
1632159228.38923407,2.00000000
1632159228.48907709,2.00000000
1632159228.58920288,2.00000000
1632159228.68924832,2.00000000
1632159228.78912616,2.00000000
1632159228.88918877,2.00000000
1632159228.98916554,2.00000000
1632159229.08913469,2.00000000
1632159229.18910217,2.00000000
1632159229.28920698,2.00000000
1632159229.38910770,2.00000000
1632159229.48916888,2.00000000
1632159229.58926225,2.00000000
1632159229.68897462,2.00000000
1632159229.78939915,2.00000000
1632159229.88907337,2.00000000
1632159229.98916459,2.00000000
1632159230.08919048,2.00000000
1632159230.18925047,2.00000000
1632159230.28908229,2.00000000
1632159230.38915277,2.00000000
1632159230.48909020,2.00000000
1632159230.58921671,2.00000000
1632159230.68917656,2.00000000
1632159230.78927135,2.00000000
1632159230.88921833,2.00000000
1632159230.98914647,2.00000000
1632159231.08903170,2.00000000
1632159231.18909740,2.00000000
1632159231.28907418,2.00000000
1632159231.38915133,2.00000000
1632159231.48918271,2.00000000
1632159231.58886719,2.00000000
1632159231.68915176,2.00000000
1632159231.78912950,2.00000000
1632159231.88896322,2.00000000
1632159231.98924470,2.00000000
1632159232.08919144,2.00000000
1632159232.18903470,2.00000000
1632159232.28919697,2.00000000
1632159232.38926983,2.00000000
1632159232.48918915,2.00000000
1632159232.58910608,2.00000000
1632159232.68922806,2.00000000
1632159232.78882360,2.00000000
1632159232.88908601,2.00000000
1632159232.98899341,2.00000000
1632159233.08910942,2.00000000
1632159233.18923783,2.00000000
1632159233.28907418,2.00000000
1632159233.38920212,2.00000000
1632159233.48921037,2.00000000
1632159233.58908558,2.00000000
1632159233.68920088,2.00000000
1632159233.78910494,2.00000000
1632159233.88909483,2.00000000
1632159233.98910737,2.00000000
1632159234.08921552,2.00000000
1632159234.18920112,2.00000000
1632159234.28917527,2.00000000
1632159234.38910651,2.00000000
1632159234.48925233,2.00000000
1632159234.58922672,2.00000000
1632159234.68929005,2.00000000
1632159234.78924799,2.00000000
1632159234.88922429,2.00000000
1632159234.98919821,2.00000000
1632159235.08912206,2.00000000
1632159235.18918967,2.00000000
1632159235.28904939,2.00000000
1632159235.38909578,2.00000000
1632159235.48917866,2.00000000
1632159235.58915544,2.00000000
1632159235.68920422,2.00000000
1632159235.78920150,2.00000000
1632159235.88911247,2.00000000
1632159235.98905563,2.00000000
1632159236.08910370,2.00000000
1632159236.18905091,2.00000000
1632159236.28908110,2.00000000
1632159236.38920665,2.00000000
1632159236.48919749,2.00000000
1632159236.58917093,2.00000000
1632159236.68906856,2.00000000
1632159236.78910446,2.00000000
1632159236.88912058,2.00000000
1632159236.98912525,2.00000000
1632159237.08912373,2.00000000
1632159237.18916845,2.00000000
1632159237.28913069,2.00000000
1632159237.38906026,2.00000000
1632159237.48911357,2.00000000
1632159237.58911347,2.00000000
1632159237.68905377,2.00000000
1632159237.78910613,2.00000000
1632159237.88917732,2.00000000
1632159237.98923707,1.50000000
1632159238.08920956,1.50000000
1632159238.18912268,1.50000000
1632159238.28885269,1.50000000
1632159238.38886809,1.50000000
1632159238.48923254,1.50000000
1632159238.58922791,1.50000000
1632159238.68907309,1.50000000
1632159238.78888440,1.50000000
1632159238.88920259,1.50000000
1632159238.98918033,1.50000000
1632159239.08917594,1.50000000
1632159239.18912244,1.50000000
1632159239.28918982,1.50000000
1632159239.38918400,1.50000000
1632159239.48934937,1.50000000
1632159239.58909726,1.50000000
1632159239.68906832,1.50000000
1632159239.78924918,1.50000000
1632159239.88925433,1.50000000
1632159239.98912644,1.50000000
1632159240.08911085,1.50000000
1632159240.18918252,1.50000000
1632159240.28912234,1.50000000
1632159240.38921690,1.50000000
1632159240.48923182,1.50000000
1632159240.58918118,1.50000000
1632159240.68913889,3.50000000
1632159240.78916788,3.50000000
1632159240.88921142,3.50000000
1632159240.98914027,3.50000000
1632159241.08916998,3.50000000
1632159241.18921328,3.50000000
1632159241.28919673,3.50000000
1632159241.38919425,3.50000000
1632159241.48920774,3.50000000
1632159241.58904076,3.50000000
1632159241.68916178,3.50000000
1632159241.78913188,3.50000000
1632159241.88911796,3.50000000
1632159241.98886633,3.50000000
1632159242.08924556,3.50000000
1632159242.18907166,3.50000000
1632159242.28909278,3.50000000
1632159242.38909245,3.50000000
1632159242.48922014,3.50000000
1632159242.58912301,3.50000000
1632159242.68914342,3.50000000
1632159242.78930640,3.50000000
1632159242.88923860,3.50000000
1632159242.98909974,3.50000000
1632159243.08921456,3.50000000
1632159243.18907833,3.50000000
1632159243.28923726,3.50000000
1632159243.38889050,3.50000000
1632159243.48907900,3.50000000
1632159243.58914518,3.50000000
1632159243.68918180,3.50000000
1632159243.78902173,3.50000000
1632159243.88930106,3.50000000
1632159243.98915029,3.50000000
1632159244.08910084,3.50000000
1632159244.18915749,3.50000000
1632159244.28915095,3.50000000
1632159244.38922715,3.50000000
1632159244.48917699,3.50000000
1632159244.58919048,3.50000000
1632159244.68904781,3.50000000
1632159244.78917456,3.50000000
1632159244.88912940,3.50000000
1632159244.98918104,3.50000000
1632159245.08917880,3.50000000
1632159245.18912363,3.50000000
1632159245.28919697,3.50000000
1632159245.38905406,3.50000000
1632159245.48918867,3.50000000
1632159245.58913803,3.50000000
1632159245.68914652,3.50000000
1632159245.78909564,3.50000000
1632159245.88908625,3.50000000
1632159245.98916149,3.50000000
1632159246.08906484,3.50000000
1632159246.18915319,3.50000000
1632159246.28906536,3.50000000
1632159246.38922548,3.50000000
1632159246.48885274,3.50000000
1632159246.58904266,3.50000000
1632159246.68915939,3.50000000
1632159246.78906560,3.50000000
1632159246.88919377,3.50000000
1632159246.98907995,3.50000000
1632159247.08927274,3.50000000
1632159247.18915963,3.50000000
1632159247.28910971,3.50000000
1632159247.38926148,3.50000000
1632159247.48911262,3.50000000
1632159247.58910751,3.50000000
1632159247.68923235,3.50000000
1632159247.78915930,3.50000000
1632159247.88904667,3.50000000
1632159247.98910356,3.50000000
1632159248.08910990,3.50000000
1632159248.18919373,3.50000000
1632159248.28922772,3.50000000
1632159248.38923621,3.50000000
1632159248.48921847,3.50000000
1632159248.58923531,3.50000000
1632159248.68916488,3.50000000
1632159248.78915071,3.50000000
1632159248.88932538,3.50000000
1632159248.98925352,3.50000000
1632159249.08908582,3.50000000
1632159249.18922114,3.50000000
1632159249.28912377,3.50000000
1632159249.38921285,3.50000000
1632159249.48912168,3.50000000
1632159249.58958673,3.50000000
1632159249.68921876,3.50000000
1632159249.78935504,3.50000000
1632159249.88916826,3.50000000
1632159249.98917651,3.50000000
1632159250.08919930,3.50000000
1632159250.18910933,3.50000000
1632159250.28912926,3.50000000
1632159250.38920784,3.50000000
1632159250.48912573,3.50000000
1632159250.58909559,3.50000000
1632159250.68885016,3.50000000
1632159250.78884339,3.50000000
1632159250.88916159,3.50000000
1632159250.98921585,3.50000000
1632159251.08921289,3.50000000
1632159251.18884420,3.50000000
1632159251.28886390,3.50000000
1632159251.38888288,3.50000000
1632159251.48890209,3.50000000
1632159251.58886218,3.50000000
1632159251.68911529,3.50000000
1632159251.78915286,3.50000000
1632159251.88912749,3.50000000
1632159251.98893428,3.50000000
1632159252.08905911,3.50000000
1632159252.18905520,3.50000000
1632159252.28906655,3.50000000
1632159252.38918042,3.50000000
1632159252.48911881,3.50000000
1632159252.58915591,3.50000000
1632159252.68893242,3.50000000
1632159252.78923345,3.50000000
1632159252.88912797,3.50000000
1632159252.98919535,3.50000000
1632159253.08906603,3.50000000
1632159253.18914104,3.50000000
1632159253.28902221,3.50000000
1632159253.38913441,3.50000000
1632159253.48903298,3.50000000
1632159253.58907557,3.50000000
1632159253.68908119,3.50000000
1632159253.78897357,3.50000000
1632159253.88902116,3.50000000
1632159253.98910975,3.50000000
1632159254.08905196,3.50000000
1632159254.18913770,3.50000000
1632159254.28919768,3.50000000
1632159254.38930249,3.50000000
1632159254.48900175,3.50000000
1632159254.58896613,3.50000000
1632159254.68890190,3.50000000
1632159254.78914380,3.50000000
1632159254.88904405,3.50000000
1632159254.98920131,3.50000000
1632159255.08903980,3.50000000
1632159255.18912244,3.50000000
1632159255.28916621,3.50000000
1632159255.38910246,3.50000000
1632159255.48915267,3.50000000
1632159255.58904243,3.50000000
1632159255.68917847,3.50000000
1632159255.78923249,3.50000000
1632159255.88922644,3.50000000
1632159255.98909712,3.50000000
1632159256.08915257,3.50000000
1632159256.18903184,3.50000000
1632159256.28903055,3.50000000
1632159256.38905358,3.50000000
1632159256.48910594,3.50000000
1632159256.58909059,3.50000000
1632159256.68905830,3.50000000
1632159256.78907442,3.50000000
1632159256.88908195,3.50000000
1632159256.98919916,3.50000000
1632159257.08928156,3.50000000
1632159257.18921232,3.50000000
1632159257.28921151,3.50000000
1632159257.38912559,3.50000000
1632159257.48913145,3.50000000
1632159257.58907843,3.50000000
1632159257.68906498,3.50000000
1632159257.78907251,3.50000000
1632159257.88902855,3.50000000
1632159257.98912978,3.50000000
1632159258.08920789,3.50000000
1632159258.18924165,3.50000000
1632159258.28919554,3.50000000
1632159258.38914251,3.50000000
1632159258.48920441,3.50000000
1632159258.58919311,3.50000000
1632159258.68914461,3.50000000
1632159258.78909945,3.50000000
1632159258.88906622,3.50000000
1632159258.98910904,3.50000000
1632159259.08906198,3.50000000
1632159259.18907571,3.50000000
1632159259.28912377,3.50000000
1632159259.38907909,3.50000000
1632159259.48915815,3.50000000
1632159259.58925104,3.50000000
1632159259.68922281,3.50000000
1632159259.78922892,3.50000000
1632159259.88906431,3.50000000
1632159259.98921537,3.50000000
1632159260.08926368,3.50000000
1632159260.18914771,3.50000000
1632159260.28913999,3.50000000
1632159260.38919425,3.50000000
1632159260.48906827,3.50000000
1632159260.58908033,3.50000000
1632159260.68911314,3.50000000
1632159260.78922200,3.50000000
1632159260.88924885,3.50000000
1632159260.98917985,3.50000000
1632159261.08919811,3.50000000
1632159261.18903327,3.50000000
1632159261.28916049,3.50000000
1632159261.38917565,3.50000000
1632159261.48915601,3.50000000
1632159261.58921742,3.50000000
1632159261.68921518,3.50000000
1632159261.78908753,3.50000000
1632159261.88914633,3.50000000
1632159261.98887253,3.50000000
1632159262.08919668,3.50000000
1632159262.18922663,3.50000000
1632159262.28904581,3.50000000
1632159262.38920689,3.50000000
1632159262.48907709,3.50000000
1632159262.58908463,3.50000000
1632159262.68906951,3.50000000
1632159262.78913975,3.50000000
1632159262.88908052,3.50000000
1632159262.98913693,3.50000000
1632159263.08923411,3.50000000
1632159263.18907475,3.50000000
1632159263.28922987,3.50000000
1632159263.38917756,3.50000000
1632159263.48884130,3.50000000
1632159263.58894396,3.50000000
1632159263.68917131,3.50000000
1632159263.78913140,3.50000000
1632159263.88909554,3.50000000
1632159263.98907423,3.50000000
1632159264.08907342,3.50000000
1632159264.18903542,3.50000000
1632159264.28912735,3.50000000
1632159264.38903952,3.50000000
1632159264.48906541,3.50000000
1632159264.58918357,3.50000000
1632159264.68924069,3.50000000
1632159264.78947830,3.50000000
1632159264.88915944,3.50000000
1632159264.98886871,3.50000000
1632159265.08919477,3.50000000
1632159265.18905044,3.50000000
1632159265.28917646,3.50000000
1632159265.38909507,3.50000000
1632159265.48909903,3.50000000
1632159265.58912468,3.50000000
1632159265.68912816,3.50000000
1632159265.78912878,3.50000000
1632159265.88905501,3.50000000
1632159265.98914289,3.50000000
1632159266.08925653,3.50000000
1632159266.18920040,3.50000000
1632159266.28905821,3.50000000
1632159266.38908362,3.50000000
1632159266.48918509,3.50000000
1632159266.58917212,3.50000000
1632159266.68920445,3.50000000
1632159266.78919196,3.50000000
1632159266.88922954,3.50000000
1632159266.98913717,3.50000000
1632159267.08909488,3.50000000
1632159267.18911910,3.50000000
1632159267.28903008,3.50000000
1632159267.38920832,3.50000000
1632159267.48912430,3.50000000
1632159267.58908439,3.50000000
1632159267.68904710,3.50000000
1632159267.78908753,3.50000000
1632159267.88926554,3.50000000
1632159267.98903489,3.50000000
1632159268.08891320,3.50000000
1632159268.18892574,3.50000000
1632159268.28895926,3.50000000
1632159268.38918042,3.50000000
1632159268.48921227,3.50000000
1632159268.58914566,3.50000000
1632159268.68904853,3.50000000
1632159268.78916597,3.50000000
1632159268.88904428,3.50000000
1632159268.98916888,3.50000000
1632159269.08920670,3.50000000
1632159269.18910050,3.50000000
1632159269.28903627,3.50000000
1632159269.38915348,3.50000000
1632159269.48913884,3.50000000
1632159269.58919024,3.50000000
1632159269.68914318,3.50000000
1632159269.78905892,3.50000000
1632159269.88903928,3.50000000
1632159269.98922777,3.50000000
1632159270.08887029,3.50000000
1632159270.18910670,3.50000000
1632159270.28915405,3.50000000
1632159270.38919210,3.50000000
1632159270.48928285,3.50000000
1632159270.58909702,3.50000000
1632159270.68935251,3.50000000
1632159270.78929734,3.50000000
1632159270.88914156,3.50000000
1632159270.98918891,3.50000000
1632159271.08881092,3.50000000
1632159271.18914819,3.50000000
1632159271.28887081,3.50000000
1632159271.38891220,3.50000000
1632159271.48911023,3.50000000
1632159271.58906078,3.50000000
1632159271.68908310,3.50000000
1632159271.78910995,3.50000000
1632159271.88918090,3.50000000
1632159271.98884106,3.50000000
1632159272.08919692,3.50000000
1632159272.18926263,3.50000000
1632159272.28920412,3.50000000
1632159272.38911486,3.50000000
1632159272.48925138,3.50000000
1632159272.58917093,3.50000000
1632159272.68886018,3.50000000
1632159272.78926539,3.50000000
1632159272.88928580,3.50000000
1632159272.98893523,3.50000000
1632159273.08914256,3.50000000
1632159273.18914843,3.50000000
1632159273.28882074,3.50000000
1632159273.38926435,3.50000000
1632159273.48911476,3.50000000
1632159273.58889031,3.50000000
1632159273.68884158,3.50000000
1632159273.78927469,3.50000000
1632159273.88888121,3.50000000
1632159273.98903561,3.50000000
1632159274.08911586,3.50000000
1632159274.18883777,3.50000000
1632159274.28887391,3.50000000
1632159274.38890004,3.50000000
1632159274.48906159,3.50000000
1632159274.58914065,3.50000000
1632159274.68905163,3.50000000
1632159274.78886938,3.50000000
1632159274.88913035,3.50000000
1632159274.98886514,3.50000000
1632159275.08881497,3.50000000
1632159275.18881631,3.50000000
1632159275.28890204,3.50000000
1632159275.38919401,3.50000000
1632159275.48905087,3.50000000
1632159275.58917046,3.50000000
1632159275.68904018,3.50000000
1632159275.78917241,3.50000000
1632159275.88918996,3.50000000
1632159275.98918891,3.50000000
1632159276.08917260,3.50000000
1632159276.18915415,3.50000000
1632159276.28918004,3.50000000
1632159276.38918209,3.50000000
1632159276.48883581,3.50000000
1632159276.58920598,3.50000000
1632159276.68921423,3.50000000
1632159276.78886056,3.50000000
1632159276.88919735,3.50000000
1632159276.98907995,3.50000000
1632159277.08914876,3.50000000
1632159277.18906999,3.50000000
1632159277.28893137,3.50000000
1632159277.38909411,3.50000000
1632159277.48885345,3.50000000
1632159277.58913660,3.50000000
1632159277.68925977,3.50000000
1632159277.78899717,3.50000000
1632159277.88884830,3.50000000
1632159277.98910856,3.50000000
1632159278.08881497,3.50000000
1632159278.18881536,3.50000000
1632159278.28906727,3.50000000
1632159278.38894105,3.50000000
1632159278.48881292,3.50000000
1632159278.58884811,3.50000000
1632159278.68905997,3.50000000
1632159278.78886485,3.50000000
1632159278.88905692,3.50000000
1632159278.98890805,3.50000000
1632159279.08888388,3.50000000
1632159279.18882084,3.50000000
1632159279.28904724,3.50000000
1632159279.38889241,3.50000000
1632159279.48915648,3.50000000
1632159279.58910131,3.50000000
1632159279.68887353,3.50000000
1632159279.78903580,3.50000000
1632159279.88883829,3.50000000
1632159279.98908329,3.50000000
1632159280.08886743,3.50000000
1632159280.18911743,3.50000000
1632159280.28911662,3.50000000
1632159280.38913870,3.50000000
1632159280.48906898,3.50000000
1632159280.58888102,3.50000000
1632159280.68881702,3.50000000
1632159280.78886318,3.50000000
1632159280.88890314,3.50000000
1632159280.98915052,3.50000000
1632159281.08886647,3.50000000
1632159281.18884683,3.50000000
1632159281.28883743,3.50000000
1632159281.38919258,3.50000000
1632159281.48902464,3.50000000
1632159281.58889556,3.50000000
1632159281.68881130,3.50000000
1632159281.78909993,3.50000000
1632159281.88920426,3.50000000
1632159281.98886132,3.50000000
1632159282.08910060,3.50000000
1632159282.18918371,3.50000000
1632159282.28912187,3.50000000
1632159282.38903713,3.50000000
1632159282.48907447,3.50000000
1632159282.58909178,3.50000000
1632159282.68915248,3.50000000
1632159282.78919315,3.50000000
1632159282.88917303,3.50000000
1632159282.98906183,3.50000000
1632159283.08913779,3.50000000
1632159283.18914437,3.50000000
1632159283.28903627,3.50000000
1632159283.38918567,3.50000000
1632159283.48911810,3.50000000
1632159283.58936977,3.50000000
1632159283.68882799,3.50000000
1632159283.78921270,3.50000000
1632159283.88912082,3.50000000
1632159283.98905206,3.50000000
1632159284.08921552,3.50000000
1632159284.18919444,3.50000000
1632159284.28921533,3.50000000
1632159284.38910890,3.50000000
1632159284.48913050,3.50000000
1632159284.58924627,3.50000000
1632159284.68889451,3.50000000
1632159284.78890228,3.50000000
1632159284.88906765,3.50000000
1632159284.98913121,3.50000000
1632159285.08920622,3.50000000
1632159285.18910789,3.50000000
1632159285.28917646,3.50000000
1632159285.38890743,3.50000000
1632159285.48888254,3.50000000
1632159285.58885074,3.50000000
1632159285.68921041,3.50000000
1632159285.78911901,3.50000000
1632159285.88920236,3.50000000
1632159285.98917723,3.50000000
1632159286.08917594,3.50000000
1632159286.18899107,3.50000000
1632159286.28918576,3.50000000
1632159286.38911867,3.50000000
1632159286.48908472,3.50000000
1632159286.58921957,3.50000000
1632159286.68905330,3.50000000
1632159286.78909588,3.50000000
1632159286.88908839,3.50000000
1632159286.98909831,3.50000000
1632159287.08909655,3.50000000
1632159287.18886495,3.50000000
1632159287.28908515,3.50000000
1632159287.38922691,3.50000000
1632159287.48907852,3.50000000
1632159287.58910894,3.50000000
1632159287.68906355,3.50000000
1632159287.78887033,3.50000000
1632159287.88888216,3.50000000
1632159287.98912764,3.50000000
1632159288.08905649,3.50000000
1632159288.18903518,3.50000000
1632159288.28917623,3.50000000
1632159288.38911343,3.50000000
1632159288.48906779,3.50000000
1632159288.58907866,3.50000000
1632159288.68913698,2.00000000
1632159288.78915215,2.00000000
1632159288.88914943,2.00000000
1632159288.98912764,2.00000000
1632159289.08920503,2.00000000
1632159289.18913579,2.00000000
1632159289.28909206,2.00000000
1632159289.38919640,2.00000000
1632159289.48904848,2.00000000
1632159289.58925033,2.00000000
1632159289.68921113,2.00000000
1632159289.78919888,2.00000000
1632159289.88909483,2.00000000
1632159289.98914671,2.00000000
1632159290.08886290,2.00000000
1632159290.18919492,2.00000000
1632159290.28883457,2.00000000
1632159290.38921046,2.00000000
1632159290.48909926,2.00000000
1632159290.58917904,2.00000000
1632159290.68913865,2.00000000
1632159290.78913808,2.00000000
1632159290.88913488,2.00000000
1632159290.98909378,2.00000000
1632159291.08910155,2.00000000
1632159291.18915701,2.00000000
1632159291.28910875,2.00000000
1632159291.38882780,2.00000000
1632159291.48916793,2.00000000
1632159291.58916950,2.00000000
1632159291.68908119,2.00000000
1632159291.78906417,2.00000000
