Seconds,Detected,Distance,Angle,Child.X,Child.Y,Child.Angle
1632158908.29230237,1,7.00000000,0.00000000,7.00000000,0.00000000,0.00000000
1632158908.39230013,1,7.00000000,0.00000000,7.00000000,0.00000000,0.00000000
1632158908.49229693,1,7.00000000,0.00000000,7.00000000,0.00000000,0.00000000
1632158908.59230113,1,7.00000000,0.00000000,7.00000000,0.00000000,0.00000000
1632158908.69229341,1,7.00000000,0.00000000,7.00000000,0.00000000,0.00000000
1632158908.79231477,1,7.00000000,0.00000000,7.00000000,0.00000000,0.00000000
1632158908.89225388,1,7.00000000,0.00000000,7.00000000,0.00000000,0.00000000
1632158908.99229860,1,7.00000000,0.00000000,7.00000000,0.00000000,0.00000000
1632158909.09228492,1,7.00000000,0.00000000,7.00000000,0.00000000,0.00000000
1632158909.19228935,1,7.00000000,0.00000000,7.00000000,0.00000000,0.00000000
1632158909.29230237,1,7.00000000,0.00000000,7.00000000,0.00000000,0.00000000
1632158909.39230728,1,7.00000000,0.00000000,7.00000000,0.00000000,0.00000000
1632158909.49230242,1,7.00000000,0.00000000,7.00000000,0.00000000,0.00000000
1632158909.59229279,1,7.00000000,0.00000000,7.00000000,0.00000000,0.00000000
1632158909.69230437,1,7.00000000,0.00000000,7.00000000,0.00000000,0.00000000
1632158909.79223323,1,7.00000000,0.00000000,7.00000000,0.00000000,0.00000000
1632158909.89222980,1,7.00000000,0.00000000,7.00000000,0.00000000,0.00000000
1632158909.99223161,1,7.00000000,0.00000000,7.00000000,0.00000000,0.00000000
1632158910.09223151,1,7.00000000,0.00000000,7.00000000,0.00000000,0.00000000
1632158910.19229627,1,7.00000000,0.00000000,7.00000000,0.00000000,0.00000000
1632158910.29227567,1,7.00000000,0.00000000,7.00000000,0.00000000,0.00000000
1632158910.39229345,1,7.00000000,0.00000000,7.00000000,0.00000000,0.00000000
1632158910.49229550,1,7.00000000,0.00000000,7.00000000,0.00000000,0.00000000
1632158910.59229660,1,7.00000000,0.00000000,7.00000000,0.00000000,0.00000000
1632158910.69229746,1,7.00000000,0.00000000,7.00000000,0.00000000,0.00000000
1632158910.79229689,1,7.00000000,0.00000000,7.00000000,0.00000000,0.00000000
1632158910.89229417,1,7.00000000,0.00000000,7.00000000,0.00000000,0.00000000
1632158910.99229383,1,7.00000000,0.00000000,7.00000000,0.00000000,0.00000000
1632158911.09229565,1,7.00000000,0.00000000,7.00000000,0.00000000,0.00000000
1632158911.19229937,1,7.00000000,0.00000000,7.00000000,0.00000000,0.00000000
1632158911.29230309,1,7.00000000,0.00000000,7.00000000,0.00000000,0.00000000
1632158911.39225316,1,7.00000000,0.00000000,7.00000000,0.00000000,0.00000000
1632158911.49230003,1,7.00000000,0.00000000,7.00000000,0.00000000,0.00000000
1632158911.59229994,1,7.00000000,0.00000000,7.00000000,0.00000000,0.00000000
1632158911.69229889,1,7.00000000,0.00000000,7.00000000,0.00000000,0.00000000
1632158911.79231000,1,7.00000000,0.00000000,7.00000000,0.00000000,0.00000000
1632158911.89225769,1,7.00000000,0.00000000,7.00000000,0.00000000,0.00000000
1632158911.99220419,1,7.00000000,0.00000000,7.00000000,0.00000000,0.00000000
1632158912.09220719,1,7.00000000,0.00000000,7.00000000,0.00000000,0.00000000
1632158912.19223070,1,7.00000000,0.00000000,7.00000000,0.00000000,0.00000000
1632158912.29223204,1,7.00000000,0.00000000,7.00000000,0.00000000,0.00000000
1632158912.39228010,1,7.00000000,0.00000000,7.00000000,0.00000000,0.00000000
1632158912.49229693,1,7.00000000,0.00000000,7.00000000,0.00000000,0.00000000
1632158912.59229732,1,7.00000000,0.00000000,7.00000000,0.00000000,0.00000000
1632158912.69232082,1,7.00000000,0.00000000,7.00000000,0.00000000,0.00000000
1632158912.79229283,1,7.00000000,0.00000000,7.00000000,0.00000000,0.00000000
1632158912.89229703,1,7.00000000,0.00000000,7.00000000,0.00000000,0.00000000
1632158912.99229550,1,6.94999981,0.00000000,6.94999981,0.00000000,0.00000000
1632158913.09229207,1,6.90000010,0.00000000,6.90000010,0.00000000,0.00000000
1632158913.19229603,1,6.84999990,0.00000000,6.84999990,0.00000000,0.00000000
1632158913.29229736,1,6.80000019,0.00000000,6.80000019,0.00000000,0.00000000
1632158913.39229631,1,6.75000000,0.00000000,6.75000000,0.00000000,0.00000000
1632158913.49229693,1,6.69999981,0.00000000,6.69999981,0.00000000,0.00000000
1632158913.59229469,1,6.65000010,0.00000000,6.65000010,0.00000000,0.00000000
1632158913.69229364,1,6.59999990,0.00000000,6.59999990,0.00000000,0.00000000
1632158913.79229379,1,6.55000019,0.00000000,6.55000019,0.00000000,0.00000000
1632158913.89220238,1,6.50000000,0.00000000,6.50000000,0.00000000,0.00000000
1632158913.99224353,1,6.44999981,0.00000000,6.44999981,0.00000000,0.00000000
1632158914.09224820,1,6.40000010,0.00000000,6.40000010,0.00000000,0.00000000
1632158914.19229817,1,6.34999990,0.00000000,6.34999990,0.00000000,0.00000000
1632158914.29227233,1,6.30000019,0.00000000,6.30000019,0.00000000,0.00000000
1632158914.39229321,1,6.25000000,0.00000000,6.25000000,0.00000000,0.00000000
1632158914.49229741,1,6.19999981,0.00000000,6.19999981,0.00000000,0.00000000
1632158914.59229875,1,6.15000010,0.00000000,6.15000010,0.00000000,0.00000000
1632158914.69230103,1,6.09999990,0.00000000,6.09999990,0.00000000,0.00000000
1632158914.79230261,1,6.05000019,0.00000000,6.05000019,0.00000000,0.00000000
1632158914.89229822,1,6.00000000,0.00000000,6.00000000,0.00000000,0.00000000
1632158914.99229670,1,5.94999981,0.00000000,5.94999981,0.00000000,0.00000000
1632158915.09229589,1,5.90000010,0.00000000,5.90000010,0.00000000,0.00000000
1632158915.19229650,1,5.84999990,0.00000000,5.84999990,0.00000000,0.00000000
1632158915.29229665,1,5.80000019,0.00000000,5.80000019,0.00000000,0.00000000
1632158915.39229131,1,5.75000000,0.00000000,5.75000000,0.00000000,0.00000000
1632158915.49229550,1,5.69999981,0.00000000,5.70290981,0.00000000,0.00000000
1632158915.59229207,1,5.64708996,0.00000000,5.65581996,0.00000000,0.00000000
1632158915.69229889,1,5.59126997,0.00000000,5.60921497,0.00000000,0.00000000
1632158915.79230380,1,5.53205490,0.00000000,5.55678990,0.00000000,0.00000000
1632158915.89231467,1,5.47526503,0.00000000,5.51018503,0.00000000,0.00000000
1632158915.99229622,1,5.46507978,0.00000000,5.51406478,0.00000000,0.00000000
1632158916.09229207,1,5.45101500,0.00000000,5.51358000,0.00000000,0.00000000
1632158916.19229364,1,5.43743515,0.00000000,5.51406515,0.00000000,0.00000000
1632158916.29230332,1,5.42336988,0.00000000,5.51503488,0.00000000,0.00000000
1632158916.39229631,1,5.40833521,0.00000000,5.51406521,0.00000000,0.00000000
1632158916.49229383,1,5.39426994,0.00000000,5.51115494,0.00000000,0.00000000
1632158916.59225464,1,5.38311481,0.00000000,5.51406481,0.00000000,0.00000000
1632158916.69229341,1,5.36905003,0.00000000,5.51503503,0.00000000,0.00000000
1632158916.79229355,1,5.35401487,0.00000000,5.51357987,0.00000000,0.00000000
1632158916.89229202,1,5.34043503,0.00000000,5.51309503,0.00000000,0.00000000
1632158916.99229145,1,5.32734013,0.00000000,5.51406513,0.00000000,0.00000000
1632158917.09229660,1,5.31327486,0.00000000,5.51406486,0.00000000,0.00000000
1632158917.19229507,1,5.29921007,0.00000000,5.51309507,0.00000000,0.00000000
1632158917.29229927,1,5.28611517,0.00000000,5.51406517,0.00000000,0.00000000
1632158917.39231253,1,5.27204990,0.00000000,5.51260990,0.00000000,0.00000000
1632158917.49229455,1,5.25943995,0.00000000,5.51309495,0.00000000,0.00000000
1632158917.59229279,1,5.24634504,0.00000000,5.51309504,0.00000000,0.00000000
1632158917.69229507,1,5.23325014,0.00000000,5.51309514,0.00000000,0.00000000
1632158917.79223180,1,5.22015476,0.00000000,5.51309476,0.00000000,0.00000000
1632158917.89226055,1,5.20705986,0.00000000,5.51163986,0.00000000,0.00000000
1632158917.99229074,1,5.19541979,0.00000000,5.51309479,0.00000000,0.00000000
1632158918.09229136,1,5.18232489,0.00000000,5.51212489,0.00000000,0.00000000
1632158918.19229579,1,5.17019987,0.00000000,5.51212487,0.00000000,0.00000000
1632158918.29227829,1,5.15807486,0.00000000,5.51163986,0.00000000,0.00000000
1632158918.39225864,1,5.14643478,0.00000000,5.51212478,0.00000000,0.00000000
1632158918.49227786,1,5.13430977,0.00000000,5.51212477,0.00000000,0.00000000
1632158918.59229636,1,5.12218523,0.00000000,5.51212523,0.00000000,0.00000000
1632158918.69229937,1,5.11006021,0.00000000,5.51067021,0.00000000,0.00000000
1632158918.79229712,1,5.09939003,0.00000000,5.51212503,0.00000000,0.00000000
1632158918.89228272,1,5.08726501,0.00000000,5.51115501,0.00000000,0.00000000
1632158918.99229956,1,5.07610989,0.00000000,5.51066989,0.00000000,0.00000000
1632158919.09230304,1,5.06544018,0.00000000,5.51115518,0.00000000,0.00000000
1632158919.19228172,1,5.05428505,0.00000000,5.51115505,0.00000000,0.00000000
1632158919.29229093,1,5.04312992,0.00000000,5.51066992,0.00000000,0.00000000
1632158919.39229560,1,5.03246021,0.00000000,5.51115521,0.00000000,0.00000000
1632158919.49232078,1,5.02130508,0.00000000,5.51115508,0.00000000,0.00000000
1632158919.59229445,1,5.01014996,0.00000000,5.50969996,0.00000000,0.00000000
1632158919.69228745,1,5.00045013,0.00000000,5.51115513,0.00000000,0.00000000
1632158919.79223251,1,4.98929501,0.00000000,5.51018501,0.00000000,0.00000000
1632158919.89220738,1,4.97910976,0.00000000,5.50969976,0.00000000,0.00000000
1632158919.99228001,1,4.96940994,0.00000000,5.51018494,0.00000000,0.00000000
1632158920.09228921,1,4.95922518,0.00000000,5.51018518,0.00000000,0.00000000
1632158920.19229174,1,4.94903994,0.00000000,5.50969994,0.00000000,0.00000000
1632158920.29228568,1,4.93934011,0.00000000,5.51018511,0.00000000,0.00000000
1632158920.39228845,1,4.92915487,0.00000000,5.50969987,0.00000000,0.00000000
1632158920.49231863,1,4.91945505,0.00000000,5.50921505,0.00000000,0.00000000
1632158920.59229517,1,4.91024017,0.00000000,5.51018517,0.00000000,0.00000000
1632158920.69229507,1,4.90005493,0.00000000,5.50872993,0.00000000,0.00000000
1632158920.79229331,1,4.89132500,0.00000000,5.51018500,0.00000000,0.00000000
1632158920.89221334,1,4.88114023,0.00000000,5.50873023,0.00000000,0.00000000
1632158920.99223256,1,4.82241011,0.00000000,5.45921511,0.00000000,0.00000000
1632158921.09223008,1,4.76319504,0.00000000,5.40873004,0.00000000,0.00000000
1632158921.19229007,1,4.70446491,0.00000000,5.35921491,0.00000000,0.00000000
1632158921.29223394,1,4.64524984,0.00000000,5.30921484,0.00000000,0.00000000
1632158921.39223003,1,4.58603477,0.00000000,5.25775977,0.00000000,0.00000000
1632158921.49222589,1,4.52827501,0.00000000,5.20824501,0.00000000,0.00000000
1632158921.59222984,1,4.47002983,0.00000000,5.15775983,0.00000000,0.00000000
1632158921.69222975,1,4.41227007,0.00000000,5.10824507,0.00000000,0.00000000
1632158921.79223013,1,4.35402489,0.00000000,5.05775989,0.00000000,0.00000000
1632158921.89229560,1,4.29626513,0.00000000,5.00824513,0.00000000,0.00000000
1632158921.99229693,1,4.23801994,0.00000000,4.95775994,0.00000000,0.00000000
1632158922.09223533,1,4.18026018,0.00000000,4.90679018,0.00000000,0.00000000
1632158922.19222951,1,4.12346983,0.00000000,4.85824483,0.00000000,0.00000000
1632158922.29223299,1,4.06522512,0.00000000,4.80679012,0.00000000,0.00000000
1632158922.39223337,1,4.00843477,0.00000000,4.75824477,0.00000000,0.00000000
1632158922.49228311,1,3.95019007,0.00000000,4.70679007,0.00000000,0.00000000
1632158922.59223366,1,3.89339995,0.00000000,4.65727495,0.00000000,0.00000000
1632158922.69221020,1,3.83612490,0.00000000,4.60581990,0.00000000,0.00000000
1632158922.79224420,1,3.78030491,0.00000000,4.55581991,0.00000000,0.00000000
1632158922.89222836,1,3.72448492,0.00000000,4.50533492,0.00000000,0.00000000
1632158922.99222875,1,3.71915007,0.00000000,4.50388007,0.00000000,0.00000000
1632158923.09222913,1,3.71527004,0.00000000,4.50388004,0.00000000,0.00000000
1632158923.19222689,1,3.71139002,0.00000000,4.50436502,0.00000000,0.00000000
1632158923.29220629,1,3.70702505,0.00000000,4.50194005,0.00000000,0.00000000
1632158923.39222813,1,3.70508504,0.00000000,4.50291004,0.00000000,0.00000000
1632158923.49223280,1,3.70217490,0.00000000,4.50193990,0.00000000,0.00000000
1632158923.59223199,1,3.70023489,0.00000000,4.50193989,0.00000000,0.00000000
1632158923.69223189,1,3.69829512,0.00000000,4.50194012,0.00000000,0.00000000
1632158923.79223013,1,3.69635510,0.00000000,4.50194010,0.00000000,0.00000000
1632158923.89223123,1,3.69441509,0.00000000,4.50194009,0.00000000,0.00000000
1632158923.99223042,1,3.69247508,0.00000000,4.50242508,0.00000000,0.00000000
1632158924.09223533,1,3.69004989,0.00000000,4.50193989,0.00000000,0.00000000
1632158924.19220114,1,3.68811011,0.00000000,4.50194011,0.00000000,0.00000000
1632158924.29223180,1,3.68617010,0.00000000,4.50194010,0.00000000,0.00000000
1632158924.39222980,1,3.68423009,0.00000000,4.50194009,0.00000000,0.00000000
1632158924.49222875,1,3.68229008,0.00000000,4.50194008,0.00000000,0.00000000
1632158924.59223175,1,3.68035007,0.00000000,4.50194007,0.00000000,0.00000000
1632158924.69223046,1,3.67841005,0.00000000,4.50194005,0.00000000,0.00000000
1632158924.79223204,1,3.67647004,0.00000000,4.50242504,0.00000000,0.00000000
1632158924.89223075,1,3.67404509,0.00000000,4.50194009,0.00000000,0.00000000
1632158924.99222946,1,3.67210507,0.00000000,4.50097007,0.00000000,0.00000000
1632158925.09226942,1,3.67113495,0.00000000,4.50193995,0.00000000,0.00000000
1632158925.19228745,1,3.66919494,0.00000000,4.50193994,0.00000000,0.00000000
1632158925.29220676,1,3.66725492,0.00000000,4.50193992,0.00000000,0.00000000
1632158925.39223075,1,3.66531491,0.00000000,4.50096991,0.00000000,0.00000000
1632158925.49222898,1,3.66434503,0.00000000,4.50194003,0.00000000,0.00000000
1632158925.59223580,1,3.66240501,0.00000000,4.50194001,0.00000000,0.00000000
1632158925.69223595,1,3.66046500,0.00000000,4.50242500,0.00000000,0.00000000
1632158925.79222870,1,3.65804005,0.00000000,4.50097005,0.00000000,0.00000000
1632158925.89227533,1,3.65706992,0.00000000,4.50193992,0.00000000,0.00000000
1632158925.99223113,1,3.65512991,0.00000000,4.50193991,0.00000000,0.00000000
1632158926.09223056,1,3.65318990,0.00000000,4.50096990,0.00000000,0.00000000
1632158926.19222832,1,3.65222001,0.00000000,4.50194001,0.00000000,0.00000000
1632158926.29222965,1,3.65028000,0.00000000,4.50097000,0.00000000,0.00000000
1632158926.39222765,1,3.64931011,0.00000000,4.50194011,0.00000000,0.00000000
1632158926.49222922,1,3.64737010,0.00000000,4.50194010,0.00000000,0.00000000
1632158926.59220290,1,3.64543009,0.00000000,4.50097009,0.00000000,0.00000000
1632158926.69222903,1,3.64445996,0.00000000,4.50242496,0.00000000,0.00000000
1632158926.79222798,1,3.64203501,0.00000000,4.50097001,0.00000000,0.00000000
1632158926.89220023,1,3.64106488,0.00000000,4.50193988,0.00000000,0.00000000
1632158926.99222970,1,3.63912511,0.00000000,4.50097011,0.00000000,0.00000000
1632158927.09222960,1,3.63815498,0.00000000,4.50193998,0.00000000,0.00000000
1632158927.19222999,1,3.63621497,0.00000000,4.50096997,0.00000000,0.00000000
1632158927.29222631,1,3.63524508,0.00000000,4.50097008,0.00000000,0.00000000
1632158927.39222884,1,3.63427496,0.00000000,4.50193996,0.00000000,0.00000000
1632158927.49222755,1,3.63233495,0.00000000,4.50096995,0.00000000,0.00000000
1632158927.59222746,1,3.63136506,0.00000000,4.50194006,0.00000000,0.00000000
1632158927.69220090,1,3.62942505,0.00000000,4.50097005,0.00000000,0.00000000
1632158927.79224515,1,3.62845492,0.00000000,4.50096992,0.00000000,0.00000000
1632158927.89222813,1,3.62748504,0.00000000,4.50242504,0.00000000,0.00000000
1632158927.99223018,1,3.62506008,0.00000000,4.50097008,0.00000000,0.00000000
1632158928.09222865,1,3.62408996,0.00000000,4.49999996,0.00000000,0.00000000
1632158928.19222784,1,3.62408996,0.00000000,4.50290996,0.00000000,0.00000000
1632158928.29222679,1,3.62118006,0.00000000,4.50582006,0.00000000,0.00000000
1632158928.39222980,1,3.61536002,0.00000000,4.50921502,0.00000000,0.00000000
1632158928.49222922,1,3.60614491,0.00000000,4.51212491,0.00000000,0.00000000
1632158928.59222841,1,3.59401989,0.00000000,4.51454989,0.00000000,0.00000000
1632158928.69222760,1,3.57946992,0.00000000,4.51600492,0.00000000,0.00000000
1632158928.79222965,1,3.56346512,0.00000000,4.51600512,0.00000000,0.00000000
1632158928.89220691,1,3.54746008,0.00000000,4.51697508,0.00000000,0.00000000
1632158928.99220634,1,3.53048491,0.00000000,4.51600491,0.00000000,0.00000000
1632158929.09219861,1,3.51448011,0.00000000,4.51600511,0.00000000,0.00000000
1632158929.19220710,1,3.49847507,0.00000000,4.51503507,0.00000000,0.00000000
1632158929.29222703,1,3.48343992,0.00000000,4.51600492,0.00000000,0.00000000
1632158929.39220095,1,3.46743488,0.00000000,4.51503488,0.00000000,0.00000000
1632158929.49222636,1,3.45239997,0.00000000,4.51600497,0.00000000,0.00000000
1632158929.59223104,1,3.43639493,0.00000000,4.51503493,0.00000000,0.00000000
1632158929.69223142,1,3.42136002,0.00000000,4.51503502,0.00000000,0.00000000
1632158929.79223871,1,3.40632510,0.00000000,4.51503510,0.00000000,0.00000000
1632158929.89219928,1,3.39128995,0.00000000,4.51406495,0.00000000,0.00000000
1632158929.99223804,1,3.37722492,0.00000000,4.51503492,0.00000000,0.00000000
1632158930.09222984,1,3.36219001,0.00000000,4.51406501,0.00000000,0.00000000
1632158930.19222975,1,3.34812498,0.00000000,4.51406498,0.00000000,0.00000000
1632158930.29222846,1,3.33405995,0.00000000,4.51357995,0.00000000,0.00000000
1632158930.39222884,1,3.32048011,0.00000000,4.51406511,0.00000000,0.00000000
1632158930.49223661,1,3.30641508,0.00000000,4.51406508,0.00000000,0.00000000
1632158930.59222841,1,3.29235005,0.00000000,4.51309505,0.00000000,0.00000000
1632158930.69222617,1,3.27925491,0.00000000,4.51406491,0.00000000,0.00000000
1632158930.79222798,1,3.26518989,0.00000000,4.51309489,0.00000000,0.00000000
1632158930.89222789,1,3.25209498,0.00000000,4.51260998,0.00000000,0.00000000
1632158930.99222732,1,3.23948503,0.00000000,4.51309503,0.00000000,0.00000000
1632158931.09223104,1,3.22638988,0.00000000,4.51309488,0.00000000,0.00000000
1632158931.19221926,1,3.21329498,0.00000000,4.51309498,0.00000000,0.00000000
1632158931.29220867,1,3.20020008,0.00000000,4.51212508,0.00000000,0.00000000
1632158931.39223862,1,3.18807507,0.00000000,4.51261007,0.00000000,0.00000000
1632158931.49223065,1,3.17546511,0.00000000,4.51212511,0.00000000,0.00000000
1632158931.59222794,1,3.16334009,0.00000000,4.51309509,0.00000000,0.00000000
1632158931.69222760,1,3.15024495,0.00000000,4.51212495,0.00000000,0.00000000
1632158931.79223037,1,3.13811994,0.00000000,4.51163994,0.00000000,0.00000000
1632158931.89222860,1,3.12648010,0.00000000,4.51212510,0.00000000,0.00000000
1632158931.99222612,1,3.11435509,0.00000000,4.51212509,0.00000000,0.00000000
1632158932.09223223,1,3.10223007,0.00000000,4.51115507,0.00000000,0.00000000
1632158932.19220495,1,3.09107494,0.00000000,4.51163994,0.00000000,0.00000000
1632158932.29220343,1,3.07943511,0.00000000,4.51115511,0.00000000,0.00000000
1632158932.39222741,1,3.06827998,0.00000000,4.51212498,0.00000000,0.00000000
1632158932.49222708,1,3.05615497,0.00000000,4.51066997,0.00000000,0.00000000
1632158932.59222698,1,3.04548502,0.00000000,4.51115502,0.00000000,0.00000000
1632158932.69223022,1,3.03432989,0.00000000,4.51115489,0.00000000,0.00000000
1632158932.79222822,1,3.02317500,0.00000000,4.51115500,0.00000000,0.00000000
1632158932.89222598,1,3.01202011,0.00000000,4.50970011,0.00000000,0.00000000
1632158932.99222803,1,3.00273633,1.00000000,4.51111400,0.05240497,1.00000000
1632158933.09223032,1,2.99283624,2.00000000,4.50954808,0.10444848,2.00000000
1632158933.19219804,1,2.98523593,3.00000000,4.51083477,0.15623518,3.00000000
1632158933.29219842,1,2.97703576,4.00000000,4.50965885,0.20766752,4.00000000
1632158933.39222932,1,2.97066331,5.00000000,4.50893404,0.25891037,5.00000000
1632158933.49221158,1,2.96563792,6.00000000,4.50915185,0.30999357,6.00000000
1632158933.59222007,1,2.96099830,7.00000000,4.50887246,0.36085492,7.00000000
1632158933.69219685,1,2.95723224,8.00000000,4.50809766,0.41156718,8.00000000
1632158933.79219055,1,2.95482206,9.00000000,4.49911092,0.51128563,9.96428797
1632158933.89220667,1,2.95376635,9.00000000,4.50777113,0.51110295,9.96428797
1632158933.99220443,1,2.95310926,10.00000000,4.50794798,0.56167287,10.96428797
1632158934.09222770,1,2.95285559,11.00000000,4.49595990,0.66163082,12.92857594
1632158934.19222617,1,2.95421648,11.00000000,4.50698629,0.66193530,12.92857594
1632158934.29223347,1,2.95617652,12.00000000,4.49258213,0.76511424,14.98052645
1632158934.39219642,1,2.95948148,12.00000000,4.50450476,0.76693854,14.98052645
1632158934.49222946,1,2.96386075,13.00000000,4.49097745,0.86575865,16.94481442
1632158934.59220290,1,2.96795154,13.00000000,4.50362064,0.86792092,16.94481442
1632158934.69220519,1,2.97400689,14.00000000,4.48530630,0.96668962,18.90910239
1632158934.79222703,1,2.98256993,14.00000000,4.47906673,1.02207361,19.96105290
1632158934.89222717,1,2.99483991,13.00000000,4.51189389,0.97697943,18.96105290
1632158934.99222922,1,3.00820160,14.00000000,4.49275049,1.07826265,20.92534087
1632158935.09222722,1,3.02278852,14.00000000,4.48995929,1.13609561,21.97729138
1632158935.19223404,1,3.03731680,14.00000000,4.50634183,1.14153266,21.97729138
1632158935.29222751,1,3.05384088,15.00000000,4.48373750,1.24508375,23.94157935
1632158935.39222884,1,3.07069993,15.00000000,4.47971758,1.29897986,24.90586732
1632158935.49223161,1,3.08953500,15.00000000,4.49874100,1.30691185,24.90586732
1632158935.59223175,1,3.10906148,16.00000000,4.47018747,1.41623453,26.95781783
1632158935.69222736,1,3.12840009,15.00000000,4.49024817,1.42326308,26.92210580
1632158935.79220605,1,3.14926076,15.00000000,4.48639329,1.47976202,27.88639377
1632158935.89223075,1,3.17077398,15.00000000,4.50637833,1.49079419,27.88639377
1632158935.99222755,1,3.19330716,16.00000000,4.47294667,1.60143673,29.93834428
1632158936.09219670,1,3.21606731,16.00000000,4.46623362,1.65947001,30.90263225
1632158936.19222808,1,3.24027681,16.00000000,4.45695582,1.72363635,31.95458276
1632158936.29222751,1,3.26457000,15.00000000,4.50826957,1.68788918,30.95458276
1632158936.39220619,1,3.28992820,16.00000000,4.47132536,1.79664462,32.91887073
1632158936.49223185,1,3.31584692,16.00000000,4.46333216,1.85828835,33.88315870
1632158936.59223008,1,3.34177852,16.00000000,4.45212880,1.92336389,34.93510921
1632158936.69223452,1,3.36796594,15.00000000,4.47479885,1.93663875,34.89939718
1632158936.79223299,1,3.39628100,15.00000000,4.49947668,1.95380886,34.89939718
1632158936.89223170,1,3.42334414,16.00000000,4.45385800,2.06437952,36.86368515
1632158936.99220204,1,3.45185661,15.00000000,4.47576108,2.08398774,36.91563566
1632158937.09220219,1,3.48085403,15.00000000,4.46433559,2.14891455,37.87992363
1632158937.19220376,1,3.50973344,15.00000000,4.48810008,2.16664675,37.87992363
1632158937.29223680,1,3.53965640,15.00000000,4.47134637,2.23594558,38.93187414
1632158937.39223838,1,3.57078457,15.00000000,4.45837490,2.30290495,39.89616211
1632158937.49225330,1,3.60097265,15.00000000,4.44324449,2.36843440,40.86045008
1632158937.59223771,1,3.63219619,14.00000000,4.50888193,2.34055690,39.86045008
1632158937.69222808,1,3.66383600,15.00000000,4.44728581,2.46099912,41.91240060
1632158937.79223347,1,3.69597173,14.00000000,4.47370846,2.48075078,41.87668856
1632158937.89224434,1,3.72839880,14.00000000,4.49785311,2.50239682,41.87668856
1632158937.99223161,1,3.76192760,15.00000000,4.43606686,2.62028370,43.84097653
1632158938.09225845,1,3.79444814,14.00000000,4.45810860,2.64528974,43.89292705
1632158938.19220877,1,3.82798815,14.00000000,4.48227876,2.66854346,43.89292705
1632158938.29223132,1,3.86258197,14.00000000,4.46271590,2.73996295,44.85721501
1632158938.39223242,1,3.89613819,14.00000000,4.43558481,2.81387299,45.90916553
1632158938.49224257,1,3.93139172,13.00000000,4.46284358,2.83748786,45.87345350
1632158938.59220934,1,3.96628356,13.00000000,4.48713687,2.86398836,45.87345350
1632158938.69223428,1,4.00112009,13.00000000,4.46363332,2.93546957,46.83774146
1632158938.79223418,1,4.03663015,13.00000000,4.43340310,3.01157012,47.88969198
1632158938.89223075,1,4.07310534,12.00000000,4.51115106,2.99147212,46.88969198
1632158938.99223685,1,4.07173443,12.00000000,4.45979484,3.03688002,47.85397995
1632158939.09223580,1,4.07173443,11.00000000,4.46264599,3.03517646,47.81826792
1632158939.19223404,1,4.07107401,10.00000000,4.51783059,2.98845863,46.81826792
1632158939.29223228,1,4.06734180,10.00000000,4.46035749,3.03730657,47.87021843
1632158939.39220357,1,4.06663132,9.00000000,4.46176016,3.03507876,47.83450640
1632158939.49224257,1,4.06663132,8.00000000,4.51685986,2.98891766,46.83450640
1632158939.59220576,1,4.06322908,8.00000000,4.46353448,3.03987883,47.88645691
1632158939.69223142,1,4.05845642,7.00000000,4.51634220,2.99226123,46.88645691
1632158939.79223108,1,4.05297327,7.00000000,4.46677535,3.03882124,47.85074488
1632158939.89220309,1,4.04680443,6.00000000,4.46935520,3.03546443,47.81503285
1632158939.99223304,1,4.04137230,5.00000000,4.52143666,2.98749937,46.81503285
1632158940.09220505,1,4.03588915,5.00000000,4.46707266,3.03759255,47.86698336
1632158940.19223118,1,4.03040600,4.00000000,4.51951107,2.98879302,46.86698336
1632158940.29220438,1,4.02530432,4.00000000,4.51990308,2.98943497,46.86698336
1632158940.39223218,1,4.01946545,4.00000000,4.47003714,3.03488664,47.83127133
1632158940.49223018,1,4.01398230,3.00000000,4.52174754,2.98722142,46.83127133
1632158940.59223461,1,4.00849915,3.00000000,4.52236125,2.98613233,46.83127133
1632158940.69223738,1,4.00339794,3.00000000,4.47322468,3.03245716,47.79555930
1632158940.79223490,1,3.99755907,2.00000000,4.52348334,2.98469305,46.79555930
1632158940.89220619,1,3.99273515,2.00000000,4.52406087,2.98408681,46.79555930
1632158940.99223137,1,3.98796368,2.00000000,4.52515930,2.98448881,46.79555930
1632158941.09223175,1,3.98215127,2.00000000,4.52409011,2.98461706,46.79555930
1632158941.19226933,1,3.97697115,2.00000000,4.47074452,3.03324764,47.84750981
1632158941.29220247,1,3.97219992,1.00000000,4.52144098,2.98661786,46.84750981
1632158941.39223409,1,3.96737576,1.00000000,4.52202153,2.98600846,46.84750981
1632158941.49223113,1,3.96260452,1.00000000,4.52215328,2.98640767,46.84750981
1632158941.59222722,1,3.95745087,1.00000000,4.52153848,2.98604290,46.84750981
1632158941.69223094,1,3.95298266,1.00000000,4.52236248,2.98666318,46.84750981
1632158941.79222202,1,3.94749975,1.00000000,4.52152249,2.98557320,46.84750981
1632158941.89223623,1,3.94338727,1.00000000,4.52161979,2.98548300,46.84750981
1632158941.99223208,1,3.93927503,1.00000000,4.52220225,2.98636297,46.84750981
1632158942.09223485,1,3.93412137,1.00000000,4.52255744,2.98599819,46.84750981
1632158942.19223046,1,3.92899442,1.00000000,4.47334206,3.02998550,47.81179778
1632158942.29222846,1,3.92488217,0.00000000,4.52384254,2.98437414,46.81179778
1632158942.39222956,1,3.92005801,0.00000000,4.52345090,2.98376680,46.81179778
1632158942.49220204,1,3.91594577,0.00000000,4.52403149,2.98367852,46.81179778
1632158942.59222960,1,3.91150403,0.00000000,4.52390158,2.98383501,46.81179778
1632158942.69222999,1,3.90703583,0.00000000,4.52375356,2.98348720,46.81179778
1632158942.79223037,1,3.90292358,0.00000000,4.52384915,2.98339892,46.81179778
1632158942.89221478,1,3.89881134,0.00000000,4.52297474,2.98428065,46.81179778
1632158942.99223328,1,3.89464569,0.00000000,4.52303379,2.98415343,46.81179778
1632158943.09220386,1,3.89053345,0.00000000,4.52361438,2.98455016,46.81179778
1632158943.19223285,1,3.88573575,0.00000000,4.52324085,2.98396211,46.81179778
1632158943.29222775,1,3.88162351,0.00000000,4.52333644,2.98387383,46.81179778
1632158943.39220142,1,3.87751126,0.00000000,4.52246203,2.98281556,46.81179778
1632158943.49222946,1,3.87476993,0.00000000,4.52349587,2.98372682,46.81179778
1632158943.59223008,1,3.87065768,0.00000000,4.52359146,2.98412355,46.81179778
1632158943.69223309,1,3.86618924,0.00000000,4.52295828,2.98377556,46.81179778
1632158943.79223371,1,3.86240649,0.00000000,4.52327938,2.98392753,46.81179778
1632158943.89223170,1,3.85829425,0.00000000,4.52240497,2.98383925,46.81179778
1632158943.99223208,1,3.85484076,0.00000000,4.52295141,2.98326127,46.81179778
1632158944.09223247,1,3.85144043,0.00000000,4.52353424,2.98369206,46.81179778
1632158944.19223332,1,3.84732819,0.00000000,4.52265983,2.98408879,46.81179778
1632158944.29223156,1,3.84351873,0.00000000,4.52247765,2.98325128,46.81179778
1632158944.39223003,1,3.84044766,0.00000000,4.52328582,2.98392213,46.81179778
1632158944.49223423,1,3.83633542,0.00000000,4.52241141,2.98383386,46.81179778
1632158944.59223032,1,3.83288193,0.00000000,4.52295785,2.98325588,46.81179778
1632158944.69223094,1,3.82948184,0.00000000,4.52257084,2.98368685,46.81179778
1632158944.79222989,1,3.82602811,0.00000000,4.52214712,2.98310870,46.81179778
1632158944.89223123,1,3.82328677,0.00000000,4.52318096,2.98450496,46.81179778
1632158944.99222994,1,3.81881833,0.00000000,4.52254777,2.98318698,46.81179778
1632158945.09223151,1,3.81574750,0.00000000,4.52238610,2.98385801,46.81179778
1632158945.19223309,1,3.81229401,0.00000000,4.52196254,2.98328003,46.81179778
1632158945.29221392,1,3.80955243,0.00000000,4.52299621,2.98322112,46.81179778
1632158945.39223123,1,3.80615234,0.00000000,4.52260921,2.98365209,46.81179778
1632158945.49220252,1,3.80269885,0.00000000,4.52218565,2.98355911,46.81179778
1632158945.59220171,1,3.79960132,0.00000000,4.52200570,2.98324067,46.81179778
1632158945.69225836,1,3.79685974,0.00000000,4.52255438,2.98415176,46.81179778
1632158945.79223228,1,3.79307699,0.00000000,4.52190547,2.98333372,46.81179778
1632158945.89223266,1,3.79033542,0.00000000,4.52196915,2.98327481,46.81179778
1632158945.99220896,1,3.78759384,0.00000000,4.52300282,2.98321591,46.81179778
1632158946.09223580,1,3.78419375,0.00000000,4.52261581,2.98364687,46.81179778
1632158946.19220877,1,3.78074002,0.00000000,4.52219209,2.98355372,46.81179778
1632158946.29221129,1,3.77764249,0.00000000,4.52201215,2.98323528,46.81179778
1632158946.39221954,1,3.77490115,0.00000000,4.52013598,2.98123654,46.81179778
1632158946.49220800,1,3.77490115,0.00000000,4.52207598,2.98317654,46.81179778
1632158946.59220767,1,3.77215958,0.00000000,4.52456466,2.98602764,46.81179778
1632158946.69221091,1,3.76563525,0.00000000,4.52591943,2.98709069,46.81179778
1632158946.79224372,1,3.75741076,0.00000000,4.52853562,2.99030914,46.81179778
1632158946.89223576,1,3.74504733,0.00000000,4.52977412,2.99244984,46.81179778
1632158946.99223089,1,3.73027182,0.00000000,4.53178680,2.99477187,46.81179778
1632158947.09223008,1,3.71242523,0.00000000,4.53169765,2.99436975,46.81179778
1632158947.19220328,1,3.69493484,0.00000000,4.53136728,2.99471235,46.81179778
1632158947.29223585,1,3.67741776,0.00000000,4.53150364,2.99503547,46.81179778
1632158947.39223361,1,3.65957141,0.00000000,4.53141466,2.99414853,46.81179778
1632158947.49223685,1,3.64243698,0.00000000,4.53181290,2.99426565,46.81179778
1632158947.59223413,1,3.62494683,0.00000000,4.53148270,2.99460842,46.81179778
1632158947.69220853,1,3.60742950,0.00000000,4.53064889,2.99396136,46.81179778
1632158947.79223299,1,3.59095407,0.00000000,4.53052815,2.99407396,46.81179778
1632158947.89223146,1,3.57447839,0.00000000,4.53089225,2.99370139,46.81179778
1632158947.99220037,1,3.55802941,0.00000000,4.53078962,2.99383329,46.81179778
1632158948.09223175,1,3.54155374,0.00000000,4.53066871,2.99394571,46.81179778
1632158948.19222999,1,3.52507806,0.00000000,4.53054781,2.99405814,46.81179778
1632158948.29220796,1,3.50860238,0.00000000,4.52994191,2.99368556,46.81179778
1632158948.39220333,1,3.49281216,0.00000000,4.53029012,2.99332776,46.81179778
1632158948.49221301,1,3.47704864,0.00000000,4.52920162,2.99395943,46.81179778
1632158948.59220767,1,3.46156073,0.00000000,4.52975674,2.99382204,46.81179778
1632158948.69220901,1,3.44579720,0.00000000,4.52915323,2.99299871,46.81179778
1632158948.79221916,1,3.43104839,0.00000000,4.52972919,2.99340021,46.81179778
1632158948.89220929,1,3.41561413,0.00000000,4.52935103,2.99330194,46.81179778
1632158948.99220753,1,3.36676931,1.00000000,4.46291466,3.00819880,47.81179778
1632158949.09220886,1,3.31869769,2.00000000,4.39707698,3.02225769,48.81179778
1632158949.19220948,1,3.27101183,2.00000000,4.37488919,2.99655667,48.81179778
1632158949.29220939,1,3.22481894,3.00000000,4.31149196,3.00915745,49.81179778
1632158949.39222050,1,3.17840791,4.00000000,4.24903972,3.01931328,50.81179778
1632158949.49221468,1,3.13255835,4.00000000,4.22928377,2.99493145,50.81179778
1632158949.59221220,1,3.08706689,5.00000000,4.16721350,3.00208084,51.81179778
1632158949.69220257,1,3.04431319,6.00000000,4.10794971,3.01114548,52.81179778
1632158949.79223156,1,3.00066638,7.00000000,4.00257189,3.04851218,54.86374829
1632158949.89223289,1,2.95962620,7.00000000,3.98719733,3.02319510,54.86374829
1632158949.99223065,1,2.91929960,7.00000000,3.97174845,2.99894659,54.86374829
1632158950.09220195,1,2.87947845,8.00000000,3.91475621,3.00319000,55.86374829
1632158950.19223046,1,2.84097171,9.00000000,3.81839990,3.03137134,57.82803626
1632158950.29223561,1,2.80462027,9.00000000,3.80534913,3.00884652,57.82803626
1632158950.39223671,1,2.76798153,10.00000000,3.75054548,3.00998883,58.82803626
1632158950.49222636,1,2.73353744,11.00000000,3.65753730,3.03491650,60.79232423
1632158950.59223151,1,2.69940257,11.00000000,3.64718528,3.01094165,60.79232423
1632158950.69224072,1,2.66706777,12.00000000,3.55206774,3.03461509,62.84427474
1632158950.79223299,1,2.63536167,12.00000000,3.54244675,3.01270898,62.84427474
1632158950.89223289,1,2.60487652,13.00000000,3.45372522,3.03079347,64.80856271
1632158950.99223137,1,2.57544470,13.00000000,3.40210749,3.03019863,65.86051322
1632158951.09220433,1,2.54704642,13.00000000,3.39534374,3.00913371,65.86051322
1632158951.19222975,1,2.52044868,14.00000000,3.30793309,3.02369131,67.82480119
1632158951.29223061,1,2.49551606,14.00000000,3.26386297,3.02097713,68.78908916
1632158951.39223289,1,2.47095013,14.00000000,3.25885496,3.00341041,68.78908916
1632158951.49223757,1,2.44706464,15.00000000,3.17087245,3.01623086,70.84103967
1632158951.59222889,1,2.42492533,15.00000000,3.12785465,3.01226670,71.80532764
1632158951.69223261,1,2.40468097,16.00000000,3.04472909,3.02179385,73.76961561
1632158951.79223108,1,2.38525510,16.00000000,3.00005163,3.01887575,74.82156612
1632158951.89223027,1,2.36702943,16.00000000,2.99770468,3.00516588,74.82156612
1632158951.99223399,1,2.34997845,17.00000000,2.91804947,3.01234688,76.78585409
1632158952.09223056,1,2.33387923,17.00000000,2.87450630,3.01045059,77.83780460
1632158952.19222927,1,2.31860232,18.00000000,2.79428075,3.01383822,79.80209257
1632158952.29223394,1,2.30600953,18.00000000,2.75573817,3.01090391,80.76638054
1632158952.39223170,1,2.29432940,18.00000000,2.71416620,3.00866229,81.81833105
1632158952.49223185,1,2.28377509,18.00000000,2.67554524,3.00627491,82.78261902
1632158952.59223008,1,2.27447319,19.00000000,2.59880525,3.00891037,84.74690699
1632158952.69223046,1,2.26571059,19.00000000,2.55751662,3.00652267,85.79885750
1632158952.79221010,1,2.25866580,19.00000000,2.52052268,3.00487244,86.76314547
1632158952.89223695,1,2.25273299,20.00000000,2.44054427,3.00400128,88.81509598
1632158952.99220705,1,2.24894834,20.00000000,2.40358950,3.00359166,89.77938395
1632158953.09220648,1,2.24534583,20.00000000,2.36675730,3.00175670,90.74367192
1632158953.19220901,1,2.24386954,20.00000000,2.32655971,3.00130771,91.79562243
1632158953.29220152,1,2.24355221,21.00000000,2.24974743,3.00065818,93.75991040
1632158953.39223099,1,2.24287891,21.00000000,2.21311779,2.99913416,94.72419837
1632158953.49222970,1,2.24485993,21.00000000,2.17288249,2.99927708,95.77614888
1632158953.59223270,1,2.24799657,22.00000000,2.09603736,2.99623870,97.74043685
1632158953.69222784,1,2.25119424,22.00000000,2.01828288,2.98929869,99.75667533
1632158953.79223275,1,2.25660825,21.00000000,2.01875166,2.99681232,99.72096330
1632158953.89220834,1,2.26298761,21.00000000,1.97775932,2.99764910,100.77291382
1632158953.99220586,1,2.27064419,22.00000000,1.90011935,2.99028225,102.73720179
1632158954.09221077,1,2.28014994,22.00000000,1.86066592,2.99223362,103.70148975
1632158954.19220877,1,2.29023743,22.00000000,1.81751811,2.99266979,104.75344027
1632158954.29220748,1,2.30183649,22.00000000,1.77718640,2.99467616,105.71772824
1632158954.39220834,1,2.31445813,23.00000000,1.69439731,2.98391773,107.76967875
1632158954.49224234,1,2.32808566,23.00000000,1.61700013,2.97269798,109.69825469
1632158954.59220839,1,2.34301305,22.00000000,1.60996882,2.98603485,109.75020520
1632158954.69220924,1,2.35952997,22.00000000,1.56712722,2.98881719,110.71449317
1632158954.79220629,1,2.37607861,22.00000000,1.52399030,2.99080723,111.67878114
1632158954.89220881,1,2.39355779,22.00000000,1.47684734,2.99044247,112.73073165
1632158954.99220300,1,2.41283870,23.00000000,1.39366470,2.97593132,114.69501962
1632158955.09223080,1,2.43211079,23.00000000,1.34521685,2.97538378,115.74697013
1632158955.19222856,1,2.45225120,23.00000000,1.29944650,2.97528451,116.71125810
1632158955.29223299,1,2.47410750,23.00000000,1.25258585,2.97674967,117.67554607
1632158955.39223313,1,2.49591327,23.00000000,1.20158829,2.97440528,118.72749658
1632158955.49222922,1,2.51914477,23.00000000,1.11345043,2.95177999,120.74373506
1632158955.59222794,1,2.54252219,22.00000000,1.10286219,2.97268169,120.70802303
1632158955.69224024,1,2.56749725,22.00000000,1.05314381,2.97274693,121.67231100
1632158955.79223371,1,2.59236813,22.00000000,0.99980959,2.96855250,122.72426151
1632158955.89220142,1,2.61877775,22.00000000,0.94865620,2.96760329,123.68854948
1632158955.99223232,1,2.64505744,22.00000000,0.89724849,2.96446694,124.65283745
1632158956.09220505,1,2.67281723,22.00000000,0.84135462,2.95903050,125.70478796
1632158956.19223452,1,2.70121741,21.00000000,0.82614750,2.98404460,125.66907593
1632158956.29223037,1,2.72945237,21.00000000,0.76924263,2.97738967,126.72102644
1632158956.39222980,1,2.75908208,21.00000000,0.71454130,2.97403306,127.68531441
1632158956.49223018,1,2.78852463,21.00000000,0.61898706,2.93599133,129.70155289
1632158956.59222817,1,2.81870484,20.00000000,0.60106034,2.96033330,129.66584086
1632158956.69223285,1,2.85002160,20.00000000,0.54440678,2.95448403,130.63012883
1632158956.79223204,1,2.88112211,19.00000000,0.52217315,2.97638513,130.68207934
1632158956.89220238,1,2.91348433,19.00000000,0.46416388,2.96865192,131.64636731
1632158956.99223614,1,2.94633961,19.00000000,0.40223988,2.95834164,132.69831782
1632158957.09220290,1,2.97859359,18.00000000,0.38173205,2.98330477,132.66260579
1632158957.19223428,1,3.01239872,18.00000000,0.32183224,2.97349404,133.62689376
1632158957.29223108,1,3.04664946,18.00000000,0.25709766,2.96029296,134.67884427
1632158957.39223194,1,3.07995915,18.00000000,0.23367654,2.98397812,134.67884427
1632158957.49223113,1,3.11505651,18.00000000,0.17203214,2.97175978,135.64313224
1632158957.59223223,1,3.15055656,18.00000000,0.10990007,2.95932659,136.60742021
1632158957.69223309,1,3.18577433,18.00000000,0.04451823,2.94065133,137.65937072
1632158957.79223275,1,3.22204709,17.00000000,0.01906019,2.96656638,137.62365869
1632158957.89223480,1,3.25868320,17.00000000,-0.04889102,2.94669332,138.67560921
1632158957.99223161,1,3.29495001,16.00000000,-0.07477019,2.97315296,138.63989717
1632158958.09223390,1,3.33162880,16.00000000,-0.13899568,2.95499460,139.60418514
1632158958.19221258,1,3.36928535,16.00000000,-0.20732894,2.93192135,140.65613566
1632158958.29223228,1,3.40725923,15.00000000,-0.19859578,3.00165423,139.65613566
1632158958.39222932,1,3.44554043,16.00000000,-0.30268521,2.93608212,141.62042362
1632158958.49219918,1,3.48350477,15.00000000,-0.33206744,2.96135463,141.58471159
1632158958.59222960,1,3.52162004,15.00000000,-0.40163953,2.93401136,142.63666211
1632158958.69223046,1,3.56076431,14.00000000,-0.43140409,2.95953031,142.60095007
1632158958.79223061,1,3.60017753,14.00000000,-0.46271492,2.98443842,142.60095007
1632158958.89223552,1,3.63926387,14.00000000,-0.53385861,2.95472747,143.65290059
1632158958.99220157,1,3.67919517,14.00000000,-0.60229849,2.92821370,144.61718856
1632158959.09223127,1,3.71936989,13.00000000,-0.63468006,2.95336599,144.58147653
1632158959.19221091,1,3.75899410,13.00000000,-0.66697144,2.97729999,144.58147653
1632158959.29222870,1,3.79906607,13.00000000,-0.73952736,2.94331281,145.63342704
1632158959.39222860,1,3.83992743,12.00000000,-0.77287444,2.96835365,145.59771501
1632158959.49223495,1,3.88020372,12.00000000,-0.80610604,2.99110975,145.59771501
1632158959.59221172,1,3.92148209,12.00000000,-0.87699363,2.96063601,146.56200298
1632158959.69221878,1,3.96242285,12.00000000,-0.95068623,2.92212251,147.61395349
1632158959.79220700,1,4.00410223,11.00000000,-0.94890789,3.00313200,146.61395349
1632158959.89221191,1,4.04515648,11.00000000,-1.02017020,2.96953512,147.57824146
1632158959.99222040,1,4.08668184,11.00000000,-1.05522278,2.99179883,147.57824146
1632158960.09220672,1,4.12891197,11.00000000,-1.13189419,2.95008051,148.63019197
1632158960.19221473,1,4.17048931,11.00000000,-1.20342570,2.91148995,149.59447994
1632158960.29220819,1,4.21305466,10.00000000,-1.20479467,2.99903350,148.59447994
1632158960.39224029,1,4.25220203,10.00000000,-1.27595295,2.95804157,149.55876791
1632158960.49221063,1,4.29425955,10.00000000,-1.31221280,2.97935019,149.55876791
1632158960.59220147,1,4.33730030,10.00000000,-1.38903417,2.93213507,150.61071842
1632158960.69220400,1,4.38048887,9.00000000,-1.38856614,3.01961343,149.61071842
1632158960.79220390,1,4.42382050,10.00000000,-1.50040917,2.90941844,151.57500639
1632158960.89223027,1,4.46729183,9.00000000,-1.50092934,2.99835288,150.57500639
1632158960.99220586,1,4.51089859,9.00000000,-1.57893449,2.94727044,151.62695690
1632158961.09220743,1,4.55463648,9.00000000,-1.61741825,2.96805514,151.62695690
1632158961.19220543,1,4.59850216,9.00000000,-1.69221755,2.92049853,152.59124487
1632158961.29223800,1,4.64249182,8.00000000,-1.69334385,3.01235050,151.59124487
1632158961.39231324,1,4.68660212,8.00000000,-1.73214220,3.03333635,151.59124487
1632158961.49228573,1,4.73082924,9.00000000,-1.84574559,2.91042616,153.55553284
1632158961.59229565,1,4.77517033,8.00000000,-1.84865290,3.00543694,152.55553284
1632158961.69229293,1,4.81831694,8.00000000,-1.92699292,2.94644451,153.60748335
1632158961.79228473,1,4.86287880,8.00000000,-1.96691010,2.96625307,153.60748335
1632158961.89227986,1,4.90754557,8.00000000,-2.00692124,2.98610826,153.60748335
1632158961.99228907,1,4.95231390,8.00000000,-2.08344282,2.93104023,154.57177132
1632158962.09229350,1,4.99718142,7.00000000,-2.08582891,3.02874265,153.57177132
1632158962.19229794,1,5.04214573,8.00000000,-2.20036237,2.89267078,155.53605929
1632158962.29229140,1,5.08720398,7.00000000,-2.20390289,2.99182257,154.53605929
1632158962.39230967,1,5.13235378,7.00000000,-2.24563666,3.01123441,154.53605929
1632158962.49221158,1,5.17671442,7.00000000,-2.32576161,2.94412518,155.58800980
1632158962.59221458,1,5.22203827,7.00000000,-2.36703338,2.96285730,155.58800980
1632158962.69223809,1,5.26744699,7.00000000,-2.44434049,2.90059452,156.55229777
1632158962.79223466,1,5.31293821,6.00000000,-2.44843704,3.00441082,155.55229777
1632158962.89231443,1,5.35811234,6.00000000,-2.48956083,3.02310669,155.55229777
1632158962.99229598,1,5.40376568,6.00000000,-2.53209086,3.04200090,155.55229777
1632158963.09228969,1,5.44860744,7.00000000,-2.65047234,2.88151437,157.60424828
1632158963.19228554,1,5.49440956,6.00000000,-2.65551157,2.98730428,156.60424828
1632158963.29230928,1,5.54028463,6.00000000,-2.69761498,3.00552034,156.60424828
1632158963.39229584,1,5.58623075,6.00000000,-2.77638772,2.93716792,157.56853625
1632158963.49224806,1,5.63224554,6.00000000,-2.81892087,2.95472616,157.56853625
1632158963.59227300,1,5.67832804,6.00000000,-2.86248661,2.97231022,157.56853625
1632158963.69228482,1,5.72357988,6.00000000,-2.94032015,2.90023288,158.53282422
1632158963.79224467,1,5.76979113,5.00000000,-2.94565600,3.01150426,157.53282422
1632158963.89228773,1,5.81569862,5.00000000,-2.98807905,3.02904800,157.53282422
1632158963.99223685,1,5.86203623,5.00000000,-3.03089957,3.04675611,157.53282422
1632158964.09229589,1,5.90843391,6.00000000,-3.15112122,2.86754142,159.58477473
1632158964.19223118,1,5.95488977,5.00000000,-3.15852718,2.98082926,158.58477473
1632158964.29229069,1,6.00049973,5.00000000,-3.20098817,2.99748255,158.58477473
1632158964.39223742,1,6.04706669,5.00000000,-3.24434009,3.01448528,158.58477473
1632158964.49230838,1,6.09368849,5.00000000,-3.32438385,2.93572129,159.54906270
1632158964.59222794,1,6.14036369,5.00000000,-3.36811719,2.95202985,159.54906270
1632158964.69228148,1,6.18709040,5.00000000,-3.41286880,2.96835640,159.54906270
1632158964.79228926,1,6.23296022,5.00000000,-3.45584753,2.98438356,159.54906270
1632158964.89228892,1,6.27978659,5.00000000,-3.53581568,2.90238144,160.51335067
1632158964.99229336,1,6.32632494,4.00000000,-3.54194872,3.02166987,159.51335067
1632158965.09229612,1,6.37325001,4.00000000,-3.58590595,3.03809313,159.51335067
1632158965.19228673,1,6.42022133,5.00000000,-3.66917622,2.94922867,160.51335067
1632158965.29228687,1,6.46632528,5.00000000,-3.71263930,2.96460836,160.51335067
1632158965.39228845,1,6.51338577,5.00000000,-3.79585928,2.86721147,161.56530118
1632158965.49228930,1,6.56048965,4.00000000,-3.80339165,2.99041178,160.56530118
1632158965.59228754,1,6.60763597,4.00000000,-3.84882163,3.00609888,160.56530118
1632158965.69228649,1,6.65390778,4.00000000,-3.89245693,3.02149500,160.56530118
1632158965.79226398,1,6.70113611,4.00000000,-3.93699426,3.03720940,160.56530118
1632158965.89228892,1,6.74840403,4.00000000,-4.01845615,2.94697477,161.52958915
1632158965.99228930,1,6.79524183,4.00000000,-4.06385122,2.96181368,161.52958915
1632158966.09228849,1,6.84167147,4.00000000,-4.10788914,2.97652328,161.52958915
1632158966.19227028,1,6.88905668,4.00000000,-4.15283342,2.99153562,161.52958915
1632158966.29228663,1,6.93647861,4.00000000,-4.19878252,3.00655959,161.52958915
1632158966.39228725,1,6.98301554,4.00000000,-4.28242189,2.89933332,162.58153966
1632158966.49228382,1,7.03050804,3.00000000,-4.28998508,3.03030236,161.58153966
1632158966.59229255,1,7.07803535,3.00000000,-4.33507777,3.04531884,161.58153966
1632158966.69226646,1,7.12559605,4.00000000,-4.41943421,2.94201454,162.58153966
1632158966.79228425,1,7.17226648,4.00000000,-4.46396453,2.95695525,162.58153966
1632158966.89229202,1,7.21959829,4.00000000,-4.54452117,2.85488929,163.54582763
1632158966.99229002,1,7.26725817,3.00000000,-4.55421298,2.98971234,162.54582763
1632158967.09228730,1,7.31402397,3.00000000,-4.59882556,3.00373941,162.54582763
1632158967.19228673,1,7.36174488,3.00000000,-4.64434926,3.01805296,162.54582763
1632158967.29224467,1,7.40949583,3.00000000,-4.68990162,3.03237552,162.54582763
1632158967.39228463,1,7.45727682,3.00000000,-4.73645264,3.04670708,162.54582763
1632158967.49229670,1,7.50415850,3.00000000,-4.78117575,3.06076891,162.54582763
1632158967.59229875,1,7.55199575,4.00000000,-4.90021929,2.82684823,164.51011560
1632158967.69224429,1,7.59986115,3.00000000,-4.91126281,2.96811064,163.51011560
1632158967.79228854,1,7.64608192,3.00000000,-4.95558253,2.98123023,163.51011560
1632158967.89229155,1,7.69400215,3.00000000,-5.00153179,2.99483220,163.51011560
1632158967.99224234,1,7.74194860,3.00000000,-5.04847620,3.00844161,163.51011560
1632158968.09228539,1,7.78899002,3.00000000,-5.09358279,3.02179413,163.51011560
1632158968.19228458,1,7.83698750,3.00000000,-5.13960613,3.03541802,163.51011560
1632158968.29224133,1,7.88500977,3.00000000,-5.18662323,3.04904896,163.51011560
1632158968.39229274,1,7.93212414,3.00000000,-5.23179979,3.06242218,163.51011560
1632158968.49228644,1,7.98019409,4.00000000,-5.35409098,2.80063060,165.56206611
1632158968.59229064,1,8.02828789,3.00000000,-5.36745725,2.94897495,164.56206611
1632158968.69228673,1,8.07334042,3.00000000,-5.41767426,2.96387768,164.56206611
1632158968.79229021,1,8.11415768,3.00000000,-5.46623380,2.97668300,164.56206611
1632158968.89228725,1,8.15292358,3.00000000,-5.51475601,2.99088227,164.56206611
1632158968.99228764,1,8.14113712,3.00000000,-5.55330445,2.86070736,165.52635408
1632158969.09228563,1,8.12568951,2.00000000,-5.52013485,2.99869923,164.52635408
1632158969.19224334,1,8.10663414,2.00000000,-5.51535017,2.99846536,164.52635408
1632158969.29227209,1,8.09225178,2.00000000,-5.51361413,2.99850821,164.52635408
1632158969.39228511,1,8.07953072,2.00000000,-5.51638916,2.99947929,164.52635408
1632158969.49228716,1,8.06387615,2.00000000,-5.51924702,3.00015273,164.52635408
1632158969.59224319,1,8.04528713,2.00000000,-5.55624165,2.87022116,165.49064205
1632158969.69229150,1,8.02457047,1.00000000,-5.51834512,3.00661111,164.49064205
1632158969.79228520,1,8.00512600,1.00000000,-5.51949369,3.00723175,164.49064205
1632158969.89224219,1,7.98440838,1.00000000,-5.52329546,3.00751194,164.49064205
1632158969.99229574,1,7.95995235,1.00000000,-5.52591996,3.00921750,164.49064205
1632158970.09228563,1,7.93251181,1.00000000,-5.52857861,3.00964002,164.49064205
1632158970.19228673,1,7.90239620,1.00000000,-5.53253961,3.01177223,164.49064205
1632158970.29228520,1,7.86789417,1.00000000,-5.52839391,3.01079154,164.49064205
1632158970.39224267,1,7.83764887,1.00000000,-5.53077494,3.01143407,164.49064205
1632158970.49224854,1,7.80493784,1.00000000,-5.53466002,3.01287228,164.49064205
1632158970.59229231,1,7.76809835,1.00000000,-5.57386487,2.87495024,165.54259256
1632158970.69229102,1,7.72905207,0.00000000,-5.53809834,3.00668209,164.54259256
1632158970.79228830,1,7.69055176,0.00000000,-5.53833563,3.00660591,164.54259256
1632158970.89228272,1,7.65184307,0.00000000,-5.53788708,3.00501920,164.54259256
1632158970.99225497,1,7.61399031,0.00000000,-5.53729350,3.00511561,164.54259256
1632158971.09228373,1,7.57668400,0.00000000,-5.53625660,3.00487266,164.54259256
1632158971.19222760,1,7.54044199,0.00000000,-5.53721551,3.00442837,164.54259256
1632158971.29222488,1,7.50339460,0.00000000,-5.53594317,3.00376942,164.54259256
1632158971.39219379,1,7.46774912,0.00000000,-5.53650702,3.00396912,164.54259256
1632158971.49223208,1,7.43150711,0.00000000,-5.53552593,3.00352483,164.54259256
1632158971.59222460,1,7.39632940,0.00000000,-5.53557064,3.00287920,164.54259256
1632158971.69222713,1,7.36128092,0.00000000,-5.53573990,3.00275301,164.54259256
1632158971.79222441,1,7.32610321,0.00000000,-5.53481461,3.00210737,164.54259256
1632158971.89222288,1,7.29198980,0.00000000,-5.53491512,3.00126040,164.54259256
1632158971.99223018,1,7.25800610,0.00000000,-5.53417064,3.00093300,164.54259256
1632158972.09224653,1,7.22482729,0.00000000,-5.53517195,3.00130512,164.54259256
1632158972.19227266,1,7.19058418,0.00000000,-5.53417746,3.00042358,164.54259256
1632158972.29229808,1,7.15753555,0.00000000,-5.53336424,3.00034539,164.54259256
1632158972.39228606,1,7.12529135,0.00000000,-5.53429634,2.99999660,164.54259256
1632158972.49230409,1,7.09224224,0.00000000,-5.53348266,2.99894829,164.54259256
1632158972.59229064,1,7.06025791,0.00000000,-5.53272524,2.99866876,164.54259256
1632158972.69225597,1,7.02907848,0.00000000,-5.53274361,2.99811876,164.54259256
1632158972.79229522,1,6.99802876,0.00000000,-5.53288698,2.99808833,164.54259256
1632158972.89228964,1,6.96684885,0.00000000,-5.53241989,2.99753820,164.54259256
1632158972.99225354,1,6.93626642,0.00000000,-5.53204367,2.99763231,164.54259256
1632158973.09225249,1,6.90602112,0.00000000,-5.53199237,2.99733127,164.54259256
1632158973.19227052,1,6.87590599,0.00000000,-5.53206654,2.99609493,164.54259256
1632158973.29224634,1,6.84605122,0.00000000,-5.53142165,2.99638298,164.54259256
1632158973.39228678,1,6.81674051,0.00000000,-5.53081615,2.99536103,164.54259256
1632158973.49229264,1,6.78828716,0.00000000,-5.53152199,2.99602259,164.54259256
1632158973.59229302,1,6.75897646,0.00000000,-5.53140149,2.99500064,164.54259256
1632158973.69224977,1,6.73005629,0.00000000,-5.53020239,2.99456778,164.54259256
1632158973.79229331,1,6.70240736,0.00000000,-5.53071356,2.99398873,164.54259256
1632158973.89227486,1,6.67442131,0.00000000,-5.53089979,2.99477484,164.54259256
1632158973.99226427,1,6.64604521,0.00000000,-5.52925509,2.99400198,164.54259256
1632158974.09227180,1,6.61946106,0.00000000,-5.53079252,2.99419172,164.54259256
1632158974.19229341,1,6.59134483,0.00000000,-5.52988329,2.99348813,164.54259256
1632158974.29225540,1,6.56429338,0.00000000,-5.52854532,2.99209833,164.54259256
1632158974.39227247,1,6.53890419,0.00000000,-5.53026448,2.99260655,164.54259256
1632158974.49225664,1,6.51172256,0.00000000,-5.52880105,2.99215205,164.54259256
1632158974.59228849,1,6.48607302,0.00000000,-5.52929928,2.99162088,164.54259256
1632158974.69229960,1,6.46008635,0.00000000,-5.52898757,2.99148486,164.54259256
1632158974.79225516,1,6.43443632,0.00000000,-5.52851534,2.99046857,164.54259256
1632158974.89229298,1,6.40951490,0.00000000,-5.52826036,2.99110146,164.54259256
1632158974.99229455,1,6.38466883,0.00000000,-5.52759299,2.99029944,164.54259256
1632158975.09229684,1,6.36068106,0.00000000,-5.52823789,2.99021117,164.54259256
1632158975.19229221,1,6.33609629,0.00000000,-5.52879238,2.99044879,164.54259256
1632158975.29228449,1,6.31091356,0.00000000,-5.52731554,2.98955704,164.54259256
1632158975.39226174,1,6.28739309,0.00000000,-5.52792583,2.98959332,164.54259256
1632158975.49228525,1,6.26327515,0.00000000,-5.52650526,2.98898536,164.54259256
1632158975.59228587,1,6.24068928,0.00000000,-5.52753135,2.98927073,164.54259256
1632158975.69229698,1,6.21703863,0.00000000,-5.52704617,2.98878731,164.54259256
1632158975.79222703,1,6.19398546,0.00000000,-5.52665186,2.98846313,164.54259256
1632158975.89222264,1,6.17139959,0.00000000,-5.52573795,2.98777850,164.54259256
1632158975.99222636,1,6.14987803,0.00000000,-5.52730484,2.98786253,164.54259256
1632158976.09251094,1,6.12682533,0.00000000,-5.52594099,2.98753849,164.54259256
1632158976.19225025,1,6.10517311,0.00000000,-5.52592696,2.98710269,164.54259256
1632158976.29229403,1,6.08365202,0.00000000,-5.52652431,2.98718685,164.54259256
1632158976.39224839,1,6.06153345,0.00000000,-5.52509080,2.98614177,164.54259256
1632158976.49228668,1,6.04107714,0.00000000,-5.52622941,2.98699471,164.54259256
1632158976.59225988,1,6.01929426,0.00000000,-5.52511945,2.98603909,164.54259256
1632158976.69228697,1,5.99883795,0.00000000,-5.52577306,2.98543704,164.54259256
1632158976.79228759,1,5.97791481,0.00000000,-5.52549174,2.98616556,164.54259256
1632158976.89228773,1,5.95706654,0.00000000,-5.52431257,2.98545904,164.54259256
1632158976.99228811,1,5.93754435,0.00000000,-5.52538152,2.98510595,164.54259256
1632158977.09228849,1,5.91708803,0.00000000,-5.52458013,2.98498889,164.54259256
1632158977.19229054,1,5.89743519,0.00000000,-5.52503816,2.98460098,164.54259256
1632158977.29226637,1,5.87744617,0.00000000,-5.52371717,2.98412346,164.54259256
1632158977.39228678,1,5.85885811,0.00000000,-5.52471645,2.98450434,164.54259256
1632158977.49229336,1,5.83920527,0.00000000,-5.52371948,2.98411642,164.54259256
1632158977.59227228,1,5.82061720,0.00000000,-5.52374876,2.98401229,164.54259256
1632158977.69228005,1,5.80202913,0.00000000,-5.52377805,2.98390817,164.54259256
1632158977.79229212,1,5.78344107,0.00000000,-5.52380733,2.98331904,164.54259256
1632158977.89229751,1,5.76498413,0.00000000,-5.52299301,2.98324986,164.54259256
1632158977.99228597,1,5.74733019,0.00000000,-5.52440763,2.98339470,164.54259256
1632158978.09228659,1,5.72827530,0.00000000,-5.52301698,2.98268115,164.54259256
1632158978.19228745,1,5.71075249,0.00000000,-5.52310298,2.98286094,164.54259256
1632158978.29221439,1,5.69309807,0.00000000,-5.52209215,2.98203565,164.54259256
1632158978.39230585,1,5.67664051,0.00000000,-5.52320488,2.98152935,164.54259256
1632158978.49227858,1,5.65924883,0.00000000,-5.52244727,2.98222908,164.54259256
1632158978.59229422,1,5.64239740,0.00000000,-5.52318038,2.98161781,164.54259256
1632158978.69223380,1,5.62500572,0.00000000,-5.52242278,2.98086254,164.54259256
1632158978.79223251,1,5.60854769,0.00000000,-5.52256505,2.98132611,164.54259256
1632158978.89222741,1,5.59182739,0.00000000,-5.52148455,2.98123479,164.54259256
1632158978.99222803,1,5.62432241,0.00000000,-5.56880919,2.99377542,164.54259256
1632158979.09227943,1,5.65604448,0.00000000,-5.61538883,3.00611005,164.54259256
1632158979.19228601,1,5.68779516,0.00000000,-5.66102605,3.01845230,164.54259256
1632158979.29228663,1,5.72051096,0.00000000,-5.70710848,3.03153678,164.54259256
1632158979.39228988,1,5.75359774,0.00000000,-5.75403347,3.04423514,164.54259256
1632158979.49228358,1,5.78637218,1.00000000,-5.82381303,2.95831203,165.54259256
1632158979.59230208,1,5.82223606,1.00000000,-5.87357623,2.97114581,165.54259256
1632158979.69231248,1,5.85506582,1.00000000,-5.92040138,2.98370710,165.54259256
1632158979.79228997,1,5.88780069,1.00000000,-5.96713466,2.99575969,165.54259256
1632158979.89225650,1,5.92068529,1.00000000,-6.01304291,3.00784967,165.54259256
1632158979.99226403,1,5.95453596,1.00000000,-6.06085665,3.02018083,165.54259256
1632158980.09229732,1,5.98747301,1.00000000,-6.10681570,3.03276891,165.54259256
1632158980.19226098,1,6.02125883,1.00000000,-6.15311164,3.04411388,165.54259256
1632158980.29226017,1,6.05589342,2.00000000,-6.22620791,2.95406741,166.54259256
1632158980.39224362,1,6.08984756,2.00000000,-6.29533710,2.86597526,167.50688053
1632158980.49225044,1,6.12476921,1.00000000,-6.31655301,2.97962878,166.50688053
1632158980.59233379,1,6.16205788,1.00000000,-6.36057243,2.99075429,166.50688053
1632158980.69232440,1,6.20255423,1.00000000,-6.40528600,3.00214325,166.50688053
1632158980.79228687,1,6.24554634,1.00000000,-6.44903144,3.01217454,166.50688053
1632158980.89229631,1,6.29231215,1.00000000,-6.49450641,3.02308633,166.50688053
1632158980.99232316,1,6.34098625,1.00000000,-6.54183702,3.03444340,166.50688053
1632158981.09233379,1,6.38968039,1.00000000,-6.58918709,3.04580513,166.50688053
1632158981.19232607,1,6.43839502,2.00000000,-6.66182165,2.94767888,167.50688053
1632158981.29232812,1,6.48712873,2.00000000,-6.70940145,2.95822107,167.50688053
1632158981.39232254,1,6.53588200,2.00000000,-6.75700033,2.96876749,167.50688053
1632158981.49232674,1,6.58465385,2.00000000,-6.80461737,2.97931793,167.50688053
1632158981.59232163,1,6.63344383,2.00000000,-6.85225210,2.98987230,167.50688053
1632158981.69231939,1,6.68225193,2.00000000,-6.89990451,3.00043058,167.50688053
1632158981.79231644,1,6.73107767,2.00000000,-6.94757416,3.01099268,167.50688053
1632158981.89227748,1,6.77992010,2.00000000,-6.99526010,3.02155839,167.50688053
1632158981.99231982,1,6.77992010,2.00000000,-6.99526010,3.02155839,167.50688053
1632158982.09231544,1,6.77992010,2.00000000,-6.99526010,3.02155839,167.50688053
1632158982.19232106,1,6.77992010,2.00000000,-6.99526010,3.02155839,167.50688053
1632158982.29232454,1,6.77992010,2.00000000,-6.99526010,3.02155839,167.50688053
1632158982.39232922,1,6.77992010,2.00000000,-7.02107062,2.89978612,168.55883104
1632158982.49232888,1,6.77992010,1.00000000,-6.99658720,3.01555594,167.55883104
1632158982.59231853,1,6.77992010,1.00000000,-6.99658720,3.01555594,167.55883104
1632158982.69231987,1,6.77992010,1.00000000,-6.99658720,3.01555594,167.55883104
1632158982.79231691,1,6.77992010,1.00000000,-6.99658720,3.01555594,167.55883104
1632158982.89227772,1,6.77992010,1.00000000,-6.99658720,3.01555594,167.55883104
1632158982.99231601,1,6.77992010,1.00000000,-6.99658720,3.01555594,167.55883104
1632158983.09231782,1,6.77992010,1.00000000,-6.99658720,3.01555594,167.55883104
1632158983.19231892,1,6.77992010,1.00000000,-6.99658720,3.01555594,167.55883104
1632158983.29232669,1,6.77992010,1.00000000,-6.99658720,3.01555594,167.55883104
1632158983.39231753,1,6.77992010,1.00000000,-6.99658720,3.01555594,167.55883104
1632158983.49231815,1,6.77992010,1.00000000,-6.99658720,3.01555594,167.55883104
1632158983.59231901,1,6.77992010,1.00000000,-6.99658720,3.01555594,167.55883104
1632158983.69231725,1,6.77992010,1.00000000,-6.99658720,3.01555594,167.55883104
1632158983.79231381,1,6.77992010,1.00000000,-6.99658720,3.01555594,167.55883104
1632158983.89231586,1,6.77992010,1.00000000,-6.99658720,3.01555594,167.55883104
1632158983.99224782,1,6.77992010,1.00000000,-6.99658720,3.01555594,167.55883104
1632158984.09229541,1,6.77992010,1.00000000,-6.99658720,3.01555594,167.55883104
1632158984.19231462,1,6.77992010,1.00000000,-6.99658720,3.01555594,167.55883104
1632158984.29231358,1,6.77992010,1.00000000,-6.99658720,3.01555594,167.55883104
1632158984.39231896,1,6.77992010,1.00000000,-6.99658720,3.01555594,167.55883104
1632158984.49231577,1,6.77992010,1.00000000,-6.99658720,3.01555594,167.55883104
1632158984.59232116,1,6.77992010,1.00000000,-6.99658720,3.01555594,167.55883104
1632158984.69232607,1,6.77992010,1.00000000,-6.99658720,3.01555594,167.55883104
1632158984.79231715,1,6.77992010,1.00000000,-6.99658720,3.01555594,167.55883104
1632158984.89232159,1,6.77992010,1.00000000,-6.99658720,3.01555594,167.55883104
1632158984.99231839,1,6.77992010,1.00000000,-6.99658720,3.01555594,167.55883104
1632158985.09231663,1,6.77992010,1.00000000,-6.99658720,3.01555594,167.55883104
1632158985.19231892,1,6.77992010,1.00000000,-6.99658720,3.01555594,167.55883104
1632158985.29231524,1,6.77992010,1.00000000,-6.99658720,3.01555594,167.55883104
1632158985.39231563,1,6.77992010,1.00000000,-6.99658720,3.01555594,167.55883104
1632158985.49231386,1,6.77992010,1.00000000,-6.99658720,3.01555594,167.55883104
1632158985.59231687,1,6.77992010,1.00000000,-6.99658720,3.01555594,167.55883104
1632158985.69231510,1,6.77992010,1.00000000,-6.99658720,3.01555594,167.55883104
1632158985.79231620,1,6.77992010,1.00000000,-6.99658720,3.01555594,167.55883104
1632158985.89231539,1,6.77992010,1.00000000,-6.99658720,3.01555594,167.55883104
1632158985.99231982,1,6.77992010,1.00000000,-6.99658720,3.01555594,167.55883104
1632158986.09231734,1,6.77992010,1.00000000,-6.99658720,3.01555594,167.55883104
1632158986.19231677,1,6.77992010,1.00000000,-6.99658720,3.01555594,167.55883104
1632158986.29232121,1,6.77992010,1.00000000,-6.99658720,3.01555594,167.55883104
1632158986.39231658,1,6.77992010,1.00000000,-6.99658720,3.01555594,167.55883104
1632158986.49231458,1,6.77992010,1.00000000,-6.99658720,3.01555594,167.55883104
1632158986.59231377,1,6.77992010,1.00000000,-6.99658720,3.01555594,167.55883104
1632158986.69231606,1,6.77992010,1.00000000,-6.99658720,3.01555594,167.55883104
1632158986.79230547,1,6.77992010,1.00000000,-6.99658720,3.01555594,167.55883104
1632158986.89233112,1,6.77992010,1.00000000,-6.99658720,3.01555594,167.55883104
1632158986.99231863,1,6.77992010,1.00000000,-6.99658720,3.01555594,167.55883104
1632158987.09232259,1,6.77992010,1.00000000,-6.99658720,3.01555594,167.55883104
1632158987.19231439,1,6.77992010,1.00000000,-6.99658720,3.01555594,167.55883104
1632158987.29231310,1,6.77992010,1.00000000,-6.99658720,3.01555594,167.55883104
1632158987.39231420,1,6.77992010,1.00000000,-6.99658720,3.01555594,167.55883104
1632158987.49231529,1,6.77992010,1.00000000,-6.99658720,3.01555594,167.55883104
1632158987.59231877,1,6.77992010,1.00000000,-6.99658720,3.01555594,167.55883104
1632158987.69231915,1,6.77992010,1.00000000,-6.99658720,3.01555594,167.55883104
1632158987.79232144,1,6.77992010,1.00000000,-6.99658720,3.01555594,167.55883104
1632158987.89233279,1,6.77992010,1.00000000,-6.99658720,3.01555594,167.55883104
1632158987.99231815,1,6.77992010,1.00000000,-6.99658720,3.01555594,167.55883104
1632158988.09232044,1,6.77992010,1.00000000,-6.99658720,3.01555594,167.55883104
1632158988.19231677,1,6.77992010,1.00000000,-6.99658720,3.01555594,167.55883104
1632158988.29231668,1,6.77992010,1.00000000,-6.99658720,3.01555594,167.55883104
1632158988.39225006,1,6.77992010,1.00000000,-6.99658720,3.01555594,167.55883104
1632158988.49231315,1,6.77992010,1.00000000,-6.99658720,3.01555594,167.55883104
1632158988.59235024,1,6.77992010,1.00000000,-6.99658720,3.01555594,167.55883104
1632158988.69231939,1,6.77992010,1.00000000,-6.99658720,3.01555594,167.55883104
1632158988.79232121,1,6.77992010,1.00000000,-6.99658720,3.01555594,167.55883104
1632158988.89231873,1,6.77992010,1.00000000,-6.99658720,3.01555594,167.55883104
1632158988.99232674,1,6.77992010,1.00000000,-6.99658720,3.01555594,167.55883104
1632158989.09231138,1,6.77992010,1.00000000,-6.99658720,3.01555594,167.55883104
1632158989.19231200,1,6.77992010,1.00000000,-6.99658720,3.01555594,167.55883104
1632158989.29232574,1,6.77992010,1.00000000,-6.99658720,3.01555594,167.55883104
1632158989.39231515,1,6.77992010,1.00000000,-6.99658720,3.01555594,167.55883104
1632158989.49231791,1,6.77992010,1.00000000,-6.99658720,3.01555594,167.55883104
1632158989.59231758,1,6.77992010,1.00000000,-6.99658720,3.01555594,167.55883104
1632158989.69231844,1,6.77992010,1.00000000,-6.99658720,3.01555594,167.55883104
1632158989.79232311,1,6.77992010,1.00000000,-6.99658720,3.01555594,167.55883104
1632158989.89231658,1,6.77992010,1.00000000,-6.99658720,3.01555594,167.55883104
1632158989.99231791,1,6.77992010,1.00000000,-6.99658720,3.01555594,167.55883104
1632158990.09231591,1,6.77992010,1.00000000,-6.99658720,3.01555594,167.55883104
1632158990.19231105,1,6.77992010,1.00000000,-6.99658720,3.01555594,167.55883104
1632158990.29231524,1,6.77992010,1.00000000,-6.99658720,3.01555594,167.55883104
1632158990.39231515,1,6.77992010,1.00000000,-6.99658720,3.01555594,167.55883104
1632158990.49231124,1,6.77992010,1.00000000,-6.99658720,3.01555594,167.55883104
1632158990.59231472,1,6.77992010,1.00000000,-6.99658720,3.01555594,167.55883104
1632158990.69231153,1,6.77992010,1.00000000,-6.99658720,3.01555594,167.55883104
1632158990.79232025,1,6.77992010,1.00000000,-6.99658720,3.01555594,167.55883104
1632158990.89231324,1,6.77992010,1.00000000,-6.99658720,3.01555594,167.55883104
1632158990.99231410,1,6.77992010,1.00000000,-6.99658720,3.01555594,167.55883104
1632158991.09231663,1,6.77992010,1.00000000,-6.99658720,3.01555594,167.55883104
1632158991.19231510,1,6.77992010,1.00000000,-6.99658720,3.01555594,167.55883104
1632158991.29231262,1,6.77992010,1.00000000,-6.99658720,3.01555594,167.55883104
1632158991.39231348,1,6.77992010,1.00000000,-6.99658720,3.01555594,167.55883104
1632158991.49231577,1,6.77992010,1.00000000,-6.99658720,3.01555594,167.55883104
1632158991.59232640,1,6.77992010,1.00000000,-6.99658720,3.01555594,167.55883104
1632158991.69231629,1,6.77992010,1.00000000,-6.99658720,3.01555594,167.55883104
1632158991.79229593,1,6.77992010,1.00000000,-6.99658720,3.01555594,167.55883104
1632158991.89231277,1,6.77992010,1.00000000,-6.99658720,3.01555594,167.55883104
1632158991.99231648,1,6.76943922,2.00000000,-7.01079800,2.89770711,168.55883104
1632158992.09231496,1,6.75931215,2.00000000,-7.00087217,2.89569829,168.55883104
1632158992.19232130,1,6.74953985,2.00000000,-6.99129406,2.89375984,168.55883104
1632158992.29231334,1,6.74012470,3.00000000,-7.00439340,2.77639468,169.55883104
1632158992.39231515,1,6.73106766,3.00000000,-6.99548633,2.77475331,169.55883104
1632158992.49231410,1,6.72237015,4.00000000,-7.00718763,2.65761268,170.55883104
1632158992.59231710,1,6.71403408,4.00000000,-6.99896448,2.65624527,170.55883104
1632158992.69232368,1,6.70606041,4.00000000,-6.99109882,2.65493731,170.55883104
1632158992.79230213,1,6.69845009,5.00000000,-7.00176153,2.53820105,171.55883104
1632158992.89231300,1,6.69120502,5.00000000,-7.01018771,2.42561062,172.52311901
1632158992.99231219,1,6.68432617,5.00000000,-7.00336734,2.42471550,172.52311901
1632158993.09230065,1,6.67781448,5.00000000,-6.99691102,2.42386816,172.52311901
1632158993.19231129,1,6.67167139,6.00000000,-7.00496413,2.30748985,173.52311901
1632158993.29231071,1,6.66589785,6.00000000,-6.99922744,2.30683858,173.52311901
1632158993.39232016,1,6.66049433,6.00000000,-7.00556526,2.19474724,174.48740698
1632158993.49231148,1,6.65546179,6.00000000,-7.00055600,2.19426379,174.48740698
1632158993.59231210,1,6.65080166,6.00000000,-6.99591742,2.19381612,174.48740698
1632158993.69231224,1,6.64651442,7.00000000,-7.00178565,2.07784583,175.48740698
1632158993.79231334,1,6.64260101,7.00000000,-7.00636322,1.95587658,176.53935749
1632158993.89231181,1,6.63906145,7.00000000,-7.00283011,1.95566293,176.53935749
1632158993.99223232,1,6.63589716,7.00000000,-6.99967159,1.95547192,176.53935749
1632158994.09231019,1,6.63310766,7.00000000,-6.99688718,1.95530354,176.53935749
1632158994.19231701,1,6.63069439,8.00000000,-7.00430825,1.72805961,178.50364546
1632158994.29231644,1,6.62865734,7.00000000,-6.99824171,1.84362662,177.50364546
1632158994.39231539,1,6.62699699,8.00000000,-7.00061211,1.72796306,178.50364546
1632158994.49231100,1,6.62571383,8.00000000,-7.00130314,1.61643757,179.46793343
1632158994.59231114,1,6.62480736,8.00000000,-7.00039671,1.61642915,179.46793343
1632158994.69231272,1,6.62427855,8.00000000,-6.99986792,1.61642424,179.46793343
1632158994.79227519,1,6.62412691,9.00000000,-6.99767141,1.37921253,181.51988395
1632158994.89229178,1,6.62435246,8.00000000,-6.99995476,1.49480353,180.51988395
1632158994.99224091,1,6.62495565,8.00000000,-7.00055793,1.49479805,180.51988395
1632158995.09228849,1,6.62593603,9.00000000,-6.99558420,1.26771943,182.48417191
1632158995.19231200,1,6.62729359,8.00000000,-7.00094525,1.38325786,181.48417191
1632158995.29223776,1,6.62902784,9.00000000,-6.99228191,1.14604610,183.53612243
1632158995.39228415,1,6.63113880,8.00000000,-7.00051875,1.26148719,182.53612243
1632158995.49233770,1,6.63362598,9.00000000,-6.99687130,1.14576250,183.53612243
1632158995.59231305,1,6.63648891,9.00000000,-6.99190210,1.03416969,184.50041040
1632158995.69231558,1,6.63972712,8.00000000,-7.00321478,1.14951689,183.50041040
1632158995.79231524,1,6.64334011,9.00000000,-6.98902155,0.92224850,185.46469836
1632158995.89231539,1,6.64732695,8.00000000,-7.00303054,1.03744983,184.46469836
1632158995.99231339,1,6.65168762,9.00000000,-6.99733112,0.92145355,185.46469836
1632158996.09233451,1,6.65642071,9.00000000,-6.98928804,0.79946004,186.51664888
1632158996.19231200,1,6.66152620,9.00000000,-6.99436055,0.79888061,186.51664888
1632158996.29233074,1,6.66700220,9.00000000,-6.98612924,0.68689087,187.48093685
1632158996.39231205,1,6.67284870,8.00000000,-7.00608063,0.80172801,186.48093685
1632158996.49231291,1,6.67906475,9.00000000,-6.99808912,0.68532037,187.48093685
1632158996.59231901,1,6.68564844,9.00000000,-6.98902907,0.57303001,188.44522481
1632158996.69226956,1,6.69259930,9.00000000,-6.97563030,0.44400259,-170.44522481
1632158996.79231405,1,6.69991636,8.00000000,-6.98353776,0.44690632,-170.48093685
1632158996.89232492,1,6.70759773,8.00000000,-6.99111336,0.44563600,-170.48093685
1632158996.99231339,1,6.71564293,8.00000000,-6.99904778,0.44430552,-170.48093685
1632158997.09231067,1,6.72405005,8.00000000,-6.98768599,0.33147040,-169.51664888
1632158997.19231296,1,6.73281813,8.00000000,-6.99630771,0.32987505,-169.51664888
1632158997.29233432,1,6.74194574,8.00000000,-6.98164478,0.20671194,-168.46469836
1632158997.39231372,1,6.75143099,8.00000000,-6.99093844,0.20481516,-168.46469836
1632158997.49232078,1,6.76127291,8.00000000,-7.00058157,0.20284705,-168.46469836
1632158997.59232974,1,6.77147007,8.00000000,-6.98684469,0.08934298,-167.50041040
1632158997.69228029,1,6.78202009,8.00000000,-6.99714465,0.08705962,-167.50041040
1632158997.79230714,1,6.79292154,8.00000000,-6.98210603,-0.02670142,-166.53612243
1632158997.89231157,1,6.80417347,8.00000000,-6.99304872,-0.02932123,-166.53612243
1632158997.99230123,1,6.81577349,8.00000000,-7.00432993,-0.03202209,-166.53612243
1632158998.09229374,1,6.82771969,9.00000000,-6.95476931,-0.27153623,-164.48417191
1632158998.19224691,1,6.84001112,8.00000000,-6.99754226,-0.15952133,-165.48417191
1632158998.29230428,1,6.85264492,8.00000000,-6.97992746,-0.27408794,-164.51988395
1632158998.39231205,1,6.86561966,8.00000000,-6.99243152,-0.27755095,-164.51988395
1632158998.49232888,1,6.87893343,8.00000000,-7.00526231,-0.28110444,-164.51988395
1632158998.59231639,1,6.89258385,9.00000000,-6.94828803,-0.52140863,-162.46793343
1632158998.69231629,1,6.90656948,8.00000000,-6.99693125,-0.41036761,-163.46793343
1632158998.79229879,1,6.92088842,8.00000000,-6.97657600,-0.52582132,-162.50364546
1632158998.89227962,1,6.93553782,8.00000000,-6.99054766,-0.53022559,-162.50364546
1632158998.99230909,1,6.95051622,8.00000000,-7.00483311,-0.53472877,-162.50364546
1632158999.09232092,1,6.96582127,9.00000000,-6.94374284,-0.76581788,-160.53935749
1632158999.19226122,1,6.98145103,8.00000000,-6.99807029,-0.65578854,-161.53935749
1632158999.29228377,1,6.99740314,8.00000000,-6.97140399,-0.78232085,-160.48740698
1632158999.39226246,1,7.01367521,8.00000000,-6.98674153,-0.78775595,-160.48740698
1632158999.49231362,1,7.03026533,8.00000000,-7.00237884,-0.79329728,-160.48740698
1632158999.59233308,1,7.04717159,8.00000000,-6.97775994,-0.91039783,-159.52311901
1632158999.69226742,1,7.06439066,8.00000000,-6.99389099,-0.91642157,-159.52311901
1632158999.79231048,1,7.08192110,8.00000000,-6.96768041,-1.03385570,-158.55883104
1632158999.89231730,1,7.09976053,8.00000000,-6.98428524,-1.04037683,-158.55883104
1632158999.99231696,1,7.11790609,8.00000000,-7.00117501,-1.04700986,-158.55883104
1632159000.09234166,1,7.13635635,8.00000000,-6.96933648,-1.17526357,-157.50688053
1632159000.19230175,1,7.15510798,8.00000000,-6.98666158,-1.18243742,-157.50688053
1632159000.29232359,1,7.17415905,8.00000000,-6.95713459,-1.30088765,-156.54259256
1632159000.39224958,1,7.19350767,7.00000000,-7.02385407,-1.19298499,-157.54259256
1632159000.49227238,1,7.21315050,8.00000000,-6.99290365,-1.31640887,-156.54259256
1632159000.59232283,1,7.23308611,8.00000000,-6.95721324,-1.44567688,-155.49064205
1632159000.69231749,1,7.25331116,8.00000000,-6.97561588,-1.45406708,-155.49064205
1632159000.79231167,1,7.27382421,8.00000000,-6.94256137,-1.57353192,-154.52635408
1632159000.89233112,1,7.29462194,7.00000000,-7.01508916,-1.46706694,-155.52635408
1632159000.99231935,1,7.31570196,8.00000000,-6.98036789,-1.59154337,-154.52635408
1632159001.09229255,1,7.33706284,8.00000000,-6.94560714,-1.71175659,-153.56206611
1632159001.19231844,1,7.35870075,7.00000000,-7.02115788,-1.60589563,-154.56206611
1632159001.29231834,1,7.38061476,8.00000000,-6.92316183,-1.85192276,-152.51011560
1632159001.39228940,1,7.40280104,7.00000000,-7.00147908,-1.74703393,-153.51011560
1632159001.49231720,1,7.42525768,7.00000000,-7.02157808,-1.75705049,-153.51011560
1632159001.59231734,1,7.44798279,8.00000000,-6.92413017,-1.99372379,-151.54582763
1632159001.69227743,1,7.47097301,7.00000000,-7.00546611,-1.88949990,-152.54582763
1632159001.79231668,1,7.49422598,7.00000000,-7.02610032,-1.90022042,-152.54582763
1632159001.89231372,1,7.51774025,8.00000000,-6.92424474,-2.13768694,-150.58153966
1632159001.99231577,1,7.51774025,7.00000000,-6.98769210,-2.02283973,-151.58153966
1632159002.09231663,1,7.51774025,7.00000000,-6.98769210,-2.02283973,-151.58153966
1632159002.19224167,1,7.51774025,7.00000000,-6.92089395,-2.14362288,-150.52958915
1632159002.29230690,1,7.51774025,6.00000000,-6.98444541,-2.02883324,-151.52958915
1632159002.39231896,1,7.51774025,6.00000000,-6.98444541,-2.02883324,-151.52958915
1632159002.49232316,1,7.51774025,6.00000000,-6.92319794,-2.13954270,-150.56530118
1632159002.59228373,1,7.51774025,5.00000000,-6.98667784,-2.02471348,-151.56530118
1632159002.69225025,1,7.51774025,5.00000000,-6.98667784,-2.02471348,-151.56530118
1632159002.79224563,1,7.51774025,5.00000000,-6.91984546,-2.14547769,-150.51335067
1632159002.89221358,1,7.51774025,4.00000000,-6.98342945,-2.03070607,-151.51335067
1632159002.99227238,1,7.51774025,4.00000000,-6.98342945,-2.03070607,-151.51335067
1632159003.09230065,1,7.51774025,4.00000000,-6.98342945,-2.03070607,-151.51335067
1632159003.19231772,1,7.51774025,4.00000000,-6.92215062,-2.14139816,-150.54906270
1632159003.29233289,1,7.51774025,3.00000000,-6.98566306,-2.02658693,-151.54906270
1632159003.39231372,1,7.51774025,3.00000000,-6.98566306,-2.02658693,-151.54906270
1632159003.49224973,1,7.51774025,3.00000000,-6.98566306,-2.02658693,-151.54906270
1632159003.59232688,1,7.51774025,3.00000000,-6.98566306,-2.02658693,-151.54906270
1632159003.69228888,1,7.51774025,3.00000000,-6.92445323,-2.13731720,-150.58477473
1632159003.79233074,1,7.51774025,2.00000000,-6.98789410,-2.02246641,-151.58477473
1632159003.89231300,1,7.51774025,2.00000000,-6.98789410,-2.02246641,-151.58477473
1632159003.99226713,1,7.51774025,2.00000000,-6.98789410,-2.02246641,-151.58477473
1632159004.09231114,1,7.51774025,2.00000000,-6.98789410,-2.02246641,-151.58477473
1632159004.19231415,1,7.51774025,2.00000000,-6.98789410,-2.02246641,-151.58477473
1632159004.29224324,1,7.51774025,2.00000000,-6.98789410,-2.02246641,-151.58477473
1632159004.39234161,1,7.51774025,2.00000000,-6.98789410,-2.02246641,-151.58477473
1632159004.49231887,1,7.51774025,2.00000000,-6.98789410,-2.02246641,-151.58477473
1632159004.59228945,1,7.51774025,2.00000000,-6.98789410,-2.02246641,-151.58477473
1632159004.69228983,1,7.51774025,2.00000000,-6.98789410,-2.02246641,-151.58477473
1632159004.79229450,1,7.51774025,2.00000000,-6.98789410,-2.02246641,-151.58477473
