Seconds,ChildArea,Child Observation Distance,Robot bounds proximity
1632313389.94549394,0,0.00000000,0.00000000
1632313390.04549980,0,0.00000000,0.00000000
1632313390.14549208,0,0.00000000,0.00000000
1632313390.24549222,0,0.00000000,0.00000000
1632313390.34549069,0,0.00000000,0.00000000
1632313390.44545865,0,0.00000000,0.00000000
1632313390.54543471,0,0.00000000,0.00000000
1632313390.64545894,0,0.00000000,0.00000000
1632313390.74545956,0,0.00000000,0.00000000
1632313390.84549093,0,0.00000000,0.00000000
1632313390.94549704,0,0.00000000,0.00000000
1632313391.04544854,0,0.00000000,0.00000000
1632313391.14549470,0,0.00000000,0.00000000
1632313391.24549460,0,0.00000000,0.00000000
1632313391.34549141,0,0.00000000,0.00000000
1632313391.44549227,0,0.00000000,0.00000000
1632313391.54546046,0,0.00000000,0.00000000
1632313391.64549279,0,0.00000000,0.00000000
1632313391.74546146,0,0.00000000,0.00000000
1632313391.84545970,0,0.00000000,0.00000000
1632313391.94542980,0,0.00000000,0.00000000
1632313392.04546022,0,0.00000000,0.00000000
1632313392.14550471,0,0.00000000,0.00000000
1632313392.24549794,0,0.00000000,0.00000000
1632313392.34549737,0,0.00000000,0.00000000
1632313392.44549942,0,0.00000000,0.00000000
1632313392.54549146,0,0.00000000,0.00000000
1632313392.64549565,0,0.00000000,0.00000000
1632313392.74546623,0,0.00000000,0.00000000
1632313392.84549975,0,0.00000000,0.00000000
1632313392.94543409,0,0.00000000,0.00000000
1632313393.04548335,0,0.00000000,0.00000000
1632313393.14549780,0,0.00000000,0.00000000
1632313393.24549222,0,0.00000000,0.00000000
1632313393.34549212,0,0.00000000,0.00000000
1632313393.44545889,0,0.00000000,0.00000000
1632313393.54549623,0,0.00000000,0.00000000
1632313393.64549279,0,0.00000000,0.00000000
1632313393.74549437,0,0.00000000,0.00000000
1632313393.84546614,0,0.00000000,0.00000000
1632313393.94545937,0,0.00000000,0.00000000
1632313394.04543328,0,0.00000000,0.00000000
1632313394.14546037,0,0.00000000,0.00000000
1632313394.24546266,0,0.00000000,0.00000000
1632313394.34545994,0,0.00000000,0.00000000
1632313394.44545960,0,0.00000000,0.00000000
1632313394.54543352,0,0.00000000,0.00000000
1632313394.64545488,0,0.00000000,0.00000000
1632313394.74545741,0,0.00000000,0.00000000
1632313394.84544063,0,0.00000000,0.00000000
1632313394.94549060,0,0.00000000,0.00000000
1632313395.04549360,0,0.00000000,0.00000000
1632313395.14549351,0,0.00000000,0.00000000
1632313395.24549198,0,0.00000000,0.00000000
1632313395.34549356,0,0.00000000,0.00000000
1632313395.44546604,0,0.00000000,0.00000000
1632313395.54549193,0,0.00000000,0.00000000
1632313395.64549708,0,0.00000000,0.00000000
1632313395.74549961,0,0.00000000,0.00000000
1632313395.84549928,0,0.00000000,0.00000000
1632313395.94549155,0,0.00000000,0.00000000
1632313396.04546118,0,0.00000000,0.00000000
1632313396.14546299,0,0.00000000,0.00000000
1632313396.24543428,0,0.00000000,0.00000000
1632313396.34546113,0,0.00000000,0.00000000
1632313396.44542861,0,0.00000000,0.00000000
1632313396.54550147,0,0.00000000,0.00000000
1632313396.64549327,0,0.00000000,0.00000000
1632313396.74549389,0,0.00000000,0.00000000
1632313396.84549356,0,0.00000000,0.00000000
1632313396.94549322,0,0.00000000,0.00000000
1632313397.04546213,0,0.00000000,0.00000000
1632313397.14549541,0,0.00000000,0.00000000
1632313397.24549246,0,0.00000000,0.00000000
1632313397.34549332,0,0.00000000,0.00000000
1632313397.44549823,0,0.00000000,0.00000000
1632313397.54549217,0,0.00000000,0.00000000
1632313397.64549279,0,0.00000000,0.00000000
1632313397.74549270,0,0.00000000,0.00000000
1632313397.84551191,0,0.00000000,0.00000000
1632313397.94549561,0,0.00000000,0.00000000
1632313398.04549098,0,0.00000000,0.00000000
1632313398.14549422,0,0.00000000,0.00000000
1632313398.24549413,0,0.00000000,0.00000000
1632313398.34549475,0,0.00000000,0.00000000
1632313398.44545841,0,0.00000000,0.00000000
1632313398.54549146,0,0.00000000,0.00000000
1632313398.64550591,0,0.00000000,0.00000000
1632313398.74549532,0,0.00000000,0.00000000
1632313398.84549260,0,0.00000000,0.00000000
1632313398.94549417,0,0.00000000,0.00000000
1632313399.04546666,0,0.00000000,0.00000000
1632313399.14549422,1,1.00000000,0.00000000
1632313399.24549890,1,0.94999981,0.00000000
1632313399.34549427,1,0.90000010,0.00000000
1632313399.44549155,1,0.84999990,0.00000000
1632313399.54549313,1,0.80000019,0.00000000
1632313399.64549994,1,0.75000000,0.00000000
1632313399.74549675,1,0.70290981,0.00000000
1632313399.84549212,1,0.65581996,0.00000000
1632313399.94549370,1,0.60921497,0.00000000
1632313400.04546356,1,0.56163990,0.00000000
1632313400.14549232,1,0.51406512,0.00000000
1632313400.24549651,1,0.46406514,0.00000000
1632313400.34549284,1,0.41406516,0.00000000
1632313400.44550300,1,0.36406518,0.00000000
1632313400.54549289,1,0.31309520,0.00000000
1632313400.64549375,1,0.26358010,0.00000000
1632313400.74549866,1,0.21309507,0.00000000
1632313400.84548783,1,0.16309498,0.00000000
1632313400.94543195,1,0.11309488,0.00000000
1632313401.04550505,1,0.06309479,0.00000000
1632313401.14549398,1,0.01309517,0.00000000
1632313401.24549317,2,0.00000000,0.00000000
1632313401.34550238,2,0.00000000,0.00000000
1632313401.44550753,2,0.00000000,0.00000000
1632313401.54550505,2,0.00000000,0.00000000
1632313401.64547324,2,0.00000000,0.00000000
1632313401.74549270,2,0.00000000,0.00000000
1632313401.84549665,2,0.00000000,0.00000000
1632313401.94549227,2,0.00000000,0.00000000
1632313402.04549408,2,0.00000000,0.00000000
1632313402.14549303,2,0.00000000,0.00000000
1632313402.24548912,2,0.00000000,0.00000000
1632313402.34549117,2,0.00000000,0.00000000
1632313402.44550252,2,0.00000000,0.00000000
1632313402.54548883,2,0.00000000,0.00000000
1632313402.64549661,2,0.00000000,0.00000000
1632313402.74549508,2,0.00000000,0.00000000
1632313402.84549284,2,0.00000000,0.00000000
1632313402.94546461,2,0.00000000,0.00000000
1632313403.04549479,2,0.00000000,0.00000000
1632313403.14550400,2,0.00000000,0.00000000
1632313403.24545026,2,0.00000000,0.00000000
1632313403.34549403,2,0.00000000,0.00000000
1632313403.44543576,2,0.00000000,0.00000000
1632313403.54548955,2,0.00000000,0.00000000
1632313403.64549327,2,0.00000000,0.00000000
1632313403.74550486,2,0.00000000,0.00000000
1632313403.84549403,2,0.00000000,0.00000000
1632313403.94549513,2,0.00000000,0.00000000
1632313404.04549932,2,0.00000000,0.00000000
1632313404.14549351,2,0.00000000,0.00000000
1632313404.24549985,2,0.00000000,0.00000000
1632313404.34544683,2,0.00000000,0.00000000
1632313404.44549704,2,0.00000000,0.00000000
1632313404.54550862,2,0.00000000,0.00000000
1632313404.64549041,2,0.00000000,0.00000000
1632313404.74549270,2,0.00000000,0.00000000
1632313404.84549069,2,0.00000000,0.00000000
1632313404.94549131,2,0.00000000,0.00000000
1632313405.04545116,2,0.00000000,0.00000000
1632313405.14549160,2,0.00000000,0.00000000
1632313405.24549294,2,0.00000000,0.00000000
1632313405.34549546,2,0.00000000,0.00000000
1632313405.44549346,2,0.00000000,0.00000000
1632313405.54549241,2,0.00000000,0.00000000
1632313405.64549184,2,0.00000000,0.00000000
1632313405.74549222,2,0.00000000,0.00000000
1632313405.84549069,2,0.00000000,0.00000000
1632313405.94549298,2,0.00000000,0.00000000
1632313406.04549670,2,0.00000000,0.00000000
1632313406.14549160,2,0.00000000,0.00000000
1632313406.24549294,2,0.00000000,0.00000000
1632313406.34549284,2,0.00000000,0.00000000
1632313406.44545317,2,0.00000000,0.00000000
1632313406.54548979,2,0.00000000,0.00000000
1632313406.64549327,2,0.00000000,0.00000000
1632313406.74549174,2,0.00000000,0.00000000
1632313406.84549069,2,0.00000000,0.00000000
1632313406.94549227,2,0.00000000,0.00000000
1632313407.04548931,2,0.00000000,0.00000000
1632313407.14549422,2,0.00000000,0.00000000
1632313407.24549270,2,0.00000000,0.00000000
1632313407.34549236,2,0.00000000,0.00000000
1632313407.44549060,2,0.00000000,0.00000000
1632313407.54549026,2,0.00000000,0.00000000
1632313407.64549112,2,0.00000000,0.00000000
1632313407.74550653,2,0.00000000,0.00000000
1632313407.84549451,2,0.00000000,0.00000000
1632313407.94549298,2,0.00000000,0.00000000
1632313408.04546261,2,0.00000000,0.00000000
1632313408.14549327,2,0.00000000,0.00000000
1632313408.24549222,2,0.00000000,0.00000000
1632313408.34549212,2,0.00000000,0.00000000
1632313408.44549179,2,0.00000000,0.00000000
1632313408.54549122,2,0.00000000,0.00000000
1632313408.64549160,2,0.00000000,0.00000000
1632313408.74544621,2,0.00000000,0.00000000
1632313408.84546328,2,0.00000000,0.00000000
1632313408.94549632,2,0.00000000,0.00000000
1632313409.04549789,2,0.00000000,0.00000000
1632313409.14543748,2,0.00000000,0.00000000
1632313409.24543238,2,0.00000000,0.00000000
1632313409.34549618,2,0.00000000,0.00000000
1632313409.44548750,2,0.00000000,0.00000000
1632313409.54550004,2,0.00000000,0.00000000
1632313409.64546084,2,0.00000000,0.00000000
1632313409.74546218,2,0.00000000,0.00000000
1632313409.84546947,2,0.00000000,0.00000000
1632313409.94550776,2,0.00000000,0.00000000
1632313410.04544306,2,0.00000000,0.00000000
1632313410.14549375,2,0.00000000,0.00000000
1632313410.24549556,2,0.00000000,0.00000000
1632313410.34549308,2,0.00000000,0.00000000
1632313410.44549227,2,0.00000000,0.00000000
1632313410.54549146,2,0.00000000,0.00000000
1632313410.64549828,2,0.00000000,0.00000000
1632313410.74549484,2,0.00000000,0.00000000
1632313410.84549165,2,0.00000000,0.00000000
1632313410.94549251,2,0.00000000,0.00000000
1632313411.04548883,2,0.00000000,0.00000000
1632313411.14549065,2,0.00000000,0.00000000
1632313411.24544740,2,0.00000000,0.00000000
1632313411.34549999,2,0.00000000,0.00000000
1632313411.44549608,2,0.00000000,0.00000000
1632313411.54549408,2,0.00000000,0.00000000
1632313411.64549112,2,0.00000000,0.00000000
1632313411.74549150,2,0.00000000,0.00000000
1632313411.84549117,2,0.00000000,0.00000000
1632313411.94549131,2,0.00000000,0.00000000
1632313412.04549026,2,0.00000000,0.00000000
1632313412.14549136,2,0.00000000,0.00000000
1632313412.24543548,2,0.00000000,0.00000000
1632313412.34548736,2,0.00000000,0.00000000
1632313412.44548941,2,0.00000000,0.00000000
1632313412.54547811,2,0.00000000,0.00000000
1632313412.64549160,2,0.00000000,0.00000000
1632313412.74549317,2,0.00000000,0.00000000
1632313412.84549236,2,0.00000000,0.00000000
1632313412.94549203,2,0.00000000,0.00000000
1632313413.04546309,2,0.00000000,0.00000000
1632313413.14549208,2,0.00000000,0.00000000
1632313413.24548769,2,0.00000000,0.00000000
1632313413.34548831,2,0.00000000,0.00000000
1632313413.44545102,2,0.00000000,0.00000000
1632313413.54549909,2,0.00000000,0.00000000
1632313413.64549994,2,0.00000000,0.00000000
1632313413.74549103,2,0.00000000,0.00000000
1632313413.84549189,2,0.00000000,0.00000000
1632313413.94548988,2,0.00000000,0.00000000
1632313414.04549575,2,0.00000000,0.00000000
1632313414.14549279,2,0.00000000,0.00000000
1632313414.24549150,2,0.00000000,0.00000000
1632313414.34554315,2,0.00000000,0.00000000
1632313414.44545197,2,0.00000000,0.00000000
1632313414.54545236,2,0.00000000,0.00000000
1632313414.64550090,2,0.00000000,0.00000000
1632313414.74547505,2,0.00000000,0.00000000
1632313414.84544587,2,0.00000000,0.00000000
1632313414.94551301,2,0.00000000,0.00000000
1632313415.04548669,2,0.00000000,0.00000000
1632313415.14549589,2,0.00000000,0.00000000
1632313415.24549556,2,0.00000000,0.00000000
1632313415.34549546,2,0.00000000,0.00000000
1632313415.44549060,2,0.00000000,0.00000000
1632313415.54549146,2,0.00000000,0.00000000
1632313415.64545298,2,0.00000000,0.00000000
1632313415.74549198,2,0.00000000,0.00000000
1632313415.84546351,2,0.00000000,0.00000000
1632313415.94550586,2,0.00000000,0.00000000
1632313416.04554415,2,0.00000000,0.00000000
1632313416.14548898,2,0.00000000,0.00000000
1632313416.24548340,2,0.00000000,0.00000000
1632313416.34549761,2,0.00000000,0.00000000
1632313416.44549417,2,0.00000000,0.00000000
1632313416.54547358,2,0.00000000,0.00000000
1632313416.64549255,2,0.00000000,0.00000000
1632313416.74549770,2,0.00000000,0.00000000
1632313416.84550714,2,0.00000000,0.00000000
1632313416.94549894,2,0.00000000,0.00000000
1632313417.04549384,2,0.00000000,0.00000000
1632313417.14549828,2,0.00000000,0.00000000
1632313417.24547315,2,0.00000000,0.00000000
1632313417.34546375,2,0.00000000,0.00000000
1632313417.44549441,2,0.00000000,0.00000000
1632313417.54544449,2,0.00000000,0.00000000
1632313417.64546347,2,0.00000000,0.00000000
1632313417.74549961,2,0.00000000,0.00000000
1632313417.84549093,2,0.00000000,0.00000000
1632313417.94549251,2,0.00000000,0.00000000
1632313418.04544878,2,0.00000000,0.00000000
1632313418.14548159,2,0.00000000,0.00000000
1632313418.24548578,2,0.00000000,0.00000000
1632313418.34545231,2,0.00000000,0.00000000
1632313418.44549060,2,0.00000000,0.00000000
1632313418.54549146,2,0.00000000,0.00000000
1632313418.64549351,2,0.00000000,0.00000000
1632313418.74550438,2,0.00000000,0.00000000
1632313418.84549522,2,0.00000000,0.00000000
1632313418.94546604,2,0.00000000,0.00000000
1632313419.04548883,2,0.00000000,0.00000000
1632313419.14549136,2,0.00000000,0.00000000
1632313419.24548984,2,0.00000000,0.00000000
1632313419.34549212,2,0.00000000,0.00000000
1632313419.44543743,2,0.00000000,0.00000000
1632313419.54549456,2,0.00000000,0.00000000
1632313419.64549398,2,0.00000000,0.00000000
1632313419.74549890,2,0.00000000,0.00000000
1632313419.84550166,2,0.00000000,0.00000000
1632313419.94549441,2,0.00000000,0.00000000
1632313420.04547882,2,0.00000000,0.00000000
1632313420.14549136,2,0.00000000,0.00000000
1632313420.24543786,2,0.00000000,0.00000000
1632313420.34549117,2,0.00000000,0.00000000
1632313420.44550347,2,0.00000000,0.00000000
1632313420.54549408,2,0.00000000,0.00000000
1632313420.64550114,2,0.00000000,0.00000000
1632313420.74545884,2,0.00000000,0.00000000
1632313420.84549189,2,0.00000000,0.00000000
1632313420.94549656,2,0.00000000,0.00000000
1632313421.04546237,2,0.00000000,0.00000000
1632313421.14549065,2,0.00000000,0.00000000
