Seconds,Desired Distance
1632163152.20132256,3.50000000
1632163152.30129218,3.50000000
1632163152.40121031,3.50000000
1632163152.50127602,3.50000000
1632163152.60119796,3.50000000
1632163152.70093346,3.50000000
1632163152.80104733,3.50000000
1632163152.90113091,3.50000000
1632163153.00114107,3.50000000
1632163153.10112548,3.50000000
1632163153.20113087,3.50000000
1632163153.30113578,3.50000000
1632163153.40113854,3.50000000
1632163153.50115204,3.50000000
1632163153.60115218,3.50000000
1632163153.70087767,3.50000000
1632163153.80093145,3.50000000
1632163153.90091562,3.50000000
1632163154.00090575,3.50000000
1632163154.10093641,3.50000000
1632163154.20092058,3.50000000
1632163154.30092883,3.50000000
1632163154.40090799,3.50000000
1632163154.50120497,3.50000000
1632163154.60113025,3.50000000
1632163154.70114923,3.50000000
1632163154.80117011,3.50000000
1632163154.90118098,3.50000000
1632163155.00119662,3.50000000
1632163155.10116673,3.50000000
1632163155.20121741,3.50000000
1632163155.30121732,3.50000000
1632163155.40122008,3.50000000
1632163155.50120878,3.50000000
1632163155.60119891,3.50000000
1632163155.70117927,3.50000000
1632163155.80124640,3.50000000
1632163155.90090442,3.50000000
1632163156.00091100,3.50000000
1632163156.10089946,3.50000000
1632163156.20090604,3.50000000
1632163156.30113864,3.50000000
1632163156.40113735,3.50000000
1632163156.50110793,3.50000000
1632163156.60097575,3.50000000
1632163156.70114136,3.50000000
1632163156.80111361,3.50000000
1632163156.90110016,3.50000000
1632163157.00114942,3.50000000
1632163157.10115695,3.50000000
1632163157.20116210,3.50000000
1632163157.30115485,3.50000000
1632163157.40119934,3.50000000
1632163157.50113487,3.50000000
1632163157.60113835,3.50000000
1632163157.70114398,3.50000000
1632163157.80114317,3.50000000
1632163157.90118432,3.50000000
1632163158.00096369,3.50000000
1632163158.10117722,3.50000000
1632163158.20098615,3.50000000
1632163158.30111837,3.50000000
1632163158.40112758,3.50000000
1632163158.50114536,3.50000000
1632163158.60114741,3.50000000
1632163158.70114136,3.50000000
1632163158.80113602,3.50000000
1632163158.90123081,3.50000000
1632163159.00114512,3.50000000
1632163159.10114694,3.50000000
1632163159.20114398,3.50000000
1632163159.30108070,3.50000000
1632163159.40113187,3.50000000
1632163159.50116158,3.50000000
1632163159.60111117,3.50000000
1632163159.70113063,3.50000000
1632163159.80110192,3.50000000
1632163159.90117192,3.50000000
1632163160.00112724,3.50000000
1632163160.10111332,3.50000000
1632163160.20112848,3.50000000
1632163160.30097389,3.50000000
1632163160.40112615,3.50000000
1632163160.50120783,3.50000000
1632163160.60123229,3.50000000
1632163160.70120573,3.50000000
1632163160.80123067,3.50000000
1632163160.90118527,3.50000000
1632163161.00122023,3.50000000
1632163161.10113335,3.50000000
1632163161.20115280,3.50000000
1632163161.30101728,3.50000000
1632163161.40112877,3.50000000
1632163161.50113010,3.50000000
1632163161.60111690,3.50000000
1632163161.70113230,3.50000000
1632163161.80113649,3.50000000
1632163161.90111709,3.50000000
1632163162.00110888,3.50000000
1632163162.10113478,3.50000000
1632163162.20130944,3.50000000
1632163162.30115461,3.50000000
1632163162.40116692,3.50000000
1632163162.50114322,3.50000000
1632163162.60115671,3.50000000
1632163162.70113754,3.50000000
1632163162.80114794,3.50000000
1632163162.90113091,3.50000000
1632163163.00114942,3.50000000
1632163163.10113502,3.50000000
1632163163.20112467,3.50000000
1632163163.30113220,3.50000000
1632163163.40111184,3.50000000
1632163163.50110173,3.50000000
1632163163.60110879,3.50000000
1632163163.70114636,3.50000000
1632163163.80110669,3.50000000
1632163163.90118551,3.50000000
1632163164.00116563,3.50000000
1632163164.10101819,3.50000000
1632163164.20111394,3.50000000
1632163164.30110574,3.50000000
1632163164.40110683,3.50000000
1632163164.50114799,3.50000000
1632163164.60109329,3.50000000
1632163164.70114493,3.50000000
1632163164.80109835,3.50000000
1632163164.90112162,3.50000000
1632163165.00110149,3.50000000
1632163165.10110998,3.50000000
1632163165.20110846,3.50000000
1632163165.30111933,3.50000000
1632163165.40113735,3.50000000
1632163165.50116038,3.50000000
1632163165.60100460,3.50000000
1632163165.70122242,3.50000000
1632163165.80120921,3.50000000
1632163165.90120220,3.50000000
1632163166.00121069,3.50000000
1632163166.10113358,3.50000000
1632163166.20113969,3.50000000
1632163166.30109048,3.50000000
1632163166.40117216,3.50000000
1632163166.50114655,3.50000000
1632163166.60112476,3.50000000
1632163166.70114183,3.50000000
1632163166.80120873,3.50000000
1632163166.90115857,3.50000000
1632163167.00121689,3.50000000
1632163167.10113788,3.50000000
1632163167.20114231,3.50000000
1632163167.30129457,2.00000000
1632163167.40112662,2.00000000
1632163167.50114679,2.00000000
1632163167.60115218,2.00000000
1632163167.70112300,2.00000000
1632163167.80113482,2.00000000
1632163167.90113783,2.00000000
1632163168.00099111,2.00000000
1632163168.10114098,2.00000000
1632163168.20113778,2.00000000
1632163168.30113673,2.00000000
1632163168.40114808,2.00000000
1632163168.50109482,2.00000000
1632163168.60109639,2.00000000
1632163168.70124388,2.00000000
1632163168.80118394,2.00000000
1632163168.90116930,2.00000000
1632163169.00115824,2.00000000
1632163169.10110855,2.00000000
1632163169.20115852,2.00000000
1632163169.30112457,2.00000000
1632163169.40114713,2.00000000
1632163169.50111485,2.00000000
1632163169.60113168,2.00000000
1632163169.70112729,2.00000000
1632163169.80116558,2.00000000
1632163169.90118289,2.00000000
1632163170.00120640,2.00000000
1632163170.10115790,2.00000000
1632163170.20109391,2.00000000
1632163170.30117512,2.00000000
1632163170.40110421,2.00000000
1632163170.50118423,2.00000000
1632163170.60111856,2.00000000
1632163170.70113850,2.00000000
1632163170.80113673,2.00000000
1632163170.90114331,2.00000000
1632163171.00112677,2.00000000
1632163171.10111880,2.00000000
1632163171.20111156,2.00000000
1632163171.30114889,2.00000000
1632163171.40112805,2.00000000
1632163171.50115633,2.00000000
1632163171.60112715,2.00000000
1632163171.70114493,2.00000000
1632163171.80114865,2.00000000
1632163171.90111756,2.00000000
1632163172.00124693,2.00000000
1632163172.10112381,2.00000000
1632163172.20112133,2.00000000
1632163172.30113316,2.00000000
1632163172.40114546,2.00000000
1632163172.50115776,2.00000000
1632163172.60115409,2.00000000
1632163172.70113230,2.00000000
1632163172.80111837,2.00000000
1632163172.90111208,2.00000000
1632163173.00115323,2.00000000
1632163173.10111523,2.00000000
1632163173.20111036,2.00000000
1632163173.30117059,2.00000000
1632163173.40111375,2.00000000
1632163173.50115728,2.00000000
1632163173.60122919,2.00000000
1632163173.70116186,2.00000000
1632163173.80111670,2.00000000
1632163173.90113950,2.00000000
1632163174.00110555,2.00000000
1632163174.10111427,2.00000000
1632163174.20113516,2.00000000
1632163174.30119276,2.00000000
1632163174.40110922,2.00000000
1632163174.50112700,2.00000000
1632163174.60110998,2.00000000
1632163174.70111012,2.00000000
1632163174.80114555,2.00000000
1632163174.90112996,2.00000000
1632163175.00120139,2.00000000
1632163175.10121250,2.00000000
1632163175.20120001,2.00000000
1632163175.30110908,2.00000000
1632163175.40110755,2.00000000
1632163175.50113106,2.00000000
1632163175.60113358,2.00000000
1632163175.70113969,2.00000000
1632163175.80115461,2.00000000
1632163175.90123844,2.00000000
1632163176.00113130,2.00000000
1632163176.10115027,2.00000000
1632163176.20114994,2.00000000
1632163176.30122447,2.00000000
1632163176.40115070,2.00000000
1632163176.50111723,2.00000000
1632163176.60109329,2.00000000
1632163176.70113635,2.00000000
1632163176.80112982,2.00000000
1632163176.90113568,2.00000000
1632163177.00117850,2.00000000
1632163177.10114527,2.00000000
1632163177.20115232,2.00000000
1632163177.30113649,2.00000000
1632163177.40114045,2.00000000
1632163177.50109220,2.00000000
1632163177.60113120,2.00000000
1632163177.70112610,2.00000000
1632163177.80116868,2.00000000
1632163177.90116620,2.00000000
1632163178.00097942,2.00000000
1632163178.10119963,2.00000000
1632163178.20115900,2.00000000
1632163178.30112863,2.00000000
1632163178.40113068,2.00000000
1632163178.50113368,2.00000000
1632163178.60111380,2.00000000
1632163178.70111442,2.00000000
1632163178.80115533,1.50000000
1632163178.90119004,1.50000000
1632163179.00112820,1.50000000
1632163179.10117388,1.50000000
1632163179.20114326,1.50000000
1632163179.30115628,1.50000000
1632163179.40112710,1.50000000
1632163179.50119042,1.50000000
1632163179.60115457,1.50000000
1632163179.70110869,1.50000000
1632163179.80108643,1.50000000
1632163179.90111017,1.50000000
1632163180.00112271,1.50000000
1632163180.10109377,1.50000000
1632163180.20110941,1.50000000
1632163180.30112314,1.50000000
1632163180.40111184,1.50000000
1632163180.50111747,1.50000000
1632163180.60111427,1.50000000
1632163180.70116043,1.50000000
1632163180.80109930,1.50000000
1632163180.90112853,1.50000000
1632163181.00110316,1.50000000
1632163181.10121441,1.50000000
1632163181.20120621,1.50000000
1632163181.30120897,1.50000000
1632163181.40113282,1.50000000
1632163181.50113416,1.50000000
1632163181.60110927,1.50000000
1632163181.70114398,1.50000000
1632163181.80114245,1.50000000
1632163181.90116167,1.50000000
1632163182.00114799,1.50000000
1632163182.10111070,1.50000000
1632163182.20114422,1.50000000
1632163182.30110836,1.50000000
1632163182.40112901,1.50000000
1632163182.50113058,1.50000000
1632163182.60119033,1.50000000
1632163182.70112205,1.50000000
1632163182.80108047,1.50000000
1632163182.90120530,1.50000000
1632163183.00114942,1.50000000
1632163183.10112047,1.50000000
1632163183.20101428,1.50000000
1632163183.30115628,1.50000000
1632163183.40119743,1.50000000
1632163183.50116134,1.50000000
1632163183.60116339,1.50000000
1632163183.70116258,1.50000000
1632163183.80113864,1.50000000
1632163183.90116882,1.50000000
1632163184.00115919,1.50000000
1632163184.10115790,1.50000000
1632163184.20117283,1.50000000
1632163184.30118346,1.50000000
1632163184.40114856,1.50000000
1632163184.50114965,1.50000000
1632163184.60113096,1.50000000
1632163184.70111036,1.50000000
1632163184.80111289,1.50000000
1632163184.90111709,1.50000000
1632163185.00115275,1.50000000
1632163185.10112953,1.50000000
1632163185.20116973,1.50000000
1632163185.30110693,1.50000000
1632163185.40109134,1.50000000
1632163185.50112557,1.50000000
1632163185.60113978,1.50000000
1632163185.70113277,1.50000000
1632163185.80115223,1.50000000
1632163185.90110278,1.50000000
1632163186.00124788,1.50000000
1632163186.10117555,1.50000000
1632163186.20113325,1.50000000
1632163186.30111074,1.50000000
1632163186.40112805,1.50000000
1632163186.50115681,1.50000000
1632163186.60111666,1.50000000
1632163186.70112848,1.50000000
1632163186.80115461,1.50000000
1632163186.90113783,1.50000000
1632163187.00119662,1.50000000
1632163187.10109949,1.50000000
1632163187.20121241,1.50000000
1632163187.30111074,1.50000000
1632163187.40119076,1.50000000
1632163187.50121045,1.50000000
1632163187.60114932,1.50000000
1632163187.70108938,1.50000000
1632163187.80111551,1.50000000
1632163187.90112925,1.50000000
1632163188.00098538,1.50000000
1632163188.10112906,1.50000000
1632163188.20123482,1.50000000
1632163188.30122352,1.50000000
1632163188.40119410,1.50000000
1632163188.50122499,1.50000000
1632163188.60118961,1.50000000
1632163188.70143270,1.50000000
1632163188.80123448,1.50000000
1632163188.90122366,1.50000000
1632163189.00124407,1.50000000
1632163189.10116267,1.50000000
1632163189.20115662,1.50000000
1632163189.30127430,1.50000000
1632163189.40114093,1.50000000
1632163189.50112915,1.50000000
1632163189.60122371,1.50000000
1632163189.70111918,1.50000000
1632163189.80112743,1.50000000
1632163189.90113759,1.50000000
1632163190.00113273,1.50000000
1632163190.10113573,1.50000000
1632163190.20118618,1.50000000
1632163190.30102587,1.50000000
1632163190.40116525,1.50000000
1632163190.50113082,1.50000000
1632163190.60110998,1.50000000
1632163190.70113325,1.50000000
1632163190.80114675,1.50000000
1632163190.90113187,1.50000000
1632163191.00113535,1.50000000
1632163191.10116315,0.50000000
1632163191.20111895,0.50000000
1632163191.30113244,0.50000000
1632163191.40123916,0.50000000
1632163191.50112939,0.50000000
1632163191.60111499,0.50000000
1632163191.70111346,0.50000000
1632163191.80111384,0.50000000
1632163191.90114927,0.50000000
1632163192.00109649,0.50000000
1632163192.10112381,0.50000000
1632163192.20111108,0.50000000
1632163192.30111408,0.50000000
1632163192.40109992,0.50000000
1632163192.50109005,0.50000000
1632163192.60108852,0.50000000
1632163192.70111132,0.50000000
1632163192.80113029,0.50000000
1632163192.90117383,0.50000000
1632163193.00115991,0.50000000
1632163193.10115552,0.50000000
1632163193.20101666,0.50000000
1632163193.30112982,0.50000000
1632163193.40115237,0.50000000
1632163193.50115395,0.50000000
1632163193.60110807,0.50000000
1632163193.70145059,0.50000000
1632163193.80111384,0.50000000
1632163193.90113163,0.50000000
1632163194.00113559,0.50000000
1632163194.10112762,0.50000000
1632163194.20111227,0.50000000
1632163194.30126524,0.50000000
1632163194.40112829,0.50000000
1632163194.50111055,0.50000000
1632163194.60111833,0.50000000
1632163194.70111775,0.50000000
1632163194.80111551,0.50000000
1632163194.90115380,0.50000000
1632163195.00115371,0.50000000
1632163195.10112548,0.50000000
1632163195.20109153,0.50000000
1632163195.30112147,0.50000000
1632163195.40121150,0.50000000
1632163195.50121713,0.50000000
1632163195.60111976,0.50000000
1632163195.70117569,0.50000000
1632163195.80116272,0.50000000
1632163195.90115190,0.50000000
1632163196.00113463,0.50000000
1632163196.10116029,0.50000000
1632163196.20119762,0.50000000
1632163196.30112624,0.50000000
1632163196.40109348,0.50000000
1632163196.50102258,0.50000000
1632163196.60115981,0.50000000
1632163196.70117259,0.50000000
1632163196.80116081,0.50000000
1632163196.90115356,0.50000000
1632163197.00115013,0.50000000
1632163197.10113978,0.50000000
1632163197.20112419,0.50000000
1632163197.30113530,0.50000000
1632163197.40112734,0.50000000
1632163197.50117373,0.50000000
1632163197.60114217,0.50000000
1632163197.70127964,0.50000000
1632163197.80110765,0.50000000
1632163197.90114117,0.50000000
1632163198.00098681,0.50000000
1632163198.10113168,0.50000000
1632163198.20114923,0.50000000
1632163198.30128598,0.50000000
1632163198.40112615,0.50000000
1632163198.50122929,0.50000000
1632163198.60119915,0.50000000
1632163198.70118976,0.50000000
1632163198.80119181,0.50000000
1632163198.90121698,0.50000000
1632163199.00117159,0.50000000
1632163199.10117698,0.50000000
1632163199.20119143,0.50000000
1632163199.30118537,0.50000000
1632163199.40115929,0.50000000
1632163199.50115442,0.50000000
1632163199.60121059,0.50000000
1632163199.70121264,0.50000000
1632163199.80118012,0.50000000
1632163199.90112996,0.50000000
1632163200.00112724,0.50000000
1632163200.10114336,0.50000000
1632163200.20111966,0.50000000
1632163200.30112123,0.50000000
1632163200.40115023,0.50000000
1632163200.50115395,0.50000000
1632163200.60113645,0.50000000
1632163200.70111322,0.50000000
1632163200.80114198,0.50000000
1632163200.90112829,0.50000000
1632163201.00114107,0.50000000
1632163201.10118508,0.50000000
1632163201.20118833,0.50000000
1632163201.30120587,0.50000000
1632163201.40116215,0.50000000
1632163201.50116682,0.50000000
1632163201.60111713,0.50000000
1632163201.70112729,0.50000000
1632163201.80113387,0.50000000
1632163201.90111518,0.50000000
1632163202.00110483,0.50000000
1632163202.10125709,0.50000000
1632163202.20112586,0.50000000
1632163202.30116034,0.50000000
1632163202.40119219,0.50000000
1632163202.50119877,0.50000000
1632163202.60126328,0.50000000
1632163202.70118284,0.50000000
1632163202.80116343,0.50000000
1632163202.90145087,0.50000000
1632163203.00120211,0.50000000
1632163203.10117912,0.50000000
1632163203.20118523,0.50000000
1632163203.30114746,0.50000000
1632163203.40112281,0.50000000
1632163203.50116253,0.50000000
1632163203.60112739,0.50000000
1632163203.70113516,0.50000000
1632163203.80114913,0.50000000
1632163203.90111470,0.50000000
1632163204.00112462,0.50000000
1632163204.10110188,0.50000000
1632163204.20111847,0.50000000
1632163204.30100870,0.50000000
1632163204.40116191,0.50000000
1632163204.50125742,0.50000000
1632163204.60121417,0.50000000
1632163204.70115852,0.50000000
1632163204.80116987,0.50000000
1632163204.90121984,0.50000000
1632163205.00120902,0.50000000
1632163205.10112953,0.50000000
1632163205.20117760,0.50000000
1632163205.30110192,0.50000000
1632163205.40111637,0.50000000
1632163205.50110269,0.50000000
1632163205.60115337,0.50000000
1632163205.70111656,0.50000000
1632163205.80111456,0.50000000
1632163205.90111923,0.50000000
1632163206.00114512,0.50000000
1632163206.10123920,0.50000000
1632163206.20119977,0.50000000
1632163206.30114222,0.50000000
1632163206.40114450,0.50000000
1632163206.50113654,0.50000000
1632163206.60100865,0.50000000
1632163206.70112896,0.50000000
1632163206.80116582,0.50000000
1632163206.90114689,0.50000000
1632163207.00116539,0.50000000
1632163207.10111380,0.50000000
1632163207.20114207,0.50000000
1632163207.30115533,0.50000000
1632163207.40118742,0.50000000
1632163207.50119543,0.50000000
1632163207.60123825,0.50000000
1632163207.70113087,0.50000000
1632163207.80117106,0.50000000
1632163207.90118837,0.50000000
1632163208.00098610,0.50000000
1632163208.10115623,0.50000000
1632163208.20112967,0.50000000
1632163208.30115128,0.50000000
1632163208.40118623,0.50000000
1632163208.50120640,0.50000000
1632163208.60115099,0.50000000
1632163208.70115352,0.50000000
1632163208.80115294,0.50000000
1632163208.90114570,0.50000000
1632163209.00110030,0.50000000
1632163209.10110855,0.50000000
1632163209.20119047,0.50000000
1632163209.30125999,0.50000000
1632163209.40114903,0.50000000
1632163209.50115800,0.50000000
1632163209.60137987,0.50000000
1632163209.70113349,0.50000000
1632163209.80112696,0.50000000
1632163209.90113759,0.50000000
1632163210.00113797,0.50000000
1632163210.10119224,0.50000000
1632163210.20109510,0.50000000
1632163210.30114222,0.50000000
1632163210.40117574,0.50000000
1632163210.50109673,0.50000000
1632163210.60111713,0.50000000
1632163210.70111704,0.50000000
1632163210.80111527,0.50000000
1632163210.90113616,0.50000000
1632163211.00114465,0.50000000
1632163211.10110283,0.50000000
1632163211.20113611,0.50000000
1632163211.30112863,0.50000000
1632163211.40114951,0.50000000
1632163211.50116420,0.50000000
1632163211.60104179,0.50000000
1632163211.70114136,0.50000000
1632163211.80112958,0.50000000
1632163211.90113306,0.50000000
1632163212.00113225,0.50000000
1632163212.10113835,0.50000000
1632163212.20115876,0.50000000
1632163212.30116916,0.50000000
1632163212.40114450,0.50000000
1632163212.50111532,0.50000000
1632163212.60111403,0.50000000
1632163212.70114112,0.50000000
1632163212.80112720,0.50000000
1632163212.90096426,0.50000000
1632163213.00117803,0.50000000
1632163213.10114884,0.50000000
1632163213.20116901,0.50000000
1632163213.30116391,0.50000000
1632163213.40120316,0.50000000
1632163213.50108480,0.50000000
1632163213.60109234,0.50000000
1632163213.70109797,0.50000000
1632163213.80113339,0.50000000
1632163213.90112686,0.50000000
1632163214.00121331,0.50000000
1632163214.10115623,0.50000000
1632163214.20113730,0.50000000
1632163214.30122328,0.50000000
1632163214.40111518,0.50000000
1632163214.50109434,0.50000000
1632163214.60109591,0.50000000
1632163214.70111108,0.50000000
1632163214.80110431,0.50000000
1632163214.90111756,0.50000000
1632163215.00111198,0.50000000
1632163215.10110331,0.50000000
1632163215.20111656,0.50000000
1632163215.30111027,0.50000000
1632163215.40114832,0.50000000
1632163215.50109792,0.50000000
1632163215.60109806,0.50000000
1632163215.70115018,0.50000000
1632163215.80118513,0.50000000
1632163215.90106320,0.50000000
1632163216.00112200,0.50000000
1632163216.10110593,0.50000000
1632163216.20111036,0.50000000
1632163216.30100965,0.50000000
1632163216.40113854,0.50000000
1632163216.50113559,0.50000000
1632163216.60113168,0.50000000
1632163216.70115972,0.50000000
1632163216.80111265,0.50000000
1632163216.90117574,0.50000000
1632163217.00117612,0.50000000
1632163217.10114193,0.50000000
1632163217.20117712,0.50000000
1632163217.30119371,0.50000000
1632163217.40109015,0.50000000
1632163217.50114226,0.50000000
1632163217.60117793,0.50000000
1632163217.70120692,0.50000000
1632163217.80110455,0.50000000
1632163217.90111017,0.50000000
1632163218.00098038,0.50000000
1632163218.10110545,0.50000000
1632163218.20118046,0.50000000
1632163218.30112696,0.50000000
1632163218.40113044,0.50000000
1632163218.50112414,0.50000000
1632163218.60122824,0.50000000
1632163218.70118070,0.50000000
1632163218.80110288,0.50000000
1632163218.90098834,0.50000000
1632163219.00111580,0.50000000
1632163219.10111427,0.50000000
1632163219.20110846,0.50000000
1632163219.30104589,0.50000000
1632163219.40111637,0.50000000
1632163219.50111580,0.50000000
1632163219.60113001,0.50000000
1632163219.70108700,0.50000000
1632163219.80110741,0.50000000
1632163219.90112901,0.50000000
1632163220.00112271,0.50000000
1632163220.10109806,0.50000000
1632163220.20108485,0.50000000
1632163220.30099988,0.50000000
1632163220.40111446,0.50000000
1632163220.50114417,0.50000000
1632163220.60113096,0.50000000
1632163220.70110106,0.50000000
1632163220.80113149,0.50000000
1632163220.90110326,0.50000000
1632163221.00111985,0.50000000
1632163221.10109639,0.50000000
1632163221.20110631,0.50000000
1632163221.30113268,0.50000000
1632163221.40111589,0.50000000
1632163221.50113630,0.50000000
1632163221.60108948,0.50000000
1632163221.70109773,0.50000000
1632163221.80110478,0.50000000
1632163221.90111303,0.50000000
1632163222.00111985,0.50000000
1632163222.10107994,0.50000000
1632163222.20110774,0.50000000
1632163222.30116653,0.50000000
1632163222.40110683,0.50000000
1632163222.50108528,0.50000000
1632163222.60098100,0.50000000
1632163222.70111489,0.50000000
1632163222.80112410,0.50000000
1632163222.90114522,0.50000000
1632163223.00112462,0.50000000
1632163223.10113358,0.50000000
1632163223.20114183,0.50000000
1632163223.30114198,0.50000000
1632163223.40108633,0.50000000
1632163223.50108075,0.50000000
1632163223.60109758,0.50000000
1632163223.70110917,0.50000000
1632163223.80113125,0.50000000
1632163223.90115881,0.50000000
1632163224.00114989,0.50000000
1632163224.10110641,0.50000000
1632163224.20113468,0.50000000
1632163224.30116153,0.50000000
1632163224.40114832,0.50000000
1632163224.50114751,0.50000000
1632163224.60112524,0.50000000
1632163224.70114422,0.50000000
1632163224.80122757,0.50000000
1632163224.90114999,0.50000000
1632163225.00112581,0.50000000
1632163225.10122800,0.50000000
1632163225.20117831,0.50000000
1632163225.30115819,0.50000000
1632163225.40114427,0.50000000
1632163225.50111318,0.50000000
1632163225.60120130,0.50000000
1632163225.70112634,0.50000000
1632163225.80113506,0.50000000
1632163225.90113974,0.50000000
1632163226.00114465,0.50000000
1632163226.10113621,0.50000000
1632163226.20114064,0.50000000
1632163226.30115867,0.50000000
1632163226.40109515,0.50000000
1632163226.50113201,0.50000000
1632163226.60108042,0.50000000
1632163226.70118141,0.50000000
1632163226.80112362,0.50000000
1632163226.90114260,0.50000000
1632163227.00114560,0.50000000
1632163227.10111833,0.50000000
1632163227.20112133,0.50000000
1632163227.30113173,0.50000000
1632163227.40116310,0.50000000
1632163227.50113940,0.50000000
1632163227.60107994,0.50000000
1632163227.70110464,0.50000000
1632163227.80110979,0.50000000
1632163227.90126300,0.50000000
1632163228.00098610,0.50000000
1632163228.10107946,0.50000000
1632163228.20116353,0.50000000
1632163228.30112553,0.50000000
1632163228.40113354,0.50000000
1632163228.50112057,0.50000000
1632163228.60113454,0.50000000
1632163228.70116639,0.50000000
1632163228.80112982,0.50000000
1632163228.90109968,0.50000000
1632163229.00113010,0.50000000
1632163229.10119843,0.50000000
1632163229.20133471,0.50000000
1632163229.30115318,0.50000000
1632163229.40114808,0.50000000
1632163229.50114393,0.50000000
1632163229.60115743,0.50000000
1632163229.70115995,0.50000000
1632163229.80115342,0.50000000
1632163229.90114784,0.50000000
1632163230.00110006,0.50000000
1632163230.10113192,0.50000000
1632163230.20110965,0.50000000
1632163230.30109787,0.50000000
1632163230.40111542,0.50000000
1632163230.50113106,0.50000000
1632163230.60109925,0.50000000
1632163230.70113015,0.50000000
1632163230.80109978,0.50000000
1632163230.90110731,0.50000000
1632163231.00118613,0.50000000
1632163231.10125256,0.50000000
1632163231.20111513,0.50000000
1632163231.30113888,0.50000000
1632163231.40115094,0.50000000
1632163231.50137162,0.50000000
1632163231.60114574,0.50000000
1632163231.70116472,0.50000000
1632163231.80122638,0.50000000
1632163231.90115309,0.50000000
1632163232.00116014,0.50000000
1632163232.10123539,0.50000000
1632163232.20115709,0.50000000
1632163232.30114579,0.50000000
1632163232.40111542,0.50000000
1632163232.50116396,0.50000000
1632163232.60110831,0.50000000
1632163232.70144415,0.50000000
1632163232.80112004,0.50000000
1632163232.90114713,0.50000000
1632163233.00120544,0.50000000
1632163233.10112381,0.50000000
1632163233.20115519,0.50000000
1632163233.30110288,0.50000000
1632163233.40112162,0.50000000
1632163233.50115228,0.50000000
1632163233.60126185,0.50000000
1632163233.70118856,0.50000000
1632163233.80115247,0.50000000
1632163233.90116024,0.50000000
1632163234.00122023,0.50000000
1632163234.10122919,3.50000000
1632163234.20112562,3.50000000
1632163234.30106139,3.50000000
1632163234.40116906,3.50000000
1632163234.50112391,3.50000000
1632163234.60111284,3.50000000
1632163234.70113492,3.50000000
1632163234.80111289,3.50000000
1632163234.90115261,3.50000000
1632163235.00115156,3.50000000
1632163235.10116458,3.50000000
1632163235.20116663,3.50000000
1632163235.30116701,3.50000000
1632163235.40110493,3.50000000
1632163235.50110555,3.50000000
1632163235.60110068,3.50000000
1632163235.70109725,3.50000000
1632163235.80110145,3.50000000
1632163235.90121484,3.50000000
1632163236.00112915,3.50000000
1632163236.10114765,3.50000000
1632163236.20115709,3.50000000
1632163236.30113673,3.50000000
1632163236.40114927,3.50000000
1632163236.50111961,3.50000000
1632163236.60115027,3.50000000
1632163236.70113444,3.50000000
1632163236.80113149,3.50000000
1632163236.90114832,3.50000000
1632163237.00115776,3.50000000
1632163237.10113788,3.50000000
1632163237.20108676,3.50000000
1632163237.30128527,3.50000000
1632163237.40113711,3.50000000
1632163237.50112963,3.50000000
1632163237.60111880,3.50000000
1632163237.70112967,3.50000000
1632163237.80120659,3.50000000
1632163237.90120196,3.50000000
1632163238.00098443,3.50000000
1632163238.10113430,3.50000000
1632163238.20113254,3.50000000
1632163238.30122185,3.50000000
1632163238.40089178,3.50000000
1632163238.50089550,3.50000000
1632163238.60113406,3.50000000
1632163238.70115995,3.50000000
1632163238.80112052,3.50000000
1632163238.90118814,3.50000000
1632163239.00108957,3.50000000
1632163239.10123920,3.50000000
1632163239.20110655,3.50000000
1632163239.30116415,3.50000000
1632163239.40110874,3.50000000
1632163239.50100875,3.50000000
1632163239.60095358,3.50000000
1632163239.70121574,3.50000000
1632163239.80127788,3.50000000
1632163239.90121984,3.50000000
1632163240.00111127,3.50000000
1632163240.10115957,3.50000000
1632163240.20116806,3.50000000
1632163240.30126143,3.50000000
1632163240.40120125,3.50000000
1632163240.50116658,3.50000000
1632163240.60112166,3.50000000
1632163240.70121241,3.50000000
1632163240.80094361,3.50000000
1632163240.90113711,3.50000000
1632163241.00096679,3.50000000
1632163241.10116887,3.50000000
1632163241.20113730,3.50000000
1632163241.30119324,3.50000000
1632163241.40114331,3.50000000
1632163241.50117993,3.50000000
1632163241.60115528,3.50000000
1632163241.70114803,3.50000000
1632163241.80113244,3.50000000
1632163241.90112400,3.50000000
1632163242.00100899,3.50000000
1632163242.10114026,3.50000000
1632163242.20112634,3.50000000
1632163242.30112123,3.50000000
1632163242.40111279,3.50000000
1632163242.50109315,3.50000000
1632163242.60110426,3.50000000
1632163242.70114779,3.50000000
1632163242.80113482,3.50000000
1632163242.90117383,3.50000000
1632163243.00114822,3.50000000
1632163243.10116148,3.50000000
1632163243.20116830,3.50000000
1632163243.30090261,3.50000000
1632163243.40092540,3.50000000
1632163243.50091004,3.50000000
1632163243.60100198,3.50000000
1632163243.70122838,3.50000000
1632163243.80097532,3.50000000
1632163243.90099049,3.50000000
1632163244.00111890,3.50000000
1632163244.10113645,3.50000000
1632163244.20113373,3.50000000
1632163244.30094433,3.50000000
1632163244.40096855,3.50000000
1632163244.50115347,3.50000000
1632163244.60108495,3.50000000
1632163244.70110679,3.50000000
1632163244.80095530,3.50000000
1632163244.90112805,3.50000000
1632163245.00123787,3.50000000
1632163245.10114288,3.50000000
1632163245.20112801,3.50000000
1632163245.30111456,3.50000000
1632163245.40114760,3.50000000
1632163245.50114608,3.50000000
1632163245.60110950,3.50000000
1632163245.70121217,3.50000000
1632163245.80106330,3.50000000
1632163245.90099168,3.50000000
1632163246.00111556,3.50000000
1632163246.10099316,3.50000000
1632163246.20115304,3.50000000
1632163246.30119419,3.50000000
1632163246.40093994,3.50000000
1632163246.50115919,3.50000000
1632163246.60114336,3.50000000
1632163246.70117640,3.50000000
1632163246.80109429,3.50000000
1632163246.90108323,3.50000000
1632163247.00112128,3.50000000
1632163247.10111451,3.50000000
1632163247.20111322,3.50000000
1632163247.30113292,3.50000000
1632163247.40115952,3.50000000
1632163247.50109935,3.50000000
1632163247.60113811,3.50000000
1632163247.70113873,3.50000000
1632163247.80106425,3.50000000
1632163247.90115285,3.50000000
1632163248.00102329,3.50000000
1632163248.10110736,3.50000000
1632163248.20103240,3.50000000
1632163248.30118680,3.50000000
1632163248.40114903,3.50000000
1632163248.50109720,3.50000000
1632163248.60117245,3.50000000
1632163248.70122600,3.50000000
1632163248.80122304,3.50000000
1632163248.90121293,3.50000000
1632163249.00116515,3.50000000
1632163249.10115123,3.50000000
1632163249.20123005,3.50000000
1632163249.30105567,3.50000000
1632163249.40117192,3.50000000
1632163249.50114918,3.50000000
1632163249.60117197,3.50000000
1632163249.70140290,3.50000000
1632163249.80122972,3.50000000
1632163249.90116286,3.50000000
1632163250.00116897,3.50000000
1632163250.10114336,3.50000000
1632163250.20117521,3.50000000
1632163250.30113721,3.50000000
1632163250.40113306,3.50000000
1632163250.50118589,3.50000000
1632163250.60121632,3.50000000
1632163250.70114541,3.50000000
1632163250.80103874,3.50000000
1632163250.90118957,3.50000000
1632163251.00113940,3.50000000
1632163251.10123563,3.50000000
1632163251.20115399,3.50000000
1632163251.30101585,3.50000000
1632163251.40120578,3.50000000
1632163251.50111485,3.50000000
1632163251.60111094,3.50000000
1632163251.70116711,3.50000000
1632163251.80111623,3.50000000
1632163251.90117717,3.50000000
1632163252.00112319,3.50000000
1632163252.10117626,3.50000000
1632163252.20115995,3.50000000
1632163252.30117369,3.50000000
1632163252.40120578,3.50000000
1632163252.50117922,3.50000000
1632163252.60112667,3.50000000
1632163252.70111942,3.50000000
1632163252.80112362,3.50000000
1632163252.90114570,3.50000000
1632163253.00119710,3.50000000
1632163253.10117006,3.50000000
1632163253.20114994,3.50000000
1632163253.30112338,3.50000000
1632163253.40113139,3.50000000
1632163253.50112009,3.50000000
1632163253.60116768,3.50000000
1632163253.70116067,3.50000000
1632163253.80113387,3.50000000
1632163253.90113235,3.50000000
1632163254.00114179,3.50000000
1632163254.10113406,3.50000000
1632163254.20114684,3.50000000
1632163254.30116510,3.50000000
1632163254.40122008,3.50000000
1632163254.50120306,3.50000000
1632163254.60115051,3.50000000
1632163254.70116472,3.50000000
1632163254.80127525,3.50000000
1632163254.90122271,3.50000000
1632163255.00114536,3.50000000
1632163255.10111284,3.50000000
1632163255.20113587,3.50000000
1632163255.30111694,3.50000000
1632163255.40115309,3.50000000
1632163255.50111461,3.50000000
1632163255.60114121,3.50000000
1632163255.70114899,3.50000000
1632163255.80108500,3.50000000
1632163255.90112019,3.50000000
1632163256.00122809,3.50000000
1632163256.10121441,3.50000000
1632163256.20115447,3.50000000
1632163256.30115247,3.50000000
1632163256.40112352,3.50000000
1632163256.50111365,3.50000000
1632163256.60113883,3.50000000
1632163256.70107532,3.50000000
1632163256.80112934,3.50000000
1632163256.90112305,3.50000000
1632163257.00114083,3.50000000
1632163257.10112309,3.50000000
1632163257.20112133,3.50000000
1632163257.30113339,3.50000000
1632163257.40121484,3.50000000
1632163257.50110984,3.50000000
1632163257.60112095,3.50000000
1632163257.70113897,3.50000000
1632163257.80117178,3.50000000
1632163257.90115762,3.50000000
1632163258.00114465,3.50000000
1632163258.10115743,3.50000000
1632163258.20110822,3.50000000
1632163258.30110884,3.50000000
1632163258.40113306,3.50000000
1632163258.50112510,3.50000000
1632163258.60113049,3.50000000
1632163258.70114493,3.50000000
1632163258.80115271,3.50000000
1632163258.90114594,3.50000000
1632163259.00113487,3.50000000
1632163259.10114121,3.50000000
1632163259.20115376,3.50000000
1632163259.30121183,3.50000000
1632163259.40111971,3.50000000
1632163259.50115681,3.50000000
1632163259.60113692,3.50000000
1632163259.70113635,3.50000000
1632163259.80115080,3.50000000
1632163259.90116453,3.50000000
1632163260.00113010,3.50000000
1632163260.10121202,3.50000000
1632163260.20121670,3.50000000
1632163260.30121875,3.50000000
1632163260.40111065,3.50000000
1632163260.50111651,3.50000000
1632163260.60110903,3.50000000
1632163260.70114541,3.50000000
1632163260.80112553,3.50000000
1632163260.90126061,3.50000000
1632163261.00113964,3.50000000
1632163261.10113215,3.50000000
1632163261.20110154,3.50000000
1632163261.30114770,3.50000000
1632163261.40105772,3.50000000
1632163261.50115132,3.50000000
1632163261.60115194,3.50000000
1632163261.70112920,3.50000000
1632163261.80115557,3.50000000
1632163261.90113401,3.50000000
1632163262.00112391,3.50000000
1632163262.10121346,3.50000000
1632163262.20115137,3.50000000
1632163262.30118227,3.50000000
1632163262.40113258,3.50000000
1632163262.50114298,3.50000000
1632163262.60113859,3.50000000
1632163262.70119190,3.50000000
1632163262.80111432,3.50000000
1632163262.90109158,3.50000000
1632163263.00111961,3.50000000
1632163263.10125446,3.50000000
1632163263.20113039,3.50000000
1632163263.30110025,3.50000000
1632163263.40112972,3.50000000
1632163263.50118971,3.50000000
1632163263.60120463,3.50000000
1632163263.70113158,3.50000000
1632163263.80114865,3.50000000
1632163263.90113020,3.50000000
1632163264.00115299,3.50000000
1632163264.10113716,3.50000000
1632163264.20115304,3.50000000
1632163264.30121064,3.50000000
1632163264.40110660,3.50000000
1632163264.50115275,3.50000000
1632163264.60110068,3.50000000
1632163264.70113158,3.50000000
1632163264.80114770,3.50000000
1632163264.90113902,3.50000000
1632163265.00114846,3.50000000
1632163265.10111070,3.50000000
1632163265.20113468,3.50000000
1632163265.30122757,3.50000000
1632163265.40118337,3.50000000
1632163265.50111604,3.50000000
1632163265.60116434,3.50000000
1632163265.70120001,3.50000000
1632163265.80120111,3.50000000
1632163265.90118265,3.50000000
1632163266.00120568,3.50000000
1632163266.10119510,3.50000000
1632163266.20122433,3.50000000
1632163266.30112457,3.50000000
1632163266.40129042,3.50000000
1632163266.50118876,3.50000000
1632163266.60127664,3.50000000
1632163266.70113468,3.50000000
1632163266.80116987,3.50000000
1632163266.90121222,3.50000000
1632163267.00096869,3.50000000
1632163267.10117936,3.50000000
1632163267.20113373,3.50000000
1632163267.30113244,3.50000000
1632163267.40112829,3.50000000
1632163267.50111532,3.50000000
1632163267.60116768,3.50000000
1632163267.70120931,3.50000000
1632163267.80114794,3.50000000
1632163267.90113306,3.50000000
1632163268.00098062,3.50000000
1632163268.10114861,3.50000000
1632163268.20109916,3.50000000
1632163268.30114150,3.50000000
1632163268.40110731,3.50000000
1632163268.50113058,3.50000000
1632163268.60116148,3.50000000
1632163268.70113516,3.50000000
1632163268.80117226,3.50000000
1632163268.90113831,3.50000000
1632163269.00112033,3.50000000
1632163269.10125732,3.50000000
1632163269.20124030,3.50000000
1632163269.30117226,3.50000000
1632163269.40111732,3.50000000
1632163269.50113726,3.50000000
1632163269.60115528,3.50000000
1632163269.70126843,3.50000000
1632163269.80128336,3.50000000
1632163269.90124249,3.50000000
1632163270.00111103,3.50000000
1632163270.10117745,3.50000000
1632163270.20115137,3.50000000
1632163270.30113339,3.50000000
1632163270.40113187,3.50000000
1632163270.50120234,3.50000000
1632163270.60119009,3.50000000
1632163270.70121598,3.50000000
1632163270.80118847,3.50000000
1632163270.90118551,3.50000000
1632163271.00118661,3.50000000
1632163271.10114002,3.50000000
1632163271.20113039,3.50000000
1632163271.30119872,3.50000000
1632163271.40117788,3.50000000
1632163271.50119925,3.50000000
1632163271.60119605,3.50000000
1632163271.70126772,3.50000000
1632163271.80109406,3.50000000
1632163271.90115213,3.50000000
1632163272.00128436,3.50000000
1632163272.10113406,3.50000000
1632163272.20127249,3.50000000
1632163272.30122924,3.50000000
1632163272.40113115,3.50000000
1632163272.50118184,3.50000000
1632163272.60125113,3.50000000
1632163272.70127058,3.50000000
1632163272.80125427,3.50000000
1632163272.90124512,3.50000000
1632163273.00113678,3.50000000
1632163273.10113907,3.50000000
1632163273.20112586,3.50000000
1632163273.30109739,3.50000000
1632163273.40117002,3.50000000
1632163273.50100470,3.50000000
1632163273.60113955,3.50000000
1632163273.70121384,3.50000000
1632163273.80114007,3.50000000
1632163273.90116739,3.50000000
1632163274.00115323,3.50000000
1632163274.10118747,3.50000000
1632163274.20117307,3.50000000
1632163274.30116129,3.50000000
1632163274.40116239,3.50000000
1632163274.50114608,3.50000000
1632163274.60113001,3.50000000
1632163274.70104289,3.50000000
1632163274.80116582,3.50000000
1632163274.90118098,3.50000000
1632163275.00118589,3.50000000
1632163275.10111642,3.50000000
1632163275.20124459,3.50000000
1632163275.30117130,3.50000000
1632163275.40111208,3.50000000
1632163275.50122452,3.50000000
1632163275.60118723,3.50000000
1632163275.70133233,3.50000000
1632163275.80112576,3.50000000
1632163275.90122366,3.50000000
1632163276.00122881,3.50000000
1632163276.10119271,3.50000000
1632163276.20119071,3.50000000
1632163276.30099773,3.50000000
1632163276.40114856,3.50000000
1632163276.50118256,3.50000000
1632163276.60117054,3.50000000
1632163276.70121074,3.50000000
1632163276.80113912,3.50000000
1632163276.90117407,3.50000000
1632163277.00114584,3.50000000
1632163277.10117984,3.50000000
1632163277.20114875,3.50000000
1632163277.30102706,3.50000000
1632163277.40112472,3.50000000
1632163277.50115347,3.50000000
1632163277.60118437,3.50000000
1632163277.70117211,3.50000000
1632163277.80110192,3.50000000
1632163277.90110850,3.50000000
1632163278.00098467,3.50000000
1632163278.10114121,3.50000000
1632163278.20111704,3.50000000
1632163278.30119109,3.50000000
1632163278.40109253,3.50000000
1632163278.50109029,3.50000000
1632163278.60112119,3.50000000
1632163278.70115256,3.50000000
1632163278.80113888,3.50000000
1632163278.90117502,3.50000000
1632163279.00112796,3.50000000
1632163279.10111809,3.50000000
1632163279.20113182,3.50000000
1632163279.30114079,3.50000000
1632163279.40111709,3.50000000
1632163279.50113797,3.50000000
1632163279.60115647,3.50000000
1632163279.70115423,3.50000000
1632163279.80115962,3.50000000
1632163279.90115309,3.50000000
1632163280.00114298,3.50000000
1632163280.10114574,3.50000000
1632163280.20118713,3.50000000
1632163280.30114746,3.50000000
1632163280.40114713,3.50000000
1632163280.50105524,3.50000000
1632163280.60113025,3.50000000
1632163280.70112944,3.50000000
1632163280.80113864,3.50000000
1632163280.90115070,3.50000000
1632163281.00119233,3.50000000
1632163281.10118699,3.50000000
1632163281.20116591,3.50000000
1632163281.30119562,3.50000000
1632163281.40115118,3.50000000
1632163281.50114822,3.50000000
1632163281.60114241,3.50000000
1632163281.70112586,3.50000000
1632163281.80114555,3.50000000
1632163281.90114856,3.50000000
1632163282.00121307,3.50000000
1632163282.10117459,3.50000000
1632163282.20114517,3.50000000
1632163282.30118918,3.50000000
1632163282.40115809,3.50000000
1632163282.50112391,3.50000000
1632163282.60113859,3.50000000
1632163282.70119810,3.50000000
1632163282.80118608,3.50000000
1632163282.90123892,3.50000000
1632163283.00111532,3.50000000
1632163283.10119319,3.50000000
1632163283.20112276,3.50000000
1632163283.30097485,3.50000000
1632163283.40114474,3.50000000
1632163283.50117350,3.50000000
1632163283.60117149,3.50000000
1632163283.70126534,3.50000000
1632163283.80117512,3.50000000
1632163283.90114641,3.50000000
1632163284.00111723,3.50000000
1632163284.10116458,3.50000000
1632163284.20113373,3.50000000
1632163284.30114532,3.50000000
1632163284.40110612,3.50000000
1632163284.50115919,3.50000000
1632163284.60115480,3.50000000
1632163284.70112824,3.50000000
1632163284.80112767,3.50000000
1632163284.90111208,3.50000000
1632163285.00126338,3.50000000
1632163285.10115838,3.50000000
1632163285.20116854,3.50000000
1632163285.30120087,3.50000000
1632163285.40121484,3.50000000
1632163285.50114799,3.50000000
1632163285.60113382,3.50000000
1632163285.70122266,3.50000000
1632163285.80112076,3.50000000
1632163285.90097737,3.50000000
1632163286.00118804,3.50000000
1632163286.10114837,3.50000000
1632163286.20114446,3.50000000
1632163286.30115843,3.50000000
1632163286.40115380,3.50000000
1632163286.50109744,3.50000000
1632163286.60119367,3.50000000
1632163286.70114398,3.50000000
1632163286.80118990,3.50000000
1632163286.90125537,3.50000000
1632163287.00113750,3.50000000
1632163287.10116196,3.50000000
1632163287.20110679,3.50000000
1632163287.30129004,3.50000000
1632163287.40117121,3.50000000
1632163287.50118947,3.50000000
1632163287.60111642,3.50000000
1632163287.70118403,3.50000000
1632163287.80111003,3.50000000
1632163287.90105319,3.50000000
1632163288.00103307,3.50000000
1632163288.10110784,3.50000000
1632163288.20113063,3.50000000
1632163288.30117822,3.50000000
1632163288.40109134,3.50000000
1632163288.50111246,3.50000000
1632163288.60111713,3.50000000
1632163288.70112395,3.50000000
1632163288.80118680,3.50000000
1632163288.90119600,3.50000000
1632163289.00123048,3.50000000
1632163289.10113788,3.50000000
1632163289.20113683,3.50000000
1632163289.30113840,3.50000000
1632163289.40113211,3.50000000
1632163289.50110292,3.50000000
1632163289.60120392,3.50000000
1632163289.70119286,3.50000000
1632163289.80119801,3.50000000
1632163289.90115809,3.50000000
1632163290.00116706,3.50000000
1632163290.10112095,3.50000000
1632163290.20110416,3.50000000
1632163290.30113101,3.50000000
1632163290.40113306,3.50000000
1632163290.50112963,3.50000000
1632163290.60113192,3.50000000
1632163290.70108557,3.50000000
1632163290.80113101,3.50000000
1632163290.90113282,3.50000000
1632163291.00115585,3.50000000
1632163291.10140610,3.50000000
1632163291.20109940,3.50000000
1632163291.30112290,3.50000000
1632163291.40111327,3.50000000
1632163291.50110745,3.50000000
1632163291.60112739,3.50000000
1632163291.70114684,3.50000000
1632163291.80113387,3.50000000
1632163291.90110564,3.50000000
1632163292.00112176,3.50000000
1632163292.10111785,3.50000000
1632163292.20112777,3.50000000
1632163292.30112815,3.50000000
1632163292.40110517,3.50000000
1632163292.50108767,3.50000000
1632163292.60109305,3.50000000
1632163292.70112419,3.50000000
1632163292.80112910,3.50000000
1632163292.90107870,3.50000000
1632163293.00112987,3.50000000
1632163293.10117888,3.50000000
1632163293.20109081,3.50000000
1632163293.30112958,3.50000000
1632163293.40111709,3.50000000
1632163293.50116348,3.50000000
1632163293.60111094,3.50000000
1632163293.70113087,3.50000000
1632163293.80111217,3.50000000
1632163293.90113282,3.50000000
1632163294.00112987,3.50000000
1632163294.10111761,3.50000000
1632163294.20111465,3.50000000
1632163294.30119658,3.50000000
1632163294.40121746,3.50000000
1632163294.50112367,3.50000000
1632163294.60120511,3.50000000
1632163294.70114136,3.50000000
1632163294.80110812,3.50000000
1632163294.90111327,3.50000000
1632163295.00108624,3.50000000
1632163295.10112786,3.50000000
1632163295.20109367,3.50000000
1632163295.30110788,3.50000000
1632163295.40114450,3.50000000
1632163295.50114846,3.50000000
1632163295.60115457,3.50000000
1632163295.70110083,3.50000000
1632163295.80109477,3.50000000
1632163295.90114546,3.50000000
1632163296.00111675,3.50000000
1632163296.10118890,3.50000000
1632163296.20109749,3.50000000
1632163296.30111217,3.50000000
1632163296.40110660,3.50000000
1632163296.50111055,3.50000000
1632163296.60120559,3.50000000
1632163296.70121956,3.50000000
1632163296.80125690,3.50000000
1632163296.90112066,3.50000000
1632163297.00113297,3.50000000
1632163297.10109448,3.50000000
1632163297.20111704,3.50000000
1632163297.30113935,3.50000000
1632163297.40112281,3.50000000
1632163297.50116158,3.50000000
1632163297.60114145,3.50000000
1632163297.70111346,3.50000000
1632163297.80113053,3.50000000
1632163297.90111351,3.50000000
1632163298.00098372,3.50000000
1632163298.10113883,3.50000000
1632163298.20108175,3.50000000
1632163298.30112553,3.50000000
1632163298.40112734,3.50000000
1632163298.50114894,3.50000000
1632163298.60111785,3.50000000
1632163298.70113063,3.50000000
1632163298.80114532,3.50000000
1632163298.90112591,3.50000000
1632163299.00111532,3.50000000
1632163299.10113358,3.50000000
1632163299.20110178,3.50000000
1632163299.30110526,3.50000000
1632163299.40115190,3.50000000
1632163299.50116277,3.50000000
1632163299.60110021,3.50000000
1632163299.70118570,3.50000000
1632163299.80112791,3.50000000
1632163299.90113544,3.50000000
1632163300.00110841,3.50000000
1632163300.10111976,3.50000000
1632163300.20109081,3.50000000
1632163300.30115700,3.50000000
1632163300.40113306,3.50000000
1632163300.50110078,3.50000000
1632163300.60110521,3.50000000
1632163300.70110393,3.50000000
1632163300.80111432,3.50000000
1632163300.90119910,3.50000000
1632163301.00122976,3.50000000
1632163301.10118866,3.50000000
1632163301.20112944,3.50000000
1632163301.30116343,3.50000000
1632163301.40114284,3.50000000
1632163301.50116420,3.50000000
1632163301.60115314,3.50000000
1632163301.70115781,3.50000000
1632163301.80115294,3.50000000
1632163301.90109825,3.50000000
1632163302.00110769,3.50000000
1632163302.10108161,3.50000000
1632163302.20108581,3.50000000
1632163302.30114031,3.50000000
1632163302.40110111,3.50000000
1632163302.50112009,3.50000000
1632163302.60115695,3.50000000
1632163302.70116568,3.50000000
1632163302.80118275,3.50000000
1632163302.90114999,3.50000000
1632163303.00112057,3.50000000
1632163303.10109186,3.50000000
1632163303.20114756,3.50000000
1632163303.30110431,3.50000000
1632163303.40117264,3.50000000
1632163303.50112629,3.50000000
1632163303.60113573,3.50000000
1632163303.70113182,3.50000000
1632163303.80110717,3.50000000
1632163303.90110421,3.50000000
1632163304.00111747,3.50000000
1632163304.10111642,3.50000000
1632163304.20111656,3.50000000
1632163304.30115724,3.50000000
1632163304.40113044,3.50000000
1632163304.50115395,3.50000000
1632163304.60112882,3.50000000
1632163304.70113063,3.50000000
1632163304.80114532,3.50000000
1632163304.90113020,3.50000000
1632163305.00116372,3.50000000
1632163305.10111380,3.50000000
1632163305.20120955,3.50000000
1632163305.30123496,3.50000000
1632163305.40121818,3.50000000
1632163305.50120974,3.50000000
1632163305.60111380,3.50000000
1632163305.70121932,3.50000000
1632163305.80114794,3.50000000
1632163305.90115309,3.50000000
1632163306.00114942,3.50000000
1632163306.10109639,3.50000000
1632163306.20112562,3.50000000
1632163306.30119205,3.50000000
1632163306.40118241,3.50000000
1632163306.50112343,3.50000000
1632163306.60117698,3.50000000
1632163306.70112896,3.50000000
1632163306.80117321,3.50000000
1632163306.90115237,3.50000000
1632163307.00112510,3.50000000
1632163307.10114408,3.50000000
1632163307.20115209,3.50000000
1632163307.30122256,3.50000000
1632163307.40115070,3.50000000
1632163307.50113988,3.50000000
1632163307.60115385,3.50000000
1632163307.70115614,3.50000000
1632163307.80110884,3.50000000
1632163307.90109873,3.50000000
1632163308.00097537,3.50000000
1632163308.10115647,3.50000000
1632163308.20101047,3.50000000
1632163308.30113125,3.50000000
1632163308.40111709,3.50000000
1632163308.50114632,3.50000000
1632163308.60113025,3.50000000
1632163308.70116210,3.50000000
1632163308.80113268,3.50000000
1632163308.90112495,3.50000000
1632163309.00117755,3.50000000
1632163309.10113788,3.50000000
1632163309.20117950,3.50000000
1632163309.30114245,3.50000000
1632163309.40124512,3.50000000
1632163309.50114727,3.50000000
1632163309.60112429,3.50000000
1632163309.70120001,3.50000000
1632163309.80119014,3.50000000
1632163309.90122342,3.50000000
1632163310.00121617,3.50000000
1632163310.10109282,3.50000000
1632163310.20113635,3.50000000
1632163310.30115938,3.50000000
1632163310.40115070,3.50000000
1632163310.50112486,3.50000000
1632163310.60118365,3.50000000
1632163310.70138240,3.50000000
1632163310.80116653,3.50000000
1632163310.90117860,3.50000000
1632163311.00117612,3.50000000
1632163311.10111022,3.50000000
1632163311.20113707,3.50000000
1632163311.30116200,3.50000000
1632163311.40115714,3.50000000
1632163311.50112510,3.50000000
1632163311.60115099,3.50000000
1632163311.70123601,3.50000000
1632163311.80119467,3.50000000
1632163311.90115380,3.50000000
1632163312.00111556,3.50000000
1632163312.10111403,3.50000000
1632163312.20107293,3.50000000
1632163312.30090785,3.50000000
1632163312.40111613,3.50000000
1632163312.50105381,3.50000000
1632163312.60100007,3.50000000
1632163312.70098424,3.50000000
1632163312.80096173,3.50000000
1632163312.90099287,3.50000000
1632163313.00099254,3.50000000
1632163313.10105228,3.50000000
1632163313.20122313,3.50000000
1632163313.30099559,3.50000000
1632163313.40091586,3.50000000
1632163313.50103784,3.50000000
1632163313.60110402,3.50000000
1632163313.70115638,3.50000000
1632163313.80118966,3.50000000
1632163313.90101385,3.50000000
1632163314.00117397,3.50000000
1632163314.10103679,3.50000000
1632163314.20098305,3.50000000
1632163314.30098033,3.50000000
1632163314.40112638,3.50000000
1632163314.50117660,3.50000000
1632163314.60111094,3.50000000
1632163314.70113087,3.50000000
1632163314.80104256,3.50000000
1632163314.90121198,3.50000000
1632163315.00117397,3.50000000
1632163315.10099387,3.50000000
1632163315.20100069,3.50000000
1632163315.30120230,3.50000000
1632163315.40103102,3.50000000
1632163315.50118232,3.50000000
1632163315.60109568,3.50000000
1632163315.70113993,3.50000000
1632163315.80098462,3.50000000
1632163315.90111542,3.50000000
1632163316.00100136,3.50000000
1632163316.10111332,3.50000000
1632163316.20121503,3.50000000
1632163316.30117011,3.50000000
1632163316.40098262,3.50000000
1632163316.50112486,3.50000000
1632163316.60109472,3.50000000
1632163316.70112491,3.50000000
1632163316.80113912,3.50000000
1632163316.90113354,3.50000000
1632163317.00109601,3.50000000
1632163317.10111523,3.50000000
1632163317.20108056,3.50000000
1632163317.30115199,3.50000000
1632163317.40119004,3.50000000
1632163317.50098181,3.50000000
1632163317.60102820,3.50000000
1632163317.70122790,3.50000000
1632163317.80091715,3.50000000
1632163317.90121388,3.50000000
1632163318.00114059,3.50000000
1632163318.10118532,3.50000000
1632163318.20126772,3.50000000
1632163318.30123591,3.50000000
1632163318.40105081,3.50000000
1632163318.50114560,3.50000000
1632163318.60118699,3.50000000
1632163318.70118141,3.50000000
1632163318.80114079,3.50000000
1632163318.90125561,3.50000000
1632163319.00103140,3.50000000
1632163319.10130429,3.50000000
1632163319.20099926,3.50000000
1632163319.30124974,3.50000000
1632163319.40117192,3.50000000
1632163319.50119352,3.50000000
1632163319.60126925,3.50000000
1632163319.70116687,3.50000000
1632163319.80115628,3.50000000
1632163319.90117264,3.50000000
1632163320.00130677,3.50000000
1632163320.10108471,3.50000000
1632163320.20124292,3.50000000
1632163320.30121899,3.50000000
1632163320.40120411,3.50000000
1632163320.50114775,3.50000000
1632163320.60115886,3.50000000
1632163320.70120478,3.50000000
1632163320.80112219,3.50000000
1632163320.90111613,3.50000000
1632163321.00101376,3.50000000
1632163321.10101819,3.50000000
1632163321.20103335,3.50000000
1632163321.30122614,3.50000000
1632163321.40118885,3.50000000
1632163321.50099993,3.50000000
1632163321.60107970,3.50000000
1632163321.70118260,3.50000000
1632163321.80136871,3.50000000
1632163321.90112758,3.50000000
1632163322.00094342,3.50000000
1632163322.10120630,3.50000000
1632163322.20117331,3.50000000
1632163322.30126047,3.50000000
1632163322.40112233,3.50000000
1632163322.50120425,3.50000000
1632163322.60120511,3.50000000
1632163322.70113802,3.50000000
1632163322.80113173,3.50000000
1632163322.90108347,3.50000000
1632163323.00112224,3.50000000
1632163323.10117149,3.50000000
1632163323.20116043,3.50000000
1632163323.30118752,3.50000000
1632163323.40103531,3.50000000
1632163323.50120473,3.50000000
1632163323.60111427,3.50000000
1632163323.70113015,3.50000000
1632163323.80110598,3.50000000
1632163323.90114737,3.50000000
1632163324.00114202,3.50000000
1632163324.10113788,3.50000000
1632163324.20099258,3.50000000
1632163324.30089736,3.50000000
1632163324.40100455,3.50000000
1632163324.50111341,3.50000000
1632163324.60129952,3.50000000
1632163324.70112991,3.50000000
1632163324.80111170,3.50000000
1632163324.90114856,3.50000000
1632163325.00112677,3.50000000
1632163325.10117745,3.50000000
1632163325.20122814,3.50000000
1632163325.30122256,3.50000000
1632163325.40113735,3.50000000
1632163325.50119424,3.50000000
1632163325.60121417,3.50000000
1632163325.70114470,3.50000000
1632163325.80112529,3.50000000
1632163325.90109348,3.50000000
1632163326.00113988,3.50000000
1632163326.10119820,3.50000000
1632163326.20115519,3.50000000
1632163326.30112529,3.50000000
1632163326.40115690,3.50000000
1632163326.50115657,3.50000000
1632163326.60110354,3.50000000
1632163326.70109439,3.50000000
1632163326.80112100,3.50000000
1632163326.90112638,3.50000000
1632163327.00108719,3.50000000
1632163327.10116696,3.50000000
1632163327.20136976,3.50000000
1632163327.30124688,3.50000000
1632163327.40121961,3.50000000
1632163327.50125504,3.50000000
1632163327.60115123,3.50000000
1632163327.70118022,3.50000000
1632163327.80115151,3.50000000
1632163327.90118265,3.50000000
1632163328.00091171,3.50000000
1632163328.10122609,3.50000000
1632163328.20116925,3.50000000
1632163328.30121422,3.50000000
1632163328.40121698,3.50000000
1632163328.50113130,3.50000000
1632163328.60118079,3.50000000
1632163328.70115948,3.50000000
1632163328.80112791,3.50000000
1632163328.90115047,3.50000000
1632163329.00112653,3.50000000
1632163329.10115099,3.50000000
1632163329.20116949,3.50000000
1632163329.30118394,3.50000000
1632163329.40095162,3.50000000
1632163329.50111604,3.50000000
1632163329.60119009,3.50000000
1632163329.70119262,3.50000000
1632163329.80112147,3.50000000
1632163329.90111542,3.50000000
1632163330.00116014,3.50000000
1632163330.10121870,3.50000000
1632163330.20116973,3.50000000
1632163330.30125093,3.50000000
1632163330.40115309,3.50000000
1632163330.50116372,3.50000000
1632163330.60110545,3.50000000
1632163330.70122027,3.50000000
1632163330.80125189,3.50000000
1632163330.90124774,3.50000000
1632163331.00123453,3.50000000
1632163331.10119915,3.50000000
1632163331.20121074,3.50000000
1632163331.30113077,3.50000000
1632163331.40112424,3.50000000
1632163331.50111961,3.50000000
1632163331.60111117,3.50000000
1632163331.70111990,3.50000000
1632163331.80116534,3.50000000
1632163331.90113640,3.50000000
1632163332.00115347,3.50000000
1632163332.10115027,3.50000000
1632163332.20113349,3.50000000
1632163332.30124784,3.50000000
1632163332.40105271,3.50000000
1632163332.50112557,3.50000000
1632163332.60114789,3.50000000
1632163332.70114183,3.50000000
1632163332.80113029,3.50000000
1632163332.90104175,3.50000000
1632163333.00114083,3.50000000
1632163333.10114431,3.50000000
1632163333.20109868,3.50000000
1632163333.30126429,3.50000000
1632163333.40118098,3.50000000
1632163333.50118303,3.50000000
1632163333.60111547,3.50000000
1632163333.70120168,3.50000000
1632163333.80117440,3.50000000
1632163333.90113759,3.50000000
1632163334.00121069,3.50000000
1632163334.10117292,3.50000000
1632163334.20123339,3.50000000
1632163334.30130005,3.50000000
1632163334.40114307,3.50000000
1632163334.50113058,3.50000000
1632163334.60114813,3.50000000
1632163334.70123363,3.50000000
1632163334.80116606,3.50000000
1632163334.90111923,3.50000000
1632163335.00112891,3.50000000
1632163335.10114861,3.50000000
1632163335.20118856,3.50000000
1632163335.30124402,3.50000000
1632163335.40119958,3.50000000
1632163335.50113034,3.50000000
1632163335.60112309,3.50000000
1632163335.70111275,3.50000000
1632163335.80109811,3.50000000
1632163335.90121722,3.50000000
1632163336.00120902,3.50000000
1632163336.10111547,3.50000000
1632163336.20114803,3.50000000
1632163336.30129790,3.50000000
1632163336.40115452,3.50000000
1632163336.50112462,3.50000000
1632163336.60111976,3.50000000
1632163336.70109296,3.50000000
1632163336.80111766,3.50000000
1632163336.90109205,3.50000000
1632163337.00113320,3.50000000
1632163337.10113811,3.50000000
1632163337.20116186,3.50000000
1632163337.30119133,3.50000000
1632163337.40111780,3.50000000
1632163337.50112343,3.50000000
1632163337.60111523,3.50000000
1632163337.70111012,3.50000000
1632163337.80110502,3.50000000
1632163337.90113306,3.50000000
1632163338.00098038,3.50000000
1632163338.10111618,3.50000000
1632163338.20116282,3.50000000
1632163338.30114818,3.50000000
1632163338.40115261,3.50000000
1632163338.50114250,3.50000000
1632163338.60115051,3.50000000
1632163338.70116520,3.50000000
1632163338.80116487,3.50000000
1632163338.90114903,3.50000000
1632163339.00114679,3.50000000
1632163339.10116148,3.50000000
1632163339.20113778,3.50000000
1632163339.30110693,3.50000000
1632163339.40111637,3.50000000
1632163339.50114107,3.50000000
1632163339.60113215,3.50000000
1632163339.70113420,3.50000000
1632163339.80112553,3.50000000
1632163339.90122032,3.50000000
1632163340.00125623,3.50000000
1632163340.10121489,3.50000000
1632163340.20100141,3.50000000
1632163340.30125189,3.50000000
1632163340.40122700,3.50000000
1632163340.50098419,3.50000000
1632163340.60112691,3.50000000
1632163340.70115089,3.50000000
1632163340.80109763,3.50000000
1632163340.90112925,3.50000000
1632163341.00121713,3.50000000
1632163341.10115409,3.50000000
1632163341.20114970,3.50000000
1632163341.30111170,3.50000000
1632163341.40108609,3.50000000
1632163341.50115800,3.50000000
1632163341.60114646,3.50000000
1632163341.70113945,3.50000000
1632163341.80113316,3.50000000
1632163341.90113592,3.50000000
1632163342.00112295,3.50000000
1632163342.10113502,3.50000000
1632163342.20111442,3.50000000
1632163342.30111694,3.50000000
1632163342.40115356,3.50000000
1632163342.50113678,3.50000000
1632163342.60110736,3.50000000
1632163342.70113444,3.50000000
1632163342.80111670,3.50000000
1632163342.90113354,3.50000000
1632163343.00115442,3.50000000
1632163343.10114098,3.50000000
1632163343.20114779,3.50000000
1632163343.30113816,3.50000000
1632163343.40112114,3.50000000
1632163343.50108910,3.50000000
1632163343.60120893,3.50000000
1632163343.70111322,3.50000000
1632163343.80106664,3.50000000
1632163343.90108776,3.50000000
1632163344.00113654,3.50000000
1632163344.10113311,3.50000000
1632163344.20112658,3.50000000
1632163344.30114007,3.50000000
1632163344.40111136,3.50000000
1632163344.50115156,3.50000000
1632163344.60112333,3.50000000
1632163344.70110011,3.50000000
1632163344.80110598,3.50000000
1632163344.90113688,3.50000000
1632163345.00118113,3.50000000
1632163345.10111499,3.50000000
1632163345.20113468,3.50000000
1632163345.30115128,3.50000000
1632163345.40115404,3.50000000
1632163345.50113297,3.50000000
1632163345.60110807,3.50000000
1632163345.70122480,3.50000000
1632163345.80119920,3.50000000
1632163345.90111566,3.50000000
1632163346.00109649,3.50000000
1632163346.10113025,3.50000000
1632163346.20122814,3.50000000
1632163346.30126476,3.50000000
1632163346.40125108,3.50000000
1632163346.50113034,3.50000000
1632163346.60110927,3.50000000
1632163346.70115590,3.50000000
1632163346.80116558,3.50000000
1632163346.90114164,3.50000000
1632163347.00109792,3.50000000
1632163347.10113811,3.50000000
1632163347.20108294,3.50000000
1632163347.30110765,3.50000000
1632163347.40110946,3.50000000
1632163347.50116110,3.50000000
1632163347.60113716,3.50000000
1632163347.70117378,3.50000000
1632163347.80112290,3.50000000
1632163347.90110731,3.50000000
1632163348.00100064,3.50000000
1632163348.10120392,3.50000000
1632163348.20113277,3.50000000
1632163348.30114341,3.50000000
1632163348.40110779,3.50000000
1632163348.50119853,3.50000000
1632163348.60122418,3.50000000
1632163348.70117688,3.50000000
1632163348.80114079,3.50000000
1632163348.90114474,3.50000000
1632163349.00119686,3.50000000
1632163349.10113025,3.50000000
1632163349.20110726,3.50000000
1632163349.30113029,3.50000000
1632163349.40113807,3.50000000
1632163349.50119686,3.50000000
1632163349.60113454,3.50000000
1632163349.70113492,3.50000000
1632163349.80112195,3.50000000
1632163349.90120578,3.50000000
1632163350.00114155,3.50000000
1632163350.10112762,3.50000000
1632163350.20109463,3.50000000
1632163350.30120945,3.50000000
1632163350.40110993,3.50000000
1632163350.50111032,3.50000000
1632163350.60116482,3.50000000
1632163350.70112228,3.50000000
1632163350.80115891,3.50000000
1632163350.90117025,3.50000000
1632163351.00119686,3.50000000
1632163351.10118246,3.50000000
1632163351.20113611,3.50000000
1632163351.30115080,3.50000000
1632163351.40119290,3.50000000
1632163351.50116158,3.50000000
1632163351.60112000,3.50000000
1632163351.70114923,3.50000000
1632163351.80119228,3.50000000
1632163351.90110421,3.50000000
1632163352.00118041,3.50000000
1632163352.10123062,3.50000000
1632163352.20118690,3.50000000
1632163352.30114794,3.50000000
1632163352.40114927,3.50000000
1632163352.50114417,3.50000000
1632163352.60110497,3.50000000
1632163352.70110893,3.50000000
1632163352.80119801,3.50000000
1632163352.90111136,3.50000000
1632163353.00108433,3.50000000
1632163353.10113335,3.50000000
1632163353.20111394,3.50000000
1632163353.30122304,3.50000000
1632163353.40111041,3.50000000
1632163353.50114489,3.50000000
1632163353.60113883,3.50000000
1632163353.70112276,3.50000000
1632163353.80111885,3.50000000
1632163353.90114999,3.50000000
1632163354.00120258,3.50000000
1632163354.10120440,3.50000000
1632163354.20123482,3.50000000
1632163354.30115151,3.50000000
1632163354.40123463,3.50000000
1632163354.50112915,3.50000000
1632163354.60118532,3.50000000
1632163354.70115566,3.50000000
1632163354.80110574,3.50000000
1632163354.90118337,3.50000000
1632163355.00110626,3.50000000
1632163355.10111761,3.50000000
1632163355.20108342,3.50000000
1632163355.30114436,3.50000000
1632163355.40115142,3.50000000
1632163355.50115299,3.50000000
1632163355.60111308,3.50000000
1632163355.70110536,3.50000000
1632163355.80113769,3.50000000
1632163355.90114546,3.50000000
1632163356.00112844,3.50000000
1632163356.10114241,3.50000000
1632163356.20115185,3.50000000
1632163356.30114913,3.50000000
1632163356.40112066,3.50000000
1632163356.50110912,3.50000000
1632163356.60112548,3.50000000
1632163356.70112562,3.50000000
1632163356.80109215,3.50000000
1632163356.90109634,3.50000000
1632163357.00111485,3.50000000
1632163357.10112357,3.50000000
1632163357.20111275,3.50000000
1632163357.30110502,3.50000000
1632163357.40108538,3.50000000
1632163357.50112152,3.50000000
1632163357.60110521,3.50000000
1632163357.70110655,3.50000000
1632163357.80116606,3.50000000
1632163357.90114021,3.50000000
1632163358.00105953,3.50000000
1632163358.10124469,3.50000000
1632163358.20121384,3.50000000
1632163358.30122447,3.50000000
1632163358.40114665,3.50000000
1632163358.50117040,3.50000000
1632163358.60113931,3.50000000
1632163358.70110869,3.50000000
1632163358.80110979,3.50000000
1632163358.90110254,3.50000000
1632163359.00114679,3.50000000
1632163359.10108924,3.50000000
1632163359.20112801,3.50000000
1632163359.30109882,3.50000000
1632163359.40110159,3.50000000
1632163359.50112772,3.50000000
1632163359.60112762,3.50000000
1632163359.70115542,3.50000000
1632163359.80113602,3.50000000
1632163359.90114880,3.50000000
1632163360.00113010,3.50000000
1632163360.10109878,3.50000000
1632163360.20116138,3.50000000
1632163360.30108905,3.50000000
1632163360.40113664,3.50000000
1632163360.50114560,3.50000000
1632163360.60120821,3.50000000
1632163360.70112252,3.50000000
1632163360.80111790,3.50000000
1632163360.90112805,3.50000000
1632163361.00112748,3.50000000
1632163361.10112667,3.50000000
1632163361.20110869,3.50000000
1632163361.30114627,3.50000000
1632163361.40113115,3.50000000
1632163361.50112820,3.50000000
1632163361.60117412,3.50000000
1632163361.70111799,3.50000000
1632163361.80114532,3.50000000
1632163361.90120769,3.50000000
1632163362.00115085,3.50000000
1632163362.10114598,3.50000000
1632163362.20116115,3.50000000
1632163362.30110383,3.50000000
1632163362.40116286,3.50000000
1632163362.50116849,3.50000000
1632163362.60114479,3.50000000
1632163362.70109200,3.50000000
1632163362.80114698,3.50000000
1632163362.90116239,3.50000000
1632163363.00112939,3.50000000
1632163363.10114193,3.50000000
1632163363.20110250,3.50000000
1632163363.30111575,3.50000000
1632163363.40103173,3.50000000
1632163363.50113463,3.50000000
1632163363.60111117,3.50000000
1632163363.70110965,3.50000000
1632163363.80117798,3.50000000
1632163363.90111208,3.50000000
1632163364.00113821,3.50000000
1632163364.10111165,3.50000000
1632163364.20104861,3.50000000
1632163364.30108356,3.50000000
1632163364.40108347,3.50000000
1632163364.50113225,3.50000000
1632163364.60110712,3.50000000
1632163364.70112038,3.50000000
1632163364.80123329,3.50000000
1632163364.90112805,3.50000000
1632163365.00121856,3.50000000
1632163365.10113120,3.50000000
1632163365.20115209,3.50000000
1632163365.30114722,3.50000000
1632163365.40101910,3.50000000
1632163365.50108504,3.50000000
1632163365.60120463,3.50000000
1632163365.70108676,3.50000000
1632163365.80110860,3.50000000
1632163365.90111852,3.50000000
1632163366.00114059,3.50000000
1632163366.10109138,3.50000000
1632163366.20111108,3.50000000
1632163366.30114794,3.50000000
1632163366.40114498,3.50000000
1632163366.50112009,3.50000000
1632163366.60113716,3.50000000
1632163366.70114279,3.50000000
1632163366.80115485,3.50000000
1632163366.90118814,3.50000000
1632163367.00112510,3.50000000
1632163367.10111666,3.50000000
1632163367.20109034,3.50000000
1632163367.30112505,3.50000000
1632163367.40113926,3.50000000
1632163367.50112319,3.50000000
1632163367.60115314,3.50000000
1632163367.70111752,3.50000000
1632163367.80112433,3.50000000
1632163367.90119791,3.50000000
1632163368.00104451,3.50000000
1632163368.10111809,3.50000000
1632163368.20118499,3.50000000
1632163368.30128574,3.50000000
1632163368.40114355,3.50000000
1632163368.50115752,3.50000000
1632163368.60106468,3.50000000
1632163368.70119286,3.50000000
1632163368.80115175,3.50000000
1632163368.90112281,3.50000000
1632163369.00124359,3.50000000
1632163369.10121822,3.50000000
1632163369.20114088,3.50000000
1632163369.30127120,3.50000000
1632163369.40121937,3.50000000
1632163369.50109076,3.50000000
1632163369.60117292,3.50000000
1632163369.70117116,3.50000000
1632163369.80113721,3.50000000
1632163369.90117574,3.50000000
1632163370.00113058,3.50000000
1632163370.10114837,3.50000000
1632163370.20117903,3.50000000
1632163370.30111241,3.50000000
1632163370.40114617,3.50000000
1632163370.50116777,3.50000000
1632163370.60125709,3.50000000
1632163370.70126653,3.50000000
1632163370.80113602,3.50000000
1632163370.90109777,3.50000000
1632163371.00119543,3.50000000
1632163371.10116649,3.50000000
1632163371.20113349,3.50000000
1632163371.30115151,3.50000000
1632163371.40105295,3.50000000
1632163371.50110865,3.50000000
1632163371.60112000,3.50000000
1632163371.70116091,3.50000000
1632163371.80113840,3.50000000
1632163371.90112710,3.50000000
1632163372.00113082,3.50000000
1632163372.10112500,3.50000000
1632163372.20111656,3.50000000
1632163372.30111074,3.50000000
1632163372.40116167,3.50000000
1632163372.50119448,3.50000000
1632163372.60111141,3.50000000
1632163372.70112300,3.50000000
1632163372.80115628,3.50000000
1632163372.90107703,3.50000000
1632163373.00113392,3.50000000
1632163373.10114050,3.50000000
1632163373.20113850,3.50000000
1632163373.30114222,3.50000000
1632163373.40113211,3.50000000
1632163373.50109148,3.50000000
1632163373.60111165,3.50000000
1632163373.70115590,3.50000000
1632163373.80114484,3.50000000
1632163373.90119267,3.50000000
1632163374.00117803,3.50000000
1632163374.10113120,3.50000000
1632163374.20114923,3.50000000
1632163374.30105877,3.50000000
1632163374.40113020,3.50000000
1632163374.50113821,3.50000000
1632163374.60113788,3.50000000
1632163374.70121050,3.50000000
1632163374.80119610,3.50000000
1632163374.90117288,3.50000000
1632163375.00113893,3.50000000
1632163375.10112929,3.50000000
1632163375.20113182,3.50000000
1632163375.30113053,3.50000000
1632163375.40117931,3.50000000
1632163375.50116014,3.50000000
1632163375.60114384,3.50000000
1632163375.70114064,3.50000000
1632163375.80114102,3.50000000
1632163375.90114594,3.50000000
1632163376.00116944,3.50000000
1632163376.10118699,3.50000000
1632163376.20110941,3.50000000
1632163376.30111814,3.50000000
1632163376.40121698,3.50000000
1632163376.50119543,3.50000000
1632163376.60119152,3.50000000
1632163376.70114541,3.50000000
1632163376.80111146,3.50000000
1632163376.90110207,3.50000000
1632163377.00109029,3.50000000
1632163377.10113239,3.50000000
1632163377.20113659,3.50000000
1632163377.30111599,3.50000000
1632163377.40128827,3.50000000
1632163377.50115466,3.50000000
1632163377.60115981,3.50000000
1632163377.70113540,3.50000000
1632163377.80113959,3.50000000
1632163377.90115666,3.50000000
1632163378.00099945,3.50000000
1632163378.10130334,3.50000000
1632163378.20111728,3.50000000
1632163378.30114007,3.50000000
1632163378.40114021,3.50000000
1632163378.50115871,3.50000000
1632163378.60114455,3.50000000
1632163378.70121574,3.50000000
1632163378.80116224,3.50000000
1632163378.90123487,3.50000000
1632163379.00126433,3.50000000
1632163379.10127544,3.50000000
1632163379.20113373,3.50000000
1632163379.30124640,3.50000000
1632163379.40112901,3.50000000
1632163379.50109553,3.50000000
1632163379.60113597,3.50000000
1632163379.70115423,3.50000000
1632163379.80122209,3.50000000
1632163379.90111566,3.50000000
1632163380.00111818,3.50000000
1632163380.10115600,3.50000000
1632163380.20111418,3.50000000
1632163380.30112815,3.50000000
1632163380.40111160,3.50000000
1632163380.50113559,3.50000000
1632163380.60115337,3.50000000
1632163380.70112753,3.50000000
1632163380.80111480,3.50000000
1632163380.90116811,3.50000000
1632163381.00119591,3.50000000
1632163381.10120916,3.50000000
1632163381.20113945,3.50000000
1632163381.30110312,3.50000000
1632163381.40110731,3.50000000
1632163381.50115347,3.50000000
1632163381.60114193,3.50000000
1632163381.70116091,3.50000000
1632163381.80118418,3.50000000
1632163381.90122533,3.50000000
1632163382.00119424,3.50000000
1632163382.10117817,3.50000000
1632163382.20117450,3.50000000
1632163382.30113029,3.50000000
1632163382.40120125,3.50000000
1632163382.50118160,3.50000000
1632163382.60114241,3.50000000
1632163382.70111442,3.50000000
1632163382.80113435,3.50000000
1632163382.90113211,3.50000000
1632163383.00114965,3.50000000
1632163383.10091901,3.50000000
1632163383.20111299,3.50000000
1632163383.30113602,3.50000000
1632163383.40130019,3.50000000
1632163383.50118852,3.50000000
1632163383.60112405,3.50000000
1632163383.70115185,3.50000000
1632163383.80113125,3.50000000
1632163383.90116286,3.50000000
1632163384.00111771,3.50000000
1632163384.10113645,3.50000000
1632163384.20113492,3.50000000
1632163384.30112863,3.50000000
1632163384.40111566,3.50000000
1632163384.50114131,3.50000000
1632163384.60116029,3.50000000
1632163384.70113659,3.50000000
1632163384.80117369,3.50000000
1632163384.90111947,3.50000000
1632163385.00113535,3.50000000
1632163385.10117435,3.50000000
1632163385.20112181,3.50000000
1632163385.30101681,3.50000000
1632163385.40114903,3.50000000
1632163385.50109768,3.50000000
1632163385.60116100,3.50000000
1632163385.70111799,3.50000000
1632163385.80121636,3.50000000
1632163385.90123534,3.50000000
1632163386.00116134,3.50000000
1632163386.10122204,3.50000000
1632163386.20112705,3.50000000
1632163386.30112147,3.50000000
1632163386.40124059,3.50000000
1632163386.50114107,3.50000000
1632163386.60119748,3.50000000
1632163386.70115924,3.50000000
1632163386.80112267,3.50000000
1632163386.90118790,3.50000000
1632163387.00126147,3.50000000
1632163387.10115480,3.50000000
1632163387.20112205,3.50000000
1632163387.30112028,3.50000000
1632163387.40109754,3.50000000
1632163387.50118923,3.50000000
1632163387.60112667,3.50000000
1632163387.70112395,3.50000000
1632163387.80113792,3.50000000
1632163387.90111589,3.50000000
1632163388.00101042,3.50000000
1632163388.10112858,3.50000000
1632163388.20125079,3.50000000
1632163388.30113149,3.50000000
1632163388.40114856,3.50000000
1632163388.50121951,3.50000000
1632163388.60121155,3.50000000
1632163388.70116901,3.50000000
1632163388.80113864,3.50000000
1632163388.90114355,3.50000000
1632163389.00113153,3.50000000
1632163389.10125089,3.50000000
1632163389.20116186,3.50000000
1632163389.30117607,3.50000000
1632163389.40115833,3.50000000
1632163389.50119424,3.50000000
1632163389.60098815,3.50000000
1632163389.70101595,3.50000000
1632163389.80116272,3.50000000
1632163389.90115452,3.50000000
1632163390.00113654,3.50000000
1632163390.10123777,3.50000000
1632163390.20112419,3.50000000
1632163390.30116796,3.50000000
1632163390.40111828,3.50000000
1632163390.50112510,3.50000000
1632163390.60118651,3.50000000
1632163390.70117140,3.50000000
1632163390.80115080,3.50000000
1632163390.90116882,3.50000000
1632163391.00116730,3.50000000
1632163391.10112619,3.50000000
1632163391.20116162,3.50000000
1632163391.30116034,3.50000000
1632163391.40114594,3.50000000
1632163391.50112748,3.50000000
1632163391.60118008,3.50000000
1632163391.70114660,3.50000000
1632163391.80120230,3.50000000
1632163391.90117979,3.50000000
1632163392.00117230,3.50000000
1632163392.10115099,3.50000000
1632163392.20114422,3.50000000
1632163392.30121803,3.50000000
1632163392.40116096,3.50000000
1632163392.50115275,3.50000000
1632163392.60095930,3.50000000
1632163392.70116997,3.50000000
1632163392.80110383,3.50000000
1632163392.90113449,3.50000000
1632163393.00116634,3.50000000
1632163393.10115957,3.50000000
1632163393.20114207,3.50000000
1632163393.30105281,3.50000000
1632163393.40117574,3.50000000
1632163393.50113487,3.50000000
1632163393.60095000,3.50000000
1632163393.70111775,3.50000000
1632163393.80112004,3.50000000
1632163393.90117073,3.50000000
1632163394.00113678,3.50000000
1632163394.10108972,3.50000000
1632163394.20103836,3.50000000
1632163394.30123186,3.50000000
1632163394.40094304,3.50000000
1632163394.50098372,3.50000000
1632163394.60101628,3.50000000
1632163394.70117259,3.50000000
1632163394.80120683,3.50000000
1632163394.90131807,3.50000000
1632163395.00126314,3.50000000
1632163395.10104632,3.50000000
1632163395.20117092,3.50000000
1632163395.30110073,3.50000000
1632163395.40128732,3.50000000
1632163395.50136685,3.50000000
1632163395.60112405,3.50000000
1632163395.70115066,3.50000000
1632163395.80117297,3.50000000
1632163395.90116048,3.50000000
1632163396.00117302,3.50000000
1632163396.10113335,3.50000000
1632163396.20113444,3.50000000
1632163396.30115175,3.50000000
1632163396.40101218,3.50000000
1632163396.50119114,3.50000000
1632163396.60116553,3.50000000
1632163396.70113754,3.50000000
1632163396.80119109,3.50000000
1632163396.90094995,3.50000000
1632163397.00099707,3.50000000
1632163397.10089540,3.50000000
1632163397.20092034,3.50000000
1632163397.30098176,3.50000000
1632163397.40114737,3.50000000
1632163397.50098658,3.50000000
1632163397.60089111,3.50000000
1632163397.70102549,3.50000000
1632163397.80095768,3.50000000
1632163397.90092778,3.50000000
1632163398.00093198,3.50000000
1632163398.10091543,3.50000000
1632163398.20092845,3.50000000
1632163398.30092812,3.50000000
1632163398.40108132,3.50000000
1632163398.50119162,3.50000000
1632163398.60111022,3.50000000
1632163398.70116448,3.50000000
1632163398.80112839,3.50000000
1632163398.90113163,3.50000000
1632163399.00113797,3.50000000
1632163399.10114336,3.50000000
1632163399.20110631,3.50000000
1632163399.30113602,3.50000000
1632163399.40090609,3.50000000
1632163399.50093889,3.50000000
1632163399.60090327,3.50000000
1632163399.70096993,3.50000000
1632163399.80111766,3.50000000
1632163399.90091419,3.50000000
1632163400.00090003,3.50000000
1632163400.10112929,3.50000000
1632163400.20111227,3.50000000
1632163400.30113053,3.50000000
1632163400.40114474,3.50000000
1632163400.50124311,3.50000000
1632163400.60125065,3.50000000
1632163400.70094919,3.50000000
1632163400.80096650,3.50000000
1632163400.90114403,3.50000000
1632163401.00108576,3.50000000
1632163401.10108685,3.50000000
1632163401.20118713,3.50000000
1632163401.30117917,3.50000000
1632163401.40093112,3.50000000
1632163401.50096869,3.50000000
1632163401.60092974,3.50000000
1632163401.70094872,3.50000000
1632163401.80088854,3.50000000
1632163401.90089345,3.50000000
1632163402.00091434,3.50000000
1632163402.10099602,3.50000000
1632163402.20095277,3.50000000
1632163402.30122685,3.50000000
1632163402.40105653,3.50000000
1632163402.50121927,3.50000000
1632163402.60114932,3.50000000
1632163402.70102906,3.50000000
1632163402.80111265,3.50000000
1632163402.90115499,3.50000000
1632163403.00116825,3.50000000
1632163403.10114741,3.50000000
1632163403.20103860,3.50000000
1632163403.30105853,3.50000000
1632163403.40101886,3.50000000
1632163403.50113487,3.50000000
1632163403.60115552,3.50000000
1632163403.70112896,3.50000000
1632163403.80109692,3.50000000
1632163403.90113282,3.50000000
1632163404.00114512,3.50000000
1632163404.10112834,3.50000000
1632163404.20131016,3.50000000
1632163404.30104113,3.50000000
1632163404.40113187,3.50000000
1632163404.50111485,3.50000000
1632163404.60111713,3.50000000
1632163404.70091248,3.50000000
1632163404.80115008,3.50000000
1632163404.90113163,3.50000000
1632163405.00123167,3.50000000
1632163405.10120845,3.50000000
1632163405.20113540,3.50000000
1632163405.30109882,3.50000000
1632163405.40092182,3.50000000
1632163405.50103998,3.50000000
1632163405.60113573,3.50000000
1632163405.70118761,3.50000000
1632163405.80113149,3.50000000
1632163405.90111160,3.50000000
1632163406.00091195,3.50000000
1632163406.10114741,3.50000000
1632163406.20125127,3.50000000
1632163406.30116558,3.50000000
1632163406.40113425,3.50000000
1632163406.50114894,3.50000000
1632163406.60089684,3.50000000
1632163406.70126534,3.50000000
1632163406.80112386,3.50000000
1632163406.90115690,3.50000000
