Seconds,ChildArea,Child Observation Distance,Robot bounds proximity
1632159785.01719236,0,0.00000000,0.00000000
1632159785.11720204,0,0.00000000,0.00000000
1632159785.21718693,0,0.00000000,0.00000000
1632159785.31718898,0,0.00000000,0.00000000
1632159785.41718721,0,0.00000000,0.00000000
1632159785.51719379,0,0.00000000,0.00000000
1632159785.61716127,0,0.00000000,0.00000000
1632159785.71715808,0,0.00000000,0.00000000
1632159785.81715679,0,0.00000000,0.00000000
1632159785.91715789,0,0.00000000,0.00000000
1632159786.01719594,0,0.00000000,0.00000000
1632159786.11719751,0,0.00000000,0.00000000
1632159786.21719170,0,0.00000000,0.00000000
1632159786.31718540,0,0.00000000,0.00000000
1632159786.41719174,0,0.00000000,0.00000000
1632159786.51715231,0,0.00000000,0.00000000
1632159786.61719012,0,0.00000000,0.00000000
1632159786.71713138,0,0.00000000,0.00000000
1632159786.81715441,0,0.00000000,0.00000000
1632159786.91715670,0,0.00000000,0.00000000
1632159787.01712728,0,0.00000000,0.00000000
1632159787.11724162,0,0.00000000,0.00000000
1632159787.21718717,0,0.00000000,0.00000000
1632159787.31718874,0,0.00000000,0.00000000
1632159787.41719007,0,0.00000000,0.00000000
1632159787.51718950,0,0.00000000,0.00000000
1632159787.61718750,0,0.00000000,0.00000000
1632159787.71718931,0,0.00000000,0.00000000
1632159787.81719041,0,0.00000000,0.00000000
1632159787.91718626,0,0.00000000,0.00000000
1632159788.01719165,0,0.00000000,0.00000000
1632159788.11721492,0,0.00000000,0.00000000
1632159788.21719265,0,0.00000000,0.00000000
1632159788.31719232,0,0.00000000,0.00000000
1632159788.41719341,0,0.00000000,0.00000000
1632159788.51719284,0,0.00000000,0.00000000
1632159788.61719775,0,0.00000000,0.00000000
1632159788.71719337,0,0.00000000,0.00000000
1632159788.81719303,0,0.00000000,0.00000000
1632159788.91718411,0,0.00000000,0.00000000
1632159789.01715589,0,0.00000000,0.00000000
1632159789.11716199,0,0.00000000,0.00000000
1632159789.21715665,0,0.00000000,0.00000000
1632159789.31718540,0,0.00000000,0.00000000
1632159789.41715264,0,0.00000000,0.00000000
1632159789.51716471,0,0.00000000,0.00000000
1632159789.61721277,0,0.00000000,0.00000000
1632159789.71719265,0,0.00000000,0.00000000
1632159789.81718802,0,0.00000000,0.00000000
1632159789.91719437,0,0.00000000,0.00000000
1632159790.01718783,0,0.00000000,0.00000000
1632159790.11720395,0,0.00000000,0.00000000
1632159790.21719170,0,0.00000000,0.00000000
1632159790.31719184,0,0.00000000,0.00000000
1632159790.41720223,0,0.00000000,0.00000000
1632159790.51719022,0,0.00000000,0.00000000
1632159790.61713529,0,0.00000000,0.00000000
1632159790.71715546,0,0.00000000,0.00000000
1632159790.81715679,0,0.00000000,0.00000000
1632159790.91713047,0,0.00000000,0.00000000
1632159791.01715517,0,0.00000000,0.00000000
1632159791.11715841,0,0.00000000,0.00000000
1632159791.21715212,0,0.00000000,0.00000000
1632159791.31715798,0,0.00000000,0.00000000
1632159791.41712785,0,0.00000000,0.00000000
1632159791.51713085,0,0.00000000,0.00000000
1632159791.61713099,0,0.00000000,0.00000000
1632159791.71712708,0,0.00000000,0.00000000
1632159791.81712842,0,0.00000000,0.00000000
1632159791.91712880,0,0.00000000,0.00000000
1632159792.01715684,0,0.00000000,0.00000000
1632159792.11715722,0,0.00000000,0.00000000
1632159792.21712995,0,0.00000000,0.00000000
1632159792.31715655,0,0.00000000,0.00000000
1632159792.41715884,0,0.00000000,0.00000000
1632159792.51715708,0,0.00000000,0.00000000
1632159792.61715746,0,0.00000000,0.00000000
1632159792.71715164,0,0.00000000,0.00000000
1632159792.81715655,0,0.00000000,0.00000000
1632159792.91716313,0,0.00000000,0.00000000
1632159793.01715660,0,0.00000000,0.00000000
1632159793.11715889,0,0.00000000,0.00000000
1632159793.21713328,0,0.00000000,0.00000000
1632159793.31713200,0,0.00000000,0.00000000
1632159793.41716027,0,0.00000000,0.00000000
1632159793.51712680,0,0.00000000,0.00000000
1632159793.61716127,0,0.00000000,0.00000000
1632159793.71712899,0,0.00000000,0.00000000
1632159793.81715727,0,0.00000000,0.00000000
1632159793.91715765,0,0.00000000,0.00000000
1632159794.01715708,0,0.00000000,0.00000000
1632159794.11715698,0,0.00000000,0.00000000
1632159794.21715713,1,1.00000000,0.00000000
1632159794.31715751,1,0.94999981,0.00000000
1632159794.41712856,1,0.90000010,0.00000000
1632159794.51713014,1,0.84999990,0.00000000
1632159794.61712742,1,0.80000019,0.00000000
1632159794.71715903,1,0.75000000,0.00000000
1632159794.81714964,1,0.69999981,0.00000000
1632159794.91712737,1,0.65291010,0.00000000
1632159795.01715899,1,0.60581977,0.00000000
1632159795.11715722,1,0.55921478,0.00000000
1632159795.21715665,1,0.51164019,0.00000000
1632159795.31712770,1,0.51406512,0.00000000
1632159795.41712809,1,0.51115485,0.00000000
1632159795.51715708,1,0.51406520,0.00000000
1632159795.61715722,1,0.51406493,0.00000000
1632159795.71715045,1,0.51358014,0.00000000
1632159795.81715751,1,0.51018482,0.00000000
1632159795.91716862,1,0.50824506,0.00000000
1632159796.01715589,1,0.51067007,0.00000000
1632159796.11713171,1,0.51406488,0.00000000
1632159796.21716046,1,0.51406509,0.00000000
1632159796.31715631,1,0.51406483,0.00000000
1632159796.41715050,1,0.51406504,0.00000000
1632159796.51712704,1,0.51309477,0.00000000
1632159796.61712766,1,0.51357987,0.00000000
1632159796.71712947,1,0.51309502,0.00000000
1632159796.81715703,1,0.51406512,0.00000000
1632159796.91712785,1,0.51309486,0.00000000
1632159797.01714301,1,0.51309495,0.00000000
1632159797.11713147,1,0.51309505,0.00000000
1632159797.21715665,1,0.51261015,0.00000000
1632159797.31712747,1,0.51212519,0.00000000
1632159797.41715431,1,0.51309518,0.00000000
1632159797.51715994,1,0.51212480,0.00000000
1632159797.61716151,1,0.51260978,0.00000000
1632159797.71715164,1,0.51212482,0.00000000
1632159797.81713939,1,0.51212481,0.00000000
1632159797.91715693,1,0.51212479,0.00000000
1632159798.01715636,1,0.51066978,0.00000000
1632159798.11712790,1,0.51212507,0.00000000
1632159798.21714878,1,0.51212505,0.00000000
1632159798.31715894,1,0.51067004,0.00000000
1632159798.41715264,1,0.51115485,0.00000000
1632159798.51715755,1,0.51115520,0.00000000
1632159798.61715698,1,0.51115507,0.00000000
1632159798.71715736,1,0.51066994,0.00000000
1632159798.81715703,1,0.51115524,0.00000000
1632159798.91715932,1,0.51115511,0.00000000
1632159799.01712751,1,0.50969998,0.00000000
1632159799.11715913,1,0.51115516,0.00000000
1632159799.21716309,1,0.50970003,0.00000000
1632159799.31712866,1,0.51115521,0.00000000
1632159799.41715741,1,0.51018508,0.00000000
1632159799.51715755,1,0.50969984,0.00000000
1632159799.61715674,1,0.50921502,0.00000000
1632159799.71713090,1,0.51018514,0.00000000
1632159799.81716037,1,0.50969990,0.00000000
1632159799.91712832,1,0.50921508,0.00000000
1632159800.01713324,1,0.50970020,0.00000000
1632159800.11716104,1,0.50921490,0.00000000
1632159800.21716094,1,0.51018502,0.00000000
1632159800.31715965,1,0.45873007,0.00000000
1632159800.41715622,1,0.40921494,0.00000000
1632159800.51712656,1,0.35872987,0.00000000
1632159800.61715937,1,0.30921522,0.00000000
1632159800.71715927,1,0.25873015,0.00000000
1632159800.81715775,1,0.20824503,0.00000000
1632159800.91713381,1,0.15775985,0.00000000
1632159801.01715684,1,0.10727508,0.00000000
1632159801.11715221,1,0.05775979,0.00000000
1632159801.21715879,1,0.00727503,0.00000000
1632159801.31712675,2,0.00000000,0.00000000
1632159801.41715860,2,0.00000000,0.00000000
1632159801.51715374,2,0.00000000,0.00000000
1632159801.61716056,2,0.00000000,0.00000000
1632159801.71713185,2,0.00000000,0.00000000
1632159801.81715941,2,0.00000000,0.00000000
1632159801.91715956,2,0.00000000,0.00000000
1632159802.01713157,2,0.00000000,0.00000000
1632159802.11712718,2,0.00000000,0.00000000
1632159802.21712756,2,0.00000000,0.00000000
1632159802.31716275,2,0.00000000,0.00000000
1632159802.41715503,2,0.00000000,0.00000000
1632159802.51716113,2,0.00000000,0.00000000
1632159802.61715913,2,0.00000000,0.00000000
1632159802.71715689,2,0.00000000,0.00000000
1632159802.81715703,2,0.00000000,0.00000000
1632159802.91715860,2,0.00000000,0.00000000
1632159803.01715755,2,0.00000000,0.00000000
1632159803.11715913,2,0.00000000,0.00000000
1632159803.21715832,2,0.00000000,0.00000000
1632159803.31712651,2,0.00000000,0.00000000
1632159803.41715837,2,0.00000000,0.00000000
1632159803.51715732,2,0.00000000,0.00000000
1632159803.61716008,2,0.00000000,0.00000000
1632159803.71716046,2,0.00000000,0.00000000
1632159803.81715775,2,0.00000000,0.00000000
1632159803.91713262,2,0.00000000,0.00000000
1632159804.01716018,2,0.00000000,0.00000000
1632159804.11712885,2,0.00000000,0.00000000
1632159804.21712780,2,0.00000000,0.00000000
1632159804.31712747,2,0.00000000,0.00000000
1632159804.41715860,2,0.00000000,0.00000000
1632159804.51719093,2,0.00000000,0.00000000
1632159804.61713243,2,0.00000000,0.00000000
1632159804.71718478,2,0.00000000,0.00000000
1632159804.81719422,2,0.00000000,0.00000000
1632159804.91719007,2,0.00000000,0.00000000
1632159805.01718736,2,0.00000000,0.00000000
1632159805.11716413,2,0.00000000,0.00000000
1632159805.21719933,2,0.00000000,0.00000000
1632159805.31718993,2,0.00000000,0.00000000
1632159805.41718507,2,0.00000000,0.00000000
1632159805.51716304,2,0.00000000,0.00000000
1632159805.61720300,2,0.00000000,0.00000000
1632159805.71719456,2,0.00000000,0.00000000
1632159805.81719255,2,0.00000000,0.00000000
1632159805.91718793,2,0.00000000,0.00000000
1632159806.01718473,2,0.00000000,0.00000000
1632159806.11716628,2,0.00000000,0.00000000
1632159806.21719074,2,0.00000000,0.00000000
1632159806.31716514,2,0.00000000,0.00000000
1632159806.41719246,2,0.00000000,0.00000000
1632159806.51716185,2,0.00000000,0.00000000
1632159806.61716104,2,0.00000000,0.00000000
1632159806.71720099,2,0.00000000,0.00000000
1632159806.81714010,2,0.00000000,0.00000000
1632159806.91719794,2,0.00000000,0.00000000
1632159807.01719093,2,0.00000000,0.00000000
1632159807.11719131,2,0.00000000,0.00000000
1632159807.21719217,2,0.00000000,0.00000000
1632159807.31718898,2,0.00000000,0.00000000
1632159807.41718912,2,0.00000000,0.00000000
1632159807.51719403,2,0.00000000,0.00000000
1632159807.61719418,2,0.00000000,0.00000000
1632159807.71719909,2,0.00000000,0.00000000
1632159807.81715989,2,0.00000000,0.00000000
1632159807.91712785,2,0.00000000,0.00000000
1632159808.01712728,2,0.00000000,0.00000000
1632159808.11715770,2,0.00000000,0.00000000
1632159808.21714854,2,0.00000000,0.00000000
1632159808.31718731,2,0.00000000,0.00000000
1632159808.41715217,2,0.00000000,0.00000000
1632159808.51719332,2,0.00000000,0.00000000
1632159808.61718631,2,0.00000000,0.00000000
1632159808.71718812,2,0.00000000,0.00000000
1632159808.81719756,2,0.00000000,0.00000000
1632159808.91716099,2,0.00000000,0.00000000
1632159809.01718807,2,0.00000000,0.00000000
1632159809.11720753,2,0.00000000,0.00000000
1632159809.21718836,2,0.00000000,0.00000000
1632159809.31718922,2,0.00000000,0.00000000
1632159809.41715670,2,0.00000000,0.00000000
1632159809.51720524,2,0.00000000,0.00000000
1632159809.61719418,2,0.00000000,0.00000000
1632159809.71718788,2,0.00000000,0.00000000
1632159809.81718755,2,0.00000000,0.00000000
1632159809.91718721,2,0.00000000,0.00000000
1632159810.01718831,2,0.00000000,0.00000000
1632159810.11719704,2,0.00000000,0.00000000
1632159810.21718574,2,0.00000000,0.00000000
1632159810.31716394,2,0.00000000,0.00000000
1632159810.41714549,2,0.00000000,0.00000000
1632159810.51719594,2,0.00000000,0.00000000
1632159810.61720896,2,0.00000000,0.00000000
1632159810.71719170,2,0.00000000,0.00000000
1632159810.81722498,2,0.00000000,0.00000000
1632159810.91718650,2,0.00000000,0.00000000
1632159811.01718807,2,0.00000000,0.00000000
1632159811.11714721,2,0.00000000,0.00000000
1632159811.21719027,2,0.00000000,0.00000000
1632159811.31719065,2,0.00000000,0.00000000
1632159811.41715026,2,0.00000000,0.00000000
1632159811.51718950,2,0.00000000,0.00000000
1632159811.61719394,2,0.00000000,0.00000000
1632159811.71719503,2,0.00000000,0.00000000
1632159811.81718993,2,0.00000000,0.00000000
1632159811.91719127,2,0.00000000,0.00000000
1632159812.01716566,2,0.00000000,0.00000000
1632159812.11718106,2,0.00000000,0.00000000
1632159812.21718550,2,0.00000000,0.00000000
1632159812.31716323,2,0.00000000,0.00000000
1632159812.41718459,2,0.00000000,0.00000000
1632159812.51718688,2,0.00000000,0.00000000
1632159812.61719489,2,0.00000000,0.00000000
1632159812.71716022,2,0.00000000,0.00000000
1632159812.81719184,2,0.00000000,0.00000000
1632159812.91718721,2,0.00000000,0.00000000
1632159813.01718521,2,0.00000000,0.00000000
1632159813.11718798,2,0.00000000,0.00000000
1632159813.21715975,2,0.00000000,0.00000000
1632159813.31715751,2,0.00000000,0.00000000
1632159813.41719055,2,0.00000000,0.00000000
1632159813.51716113,2,0.00000000,0.00000000
1632159813.61719584,2,0.00000000,0.00000000
1632159813.71718550,2,0.00000000,0.00000000
1632159813.81718636,2,0.00000000,0.00000000
1632159813.91720295,2,0.00000000,0.00000000
1632159814.01718926,2,0.00000000,0.00000000
1632159814.11715913,2,0.00000000,0.00000000
1632159814.21720171,2,0.00000000,0.00000000
1632159814.31719112,2,0.00000000,0.00000000
1632159814.41718769,2,0.00000000,0.00000000
1632159814.51718736,2,0.00000000,0.00000000
1632159814.61718559,2,0.00000000,0.00000000
1632159814.71718717,2,0.00000000,0.00000000
1632159814.81723952,2,0.00000000,0.00000000
1632159814.91715240,2,0.00000000,0.00000000
1632159815.01718330,2,0.00000000,0.00000000
1632159815.11721492,2,0.00000000,0.00000000
1632159815.21716356,2,0.00000000,0.00000000
1632159815.31720233,2,0.00000000,0.00000000
1632159815.41718578,2,0.00000000,0.00000000
1632159815.51721287,2,0.00000000,0.00000000
1632159815.61718702,2,0.00000000,0.00000000
1632159815.71719098,2,0.00000000,0.00000000
1632159815.81718755,2,0.00000000,0.00000000
1632159815.91717148,2,0.00000000,0.00000000
1632159816.01720119,2,0.00000000,0.00000000
1632159816.11718297,2,0.00000000,0.00000000
1632159816.21718979,2,0.00000000,0.00000000
1632159816.31718922,2,0.00000000,0.00000000
1632159816.41719007,2,0.00000000,0.00000000
1632159816.51718926,2,0.00000000,0.00000000
1632159816.61718917,2,0.00000000,0.00000000
1632159816.71719289,2,0.00000000,0.00000000
1632159816.81719017,2,0.00000000,0.00000000
1632159816.91718817,2,0.00000000,0.00000000
1632159817.01719618,2,0.00000000,0.00000000
1632159817.11719418,2,0.00000000,0.00000000
1632159817.21719742,2,0.00000000,0.00000000
1632159817.31724358,2,0.00000000,0.00000000
1632159817.41718721,2,0.00000000,0.00000000
1632159817.51719117,2,0.00000000,0.00000000
1632159817.61720920,2,0.00000000,0.00000000
1632159817.71719241,2,0.00000000,0.00000000
