Seconds,x,y,z,w
1632159791.79125190,0.00000000,0.00000000,0.00000000,0.00000000
1632159791.89125371,0.00000000,0.00000000,0.00000000,0.00000000
1632159791.99125290,0.00000000,0.00000000,0.00000000,0.00000000
1632159792.09124756,0.00000000,0.00000000,0.00000000,0.00000000
1632159792.19122314,0.00000000,0.00000000,0.00000000,0.00000000
1632159792.29125190,0.00000000,0.00000000,0.00000000,0.00000000
1632159792.39125085,0.00000000,0.00000000,0.00000000,0.00000000
1632159792.49125123,0.00000000,0.00000000,0.00000000,0.00000000
1632159792.59125113,0.00000000,0.00000000,0.00000000,0.00000000
1632159792.69125175,0.00000000,0.00000000,0.00000000,0.00000000
1632159792.79125285,0.00000000,0.00000000,0.00000000,0.00000000
1632159792.89125061,0.00000000,0.00000000,0.00000000,0.00000000
1632159792.99125147,0.00000000,0.00000000,0.00000000,0.00000000
1632159793.09125423,0.00000000,0.00000000,0.00000000,0.00000000
1632159793.19124794,0.00000000,0.00000000,0.00000000,0.00000000
1632159793.29125166,0.00000000,0.00000000,0.00000000,0.00000000
1632159793.39125204,0.00000000,0.00000000,0.00000000,0.00000000
1632159793.49125123,0.00000000,0.00000000,0.00000000,0.00000000
1632159793.59125853,0.00000000,0.00000000,0.00000000,0.00000000
1632159793.69124532,0.00000000,0.00000000,0.00000000,0.00000000
1632159793.79125071,0.00000000,0.00000000,0.00000000,0.00000000
1632159793.89125133,0.00000000,0.00000000,0.00000000,0.00000000
1632159793.99122214,0.00000000,0.00000000,0.00000000,0.00000000
1632159794.09125042,0.00000000,0.00000000,0.00000000,0.00000000
1632159794.19125056,0.00000000,0.00000000,0.00000000,0.00000000
1632159794.29122400,0.00000000,0.00000000,0.00000000,0.00000000
1632159794.39124608,0.00000000,0.00000000,0.00000000,0.00000000
1632159794.49125576,0.00000000,0.00000000,0.00000000,0.00000000
1632159794.59125113,0.00000000,0.00000000,0.00000000,0.00000000
1632159794.69125080,0.00000000,0.00000000,0.00000000,0.00000000
1632159794.79125690,0.00000000,0.00000000,0.00000000,0.00000000
1632159794.89125156,0.00000000,0.00000000,0.00000000,0.00000000
1632159794.99124575,0.00000000,0.00000000,0.00000000,0.00000000
1632159795.09125161,0.00000000,0.00000000,0.00000000,0.00000000
1632159795.19125366,0.00000000,0.00000000,0.00000000,0.00000000
1632159795.29125571,0.00000000,0.00000000,0.00000000,0.00000000
1632159795.39125466,0.00000000,0.00000000,0.00000000,0.00000000
1632159795.49124837,0.00000000,0.00000000,0.00000000,0.00000000
1632159795.59122229,0.00000000,0.00000000,0.00000000,0.00000000
1632159795.69125104,0.00000000,0.00000000,0.00000000,0.00000000
1632159795.79125643,0.00000000,0.00000000,0.00000000,0.00000000
1632159795.89125085,0.00000000,0.00000000,0.00000000,0.00000000
1632159795.99125075,0.00000000,0.00000000,0.00000000,0.00000000
1632159796.09122181,0.00000000,0.00000000,0.00000000,0.00000000
1632159796.19125295,0.00000000,0.00000000,0.00000000,0.00000000
1632159796.29124856,0.00000000,0.00000000,0.00000000,0.00000000
1632159796.39125443,0.00000000,0.00000000,0.00000000,0.00000000
1632159796.49125242,0.00000000,0.00000000,0.00000000,0.00000000
1632159796.59125113,0.00000000,0.00000000,0.00000000,0.00000000
1632159796.69124985,0.00000000,0.00000000,0.00000000,0.00000000
1632159796.79125071,0.00000000,0.00000000,0.00000000,0.00000000
1632159796.89125156,0.00000000,0.00000000,0.00000000,0.00000000
1632159796.99125075,0.00000000,0.00000000,0.00000000,0.00000000
1632159797.09125161,0.00000000,0.00000000,0.00000000,0.00000000
1632159797.19125295,0.00000000,0.00000000,0.00000000,0.00000000
1632159797.29125428,0.00000000,0.00000000,0.00000000,0.00000000
1632159797.39125109,0.00000000,0.00000000,0.00000000,0.00000000
1632159797.49125290,0.00000000,0.00000000,0.00000000,0.00000000
1632159797.59125113,0.00000000,0.00000000,0.00000000,0.00000000
1632159797.69125104,0.00000000,0.00000000,0.00000000,0.00000000
1632159797.79125333,0.00000000,0.00000000,0.00000000,0.00000000
1632159797.89125252,0.00000000,0.00000000,0.00000000,0.00000000
1632159797.99125481,0.00000000,0.00000000,0.00000000,0.00000000
1632159798.09125066,0.00000000,0.00000000,0.00000000,0.00000000
1632159798.19125152,0.00000000,0.00000000,0.00000000,0.00000000
1632159798.29125142,0.00000000,0.00000000,0.00000000,0.00000000
1632159798.39125848,0.00000000,0.00000000,0.00000000,0.00000000
1632159798.49125314,0.00000000,0.00000000,0.00000000,0.00000000
1632159798.59125447,0.00000000,0.00000000,0.00000000,0.00000000
1632159798.69125438,0.00000000,0.00000000,0.00000000,0.00000000
1632159798.79124737,0.00000000,0.00000000,0.00000000,0.00000000
1632159798.89122152,0.00000000,0.00000000,0.00000000,0.00000000
1632159798.99122620,0.00000000,0.00000000,0.00000000,0.00000000
1632159799.09125495,0.00000000,0.00000000,0.00000000,0.00000000
1632159799.19125724,0.00000000,0.00000000,0.00000000,0.00000000
1632159799.29125476,0.00000000,0.00000000,0.00000000,0.00000000
1632159799.39125562,0.00000000,0.00000000,0.00000000,0.00000000
1632159799.49122739,0.00000000,0.00000000,0.00000000,0.00000000
1632159799.59125876,0.00000000,0.00000000,0.00000000,0.00000000
1632159799.69124603,0.00000000,0.00000000,0.00000000,0.00000000
1632159799.79125714,0.00000000,0.00000000,0.00000000,0.00000000
1632159799.89125347,0.00000000,0.00000000,0.00000000,0.00000000
1632159799.99125433,0.00000000,0.00000000,0.00000000,0.00000000
1632159800.09125400,0.00000000,0.00000000,0.00000000,0.00000000
1632159800.19122767,0.00000000,0.00000000,0.00000000,0.00000000
1632159800.29122663,0.00000000,0.00000000,0.00000000,0.00000000
1632159800.39126110,0.00000000,0.00000000,0.00000000,0.00000000
1632159800.49122429,0.00000000,0.00000000,0.00000000,0.00000000
1632159800.59125495,0.00000000,0.00000000,0.00000000,0.00000000
1632159800.69125366,0.00000000,0.00000000,0.00000000,0.00000000
1632159800.79125333,0.00000000,0.00000000,0.00000000,0.00000000
1632159800.89125443,0.00000000,0.00000000,0.00000000,0.00000000
1632159800.99125409,0.00000000,0.00000000,0.00000000,0.00000000
1632159801.09125447,0.00000000,0.00000000,0.00000000,0.00000000
1632159801.19125485,0.00000000,0.00000000,0.00000000,0.00000000
1632159801.29125762,0.00000000,0.00000000,0.00000000,0.00000000
1632159801.39125323,0.00000000,0.00000000,0.00000000,0.00000000
1632159801.49125218,0.00000000,0.00000000,0.00000000,0.00000000
1632159801.59122753,0.00000000,0.00000000,0.00000000,0.00000000
1632159801.69125295,0.00000000,0.00000000,0.00000000,0.00000000
1632159801.79125142,0.00000000,0.00000000,0.00000000,0.00000000
1632159801.89125156,0.00000000,0.00000000,0.00000000,0.00000000
1632159801.99125791,0.00000000,0.00000000,0.00000000,0.00000000
1632159802.09125662,0.00000000,0.00000000,0.00000000,0.00000000
1632159802.19125009,0.00000000,0.00000000,0.00000000,0.00000000
1632159802.29122591,0.00000000,0.00000000,0.00000000,0.00000000
1632159802.39125681,0.00000000,0.00000000,0.00000000,0.00000000
1632159802.49125433,0.00000000,0.00000000,0.00000000,0.00000000
1632159802.59125257,0.00000000,0.00000000,0.00000000,0.00000000
1632159802.69122338,0.00000000,0.00000000,0.00000000,0.00000000
1632159802.79125261,0.00000000,0.00000000,0.00000000,0.00000000
1632159802.89125490,0.00000000,0.00000000,0.00000000,0.00000000
1632159802.99125147,0.00000000,0.00000000,0.00000000,0.00000000
1632159803.09125495,0.00000000,0.00000000,0.00000000,0.00000000
1632159803.19125438,0.00000000,0.00000000,0.00000000,0.00000000
1632159803.29125261,0.00000000,0.00000000,0.00000000,0.00000000
1632159803.39127922,0.00000000,0.00000000,0.00000000,0.00000000
1632159803.49125314,0.00000000,0.00000000,0.00000000,0.00000000
1632159803.59125662,0.00000000,0.00000000,0.00000000,0.00000000
1632159803.69125485,0.00000000,0.00000000,0.00000000,0.00000000
1632159803.79125500,0.00000000,0.00000000,0.00000000,0.00000000
1632159803.89125633,0.00000000,0.00000000,0.00000000,0.00000000
1632159803.99125576,0.00000000,0.00000000,0.00000000,0.00000000
1632159804.09122539,0.00000000,0.00000000,0.00000000,0.00000000
1632159804.19122696,0.00000000,0.00000000,0.00000000,0.00000000
1632159804.29125023,0.00000000,0.00000000,0.00000000,0.00000000
1632159804.39122510,0.00000000,0.00000000,0.00000000,0.00000000
1632159804.49129033,0.00000000,0.00000000,0.00000000,0.00000000
1632159804.59126949,0.00000000,0.00000000,0.00000000,0.00000000
1632159804.69130754,0.00000000,0.00000000,0.00000000,0.00000000
1632159804.79128385,0.00000000,0.00000000,0.00000000,0.00000000
1632159804.89129829,0.00000000,0.00000000,0.00000000,0.00000000
1632159804.99129343,0.00000000,0.00000000,0.00000000,0.00000000
1632159805.09126091,0.00000000,0.00000000,0.00000000,0.00000000
1632159805.19129276,0.00000000,0.00000000,0.00000000,0.00000000
1632159805.29128814,0.00000000,0.00000000,0.00000000,0.00000000
1632159805.39129043,0.00000000,0.00000000,0.00000000,0.00000000
1632159805.49126101,0.00000000,0.00000000,0.00000000,0.00000000
1632159805.59128785,0.00000000,0.00000000,0.00000000,0.00000000
1632159805.69128084,0.00000000,0.00000000,0.00000000,0.00000000
1632159805.79127169,0.00000000,0.00000000,0.00000000,0.00000000
1632159805.89129496,0.00000000,0.00000000,0.00000000,0.00000000
1632159805.99124956,0.00000000,0.00000000,0.00000000,0.00000000
1632159806.09128809,0.00000000,0.00000000,0.00000000,0.00000000
1632159806.19129372,0.00000000,0.00000000,0.00000000,0.00000000
1632159806.29124808,0.00000000,0.00000000,0.00000000,0.00000000
1632159806.39126754,0.00000000,0.00000000,0.00000000,0.00000000
1632159806.49126005,0.00000000,0.00000000,0.00000000,0.00000000
1632159806.59128952,0.00000000,0.00000000,0.00000000,0.00000000
1632159806.69128442,0.00000000,0.00000000,0.00000000,0.00000000
1632159806.79122996,0.00000000,0.00000000,0.00000000,0.00000000
1632159806.89128470,0.00000000,0.00000000,0.00000000,0.00000000
1632159806.99128723,0.00000000,0.00000000,0.00000000,0.00000000
1632159807.09125304,0.00000000,0.00000000,0.00000000,0.00000000
1632159807.19125128,0.00000000,0.00000000,0.00000000,0.00000000
1632159807.29128623,0.00000000,0.00000000,0.00000000,0.00000000
1632159807.39128733,0.00000000,0.00000000,0.00000000,0.00000000
1632159807.49129128,0.00000000,0.00000000,0.00000000,0.00000000
1632159807.59129167,0.00000000,0.00000000,0.00000000,0.00000000
1632159807.69124961,0.00000000,0.00000000,0.00000000,0.00000000
1632159807.79122925,0.00000000,0.00000000,0.00000000,0.00000000
1632159807.89125347,0.00000000,0.00000000,0.00000000,0.00000000
1632159807.99125218,0.00000000,0.00000000,0.00000000,0.00000000
1632159808.09132552,0.00000000,0.00000000,0.00000000,0.00000000
1632159808.19124126,0.00000000,0.00000000,0.00000000,0.00000000
1632159808.29129004,0.00000000,0.00000000,0.00000000,0.00000000
1632159808.39125776,0.00000000,0.00000000,0.00000000,0.00000000
1632159808.49129272,0.00000000,0.00000000,0.00000000,0.00000000
1632159808.59125900,0.00000000,0.00000000,0.00000000,0.00000000
1632159808.69129181,50.00000000,0.00000000,0.00000000,0.00000000
1632159808.79124713,45.24000000,0.00000000,0.00000000,0.00000000
1632159808.89129114,40.94000000,0.00000000,0.00000000,0.00000000
1632159808.99128723,37.04000000,0.00000000,0.00000000,0.00000000
1632159809.09124422,33.52000000,0.00000000,0.00000000,0.00000000
1632159809.19128513,30.33000000,0.00000000,0.00000000,0.00000000
1632159809.29128861,27.44000000,0.00000000,0.00000000,0.00000000
1632159809.39125061,24.83000000,0.00000000,0.00000000,0.00000000
1632159809.49127269,22.47000000,0.00000000,0.00000000,0.00000000
1632159809.59130645,20.33000000,0.00000000,0.00000000,0.00000000
1632159809.69130707,18.39000000,0.00000000,0.00000000,0.00000000
1632159809.79129744,16.64000000,0.00000000,0.00000000,0.00000000
1632159809.89126658,15.06000000,0.00000000,0.00000000,0.00000000
1632159809.99130821,13.63000000,0.00000000,0.00000000,0.00000000
1632159810.09129238,12.33000000,0.00000000,0.00000000,0.00000000
1632159810.19128919,11.16000000,0.00000000,0.00000000,0.00000000
1632159810.29125547,10.09000000,0.00000000,0.00000000,0.00000000
1632159810.39127398,9.13000000,0.00000000,0.00000000,0.00000000
1632159810.49123740,8.26000000,0.00000000,0.00000000,0.00000000
1632159810.59124947,7.48000000,0.00000000,0.00000000,0.00000000
1632159810.69124651,6.77000000,0.00000000,0.00000000,0.00000000
1632159810.79129505,6.12000000,0.00000000,0.00000000,0.00000000
1632159810.89128995,5.54000000,0.00000000,0.00000000,0.00000000
1632159810.99127293,5.01000000,0.00000000,0.00000000,0.00000000
1632159811.09130001,4.54000000,0.00000000,0.00000000,0.00000000
1632159811.19128680,4.10000000,0.00000000,0.00000000,0.00000000
1632159811.29128909,3.71000000,0.00000000,0.00000000,0.00000000
