Seconds,Last,Current
1632161274.87651753,0,1
1632161281.77651978,1,2
1632161289.57650542,2,1
1632161291.07648826,1,0
1632161293.37649679,0,1
1632161301.17651153,1,2
1632161310.97646427,2,1
1632161312.27651072,1,0
1632161371.97650719,0,1
1632161379.27650905,1,2
1632161390.77652240,2,1
1632161392.07646656,1,0
1632161434.87646556,0,1
1632161443.17650175,1,2
1632161443.87650847,2,1
1632161446.47650933,1,0
1632161451.97650266,0,1
1632161458.07650447,1,2
1632161467.77646780,2,1
1632161469.07653928,1,0
