Seconds,Desired Distance
1632159630.92808557,3.50000000
1632159631.02797174,3.50000000
1632159631.12791610,3.50000000
1632159631.22772217,3.50000000
1632159631.32768083,3.50000000
1632159631.42768931,3.50000000
1632159631.52798963,3.50000000
1632159631.62802768,3.50000000
1632159631.72801018,3.50000000
1632159631.82802510,3.50000000
1632159631.92791080,3.50000000
1632159632.02788901,3.50000000
1632159632.12773037,3.50000000
1632159632.22791910,3.50000000
1632159632.32800794,3.50000000
1632159632.42768002,3.50000000
1632159632.52769637,3.50000000
1632159632.62767529,3.50000000
1632159632.72767329,3.50000000
1632159632.82764316,3.50000000
1632159632.92768025,3.50000000
1632159633.02767801,3.50000000
1632159633.12768245,3.50000000
1632159633.22766876,3.50000000
1632159633.32767582,3.50000000
1632159633.42767978,3.50000000
1632159633.52767920,3.50000000
1632159633.62767100,3.50000000
1632159633.72795153,3.50000000
1632159633.82789898,3.50000000
1632159633.92790365,3.50000000
1632159634.02784204,3.50000000
1632159634.12791300,3.50000000
1632159634.22790003,3.50000000
1632159634.32790685,3.50000000
1632159634.42790318,3.50000000
1632159634.52785945,3.50000000
1632159634.62768078,3.50000000
1632159634.72768474,3.50000000
1632159634.82766962,3.50000000
1632159634.92766809,3.50000000
1632159635.02794361,3.50000000
1632159635.12794495,3.50000000
1632159635.22788072,3.50000000
1632159635.32795930,3.50000000
1632159635.42790842,3.50000000
1632159635.52794623,3.50000000
1632159635.62790298,3.50000000
1632159635.72796965,3.50000000
1632159635.82795453,3.50000000
1632159635.92797303,3.50000000
1632159636.02792192,3.50000000
1632159636.12802553,3.50000000
1632159636.22801852,3.50000000
1632159636.32796550,3.50000000
1632159636.42788649,3.50000000
1632159636.52779269,3.50000000
1632159636.62797618,3.50000000
1632159636.72793388,3.50000000
1632159636.82800913,3.50000000
1632159636.92800188,3.50000000
1632159637.02796412,3.50000000
1632159637.12768316,3.50000000
1632159637.22777247,3.50000000
1632159637.32769561,3.50000000
1632159637.42801070,3.50000000
1632159637.52804756,3.50000000
1632159637.62805176,3.50000000
1632159637.72805095,3.50000000
1632159637.82796264,3.50000000
1632159637.92790890,3.50000000
1632159638.02797246,3.50000000
1632159638.12792349,3.50000000
1632159638.22808361,3.50000000
1632159638.32794642,3.50000000
1632159638.42768431,3.50000000
1632159638.52779627,3.50000000
1632159638.62778926,3.50000000
1632159638.72796631,3.50000000
1632159638.82805419,3.50000000
1632159638.92800474,3.50000000
1632159639.02804804,3.50000000
1632159639.12791824,3.50000000
1632159639.22792172,3.50000000
1632159639.32794809,3.50000000
1632159639.42790437,3.50000000
1632159639.52790618,3.50000000
1632159639.62791014,3.50000000
1632159639.72792721,3.50000000
1632159639.82791305,3.50000000
1632159639.92765760,3.50000000
1632159640.02775955,3.50000000
1632159640.12767005,3.50000000
1632159640.22768784,3.50000000
1632159640.32795262,3.50000000
1632159640.42769098,3.50000000
1632159640.52770686,3.50000000
1632159640.62768602,3.50000000
1632159640.72777510,3.50000000
1632159640.82798600,3.50000000
1632159640.92765284,3.50000000
1632159641.02768445,3.50000000
1632159641.12798643,3.50000000
1632159641.22778583,3.50000000
1632159641.32794213,3.50000000
1632159641.42792916,3.50000000
1632159641.52787948,3.50000000
1632159641.62792349,3.50000000
1632159641.72792292,3.50000000
1632159641.82791805,3.50000000
1632159641.92793465,3.50000000
1632159642.02788329,3.50000000
1632159642.12793851,3.50000000
1632159642.22792864,3.50000000
1632159642.32798648,3.50000000
1632159642.42793727,3.50000000
1632159642.52791834,3.50000000
1632159642.62781072,3.50000000
1632159642.72780299,3.50000000
1632159642.82796216,3.50000000
1632159642.92791820,3.50000000
1632159643.02776003,3.50000000
1632159643.12789512,3.50000000
1632159643.22787452,3.50000000
1632159643.32780790,3.50000000
1632159643.42791033,3.50000000
1632159643.52797389,3.50000000
1632159643.62791562,3.50000000
1632159643.72785711,3.50000000
1632159643.82787681,3.50000000
1632159643.92766333,3.50000000
1632159644.02769184,3.50000000
1632159644.12786770,3.50000000
1632159644.22792268,3.50000000
1632159644.32791662,3.50000000
1632159644.42789841,3.50000000
1632159644.52782035,3.50000000
1632159644.62764502,3.50000000
1632159644.72798109,3.50000000
1632159644.82787633,3.50000000
1632159644.92791748,3.50000000
1632159645.02794433,3.50000000
1632159645.12770557,3.50000000
1632159645.22776318,3.50000000
1632159645.32791328,3.50000000
1632159645.42809510,3.50000000
1632159645.52779102,3.50000000
1632159645.62782407,3.50000000
1632159645.72800803,3.50000000
1632159645.82800698,3.50000000
1632159645.92792058,3.50000000
1632159646.02804017,3.50000000
1632159646.12795639,3.50000000
1632159646.22794986,3.50000000
1632159646.32774997,3.50000000
1632159646.42766762,3.50000000
1632159646.52775407,3.50000000
1632159646.62764072,3.50000000
1632159646.72775412,3.50000000
1632159646.82771182,3.50000000
1632159646.92793798,3.50000000
1632159647.02791739,3.50000000
1632159647.12799025,3.50000000
1632159647.22792315,3.50000000
1632159647.32791805,3.50000000
1632159647.42794371,3.50000000
1632159647.52780533,3.50000000
1632159647.62796903,3.50000000
1632159647.72769356,3.50000000
1632159647.82787800,3.50000000
1632159647.92792988,3.50000000
1632159648.02794313,3.50000000
1632159648.12769341,3.50000000
1632159648.22765064,3.50000000
1632159648.32792664,3.50000000
1632159648.42793751,3.50000000
1632159648.52798557,3.50000000
1632159648.62796140,3.50000000
1632159648.72799659,3.50000000
1632159648.82773399,3.50000000
1632159648.92764211,3.50000000
1632159649.02764583,3.50000000
1632159649.12769246,3.50000000
1632159649.22793627,3.50000000
1632159649.32768488,3.50000000
1632159649.42794633,3.50000000
1632159649.52770281,3.50000000
1632159649.62774706,3.50000000
1632159649.72793436,3.50000000
1632159649.82792211,3.50000000
1632159649.92793059,3.50000000
1632159650.02797842,3.50000000
1632159650.12802291,2.00000000
1632159650.22796488,2.00000000
1632159650.32795095,2.00000000
1632159650.42799616,2.00000000
1632159650.52789712,2.00000000
1632159650.62793183,2.00000000
1632159650.72791862,2.00000000
1632159650.82792044,2.00000000
1632159650.92792463,2.00000000
1632159651.02799892,2.00000000
1632159651.12801790,2.00000000
1632159651.22792196,2.00000000
1632159651.32768369,2.00000000
1632159651.42801881,2.00000000
1632159651.52803802,2.00000000
1632159651.62793446,2.00000000
1632159651.72791839,2.00000000
1632159651.82836294,2.00000000
1632159651.92805505,2.00000000
1632159652.02797818,2.00000000
1632159652.12791753,2.00000000
1632159652.22789836,2.00000000
1632159652.32791233,2.00000000
1632159652.42789006,2.00000000
1632159652.52792740,2.00000000
1632159652.62795305,2.00000000
1632159652.72793984,2.00000000
1632159652.82793069,2.00000000
1632159652.92793369,2.00000000
1632159653.02789688,2.00000000
1632159653.12793040,2.00000000
1632159653.22801447,2.00000000
1632159653.32794046,2.00000000
1632159653.42802382,2.00000000
1632159653.52792692,2.00000000
1632159653.62794113,2.00000000
1632159653.72790146,2.00000000
1632159653.82775021,2.00000000
1632159653.92797375,2.00000000
1632159654.02792621,2.00000000
1632159654.12793636,2.00000000
1632159654.22792459,2.00000000
1632159654.32792497,2.00000000
1632159654.42795134,2.00000000
1632159654.52795768,2.00000000
1632159654.62789297,2.00000000
1632159654.72790861,2.00000000
1632159654.82772350,2.00000000
1632159654.92786026,2.00000000
1632159655.02805161,2.00000000
1632159655.12774110,2.00000000
1632159655.22791219,2.00000000
1632159655.32799315,2.00000000
1632159655.42796516,2.00000000
1632159655.52799010,2.00000000
1632159655.62800527,2.00000000
1632159655.72781181,2.00000000
1632159655.82792974,2.00000000
1632159655.92776394,2.00000000
1632159656.02800608,2.00000000
1632159656.12797713,2.00000000
1632159656.22794700,2.00000000
1632159656.32792258,2.00000000
1632159656.42798567,2.00000000
1632159656.52796578,2.00000000
1632159656.62798953,2.00000000
1632159656.72799325,2.00000000
1632159656.82801247,2.00000000
1632159656.92797947,2.00000000
1632159657.02795863,2.00000000
1632159657.12803316,2.00000000
1632159657.22775960,2.00000000
1632159657.32804990,2.00000000
1632159657.42796516,2.00000000
1632159657.52788377,2.00000000
1632159657.62790847,2.00000000
1632159657.72793245,2.00000000
1632159657.82798553,2.00000000
1632159657.92791080,2.00000000
1632159658.02801037,2.00000000
1632159658.12792706,2.00000000
1632159658.22787404,2.00000000
1632159658.32782102,2.00000000
1632159658.42798233,2.00000000
1632159658.52789140,2.00000000
1632159658.62770176,2.00000000
1632159658.72768235,2.00000000
1632159658.82767558,2.00000000
1632159658.92766643,2.00000000
1632159659.02766085,2.00000000
1632159659.12800765,2.00000000
1632159659.22792172,2.00000000
1632159659.32790375,2.00000000
1632159659.42791510,2.00000000
1632159659.52788591,2.00000000
1632159659.62799883,2.00000000
1632159659.72793937,2.00000000
1632159659.82805943,2.00000000
1632159659.92794919,2.00000000
1632159660.02779984,2.00000000
1632159660.12791276,2.00000000
1632159660.22807455,2.00000000
1632159660.32789469,2.00000000
1632159660.42803121,2.00000000
1632159660.52788639,2.00000000
1632159660.62793064,2.00000000
1632159660.72790027,2.00000000
1632159660.82786489,2.00000000
1632159660.92794704,2.00000000
1632159661.02794290,2.00000000
1632159661.12796092,2.00000000
1632159661.22791958,2.00000000
1632159661.32797527,2.00000000
1632159661.42803454,3.50000000
1632159661.52789235,3.50000000
1632159661.62792444,3.50000000
1632159661.72791338,3.50000000
1632159661.82790327,3.50000000
1632159661.92791367,3.50000000
1632159662.02791595,3.50000000
1632159662.12787867,3.50000000
1632159662.22794199,3.50000000
1632159662.32777381,3.50000000
1632159662.42792726,3.50000000
1632159662.52797651,3.50000000
1632159662.62776947,3.50000000
1632159662.72794938,3.50000000
1632159662.82790256,3.50000000
1632159662.92776179,3.50000000
1632159663.02793288,3.50000000
1632159663.12796474,3.50000000
1632159663.22788858,3.50000000
1632159663.32794380,3.50000000
1632159663.42808175,3.50000000
1632159663.52775311,3.50000000
1632159663.62790728,3.50000000
1632159663.72796369,3.50000000
1632159663.82795668,3.50000000
1632159663.92775202,3.50000000
1632159664.02807641,3.50000000
1632159664.12789154,3.50000000
1632159664.22805667,3.50000000
1632159664.32791567,3.50000000
1632159664.42795920,3.50000000
1632159664.52791858,3.50000000
1632159664.62793088,3.50000000
1632159664.72792864,3.50000000
1632159664.82789922,3.50000000
1632159664.92795110,3.50000000
1632159665.02800679,3.50000000
1632159665.12795258,3.50000000
1632159665.22796965,3.50000000
1632159665.32777357,3.50000000
1632159665.42800093,3.50000000
1632159665.52774072,3.50000000
1632159665.62800527,3.50000000
1632159665.72800708,3.50000000
1632159665.82803059,3.50000000
1632159665.92796159,3.50000000
1632159666.02797914,3.50000000
1632159666.12792134,3.50000000
1632159666.22790837,3.50000000
1632159666.32799578,3.50000000
1632159666.42793393,3.50000000
1632159666.52776146,3.50000000
1632159666.62792802,3.50000000
1632159666.72790098,3.50000000
1632159666.82795286,3.50000000
1632159666.92792916,3.50000000
1632159667.02796555,3.50000000
1632159667.12789536,3.50000000
1632159667.22792363,3.50000000
1632159667.32793379,3.50000000
1632159667.42788935,3.50000000
1632159667.52788758,3.50000000
1632159667.62791729,3.50000000
1632159667.72791719,3.50000000
1632159667.82793379,3.50000000
1632159667.92793179,3.50000000
1632159668.02794099,3.50000000
1632159668.12799072,3.50000000
1632159668.22822285,3.50000000
1632159668.32791615,3.50000000
1632159668.42793846,3.50000000
1632159668.52796888,2.00000000
1632159668.62792969,2.00000000
1632159668.72800040,2.00000000
1632159668.82792926,2.00000000
1632159668.92797184,2.00000000
1632159669.02791882,2.00000000
1632159669.12789655,2.00000000
1632159669.22789073,2.00000000
1632159669.32788515,2.00000000
1632159669.42789984,2.00000000
1632159669.52790260,2.00000000
1632159669.62791896,2.00000000
1632159669.72793484,2.00000000
1632159669.82788134,2.00000000
1632159669.92793155,2.00000000
1632159670.02784228,2.00000000
1632159670.12793803,2.00000000
1632159670.22804117,2.00000000
1632159670.32768488,2.00000000
1632159670.42780995,2.00000000
1632159670.52767444,2.00000000
1632159670.62767768,2.00000000
1632159670.72768569,2.00000000
1632159670.82765985,2.00000000
1632159670.92769599,2.00000000
1632159671.02776337,2.00000000
1632159671.12768078,2.00000000
1632159671.22767401,2.00000000
1632159671.32769942,2.00000000
1632159671.42768192,2.00000000
1632159671.52768183,2.00000000
1632159671.62767339,2.00000000
1632159671.72767258,2.00000000
1632159671.82766676,2.00000000
1632159671.92766809,2.00000000
1632159672.02768064,2.00000000
1632159672.12765551,2.00000000
1632159672.22769499,2.00000000
1632159672.32764292,2.00000000
1632159672.42766023,2.00000000
1632159672.52765822,2.00000000
1632159672.62767410,2.00000000
1632159672.72767305,2.00000000
1632159672.82767248,2.00000000
1632159672.92767072,2.00000000
1632159673.02776217,2.00000000
1632159673.12808514,2.00000000
1632159673.22806358,2.00000000
1632159673.32796431,2.00000000
1632159673.42805266,2.00000000
1632159673.52769661,2.00000000
1632159673.62790751,2.00000000
1632159673.72797513,2.00000000
1632159673.82792258,2.00000000
1632159673.92767787,2.00000000
1632159674.02782583,2.00000000
1632159674.12795043,2.00000000
1632159674.22794604,2.00000000
1632159674.32768703,2.00000000
1632159674.42789912,2.00000000
1632159674.52778172,2.00000000
1632159674.62775636,2.00000000
1632159674.72776341,2.00000000
1632159674.82800221,2.00000000
1632159674.92767882,2.00000000
1632159675.02769279,2.00000000
1632159675.12767458,2.00000000
1632159675.22792506,2.00000000
1632159675.32790017,2.00000000
1632159675.42789173,2.00000000
1632159675.52780938,2.00000000
1632159675.62791491,2.00000000
1632159675.72801447,2.00000000
1632159675.82799625,2.00000000
1632159675.92805147,2.00000000
1632159676.02790141,2.00000000
1632159676.12795591,2.00000000
1632159676.22791958,2.00000000
1632159676.32789850,2.00000000
1632159676.42798448,2.00000000
1632159676.52776337,2.00000000
1632159676.62776017,2.00000000
1632159676.72773981,2.00000000
1632159676.82796144,2.00000000
1632159676.92791748,2.00000000
1632159677.02795434,2.00000000
1632159677.12777281,2.00000000
1632159677.22797179,2.00000000
1632159677.32792044,2.00000000
1632159677.42790675,2.00000000
1632159677.52789688,2.00000000
1632159677.62788749,2.00000000
1632159677.72793126,2.00000000
1632159677.82792354,2.00000000
1632159677.92796969,2.00000000
1632159678.02791405,2.00000000
1632159678.12792850,2.00000000
1632159678.22787786,2.00000000
1632159678.32791471,2.00000000
1632159678.42790055,2.00000000
1632159678.52790260,2.00000000
1632159678.62790513,2.00000000
1632159678.72797132,2.00000000
1632159678.82788110,2.00000000
1632159678.92789936,2.00000000
1632159679.02805734,2.00000000
1632159679.12792826,2.00000000
1632159679.22792387,2.00000000
1632159679.32795620,2.00000000
1632159679.42805266,2.00000000
1632159679.52791882,2.00000000
1632159679.62796664,2.00000000
1632159679.72793293,2.00000000
1632159679.82793522,2.00000000
1632159679.92792225,2.00000000
1632159680.02803540,2.00000000
1632159680.12800789,2.00000000
1632159680.22806549,2.00000000
1632159680.32802463,2.00000000
1632159680.42805362,2.00000000
1632159680.52808475,2.00000000
1632159680.62792635,2.00000000
1632159680.72787571,2.00000000
1632159680.82793713,2.00000000
1632159680.92792463,2.00000000
1632159681.02794981,1.50000000
1632159681.12801456,1.50000000
1632159681.22820711,1.50000000
1632159681.32800627,1.50000000
1632159681.42799902,1.50000000
1632159681.52803707,1.50000000
1632159681.62792730,1.50000000
1632159681.72791529,1.50000000
1632159681.82787895,1.50000000
1632159681.92781401,1.50000000
1632159682.02794266,1.50000000
1632159682.12792993,1.50000000
1632159682.22795963,1.50000000
1632159682.32800579,1.50000000
1632159682.42801166,3.50000000
1632159682.52794027,3.50000000
1632159682.62788653,3.50000000
1632159682.72790408,3.50000000
1632159682.82787585,3.50000000
1632159682.92791796,3.50000000
1632159683.02801967,3.50000000
1632159683.12793374,3.50000000
1632159683.22798586,3.50000000
1632159683.32787323,3.50000000
1632159683.42791605,3.50000000
1632159683.52794695,3.50000000
1632159683.62796330,3.50000000
1632159683.72790861,3.50000000
1632159683.82788444,3.50000000
1632159683.92797875,3.50000000
1632159684.02801275,3.50000000
1632159684.12794018,3.50000000
1632159684.22792053,3.50000000
1632159684.32790136,3.50000000
1632159684.42791867,3.50000000
1632159684.52791595,3.50000000
1632159684.62789392,3.50000000
1632159684.72789598,3.50000000
1632159684.82795191,3.50000000
1632159684.92794967,3.50000000
1632159685.02794194,3.50000000
1632159685.12792778,3.50000000
1632159685.22793460,3.50000000
1632159685.32792068,3.50000000
1632159685.42774701,3.50000000
1632159685.52788019,3.50000000
1632159685.62795711,3.50000000
1632159685.72801876,3.50000000
1632159685.82789397,3.50000000
1632159685.92792940,3.50000000
1632159686.02789903,3.50000000
1632159686.12792206,3.50000000
1632159686.22798324,3.50000000
1632159686.32796049,3.50000000
1632159686.42795706,3.50000000
1632159686.52792788,3.50000000
1632159686.62805033,3.50000000
1632159686.72794771,3.50000000
1632159686.82789302,3.50000000
1632159686.92793655,3.50000000
1632159687.02788186,3.50000000
1632159687.12781763,3.50000000
1632159687.22799087,3.50000000
1632159687.32802463,3.50000000
1632159687.42796063,3.50000000
1632159687.52797627,3.50000000
1632159687.62791800,3.50000000
1632159687.72792768,3.50000000
1632159687.82792377,3.50000000
1632159687.92789626,3.50000000
1632159688.02798653,3.50000000
1632159688.12797165,3.50000000
1632159688.22807312,3.50000000
1632159688.32792187,3.50000000
1632159688.42793107,3.50000000
1632159688.52791667,3.50000000
1632159688.62793422,3.50000000
1632159688.72776222,3.50000000
1632159688.82800031,3.50000000
1632159688.92786694,3.50000000
1632159689.02790070,3.50000000
1632159689.12800980,3.50000000
1632159689.22786903,3.50000000
1632159689.32788229,3.50000000
1632159689.42802000,3.50000000
1632159689.52796412,3.50000000
1632159689.62791729,3.50000000
1632159689.72799349,3.50000000
1632159689.82786489,3.50000000
1632159689.92787170,3.50000000
1632159690.02790284,3.50000000
1632159690.12796378,3.50000000
1632159690.22798562,3.50000000
1632159690.32797694,3.50000000
1632159690.42791629,3.50000000
1632159690.52792001,3.50000000
1632159690.62788200,3.50000000
1632159690.72789288,3.50000000
1632159690.82794642,3.50000000
1632159690.92790127,3.50000000
1632159691.02775526,3.50000000
1632159691.12775016,3.50000000
1632159691.22799611,3.50000000
1632159691.32793546,3.50000000
1632159691.42790079,3.50000000
1632159691.52795625,3.50000000
1632159691.62791729,3.50000000
1632159691.72789025,3.50000000
1632159691.82793760,3.50000000
1632159691.92792749,3.50000000
1632159692.02806377,3.50000000
1632159692.12793231,3.50000000
1632159692.22806025,3.50000000
1632159692.32792974,3.50000000
1632159692.42792869,3.50000000
1632159692.52797771,3.50000000
1632159692.62794280,3.50000000
1632159692.72792244,3.50000000
1632159692.82793713,3.50000000
1632159692.92793489,3.50000000
1632159693.02802610,3.50000000
1632159693.12794042,3.50000000
1632159693.22794056,3.50000000
1632159693.32794785,3.50000000
1632159693.42795610,3.50000000
1632159693.52793908,3.50000000
1632159693.62799668,3.50000000
1632159693.72791457,3.50000000
1632159693.82797503,3.50000000
1632159693.92781353,3.50000000
1632159694.02797031,3.50000000
1632159694.12796950,3.50000000
1632159694.22792125,3.50000000
1632159694.32800794,3.50000000
1632159694.42793250,3.50000000
1632159694.52793121,3.50000000
1632159694.62795687,3.50000000
1632159694.72802424,3.50000000
1632159694.82791090,3.50000000
1632159694.92793369,3.50000000
1632159695.02792764,3.50000000
1632159695.12792039,3.50000000
1632159695.22800708,3.50000000
1632159695.32793546,3.50000000
1632159695.42795634,3.50000000
1632159695.52777958,3.50000000
1632159695.62793827,3.50000000
1632159695.72787499,3.50000000
1632159695.82792401,3.50000000
1632159695.92789388,3.50000000
1632159696.02786088,3.50000000
1632159696.12802529,3.50000000
1632159696.22790313,3.50000000
1632159696.32793236,3.50000000
1632159696.42801404,3.50000000
1632159696.52794313,3.50000000
1632159696.62797141,3.50000000
1632159696.72790956,3.50000000
1632159696.82802749,3.50000000
1632159696.92802596,3.50000000
1632159697.02792907,3.50000000
1632159697.12780476,3.50000000
1632159697.22782135,3.50000000
1632159697.32764435,3.50000000
1632159697.42768288,3.50000000
1632159697.52791691,3.50000000
1632159697.62789154,3.50000000
1632159697.72793579,3.50000000
1632159697.82790446,3.50000000
1632159697.92803311,3.50000000
1632159698.02781940,3.50000000
1632159698.12764001,3.50000000
1632159698.22766781,3.50000000
1632159698.32767558,3.50000000
1632159698.42770028,3.50000000
1632159698.52763939,3.50000000
1632159698.62792063,3.50000000
1632159698.72787261,3.50000000
1632159698.82788873,3.50000000
1632159698.92791009,3.50000000
1632159699.02797031,3.50000000
1632159699.12788820,3.50000000
1632159699.22792292,3.50000000
1632159699.32792449,3.50000000
1632159699.42791438,3.50000000
1632159699.52768302,3.50000000
1632159699.62781572,3.50000000
1632159699.72796631,3.50000000
1632159699.82797885,3.50000000
1632159699.92793441,3.50000000
1632159700.02781820,3.50000000
1632159700.12802267,3.50000000
1632159700.22799015,3.50000000
1632159700.32796574,3.50000000
1632159700.42791986,3.50000000
1632159700.52786374,3.50000000
1632159700.62791348,3.50000000
1632159700.72794628,3.50000000
1632159700.82795453,3.50000000
1632159700.92794251,3.50000000
1632159701.02799654,3.50000000
1632159701.12793136,3.50000000
1632159701.22786689,3.50000000
1632159701.32789993,3.50000000
1632159701.42768955,3.50000000
1632159701.52798390,3.50000000
1632159701.62797236,3.50000000
1632159701.72791839,3.50000000
1632159701.82792783,3.50000000
1632159701.92776537,3.50000000
1632159702.02803802,3.50000000
1632159702.12800980,3.50000000
1632159702.22788930,3.50000000
1632159702.32795644,3.50000000
1632159702.42796159,3.50000000
1632159702.52799058,3.50000000
1632159702.62795973,3.50000000
1632159702.72789454,3.50000000
1632159702.82795644,3.50000000
1632159702.92792916,3.50000000
1632159703.02789235,3.50000000
1632159703.12786603,3.50000000
1632159703.22790599,3.50000000
1632159703.32801437,3.50000000
1632159703.42793775,3.50000000
1632159703.52793813,3.50000000
1632159703.62793636,3.50000000
1632159703.72793794,3.50000000
1632159703.82790351,3.50000000
1632159703.92799044,3.50000000
1632159704.02795911,3.50000000
1632159704.12792373,3.50000000
1632159704.22791910,3.50000000
1632159704.32790756,3.50000000
1632159704.42799401,3.50000000
1632159704.52795315,3.50000000
1632159704.62793684,3.50000000
1632159704.72796822,3.50000000
1632159704.82793617,3.50000000
1632159704.92792225,3.50000000
1632159705.02791739,3.50000000
1632159705.12800336,3.50000000
1632159705.22796512,3.50000000
1632159705.32793021,3.50000000
1632159705.42795467,3.50000000
1632159705.52769685,3.50000000
1632159705.62774348,3.50000000
1632159705.72779846,3.50000000
1632159705.82798076,3.50000000
1632159705.92776608,3.50000000
1632159706.02798009,3.50000000
1632159706.12798977,3.50000000
1632159706.22803450,3.50000000
1632159706.32797551,3.50000000
1632159706.42774534,3.50000000
1632159706.52792788,3.50000000
1632159706.62799740,3.50000000
1632159706.72793913,3.50000000
1632159706.82798219,3.50000000
1632159706.92787671,3.50000000
1632159707.02799726,3.50000000
1632159707.12791705,3.50000000
1632159707.22789931,3.50000000
1632159707.32796526,3.50000000
1632159707.42789888,3.50000000
1632159707.52789211,3.50000000
1632159707.62792110,3.50000000
1632159707.72781157,3.50000000
1632159707.82793021,3.50000000
1632159707.92777443,3.50000000
1632159708.02788782,3.50000000
1632159708.12799478,3.50000000
1632159708.22797966,3.50000000
1632159708.32794666,3.50000000
1632159708.42796922,3.50000000
1632159708.52798367,3.50000000
1632159708.62798214,3.50000000
1632159708.72800088,3.50000000
1632159708.82789755,3.50000000
1632159708.92793059,3.50000000
1632159709.02802062,3.50000000
1632159709.12786913,3.50000000
1632159709.22795749,3.50000000
1632159709.32793665,3.50000000
1632159709.42802620,3.50000000
1632159709.52789903,3.50000000
1632159709.62779307,3.50000000
1632159709.72793937,3.50000000
1632159709.82793164,3.50000000
1632159709.92796755,3.50000000
1632159710.02774501,3.50000000
1632159710.12790084,3.50000000
1632159710.22784281,3.50000000
1632159710.32791948,3.50000000
1632159710.42796087,3.50000000
1632159710.52792573,3.50000000
1632159710.62793231,3.50000000
1632159710.72790742,3.50000000
1632159710.82784390,3.50000000
1632159710.92799687,3.50000000
1632159711.02808714,3.50000000
1632159711.12802124,3.50000000
1632159711.22792530,3.50000000
1632159711.32790947,3.50000000
1632159711.42799520,3.50000000
1632159711.52795362,3.50000000
1632159711.62791014,3.50000000
1632159711.72775483,3.50000000
1632159711.82787514,3.50000000
1632159711.92792821,3.50000000
1632159712.02792621,3.50000000
1632159712.12779713,3.50000000
1632159712.22790813,3.50000000
1632159712.32787347,3.50000000
1632159712.42786336,3.50000000
1632159712.52787399,3.50000000
1632159712.62787199,3.50000000
1632159712.72788930,3.50000000
1632159712.82786417,3.50000000
1632159712.92792368,3.50000000
1632159713.02793264,3.50000000
1632159713.12792993,3.50000000
1632159713.22775435,3.50000000
1632159713.32797074,3.50000000
1632159713.42792130,3.50000000
1632159713.52791834,3.50000000
1632159713.62767935,3.50000000
1632159713.72795510,3.50000000
1632159713.82792997,3.50000000
1632159713.92802048,3.50000000
1632159714.02805781,3.50000000
1632159714.12798023,3.50000000
1632159714.22800708,3.50000000
1632159714.32795906,3.50000000
1632159714.42797589,3.50000000
1632159714.52792549,3.50000000
1632159714.62791657,3.50000000
1632159714.72789526,3.50000000
1632159714.82773685,3.50000000
1632159714.92788482,3.50000000
1632159715.02788162,3.50000000
1632159715.12795353,3.50000000
1632159715.22798467,3.50000000
1632159715.32796931,3.50000000
1632159715.42798066,3.50000000
1632159715.52792764,3.50000000
1632159715.62791276,3.50000000
1632159715.72788000,3.50000000
1632159715.82791710,3.50000000
1632159715.92788696,3.50000000
1632159716.02794266,3.50000000
1632159716.12803578,3.50000000
1632159716.22800970,3.50000000
1632159716.32803702,3.50000000
1632159716.42792678,3.50000000
1632159716.52786350,3.50000000
1632159716.62766790,3.50000000
1632159716.72791934,3.50000000
1632159716.82792497,3.50000000
1632159716.92767882,3.50000000
1632159717.02764869,3.50000000
1632159717.12768197,3.50000000
1632159717.22795916,3.50000000
1632159717.32803082,3.50000000
1632159717.42793417,3.50000000
1632159717.52789021,3.50000000
1632159717.62800741,3.50000000
1632159717.72803569,3.50000000
1632159717.82803178,3.50000000
1632159717.92798233,3.50000000
1632159718.02805948,3.50000000
1632159718.12793779,3.50000000
1632159718.22805595,3.50000000
1632159718.32793975,3.50000000
1632159718.42790961,3.50000000
1632159718.52779412,3.50000000
1632159718.62800217,3.50000000
1632159718.72780585,3.50000000
1632159718.82798266,3.50000000
1632159718.92806244,3.50000000
1632159719.02789950,3.50000000
1632159719.12791920,3.50000000
1632159719.22789145,3.50000000
1632159719.32797837,3.50000000
1632159719.42797375,3.50000000
1632159719.52791429,3.50000000
1632159719.62790847,3.50000000
1632159719.72801685,3.50000000
1632159719.82788968,3.50000000
1632159719.92791724,3.50000000
1632159720.02780461,3.50000000
1632159720.12792206,3.50000000
1632159720.22788191,3.50000000
1632159720.32781696,3.50000000
1632159720.42789602,3.50000000
1632159720.52791858,3.50000000
1632159720.62802219,3.50000000
1632159720.72792339,3.50000000
1632159720.82798719,3.50000000
1632159720.92796779,3.50000000
1632159721.02792835,3.50000000
1632159721.12794638,3.50000000
1632159721.22788644,3.50000000
1632159721.32793093,3.50000000
1632159721.42785954,3.50000000
1632159721.52795219,3.50000000
1632159721.62792492,3.50000000
1632159721.72795153,3.50000000
1632159721.82792950,3.50000000
1632159721.92790651,3.50000000
1632159722.02789640,3.50000000
1632159722.12790251,3.50000000
1632159722.22797155,3.50000000
1632159722.32776666,3.50000000
1632159722.42788672,3.50000000
1632159722.52792025,3.50000000
1632159722.62791038,3.50000000
1632159722.72803879,3.50000000
1632159722.82797575,3.50000000
1632159722.92807150,3.50000000
1632159723.02793097,3.50000000
1632159723.12788820,3.50000000
1632159723.22790146,3.50000000
1632159723.32796359,3.50000000
1632159723.42795682,3.50000000
1632159723.52787256,3.50000000
1632159723.62796569,3.50000000
1632159723.72797751,3.50000000
1632159723.82798481,3.50000000
1632159723.92791486,3.50000000
1632159724.02799344,3.50000000
1632159724.12790680,3.50000000
1632159724.22778988,3.50000000
1632159724.32800508,3.50000000
1632159724.42799783,3.50000000
1632159724.52792335,3.50000000
1632159724.62793827,3.50000000
1632159724.72791791,3.50000000
1632159724.82791805,3.50000000
1632159724.92791748,3.50000000
1632159725.02796531,3.50000000
1632159725.12774634,3.50000000
1632159725.22790980,3.50000000
1632159725.32795453,3.50000000
1632159725.42796159,3.50000000
1632159725.52794504,3.50000000
1632159725.62790489,3.50000000
1632159725.72771478,3.50000000
1632159725.82787442,3.50000000
1632159725.92792010,3.50000000
1632159726.02796984,3.50000000
1632159726.12808013,3.50000000
1632159726.22807527,3.50000000
1632159726.32790661,3.50000000
1632159726.42795300,3.50000000
1632159726.52794170,3.50000000
1632159726.62790632,3.50000000
1632159726.72790933,3.50000000
1632159726.82791924,3.50000000
1632159726.92791104,3.50000000
