Seconds,Desired Distance
1624631687.14032102,3.50000000
1624631687.23998237,3.50000000
1624631687.33998871,3.50000000
1624631687.43995094,3.50000000
1624631687.53995848,3.50000000
1624631687.63990831,3.50000000
1624631687.73990154,3.50000000
1624631687.83994579,3.50000000
1624631687.94001412,3.50000000
1624631688.04001236,3.50000000
1624631688.13992214,3.50000000
1624631688.23996210,3.50000000
1624631688.34003830,3.50000000
1624631688.44003201,3.50000000
1624631688.53996444,3.50000000
1624631688.63971829,3.50000000
1624631688.73968339,3.50000000
1624631688.83970261,3.50000000
1624631688.93970895,3.50000000
1624631689.04000258,3.50000000
1624631689.13990641,3.50000000
1624631689.23993826,3.50000000
1624631689.33994961,3.50000000
1624631689.44000125,3.50000000
1624631689.53999424,3.50000000
1624631689.63996005,3.50000000
1624631689.74004531,3.50000000
1624631689.84004474,3.50000000
1624631689.94001436,3.50000000
1624631690.03994489,3.50000000
1624631690.14001679,3.50000000
1624631690.23979330,3.50000000
1624631690.33999705,3.50000000
1624631690.43994713,3.50000000
1624631690.54004908,3.50000000
1624631690.63989019,3.50000000
1624631690.74001241,3.50000000
1624631690.83970928,3.50000000
1624631690.93970418,3.50000000
1624631691.03970289,3.50000000
1624631691.13969350,3.50000000
1624631691.23999834,3.50000000
1624631691.34003091,3.50000000
1624631691.44004846,3.50000000
1624631691.53996062,3.50000000
1624631691.63996649,3.50000000
1624631691.73995638,3.50000000
1624631691.83993840,3.50000000
1624631691.93978429,3.50000000
1624631692.03997517,3.50000000
1624631692.13995075,3.50000000
1624631692.24004865,0.50000000
1624631692.33998632,0.50000000
1624631692.43999267,0.50000000
1624631692.53998876,0.50000000
1624631692.64000082,0.50000000
1624631692.73994136,0.50000000
1624631692.83995771,0.50000000
1624631692.94002199,0.50000000
1624631693.03971052,0.50000000
1624631693.13997173,0.50000000
1624631693.23996353,0.50000000
1624631693.33996511,0.50000000
1624631693.43996406,0.50000000
1624631693.53995609,0.50000000
1624631693.64003873,0.50000000
1624631693.73995900,0.50000000
1624631693.83993959,0.50000000
1624631693.93996549,0.50000000
1624631694.03996348,0.50000000
1624631694.13994336,0.50000000
1624631694.23997116,0.50000000
1624631694.33993912,0.50000000
1624631694.43996000,0.50000000
1624631694.53995776,0.50000000
1624631694.63996005,0.50000000
1624631694.73997307,0.50000000
1624631694.84000087,0.50000000
1624631694.93996859,0.50000000
1624631695.03997087,0.50000000
1624631695.13997340,0.50000000
1624631695.23996902,0.50000000
1624631695.34001207,0.50000000
1624631695.43994427,0.50000000
1624631695.53995609,0.50000000
1624631695.63995814,0.50000000
1624631695.73996162,0.50000000
1624631695.83996391,0.50000000
1624631695.93995643,0.50000000
1624631696.03999853,0.50000000
1624631696.13996410,0.50000000
1624631696.23996639,0.50000000
1624631696.34003711,0.50000000
1624631696.44004440,0.50000000
1624631696.54005766,0.50000000
1624631696.64001608,0.50000000
1624631696.73994040,0.50000000
1624631696.83994555,0.50000000
1624631696.93995476,0.50000000
1624631697.03994870,0.50000000
1624631697.13994694,0.50000000
1624631697.23995829,0.50000000
1624631697.33996439,0.50000000
1624631697.44003248,0.50000000
1624631697.54005313,0.50000000
1624631697.63995385,0.50000000
1624631697.73995113,0.50000000
1624631697.83994222,0.50000000
1624631697.93994689,0.50000000
1624631698.03994107,0.50000000
1624631698.13993907,0.50000000
1624631698.23993731,0.50000000
1624631698.33995891,0.50000000
1624631698.43995094,0.50000000
1624631698.53994179,0.50000000
1624631698.64002848,0.50000000
1624631698.73995233,0.50000000
1624631698.83993697,0.50000000
1624631698.94000030,0.50000000
1624631699.04001260,0.50000000
1624631699.14001584,0.50000000
1624631699.23998833,0.50000000
1624631699.33999467,0.50000000
1624631699.43996525,0.50000000
1624631699.53995943,0.50000000
1624631699.64001608,0.50000000
1624631699.73999310,0.50000000
1624631699.83999586,0.50000000
1624631699.94000936,0.50000000
1624631700.03994060,0.50000000
1624631700.13993859,0.50000000
1624631700.23996377,0.50000000
1624631700.34000301,0.50000000
1624631700.43995404,0.50000000
1624631700.53993511,0.50000000
1624631700.63995171,0.50000000
1624631700.73995090,0.50000000
1624631700.83974361,0.50000000
1624631700.93993092,0.50000000
1624631701.04003644,0.50000000
1624631701.14003730,0.50000000
1624631701.23996210,0.50000000
1624631701.33994937,0.50000000
1624631701.43996167,0.50000000
1624631701.53993940,0.50000000
1624631701.63993764,0.50000000
1624631701.73995113,0.50000000
1624631701.83995533,0.50000000
1624631701.93995667,0.50000000
1624631702.03994322,0.50000000
1624631702.13995552,0.50000000
1624631702.23996162,0.50000000
1624631702.33994365,0.50000000
1624631702.43991947,0.50000000
1624631702.53995681,0.50000000
1624631702.63993883,0.50000000
1624631702.73994350,0.50000000
1624631702.83994770,0.50000000
1624631702.93993831,0.50000000
1624631703.03995204,0.50000000
1624631703.13994288,0.50000000
1624631703.23993683,0.50000000
1624631703.33993626,0.50000000
1624631703.43993998,0.50000000
1624631703.53996444,0.50000000
1624631703.63993931,0.50000000
1624631703.73995447,0.50000000
1624631703.83996105,0.50000000
1624631703.93994236,0.50000000
1624631704.03995085,0.50000000
1624631704.13994455,0.50000000
1624631704.23993540,0.50000000
1624631704.33996058,0.50000000
1624631704.44001365,0.50000000
1624631704.54001856,0.50000000
1624631704.64002347,0.50000000
1624631704.73992944,0.50000000
1624631704.83995748,0.50000000
1624631704.93994570,0.50000000
1624631705.03995419,0.50000000
1624631705.13995743,0.50000000
1624631705.23994923,0.50000000
1624631705.33993340,0.50000000
1624631705.43989253,0.50000000
1624631705.53994346,0.50000000
1624631705.64003921,0.50000000
1624631705.74003053,0.50000000
1624631705.84004283,0.50000000
1624631705.93994617,0.50000000
1624631706.03994775,0.50000000
1624631706.13995075,0.50000000
1624631706.23995161,0.50000000
1624631706.34005165,0.50000000
1624631706.43994427,0.50000000
1624631706.53999090,0.50000000
1624631706.63984561,0.50000000
1624631706.74001479,0.50000000
1624631706.84001923,0.50000000
1624631706.94007015,0.50000000
1624631707.04002142,0.50000000
1624631707.14002967,0.50000000
1624631707.23993587,0.50000000
1624631707.33994174,0.50000000
1624631707.43996501,0.50000000
1624631707.54001498,0.50000000
1624631707.63995695,0.50000000
1624631707.73999882,0.50000000
1624631707.83995605,0.50000000
1624631707.93998909,0.50000000
1624631708.03994489,0.50000000
1624631708.13994718,0.50000000
1624631708.23993635,0.50000000
1624631708.33993149,0.50000000
1624631708.43998098,0.50000000
1624631708.54000139,0.50000000
1624631708.63998842,0.50000000
1624631708.74003768,0.50000000
1624631708.84004021,0.50000000
1624631708.94000292,0.50000000
1624631709.03993964,0.50000000
1624631709.13995218,0.50000000
1624631709.23994207,0.50000000
1624631709.33994317,0.50000000
1624631709.43995357,0.50000000
1624631709.53996110,0.50000000
1624631709.63993621,0.50000000
1624631709.73994851,0.50000000
1624631709.83996129,0.50000000
1624631709.93989992,0.50000000
1624631710.04003119,0.50000000
1624631710.13990664,0.50000000
1624631710.23994231,0.50000000
1624631710.34001017,0.50000000
1624631710.43999600,0.50000000
1624631710.53996968,0.50000000
1624631710.63998818,0.50000000
1624631710.73996353,0.50000000
1624631710.84001613,0.50000000
1624631710.94002557,0.50000000
1624631711.03995514,0.50000000
1624631711.13995457,0.50000000
1624631711.23997569,0.50000000
1624631711.34001207,0.50000000
1624631711.43995833,0.50000000
1624631711.53996110,0.50000000
1624631711.63995767,0.50000000
1624631711.73994923,0.50000000
1624631711.84009743,0.50000000
1624631711.93996263,0.50000000
1624631712.03996420,0.50000000
1624631712.13998032,0.50000000
1624631712.24014187,0.50000000
1624631712.33992553,0.50000000
1624631712.43996978,0.50000000
1624631712.54011726,0.50000000
1624631712.63999796,0.50000000
1624631712.74002242,0.50000000
1624631712.84000230,0.50000000
1624631712.94001865,0.50000000
1624631713.03997040,0.50000000
1624631713.14004207,0.50000000
1624631713.23999429,0.50000000
1624631713.33998632,0.50000000
1624631713.43991947,0.50000000
1624631713.54001236,0.50000000
1624631713.63996649,0.50000000
1624631713.73993707,0.50000000
1624631713.84004164,0.50000000
1624631713.93994784,0.50000000
1624631714.03994179,0.50000000
1624631714.13995147,0.50000000
1624631714.24005008,0.50000000
1624631714.33995914,0.50000000
1624631714.44005322,0.50000000
1624631714.54004288,0.50000000
1624631714.63995075,0.50000000
1624631714.73999929,0.50000000
1624631714.83997774,0.50000000
1624631714.93996096,0.50000000
1624631715.03995371,0.50000000
1624631715.13994837,0.50000000
1624631715.24000049,0.50000000
1624631715.33997560,0.50000000
1624631715.44000173,0.50000000
1624631715.54000545,0.50000000
1624631715.63996792,0.50000000
1624631715.73994207,0.50000000
1624631715.83994436,0.50000000
1624631715.94003391,0.50000000
1624631716.04005671,0.50000000
1624631716.14004159,0.50000000
1624631716.23997521,0.50000000
1624631716.33994961,0.50000000
1624631716.43994832,0.50000000
1624631716.53997421,0.50000000
1624631716.64004159,0.50000000
1624631716.74004364,0.50000000
1624631716.84005523,0.50000000
1624631716.93996072,0.50000000
1624631717.03998327,0.50000000
1624631717.13996625,0.50000000
1624631717.23997831,0.50000000
1624631717.33995867,0.50000000
1624631717.43999076,0.50000000
1624631717.53998494,0.50000000
1624631717.63996005,0.50000000
1624631717.73997927,0.50000000
1624631717.83996081,0.50000000
1624631717.94000459,0.50000000
1624631718.03996992,0.50000000
1624631718.13996959,0.50000000
1624631718.23994684,0.50000000
1624631718.33996773,0.50000000
1624631718.43994665,0.50000000
1624631718.53994823,0.50000000
1624631718.63995981,0.50000000
1624631718.73995972,0.50000000
1624631718.83995008,0.50000000
1624631718.93994427,0.50000000
1624631719.03994417,0.50000000
1624631719.13995409,0.50000000
1624631719.23996544,0.50000000
1624631719.33999586,0.50000000
1624631719.43995667,0.50000000
1624631719.53994656,0.50000000
1624631719.63996243,0.50000000
1624631719.73995042,0.50000000
1624631719.83995152,0.50000000
1624631719.93995166,0.50000000
1624631720.03996277,0.50000000
1624631720.13995004,0.50000000
1624631720.24002409,0.50000000
1624631720.34002590,0.50000000
1624631720.44005752,0.50000000
1624631720.54005027,0.50000000
1624631720.64005280,0.50000000
1624631720.74005127,0.50000000
1624631720.83994317,0.50000000
1624631720.93995619,0.50000000
1624631721.03994274,0.50000000
1624631721.13994217,0.50000000
1624631721.23997617,0.50000000
1624631721.33995724,0.50000000
1624631721.43996906,0.50000000
1624631721.53995442,0.50000000
1624631721.63995123,0.50000000
1624631721.73994517,0.50000000
1624631721.83996797,0.50000000
1624631721.93995547,0.50000000
1624631722.03996730,0.50000000
1624631722.13994861,0.50000000
1624631722.23994899,0.50000000
1624631722.33997011,0.50000000
1624631722.43995428,0.50000000
1624631722.53995943,0.50000000
1624631722.63994551,0.50000000
1624631722.73996735,0.50000000
1624631722.83996439,0.50000000
1624631722.93994737,0.50000000
1624631723.04004836,0.50000000
1624631723.13994813,0.50000000
1624631723.23993850,0.50000000
1624631723.33994484,0.50000000
1624631723.43996239,0.50000000
1624631723.53994870,0.50000000
1624631723.63995862,0.50000000
1624631723.73996425,0.50000000
1624631723.83995199,0.50000000
1624631723.93996382,0.50000000
1624631724.03998184,0.50000000
1624631724.13994622,0.50000000
1624631724.24003601,0.50000000
1624631724.34003592,0.50000000
1624631724.44005442,0.50000000
1624631724.54003167,0.50000000
1624631724.64004183,0.50000000
1624631724.74001598,0.50000000
1624631724.84004998,0.50000000
1624631724.93996811,0.50000000
1624631725.04003000,0.50000000
1624631725.13978362,0.50000000
1624631725.23993993,0.50000000
1624631725.33995938,0.50000000
1624631725.44002795,0.50000000
1624631725.54004073,0.50000000
1624631725.63993907,0.50000000
1624631725.74002194,0.50000000
1624631725.84002614,0.50000000
1624631725.93996501,0.50000000
1624631726.03997326,0.50000000
1624631726.14002919,0.50000000
1624631726.23990917,0.50000000
1624631726.33994460,0.50000000
1624631726.43995166,0.50000000
1624631726.53994107,0.50000000
1624631726.63995147,0.50000000
1624631726.73995852,0.50000000
1624631726.83994699,0.50000000
1624631726.93996096,0.50000000
1624631727.03995967,0.50000000
1624631727.13996840,0.50000000
1624631727.23995090,0.50000000
1624631727.33996081,0.50000000
1624631727.43996930,0.50000000
1624631727.53996873,0.50000000
1624631727.63997626,0.50000000
1624631727.73996735,0.50000000
1624631727.83996415,0.50000000
1624631727.94002819,0.50000000
1624631728.03997183,0.50000000
1624631728.13995409,0.50000000
1624631728.23993397,0.50000000
1624631728.33995795,0.50000000
1624631728.43994570,0.50000000
1624631728.53993392,0.50000000
1624631728.63994241,0.50000000
1624631728.73994470,0.50000000
1624631728.83994174,0.50000000
1624631728.93993664,0.50000000
1624631729.03994846,0.50000000
1624631729.13994646,0.50000000
1624631729.23994088,0.50000000
1624631729.33994484,0.50000000
1624631729.43983221,0.50000000
1624631729.53995252,0.50000000
1624631729.63982749,0.50000000
1624631729.73994517,0.50000000
1624631729.83996296,0.50000000
1624631729.93994737,0.50000000
1624631730.03995514,0.50000000
1624631730.13995790,0.50000000
1624631730.23994994,0.50000000
1624631730.33997822,0.50000000
1624631730.43994403,0.50000000
1624631730.53997087,0.50000000
1624631730.63996720,0.50000000
1624631730.73997045,0.50000000
1624631730.83997083,0.50000000
1624631730.94002676,0.50000000
1624631731.03994465,0.50000000
1624631731.13994074,0.50000000
1624631731.23994398,0.50000000
1624631731.33995628,0.50000000
1624631731.43995523,0.50000000
1624631731.53995872,0.50000000
1624631731.64004660,0.50000000
1624631731.74001408,0.50000000
1624631731.83996320,0.50000000
1624631731.93996334,0.50000000
1624631732.03995275,0.50000000
1624631732.13995552,0.50000000
1624631732.23988795,0.50000000
1624631732.33996367,0.50000000
1624631732.43995094,0.50000000
1624631732.54000068,0.50000000
1624631732.64004517,0.50000000
1624631732.73995733,0.50000000
1624631732.83994794,0.50000000
1624631732.93995786,0.50000000
1624631733.03994465,0.50000000
1624631733.13995075,0.50000000
1624631733.23995948,0.50000000
1624631733.33995748,0.50000000
1624631733.43994761,0.50000000
1624631733.53994966,0.50000000
1624631733.63990998,0.50000000
1624631733.73997688,0.50000000
1624631733.84002161,0.50000000
1624631733.93996406,0.50000000
1624631734.03995848,0.50000000
1624631734.13996768,0.50000000
1624631734.23994350,0.50000000
1624631734.33997011,0.50000000
1624631734.43995094,0.50000000
1624631734.53993678,0.50000000
1624631734.63996601,0.50000000
1624631734.73994374,0.50000000
1624631734.83996177,0.50000000
1624631734.93994570,0.50000000
1624631735.03995776,0.50000000
1624631735.13994718,0.50000000
1624631735.23996449,0.50000000
1624631735.33995938,0.50000000
1624631735.43995070,0.50000000
1624631735.53994274,0.50000000
1624631735.64000034,0.50000000
1624631735.73994231,0.50000000
1624631735.83994722,0.50000000
1624631735.93996024,0.50000000
1624631736.04004979,0.50000000
1624631736.14004636,0.50000000
1624631736.23994350,0.50000000
1624631736.33990693,0.50000000
1624631736.43994379,0.50000000
1624631736.53996539,0.50000000
1624631736.63993621,0.50000000
1624631736.73998356,0.50000000
1624631736.83994317,0.50000000
1624631736.93994355,0.50000000
1624631737.04004669,0.50000000
1624631737.13995337,0.50000000
1624631737.23995638,0.50000000
1624631737.33993983,0.50000000
1624631737.43995047,0.50000000
1624631737.53994656,0.50000000
1624631737.63995886,0.50000000
1624631737.74003935,0.50000000
1624631737.83993459,0.50000000
1624631737.93995619,0.50000000
1624631738.03994513,0.50000000
1624631738.13994932,0.50000000
1624631738.23994064,0.50000000
1624631738.33993888,0.50000000
1624631738.43997216,0.50000000
1624631738.53994393,0.50000000
1624631738.63996458,0.50000000
1624631738.73996639,0.50000000
1624631738.83996630,0.50000000
1624631738.93997049,0.50000000
1624631739.03996682,0.50000000
1624631739.13997507,0.50000000
1624631739.23993373,0.50000000
1624631739.33993387,0.50000000
1624631739.43994141,0.50000000
1624631739.53994727,0.50000000
1624631739.63997293,0.50000000
1624631739.74003077,0.50000000
1624631739.84002805,0.50000000
1624631739.93996263,0.50000000
1624631740.03995967,0.50000000
1624631740.13985157,0.50000000
1624631740.23997164,0.50000000
1624631740.33998179,0.50000000
1624631740.43996716,0.50000000
1624631740.53997540,0.50000000
1624631740.63997626,0.50000000
1624631740.73998213,0.50000000
1624631740.83997893,0.50000000
1624631740.93995738,0.50000000
1624631741.03996110,0.50000000
1624631741.13993979,0.50000000
1624631741.23996210,0.50000000
1624631741.33994365,0.50000000
1624631741.43994021,0.50000000
1624631741.53999472,0.50000000
1624631741.63996077,0.50000000
1624631741.73994374,0.50000000
1624631741.83996034,0.50000000
1624631741.93996000,0.50000000
1624631742.03994536,0.50000000
1624631742.13995528,0.50000000
1624631742.24000239,0.50000000
1624631742.34000802,0.50000000
1624631742.43996811,0.50000000
1624631742.53994679,0.50000000
1624631742.63993979,0.50000000
1624631742.73994350,0.50000000
1624631742.84002042,0.50000000
1624631742.93994308,0.50000000
1624631743.03989410,0.50000000
1624631743.14004135,0.50000000
1624631743.23996949,0.50000000
1624631743.33996439,0.50000000
1624631743.43994212,0.50000000
1624631743.53993988,0.50000000
1624631743.63996220,0.50000000
1624631743.73999357,0.50000000
1624631743.84000421,0.50000000
1624631743.94001031,0.50000000
1624631744.03994966,0.50000000
1624631744.13995981,0.50000000
1624631744.23994231,0.50000000
1624631744.33993101,0.50000000
1624631744.43988466,0.50000000
1624631744.54001689,0.50000000
1624631744.64004135,0.50000000
1624631744.73995900,0.50000000
1624631744.83996415,0.50000000
1624631744.93994260,0.50000000
1624631745.03994513,0.50000000
1624631745.13994217,0.50000000
1624631745.23996449,0.50000000
1624631745.33996749,0.50000000
1624631745.43994379,0.50000000
1624631745.53994131,0.50000000
1624631745.63996124,0.50000000
1624631745.73995185,0.50000000
1624631745.83995843,0.50000000
1624631745.93994331,0.50000000
1624631746.03995991,0.50000000
1624631746.13994169,0.50000000
1624631746.23998022,0.50000000
1624631746.33996797,0.50000000
1624631746.43993688,0.50000000
1624631746.53996134,0.50000000
1624631746.63995647,0.50000000
1624631746.73993587,0.50000000
1624631746.83993745,0.50000000
1624631746.93994474,0.50000000
1624631747.03996539,0.50000000
1624631747.13996172,0.50000000
1624631747.23993945,0.50000000
1624631747.33993816,0.50000000
1624631747.43996978,0.50000000
1624631747.53989148,0.50000000
1624631747.63989043,0.50000000
1624631747.73995376,0.50000000
1624631747.83994651,0.50000000
1624631747.94001579,0.50000000
1624631748.03994584,0.50000000
1624631748.13997793,0.50000000
1624631748.23993635,0.50000000
1624631748.34000707,0.50000000
1624631748.43997025,0.50000000
1624631748.53994203,0.50000000
1624631748.63994169,0.50000000
1624631748.73995233,0.50000000
1624631748.83993959,0.50000000
1624631748.93995810,0.50000000
1624631749.03994322,0.50000000
1624631749.13996816,0.50000000
1624631749.24000287,0.50000000
1624631749.33995819,0.50000000
1624631749.43999410,0.50000000
1624631749.53997207,0.50000000
1624631749.63997650,0.50000000
1624631749.73998713,0.50000000
1624631749.84003401,0.50000000
1624631749.94004297,0.50000000
1624631750.04002810,0.50000000
1624631750.14005017,0.50000000
1624631750.24003553,0.50000000
1624631750.34003210,0.50000000
1624631750.44003367,0.50000000
1624631750.54003096,0.50000000
1624631750.64002323,0.50000000
1624631750.73995996,0.50000000
1624631750.83993912,0.50000000
1624631750.93994021,0.50000000
1624631751.03994441,0.50000000
1624631751.13997722,0.50000000
1624631751.23997426,0.50000000
1624631751.33995914,0.50000000
1624631751.43993688,0.50000000
1624631751.53995562,0.50000000
1624631751.63996863,0.50000000
1624631751.73993921,0.50000000
1624631751.83993769,0.50000000
1624631751.93996382,0.50000000
1624631752.03995538,0.50000000
1624631752.13995934,0.50000000
1624631752.23994446,0.50000000
1624631752.33994460,0.50000000
1624631752.43995619,0.50000000
1624631752.53996015,0.50000000
1624631752.63995361,0.50000000
1624631752.73995495,0.50000000
1624631752.83994460,0.50000000
1624631752.93995547,0.50000000
1624631753.04001570,0.50000000
1624631753.13993621,0.50000000
1624631753.23995805,0.50000000
1624631753.33993745,0.50000000
1624631753.43994570,0.50000000
1624631753.53995395,0.50000000
1624631753.63996649,0.50000000
1624631753.73995304,0.50000000
1624631753.84001899,0.50000000
1624631753.93993855,0.50000000
1624631754.04003835,0.50000000
1624631754.13994098,0.50000000
1624631754.23994589,0.50000000
1624631754.33994102,0.50000000
1624631754.43993926,0.50000000
1624631754.53996158,0.50000000
1624631754.63996744,0.50000000
1624631754.73995113,0.50000000
1624631754.83993840,0.50000000
1624631754.93994141,0.50000000
1624631755.03994942,0.50000000
1624631755.13995314,0.50000000
1624631755.23996305,0.50000000
1624631755.33996630,0.50000000
1624631755.43997431,0.50000000
1624631755.53997040,0.50000000
1624631755.63996673,0.50000000
1624631755.73996568,0.50000000
1624631755.83995938,0.50000000
1624631755.94001961,0.50000000
1624631756.03995872,0.50000000
1624631756.13994384,0.50000000
1624631756.23994231,0.50000000
1624631756.33994436,0.50000000
1624631756.43994689,0.50000000
1624631756.53994322,0.50000000
1624631756.63990784,0.50000000
1624631756.73995209,0.50000000
1624631756.83993554,0.50000000
1624631756.93993878,0.50000000
1624631757.04001021,0.50000000
1624631757.13995886,0.50000000
1624631757.23998666,0.50000000
1624631757.34001946,0.50000000
1624631757.43994260,0.50000000
1624631757.53995991,0.50000000
1624631757.63994074,0.50000000
1624631757.74006224,0.50000000
1624631757.83994150,0.50000000
1624631757.93994951,0.50000000
1624631758.03994131,0.50000000
1624631758.13994145,0.50000000
1624631758.23994708,0.50000000
1624631758.33996582,0.50000000
1624631758.43996191,0.50000000
1624631758.53997231,0.50000000
1624631758.63996816,0.50000000
1624631758.73997235,0.50000000
1624631758.83994770,0.50000000
1624631758.93995070,0.50000000
1624631759.03995109,0.50000000
1624631759.13996720,0.50000000
1624631759.23996115,0.50000000
1624631759.34000778,0.50000000
1624631759.43990588,0.50000000
1624631759.53993344,0.50000000
1624631759.63981485,0.50000000
1624631759.73994255,0.50000000
1624631759.83995199,0.50000000
1624631759.93994641,0.50000000
1624631760.03994942,0.50000000
1624631760.13994551,0.50000000
1624631760.23994064,0.50000000
1624631760.33993053,0.50000000
1624631760.43994641,0.50000000
1624631760.53993964,0.50000000
1624631760.63995743,0.50000000
1624631760.73994875,0.50000000
1624631760.83994794,0.50000000
1624631760.93993974,0.50000000
1624631761.03996944,0.50000000
1624631761.13994360,0.50000000
1624631761.24002266,0.50000000
1624631761.34004140,0.50000000
1624631761.43995094,0.50000000
1624631761.53993726,0.50000000
1624631761.63993907,0.50000000
1624631761.73997116,0.50000000
1624631761.83995843,0.50000000
1624631761.93998408,0.50000000
1624631762.03996468,0.50000000
1624631762.13993907,0.50000000
1624631762.23995566,0.50000000
1624631762.33996034,0.50000000
1624631762.43994617,0.50000000
1624631762.53996563,0.50000000
1624631762.63997245,0.50000000
1624631762.73995686,0.50000000
1624631762.83996463,0.50000000
1624631762.93995333,0.50000000
1624631763.03994703,0.50000000
1624631763.13995028,0.50000000
1624631763.23994780,0.50000000
1624631763.33996415,0.50000000
1624631763.43993926,0.50000000
1624631763.53996468,0.50000000
1624631763.63994193,0.50000000
1624631763.73997903,0.50000000
1624631763.83996701,0.50000000
1624631763.93998122,0.50000000
1624631764.03999472,0.50000000
1624631764.13994884,0.50000000
1624631764.23996258,0.50000000
1624631764.34003735,0.50000000
1624631764.43997884,0.50000000
1624631764.54008293,0.50000000
1624631764.63995409,0.50000000
1624631764.73993397,0.50000000
1624631764.83996415,0.50000000
1624631764.93994594,0.50000000
1624631765.03994632,0.50000000
1624631765.13995504,0.50000000
1624631765.23993802,0.50000000
1624631765.33994055,0.50000000
1624631765.43993950,0.50000000
1624631765.53994679,0.50000000
1624631765.63996673,0.50000000
1624631765.73995209,0.50000000
1624631765.83995938,0.50000000
1624631765.93994188,0.50000000
1624631766.03993845,0.50000000
1624631766.13994193,0.50000000
1624631766.23994350,0.50000000
1624631766.33996916,0.50000000
1624631766.43995428,0.50000000
1624631766.53994131,0.50000000
1624631766.63993835,0.50000000
1624631766.73993921,0.50000000
1624631766.83994985,0.50000000
1624631766.93993950,0.50000000
1624631767.04004097,0.50000000
1624631767.13996220,0.50000000
1624631767.23990536,0.50000000
1624631767.33994365,0.50000000
1624631767.43993878,0.50000000
1624631767.53994679,0.50000000
1624631767.63999677,0.50000000
1624631767.73994040,0.50000000
1624631767.83994102,0.50000000
1624631767.93994164,0.50000000
1624631768.03994656,0.50000000
1624631768.13994575,0.50000000
1624631768.23997021,0.50000000
1624631768.33996677,0.50000000
1624631768.43995667,0.50000000
1624631768.53999686,0.50000000
1624631768.63995624,0.50000000
1624631768.73994613,0.50000000
1624631768.83993673,0.50000000
1624631768.94000459,0.50000000
1624631769.03996801,0.50000000
1624631769.14002275,0.50000000
1624631769.24001932,0.50000000
1624631769.34004617,0.50000000
1624631769.43989396,0.50000000
1624631769.54003501,0.50000000
1624631769.63994408,0.50000000
1624631769.74001598,0.50000000
1624631769.83996964,0.50000000
1624631769.93992567,0.50000000
1624631770.03990602,0.50000000
1624631770.13996243,0.50000000
1624631770.24000549,0.50000000
1624631770.33996272,0.50000000
1624631770.43995476,0.50000000
1624631770.53995466,0.50000000
1624631770.63994789,0.50000000
1624631770.73994470,0.50000000
1624631770.83998585,0.50000000
1624631770.94004297,0.50000000
1624631771.03994679,0.50000000
1624631771.13994336,0.50000000
1624631771.23993993,0.50000000
1624631771.33995485,0.50000000
1624631771.43994093,0.50000000
1624631771.53998828,0.50000000
1624631771.63995266,0.50000000
1624631771.73994875,0.50000000
1624631771.83999610,0.50000000
1624631771.94000912,0.50000000
1624631772.03999591,0.50000000
1624631772.13997436,0.50000000
1624631772.24003792,0.50000000
1624631772.33994627,0.50000000
1624631772.43994522,0.50000000
1624631772.53999949,0.50000000
1624631772.64002323,0.50000000
1624631772.74000335,0.50000000
1624631772.84003162,0.50000000
1624631772.93993735,0.50000000
1624631773.04001379,0.50000000
1624631773.13995934,0.50000000
1624631773.23994279,0.50000000
1624631773.33994555,0.50000000
1624631773.44000268,0.50000000
1624631773.54000521,0.50000000
1624631773.63992620,0.50000000
1624631773.73999858,0.50000000
1624631773.84000206,0.50000000
1624631773.93993902,0.50000000
1624631774.03995442,0.50000000
1624631774.14002800,0.50000000
1624631774.23995829,0.50000000
1624631774.33993769,0.50000000
1624631774.43993330,0.50000000
1624631774.54002357,0.50000000
1624631774.63995337,0.50000000
1624631774.74000907,0.50000000
1624631774.83996511,0.50000000
1624631774.94000053,0.50000000
1624631775.03994823,0.50000000
1624631775.14002514,0.50000000
1624631775.24000120,0.50000000
1624631775.33994627,0.50000000
1624631775.43997121,0.50000000
1624631775.54000640,0.50000000
1624631775.64000249,0.50000000
1624631775.73994517,0.50000000
1624631775.84002280,0.50000000
1624631775.94002032,0.50000000
1624631776.03997588,0.50000000
1624631776.13999748,0.50000000
1624631776.23997188,0.50000000
1624631776.34001160,0.50000000
1624631776.43996143,0.50000000
1624631776.53993821,0.50000000
1624631776.63994479,0.50000000
1624631776.73996091,0.50000000
1624631776.84002399,0.50000000
1624631776.94004297,0.50000000
1624631777.03994298,0.50000000
1624631777.13994074,0.50000000
1624631777.23994946,0.50000000
1624631777.33994484,0.50000000
1624631777.43995953,0.50000000
1624631777.53999925,0.50000000
1624631777.63994384,0.50000000
1624631777.74001527,0.50000000
1624631777.83994532,0.50000000
1624631777.94000006,0.50000000
1624631778.04003286,0.50000000
1624631778.14000225,0.50000000
1624631778.24000454,0.50000000
1624631778.34000039,0.50000000
1624631778.43994260,0.50000000
1624631778.53999901,0.50000000
1624631778.63999987,0.50000000
1624631778.74000096,0.50000000
1624631778.84000254,0.50000000
1624631778.93994355,0.50000000
1624631779.03994560,0.50000000
1624631779.14000010,0.50000000
1624631779.24004650,0.50000000
1624631779.33996010,0.50000000
1624631779.43994331,0.50000000
1624631779.53994203,0.50000000
1624631779.63996911,0.50000000
1624631779.73994422,0.50000000
1624631779.83994007,0.50000000
1624631779.93995214,0.50000000
1624631780.03999090,0.50000000
1624631780.13995409,0.50000000
1624631780.23999119,0.50000000
1624631780.34002733,0.50000000
1624631780.43996358,0.50000000
1624631780.53995013,0.50000000
1624631780.63997388,0.50000000
1624631780.73997688,0.50000000
1624631780.83995700,0.50000000
1624631780.94001150,0.50000000
1624631781.03994989,0.50000000
1624631781.13985634,0.50000000
1624631781.23993897,0.50000000
1624631781.33994198,0.50000000
1624631781.43996572,0.50000000
1624631781.53994703,0.50000000
1624631781.63994145,0.50000000
1624631781.73995972,0.50000000
1624631781.83993506,0.50000000
1624631781.93995070,0.50000000
1624631782.03996396,0.50000000
1624631782.13999629,0.50000000
1624631782.23996758,0.50000000
1624631782.33995652,0.50000000
1624631782.44000506,0.50000000
1624631782.53993893,0.50000000
1624631782.63994217,0.50000000
1624631782.73995376,0.50000000
1624631782.83999038,0.50000000
1624631782.94001508,0.50000000
1624631783.03997755,0.50000000
1624631783.14002538,0.50000000
1624631783.23995018,0.50000000
1624631783.33994246,0.50000000
1624631783.43996787,0.50000000
1624631783.53999925,0.50000000
1624631783.63997149,0.50000000
1624631783.73997092,0.50000000
1624631783.83995581,0.50000000
1624631783.93995738,0.50000000
1624631784.03994203,0.50000000
1624631784.13999367,0.50000000
1624631784.23997688,0.50000000
1624631784.34000492,0.50000000
1624631784.43997860,0.50000000
1624631784.53996301,0.50000000
1624631784.63996172,0.50000000
1624631784.73995376,0.50000000
1624631784.84000993,0.50000000
1624631784.93999219,0.50000000
1624631785.03997040,0.50000000
1624631785.13999557,0.50000000
1624631785.23994184,0.50000000
1624631785.34000206,0.50000000
1624631785.44000268,0.50000000
1624631785.53995180,0.50000000
1624631785.63996220,0.50000000
1624631785.74000716,0.50000000
1624631785.83995700,0.50000000
1624631785.93996811,0.50000000
1624631786.03997111,0.50000000
1624631786.13995743,0.50000000
1624631786.23995829,0.50000000
1624631786.33996058,0.50000000
1624631786.43994117,0.50000000
1624631786.53994060,0.50000000
1624631786.64000988,0.50000000
1624631786.73978019,0.50000000
1624631786.83996224,0.50000000
1624631786.94010901,0.50000000
1624631787.04000545,0.50000000
1624631787.14001608,0.50000000
1624631787.23993516,0.50000000
1624631787.33997464,0.50000000
1624631787.43994188,0.50000000
1624631787.53993893,0.50000000
1624631787.63997507,0.50000000
1624631787.73994040,0.50000000
1624631787.83993769,0.50000000
1624631787.94003129,0.50000000
1624631788.03992128,0.50000000
1624631788.13992500,0.50000000
1624631788.23968410,0.50000000
1624631788.33986187,0.50000000
1624631788.43987322,0.50000000
1624631788.54002261,0.50000000
1624631788.63993716,0.50000000
1624631788.73991680,0.50000000
1624631788.83992672,0.50000000
1624631788.93998218,0.50000000
1624631789.03994608,0.50000000
1624631789.13996029,0.50000000
1624631789.24006867,0.50000000
1624631789.33996534,0.50000000
1624631789.43995571,0.50000000
1624631789.53973579,0.50000000
1624631789.64003587,0.50000000
1624631789.73995709,0.50000000
1624631789.83973002,0.50000000
1624631789.93994832,0.50000000
1624631790.04000521,0.50000000
1624631790.13998818,0.50000000
1624631790.23998427,0.50000000
1624631790.33996344,0.50000000
