Seconds,x,y,z,w
1624631691.45520377,0.00000000,0.00000000,0.00000000,0.00000000
1624631691.55520797,0.00000000,0.00000000,0.00000000,0.00000000
1624631691.65521145,0.00000000,0.00000000,0.00000000,0.00000000
1624631691.75521111,0.00000000,0.00000000,0.00000000,0.00000000
1624631691.85521722,0.00000000,0.00000000,0.00000000,0.00000000
1624631691.95523071,0.00000000,0.00000000,0.00000000,0.00000000
1624631692.05520916,0.00000000,0.00000000,0.00000000,0.00000000
1624631692.15517378,0.00000000,0.00000000,0.00000000,0.00000000
1624631692.25523043,0.00000000,0.00000000,0.00000000,0.00000000
1624631692.35516334,0.00000000,0.00000000,0.00000000,0.00000000
1624631692.45517612,0.00000000,0.00000000,0.00000000,0.00000000
1624631692.55520797,0.00000000,0.00000000,0.00000000,0.00000000
1624631692.65517521,0.00000000,0.00000000,0.00000000,0.00000000
1624631692.75519085,0.00000000,0.00000000,0.00000000,0.00000000
1624631692.85518718,0.00000000,0.00000000,0.00000000,0.00000000
1624631692.95516276,0.00000000,0.00000000,0.00000000,0.00000000
1624631693.05514526,0.00000000,0.00000000,0.00000000,0.00000000
1624631693.15517402,0.00000000,0.00000000,0.00000000,0.00000000
1624631693.25520706,0.00000000,0.00000000,0.00000000,0.00000000
1624631693.35521579,0.00000000,0.00000000,0.00000000,0.00000000
1624631693.45521164,0.00000000,0.00000000,0.00000000,0.00000000
1624631693.55521202,0.00000000,0.00000000,0.00000000,0.00000000
1624631693.65516615,0.00000000,0.00000000,0.00000000,0.00000000
1624631693.75521278,0.00000000,0.00000000,0.00000000,0.00000000
1624631693.85521054,0.00000000,0.00000000,0.00000000,0.00000000
1624631693.95521402,0.00000000,0.00000000,0.00000000,0.00000000
1624631694.05520678,0.00000000,0.00000000,0.00000000,0.00000000
1624631694.15516829,0.00000000,0.00000000,0.00000000,0.00000000
1624631694.25516725,0.00000000,0.00000000,0.00000000,0.00000000
1624631694.35522723,0.00000000,0.00000000,0.00000000,0.00000000
1624631694.45520782,0.00000000,0.00000000,0.00000000,0.00000000
1624631694.55521536,0.00000000,0.00000000,0.00000000,0.00000000
1624631694.65521288,0.00000000,0.00000000,0.00000000,0.00000000
1624631694.75521374,0.00000000,0.00000000,0.00000000,0.00000000
1624631694.85521340,0.00000000,0.00000000,0.00000000,0.00000000
1624631694.95521617,0.00000000,0.00000000,0.00000000,0.00000000
1624631695.05521584,0.00000000,0.00000000,0.00000000,0.00000000
1624631695.15517354,0.00000000,0.00000000,0.00000000,0.00000000
1624631695.25521517,0.00000000,0.00000000,0.00000000,0.00000000
1624631695.35521150,0.00000000,0.00000000,0.00000000,0.00000000
1624631695.45521498,0.00000000,0.00000000,0.00000000,0.00000000
1624631695.55521393,0.00000000,0.00000000,0.00000000,0.00000000
1624631695.65520883,0.00000000,0.00000000,0.00000000,0.00000000
1624631695.75521970,0.00000000,0.00000000,0.00000000,0.00000000
1624631695.85521984,0.00000000,0.00000000,0.00000000,0.00000000
1624631695.95522070,0.00000000,0.00000000,0.00000000,0.00000000
1624631696.05517864,0.00000000,0.00000000,0.00000000,0.00000000
1624631696.15520501,0.00000000,0.00000000,0.00000000,0.00000000
1624631696.25521326,0.00000000,0.00000000,0.00000000,0.00000000
1624631696.35521698,0.00000000,0.00000000,0.00000000,0.00000000
1624631696.45520473,0.00000000,0.00000000,0.00000000,0.00000000
1624631696.55516529,0.00000000,0.00000000,0.00000000,0.00000000
1624631696.65520620,100.00000000,0.00000000,0.00000000,0.00000000
1624631696.75521469,90.48000000,0.00000000,0.00000000,0.00000000
1624631696.85521126,81.87000000,0.00000000,0.00000000,0.00000000
1624631696.95521426,74.08000000,0.00000000,0.00000000,0.00000000
1624631697.05521131,67.03000000,0.00000000,0.00000000,0.00000000
1624631697.15517664,60.65000000,0.00000000,0.00000000,0.00000000
1624631697.25521278,54.88000000,0.00000000,0.00000000,0.00000000
1624631697.35521269,49.66000000,0.00000000,0.00000000,0.00000000
1624631697.45521665,44.93000000,0.00000000,0.00000000,0.00000000
1624631697.55521250,40.66000000,0.00000000,0.00000000,0.00000000
1624631697.65516853,36.79000000,0.00000000,0.00000000,0.00000000
1624631697.75516343,33.29000000,0.00000000,0.00000000,0.00000000
1624631697.85521817,30.12000000,0.00000000,0.00000000,0.00000000
1624631697.95521045,27.25000000,0.00000000,0.00000000,0.00000000
1624631698.05521226,24.66000000,0.00000000,0.00000000,0.00000000
1624631698.15544963,22.31000000,0.00000000,0.00000000,0.00000000
1624631698.25521708,20.19000000,0.00000000,0.00000000,0.00000000
1624631698.35521722,18.27000000,0.00000000,0.00000000,0.00000000
1624631698.45521212,16.53000000,0.00000000,0.00000000,0.00000000
1624631698.55521274,14.96000000,0.00000000,0.00000000,0.00000000
1624631698.65521431,13.53000000,0.00000000,0.00000000,0.00000000
1624631698.75521541,12.25000000,0.00000000,0.00000000,0.00000000
1624631698.85521388,11.08000000,0.00000000,0.00000000,0.00000000
1624631698.95521808,10.03000000,0.00000000,0.00000000,0.00000000
1624631699.05521178,9.07000000,0.00000000,0.00000000,0.00000000
1624631699.15520549,8.21000000,0.00000000,0.00000000,0.00000000
1624631699.25520802,7.43000000,0.00000000,0.00000000,0.00000000
1624631699.35520673,6.72000000,0.00000000,0.00000000,0.00000000
1624631699.45516491,6.08000000,0.00000000,0.00000000,0.00000000
1624631699.55520678,5.50000000,0.00000000,0.00000000,0.00000000
1624631699.65521240,4.98000000,0.00000000,0.00000000,0.00000000
1624631699.75520563,4.50000000,0.00000000,0.00000000,0.00000000
1624631699.85520530,4.08000000,0.00000000,0.00000000,0.00000000
1624631699.95521212,3.69000000,0.00000000,0.00000000,0.00000000
1624631700.05521870,3.34000000,0.00000000,0.00000000,0.00000000
1624631700.15520310,3.02000000,0.00000000,0.00000000,0.00000000
1624631700.25514340,2.73000000,0.00000000,0.00000000,0.00000000
1624631700.35518980,2.47000000,0.00000000,0.00000000,0.00000000
1624631700.45519209,2.24000000,0.00000000,0.00000000,0.00000000
1624631700.55519629,2.02000000,0.00000000,0.00000000,0.00000000
1624631700.65520692,1.83000000,0.00000000,0.00000000,0.00000000
1624631700.75521588,1.66000000,0.00000000,0.00000000,0.00000000
1624631700.85520768,1.50000000,0.00000000,0.00000000,0.00000000
1624631700.95521712,1.36000000,0.00000000,0.00000000,0.00000000
1624631701.05516768,1.23000000,0.00000000,0.00000000,0.00000000
1624631701.15520954,1.11000000,0.00000000,0.00000000,0.00000000
1624631701.25521016,1.01000000,0.00000000,0.00000000,0.00000000
1624631701.35521317,0.91000000,0.00000000,0.00000000,0.00000000
1624631701.45521832,0.82000000,0.00000000,0.00000000,0.00000000
1624631701.55521464,0.74000000,0.00000000,0.00000000,0.00000000
1624631701.65521264,0.67000000,0.00000000,0.00000000,0.00000000
1624631701.75517726,0.61000000,0.00000000,0.00000000,0.00000000
1624631701.85518026,0.55000000,0.00000000,0.00000000,0.00000000
1624631701.95521164,0.50000000,0.00000000,0.00000000,0.00000000
1624631702.05517077,0.45000000,0.00000000,0.00000000,0.00000000
1624631702.15521479,0.41000000,0.00000000,0.00000000,0.00000000
1624631702.25517821,0.37000000,0.00000000,0.00000000,0.00000000
1624631702.35522676,0.33000000,0.00000000,0.00000000,0.00000000
1624631702.45522332,0.30000000,0.00000000,0.00000000,0.00000000
1624631702.55521703,0.27000000,0.00000000,0.00000000,0.00000000
1624631702.65517211,0.25000000,0.00000000,0.00000000,0.00000000
1624631702.75521541,0.22000000,0.00000000,0.00000000,0.00000000
1624631702.85520649,0.20000000,0.00000000,0.00000000,0.00000000
1624631702.95518970,0.18000000,0.00000000,0.00000000,0.00000000
1624631703.05516481,0.17000000,0.00000000,0.00000000,0.00000000
1624631703.15521693,0.15000000,0.00000000,0.00000000,0.00000000
1624631703.25521779,0.14000000,0.00000000,0.00000000,0.00000000
1624631703.35521317,0.12000000,0.00000000,0.00000000,0.00000000
1624631703.45521975,0.11000000,0.00000000,0.00000000,0.00000000
1624631703.55521131,0.10000000,0.00000000,0.00000000,0.00000000
1624631703.65521312,0.09000000,0.00000000,0.00000000,0.00000000
1624631703.75521350,0.08000000,0.00000000,0.00000000,0.00000000
1624631703.85517836,0.07000000,0.00000000,0.00000000,0.00000000
1624631703.95521498,0.07000000,0.00000000,0.00000000,0.00000000
1624631704.05521345,0.06000000,0.00000000,0.00000000,0.00000000
1624631704.15517282,0.06000000,0.00000000,0.00000000,0.00000000
1624631704.25521350,0.00000000,0.00000000,0.00000000,0.00000000
1624631704.35517788,0.00000000,0.00000000,0.00000000,0.00000000
1624631704.45517802,0.00000000,0.00000000,0.00000000,0.00000000
1624631704.55517316,0.00000000,0.00000000,0.00000000,0.00000000
1624631704.65521359,0.00000000,0.00000000,0.00000000,0.00000000
1624631704.75521517,0.00000000,0.00000000,0.00000000,0.00000000
1624631704.85521722,0.00000000,0.00000000,0.00000000,0.00000000
1624631704.95522642,0.00000000,0.00000000,0.00000000,0.00000000
1624631705.05521679,0.00000000,0.00000000,0.00000000,0.00000000
1624631705.15517354,0.00000000,0.00000000,0.00000000,0.00000000
1624631705.25521445,0.00000000,0.00000000,0.00000000,0.00000000
1624631705.35516524,0.00000000,0.00000000,0.00000000,0.00000000
1624631705.45520568,0.00000000,0.00000000,0.00000000,0.00000000
1624631705.55517006,0.00000000,0.00000000,0.00000000,0.00000000
1624631705.65517879,0.00000000,0.00000000,0.00000000,0.00000000
1624631705.75520992,0.00000000,0.00000000,0.00000000,0.00000000
1624631705.85521340,0.00000000,0.00000000,0.00000000,0.00000000
1624631705.95520830,0.00000000,0.00000000,0.00000000,0.00000000
1624631706.05521584,0.00000000,0.00000000,0.00000000,0.00000000
1624631706.15518212,0.00000000,0.00000000,0.00000000,0.00000000
1624631706.25521421,0.00000000,0.00000000,0.00000000,0.00000000
1624631706.35520792,0.00000000,0.00000000,0.00000000,0.00000000
1624631706.45517182,0.00000000,0.00000000,0.00000000,0.00000000
1624631706.55521274,0.00000000,0.00000000,0.00000000,0.00000000
1624631706.65520620,0.00000000,0.00000000,0.00000000,0.00000000
1624631706.75521636,0.00000000,0.00000000,0.00000000,0.00000000
1624631706.85521483,0.00000000,0.00000000,0.00000000,0.00000000
1624631706.95521426,0.00000000,0.00000000,0.00000000,0.00000000
1624631707.05521655,0.00000000,0.00000000,0.00000000,0.00000000
1624631707.15517139,0.00000000,0.00000000,0.00000000,0.00000000
1624631707.25517821,0.00000000,0.00000000,0.00000000,0.00000000
1624631707.35521340,0.00000000,0.00000000,0.00000000,0.00000000
1624631707.45521855,0.00000000,0.00000000,0.00000000,0.00000000
1624631707.55516458,0.00000000,0.00000000,0.00000000,0.00000000
1624631707.65520740,0.00000000,0.00000000,0.00000000,0.00000000
1624631707.75521135,0.00000000,0.00000000,0.00000000,0.00000000
1624631707.85521173,0.00000000,0.00000000,0.00000000,0.00000000
1624631707.95521092,0.00000000,0.00000000,0.00000000,0.00000000
1624631708.05520701,0.00000000,0.00000000,0.00000000,0.00000000
1624631708.15520597,0.00000000,0.00000000,0.00000000,0.00000000
1624631708.25518250,0.00000000,0.00000000,0.00000000,0.00000000
1624631708.35517216,0.00000000,0.00000000,0.00000000,0.00000000
1624631708.45521140,0.00000000,0.00000000,0.00000000,0.00000000
1624631708.55521274,0.00000000,0.00000000,0.00000000,0.00000000
1624631708.65521288,0.00000000,0.00000000,0.00000000,0.00000000
1624631708.75520706,0.00000000,0.00000000,0.00000000,0.00000000
1624631708.85520649,0.00000000,0.00000000,0.00000000,0.00000000
1624631708.95517802,0.00000000,0.00000000,0.00000000,0.00000000
1624631709.05521178,0.00000000,0.00000000,0.00000000,0.00000000
1624631709.15520358,0.00000000,0.00000000,0.00000000,0.00000000
1624631709.25516772,0.00000000,0.00000000,0.00000000,0.00000000
1624631709.35521722,0.00000000,0.00000000,0.00000000,0.00000000
1624631709.45520711,0.00000000,0.00000000,0.00000000,0.00000000
1624631709.55520368,0.00000000,0.00000000,0.00000000,0.00000000
1624631709.65521193,0.00000000,0.00000000,0.00000000,0.00000000
1624631709.75521851,0.00000000,0.00000000,0.00000000,0.00000000
1624631709.85520697,0.00000000,0.00000000,0.00000000,0.00000000
1624631709.95521021,0.00000000,0.00000000,0.00000000,0.00000000
1624631710.05522060,0.00000000,0.00000000,0.00000000,0.00000000
1624631710.15521717,0.00000000,0.00000000,0.00000000,0.00000000
1624631710.25520968,0.00000000,0.00000000,0.00000000,0.00000000
1624631710.35520720,0.00000000,0.00000000,0.00000000,0.00000000
1624631710.45518112,0.00000000,0.00000000,0.00000000,0.00000000
1624631710.55518007,0.00000000,0.00000000,0.00000000,0.00000000
1624631710.65520716,0.00000000,0.00000000,0.00000000,0.00000000
1624631710.75520682,0.00000000,0.00000000,0.00000000,0.00000000
1624631710.85520506,0.00000000,0.00000000,0.00000000,0.00000000
1624631710.95520663,0.00000000,0.00000000,0.00000000,0.00000000
1624631711.05517006,0.00000000,0.00000000,0.00000000,0.00000000
1624631711.15524030,0.00000000,0.00000000,0.00000000,0.00000000
1624631711.25517488,0.00000000,0.00000000,0.00000000,0.00000000
1624631711.35516238,0.00000000,0.00000000,0.00000000,0.00000000
1624631711.45521474,0.00000000,0.00000000,0.00000000,0.00000000
1624631711.55517054,0.00000000,0.00000000,0.00000000,0.00000000
1624631711.65521932,0.00000000,0.00000000,0.00000000,0.00000000
1624631711.75520611,0.00000000,0.00000000,0.00000000,0.00000000
1624631711.85521197,0.00000000,0.00000000,0.00000000,0.00000000
1624631711.95517135,0.00000000,0.00000000,0.00000000,0.00000000
1624631712.05521464,0.00000000,0.00000000,0.00000000,0.00000000
1624631712.15517163,0.00000000,0.00000000,0.00000000,0.00000000
1624631712.25521564,0.00000000,0.00000000,0.00000000,0.00000000
1624631712.35521245,0.00000000,0.00000000,0.00000000,0.00000000
1624631712.45521188,0.00000000,0.00000000,0.00000000,0.00000000
1624631712.55521369,0.00000000,0.00000000,0.00000000,0.00000000
1624631712.65521264,0.00000000,0.00000000,0.00000000,0.00000000
1624631712.75516534,0.00000000,0.00000000,0.00000000,0.00000000
1624631712.85521317,0.00000000,0.00000000,0.00000000,0.00000000
1624631712.95520663,0.00000000,0.00000000,0.00000000,0.00000000
1624631713.05521727,0.00000000,0.00000000,0.00000000,0.00000000
1624631713.15517068,0.00000000,0.00000000,0.00000000,0.00000000
1624631713.25517130,0.00000000,0.00000000,0.00000000,0.00000000
1624631713.35517836,0.00000000,0.00000000,0.00000000,0.00000000
1624631713.45520926,0.00000000,0.00000000,0.00000000,0.00000000
1624631713.55520630,0.00000000,0.00000000,0.00000000,0.00000000
1624631713.65521336,0.00000000,0.00000000,0.00000000,0.00000000
1624631713.75520587,0.00000000,0.00000000,0.00000000,0.00000000
1624631713.85519457,0.00000000,0.00000000,0.00000000,0.00000000
1624631713.95521355,0.00000000,0.00000000,0.00000000,0.00000000
1624631714.05517840,0.00000000,0.00000000,0.00000000,0.00000000
1624631714.15518093,0.00000000,0.00000000,0.00000000,0.00000000
1624631714.25517035,0.00000000,0.00000000,0.00000000,0.00000000
1624631714.35519600,0.00000000,0.00000000,0.00000000,0.00000000
1624631714.45516801,0.00000000,0.00000000,0.00000000,0.00000000
1624631714.55521083,0.00000000,0.00000000,0.00000000,0.00000000
1624631714.65517569,0.00000000,0.00000000,0.00000000,0.00000000
1624631714.75516820,0.00000000,0.00000000,0.00000000,0.00000000
1624631714.85519075,0.00000000,0.00000000,0.00000000,0.00000000
1624631714.95522475,0.00000000,0.00000000,0.00000000,0.00000000
1624631715.05521107,0.00000000,0.00000000,0.00000000,0.00000000
1624631715.15522099,0.00000000,0.00000000,0.00000000,0.00000000
1624631715.25520515,0.00000000,0.00000000,0.00000000,0.00000000
1624631715.35521126,0.00000000,0.00000000,0.00000000,0.00000000
1624631715.45521951,0.00000000,0.00000000,0.00000000,0.00000000
1624631715.55521059,0.00000000,0.00000000,0.00000000,0.00000000
1624631715.65521073,0.00000000,0.00000000,0.00000000,0.00000000
1624631715.75521398,0.00000000,0.00000000,0.00000000,0.00000000
1624631715.85521340,0.00000000,0.00000000,0.00000000,0.00000000
1624631715.95521164,0.00000000,0.00000000,0.00000000,0.00000000
1624631716.05521870,0.00000000,0.00000000,0.00000000,0.00000000
1624631716.15519667,0.00000000,0.00000000,0.00000000,0.00000000
1624631716.25521755,0.00000000,0.00000000,0.00000000,0.00000000
1624631716.35518146,0.00000000,0.00000000,0.00000000,0.00000000
1624631716.45517182,0.00000000,0.00000000,0.00000000,0.00000000
1624631716.55521727,0.00000000,0.00000000,0.00000000,0.00000000
1624631716.65521812,0.00000000,0.00000000,0.00000000,0.00000000
1624631716.75516534,0.00000000,0.00000000,0.00000000,0.00000000
1624631716.85522032,0.00000000,0.00000000,0.00000000,0.00000000
1624631716.95517063,0.00000000,0.00000000,0.00000000,0.00000000
1624631717.05518365,0.00000000,0.00000000,0.00000000,0.00000000
1624631717.15517378,0.00000000,0.00000000,0.00000000,0.00000000
1624631717.25516629,0.00000000,0.00000000,0.00000000,0.00000000
1624631717.35521221,0.00000000,0.00000000,0.00000000,0.00000000
1624631717.45521665,0.00000000,0.00000000,0.00000000,0.00000000
1624631717.55522084,0.00000000,0.00000000,0.00000000,0.00000000
1624631717.65522623,0.00000000,0.00000000,0.00000000,0.00000000
1624631717.75518203,0.00000000,0.00000000,0.00000000,0.00000000
1624631717.85521245,0.00000000,0.00000000,0.00000000,0.00000000
1624631717.95516181,0.00000000,0.00000000,0.00000000,0.00000000
1624631718.05521321,0.00000000,0.00000000,0.00000000,0.00000000
1624631718.15516949,0.00000000,0.00000000,0.00000000,0.00000000
1624631718.25522447,0.00000000,0.00000000,0.00000000,0.00000000
1624631718.35521626,0.00000000,0.00000000,0.00000000,0.00000000
1624631718.45521355,0.00000000,0.00000000,0.00000000,0.00000000
1624631718.55521917,0.00000000,0.00000000,0.00000000,0.00000000
1624631718.65521836,0.00000000,0.00000000,0.00000000,0.00000000
1624631718.75521231,0.00000000,0.00000000,0.00000000,0.00000000
1624631718.85521269,0.00000000,0.00000000,0.00000000,0.00000000
1624631718.95521283,0.00000000,0.00000000,0.00000000,0.00000000
1624631719.05518246,0.00000000,0.00000000,0.00000000,0.00000000
1624631719.15521216,0.00000000,0.00000000,0.00000000,0.00000000
1624631719.25521398,0.00000000,0.00000000,0.00000000,0.00000000
1624631719.35521364,0.00000000,0.00000000,0.00000000,0.00000000
1624631719.45520663,0.00000000,0.00000000,0.00000000,0.00000000
1624631719.55520868,0.00000000,0.00000000,0.00000000,0.00000000
1624631719.65518427,0.00000000,0.00000000,0.00000000,0.00000000
1624631719.75516939,0.00000000,0.00000000,0.00000000,0.00000000
1624631719.85517621,0.00000000,0.00000000,0.00000000,0.00000000
1624631719.95516944,0.00000000,0.00000000,0.00000000,0.00000000
1624631720.05517459,0.00000000,0.00000000,0.00000000,0.00000000
1624631720.15520954,0.00000000,0.00000000,0.00000000,0.00000000
1624631720.25521231,0.00000000,0.00000000,0.00000000,0.00000000
1624631720.35522509,0.00000000,0.00000000,0.00000000,0.00000000
1624631720.45520782,0.00000000,0.00000000,0.00000000,0.00000000
1624631720.55520844,0.00000000,0.00000000,0.00000000,0.00000000
1624631720.65521359,0.00000000,0.00000000,0.00000000,0.00000000
1624631720.75521708,0.00000000,0.00000000,0.00000000,0.00000000
1624631720.85521603,0.00000000,0.00000000,0.00000000,0.00000000
1624631720.95520139,0.00000000,0.00000000,0.00000000,0.00000000
1624631721.05522251,0.00000000,0.00000000,0.00000000,0.00000000
1624631721.15520716,0.00000000,0.00000000,0.00000000,0.00000000
1624631721.25521421,0.00000000,0.00000000,0.00000000,0.00000000
1624631721.35517049,0.00000000,0.00000000,0.00000000,0.00000000
1624631721.45518208,0.00000000,0.00000000,0.00000000,0.00000000
1624631721.55517960,0.00000000,0.00000000,0.00000000,0.00000000
1624631721.65516973,0.00000000,0.00000000,0.00000000,0.00000000
1624631721.75519276,0.00000000,0.00000000,0.00000000,0.00000000
1624631721.85516548,0.00000000,0.00000000,0.00000000,0.00000000
1624631721.95521116,0.00000000,0.00000000,0.00000000,0.00000000
1624631722.05520725,0.00000000,0.00000000,0.00000000,0.00000000
1624631722.15516686,0.00000000,0.00000000,0.00000000,0.00000000
1624631722.25520849,0.00000000,0.00000000,0.00000000,0.00000000
1624631722.35520458,0.00000000,0.00000000,0.00000000,0.00000000
1624631722.45521379,0.00000000,0.00000000,0.00000000,0.00000000
1624631722.55521011,0.00000000,0.00000000,0.00000000,0.00000000
1624631722.65520978,0.00000000,0.00000000,0.00000000,0.00000000
1624631722.75516772,0.00000000,0.00000000,0.00000000,0.00000000
1624631722.85521173,0.00000000,0.00000000,0.00000000,0.00000000
1624631722.95521808,0.00000000,0.00000000,0.00000000,0.00000000
1624631723.05521512,0.00000000,0.00000000,0.00000000,0.00000000
1624631723.15517187,0.00000000,0.00000000,0.00000000,0.00000000
1624631723.25520492,0.00000000,0.00000000,0.00000000,0.00000000
1624631723.35521388,0.00000000,0.00000000,0.00000000,0.00000000
1624631723.45521355,0.00000000,0.00000000,0.00000000,0.00000000
1624631723.55521846,0.00000000,0.00000000,0.00000000,0.00000000
1624631723.65521598,0.00000000,0.00000000,0.00000000,0.00000000
1624631723.75520968,0.00000000,0.00000000,0.00000000,0.00000000
1624631723.85521173,0.00000000,0.00000000,0.00000000,0.00000000
1624631723.95521212,0.00000000,0.00000000,0.00000000,0.00000000
1624631724.05522442,0.00000000,0.00000000,0.00000000,0.00000000
1624631724.15516639,0.00000000,0.00000000,0.00000000,0.00000000
1624631724.25521970,0.00000000,0.00000000,0.00000000,0.00000000
1624631724.35521412,0.00000000,0.00000000,0.00000000,0.00000000
1624631724.45522881,0.00000000,0.00000000,0.00000000,0.00000000
1624631724.55521989,0.00000000,0.00000000,0.00000000,0.00000000
1624631724.65521669,0.00000000,0.00000000,0.00000000,0.00000000
1624631724.75521421,0.00000000,0.00000000,0.00000000,0.00000000
1624631724.85521984,0.00000000,0.00000000,0.00000000,0.00000000
1624631724.95518923,0.00000000,0.00000000,0.00000000,0.00000000
1624631725.05516267,0.00000000,0.00000000,0.00000000,0.00000000
1624631725.15517855,0.00000000,0.00000000,0.00000000,0.00000000
1624631725.25521708,0.00000000,0.00000000,0.00000000,0.00000000
1624631725.35516644,0.00000000,0.00000000,0.00000000,0.00000000
1624631725.45521164,0.00000000,0.00000000,0.00000000,0.00000000
1624631725.55521178,0.00000000,0.00000000,0.00000000,0.00000000
1624631725.65520811,0.00000000,0.00000000,0.00000000,0.00000000
1624631725.75522065,0.00000000,0.00000000,0.00000000,0.00000000
1624631725.85518122,0.00000000,0.00000000,0.00000000,0.00000000
1624631725.95517254,0.00000000,0.00000000,0.00000000,0.00000000
1624631726.05517697,0.00000000,0.00000000,0.00000000,0.00000000
1624631726.15517330,0.00000000,0.00000000,0.00000000,0.00000000
1624631726.25520515,0.00000000,0.00000000,0.00000000,0.00000000
1624631726.35521126,0.00000000,0.00000000,0.00000000,0.00000000
1624631726.45522213,0.00000000,0.00000000,0.00000000,0.00000000
1624631726.55517411,0.00000000,0.00000000,0.00000000,0.00000000
1624631726.65517879,0.00000000,0.00000000,0.00000000,0.00000000
1624631726.75521207,0.00000000,0.00000000,0.00000000,0.00000000
1624631726.85521078,0.00000000,0.00000000,0.00000000,0.00000000
1624631726.95521092,0.00000000,0.00000000,0.00000000,0.00000000
1624631727.05521369,0.00000000,0.00000000,0.00000000,0.00000000
1624631727.15520120,0.00000000,0.00000000,0.00000000,0.00000000
1624631727.25516510,0.00000000,0.00000000,0.00000000,0.00000000
1624631727.35518909,0.00000000,0.00000000,0.00000000,0.00000000
1624631727.45521116,0.00000000,0.00000000,0.00000000,0.00000000
1624631727.55518913,0.00000000,0.00000000,0.00000000,0.00000000
1624631727.65519285,0.00000000,0.00000000,0.00000000,0.00000000
1624631727.75521207,0.00000000,0.00000000,0.00000000,0.00000000
1624631727.85519743,0.00000000,0.00000000,0.00000000,0.00000000
1624631727.95516872,0.00000000,0.00000000,0.00000000,0.00000000
1624631728.05516505,0.00000000,0.00000000,0.00000000,0.00000000
1624631728.15517306,0.00000000,0.00000000,0.00000000,0.00000000
1624631728.25521135,0.00000000,0.00000000,0.00000000,0.00000000
1624631728.35519004,0.00000000,0.00000000,0.00000000,0.00000000
1624631728.45522022,0.00000000,0.00000000,0.00000000,0.00000000
1624631728.55518413,0.00000000,0.00000000,0.00000000,0.00000000
1624631728.65521240,0.00000000,0.00000000,0.00000000,0.00000000
1624631728.75519037,0.00000000,0.00000000,0.00000000,0.00000000
1624631728.85517287,0.00000000,0.00000000,0.00000000,0.00000000
1624631728.95519614,0.00000000,0.00000000,0.00000000,0.00000000
1624631729.05519128,0.00000000,0.00000000,0.00000000,0.00000000
1624631729.15519309,0.00000000,0.00000000,0.00000000,0.00000000
1624631729.25518751,0.00000000,0.00000000,0.00000000,0.00000000
1624631729.35519052,0.00000000,0.00000000,0.00000000,0.00000000
1624631729.45520353,0.00000000,0.00000000,0.00000000,0.00000000
1624631729.55521441,0.00000000,0.00000000,0.00000000,0.00000000
1624631729.65519524,0.00000000,0.00000000,0.00000000,0.00000000
1624631729.75521660,0.00000000,0.00000000,0.00000000,0.00000000
1624631729.85521197,0.00000000,0.00000000,0.00000000,0.00000000
1624631729.95521188,0.00000000,0.00000000,0.00000000,0.00000000
1624631730.05522513,0.00000000,0.00000000,0.00000000,0.00000000
1624631730.15521264,0.00000000,0.00000000,0.00000000,0.00000000
1624631730.25519323,0.00000000,0.00000000,0.00000000,0.00000000
1624631730.35521126,0.00000000,0.00000000,0.00000000,0.00000000
1624631730.45521045,0.00000000,0.00000000,0.00000000,0.00000000
1624631730.55521870,0.00000000,0.00000000,0.00000000,0.00000000
1624631730.65521240,0.00000000,0.00000000,0.00000000,0.00000000
1624631730.75521326,0.00000000,0.00000000,0.00000000,0.00000000
1624631730.85521269,0.00000000,0.00000000,0.00000000,0.00000000
1624631730.95522165,0.00000000,0.00000000,0.00000000,0.00000000
1624631731.05521536,0.00000000,0.00000000,0.00000000,0.00000000
1624631731.15520883,0.00000000,0.00000000,0.00000000,0.00000000
1624631731.25521612,0.00000000,0.00000000,0.00000000,0.00000000
1624631731.35521412,0.00000000,0.00000000,0.00000000,0.00000000
1624631731.45519423,0.00000000,0.00000000,0.00000000,0.00000000
1624631731.55519295,0.00000000,0.00000000,0.00000000,0.00000000
1624631731.65521860,0.00000000,0.00000000,0.00000000,0.00000000
1624631731.75521612,0.00000000,0.00000000,0.00000000,0.00000000
1624631731.85517144,0.00000000,0.00000000,0.00000000,0.00000000
1624631731.95516634,0.00000000,0.00000000,0.00000000,0.00000000
1624631732.05517483,0.00000000,0.00000000,0.00000000,0.00000000
1624631732.15519357,0.00000000,0.00000000,0.00000000,0.00000000
1624631732.25521898,0.00000000,0.00000000,0.00000000,0.00000000
1624631732.35522127,0.00000000,0.00000000,0.00000000,0.00000000
1624631732.45521355,0.00000000,0.00000000,0.00000000,0.00000000
1624631732.55521870,0.00000000,0.00000000,0.00000000,0.00000000
1624631732.65521288,0.00000000,0.00000000,0.00000000,0.00000000
1624631732.75521207,0.00000000,0.00000000,0.00000000,0.00000000
1624631732.85521269,0.00000000,0.00000000,0.00000000,0.00000000
1624631732.95520544,0.00000000,0.00000000,0.00000000,0.00000000
1624631733.05521464,0.00000000,0.00000000,0.00000000,0.00000000
1624631733.15521502,0.00000000,0.00000000,0.00000000,0.00000000
1624631733.25516605,0.00000000,0.00000000,0.00000000,0.00000000
1624631733.35521221,0.00000000,0.00000000,0.00000000,0.00000000
1624631733.45516634,0.00000000,0.00000000,0.00000000,0.00000000
1624631733.55521226,0.00000000,0.00000000,0.00000000,0.00000000
1624631733.65521431,0.00000000,0.00000000,0.00000000,0.00000000
1624631733.75522041,0.00000000,0.00000000,0.00000000,0.00000000
1624631733.85521197,0.00000000,0.00000000,0.00000000,0.00000000
1624631733.95521355,0.00000000,0.00000000,0.00000000,0.00000000
1624631734.05521393,0.00000000,0.00000000,0.00000000,0.00000000
1624631734.15516639,0.00000000,0.00000000,0.00000000,0.00000000
1624631734.25517106,0.00000000,0.00000000,0.00000000,0.00000000
1624631734.35521173,0.00000000,0.00000000,0.00000000,0.00000000
1624631734.45520377,0.00000000,0.00000000,0.00000000,0.00000000
1624631734.55523276,0.00000000,0.00000000,0.00000000,0.00000000
1624631734.65521455,0.00000000,0.00000000,0.00000000,0.00000000
1624631734.75521374,0.00000000,0.00000000,0.00000000,0.00000000
1624631734.85521650,0.00000000,0.00000000,0.00000000,0.00000000
1624631734.95521379,0.00000000,0.00000000,0.00000000,0.00000000
1624631735.05521750,0.00000000,0.00000000,0.00000000,0.00000000
1624631735.15516853,0.00000000,0.00000000,0.00000000,0.00000000
1624631735.25521278,0.00000000,0.00000000,0.00000000,0.00000000
1624631735.35520911,0.00000000,0.00000000,0.00000000,0.00000000
1624631735.45521116,0.00000000,0.00000000,0.00000000,0.00000000
1624631735.55521107,0.00000000,0.00000000,0.00000000,0.00000000
1624631735.65521479,0.00000000,0.00000000,0.00000000,0.00000000
1624631735.75517249,0.00000000,0.00000000,0.00000000,0.00000000
1624631735.85521698,0.00000000,0.00000000,0.00000000,0.00000000
1624631735.95521355,0.00000000,0.00000000,0.00000000,0.00000000
1624631736.05521321,0.00000000,0.00000000,0.00000000,0.00000000
1624631736.15521693,0.00000000,0.00000000,0.00000000,0.00000000
1624631736.25520873,0.00000000,0.00000000,0.00000000,0.00000000
1624631736.35521674,0.00000000,0.00000000,0.00000000,0.00000000
1624631736.45522237,0.00000000,0.00000000,0.00000000,0.00000000
1624631736.55520558,0.00000000,0.00000000,0.00000000,0.00000000
1624631736.65517712,0.00000000,0.00000000,0.00000000,0.00000000
1624631736.75516534,0.00000000,0.00000000,0.00000000,0.00000000
1624631736.85521340,0.00000000,0.00000000,0.00000000,0.00000000
1624631736.95521235,0.00000000,0.00000000,0.00000000,0.00000000
1624631737.05520988,0.00000000,0.00000000,0.00000000,0.00000000
1624631737.15522194,0.00000000,0.00000000,0.00000000,0.00000000
1624631737.25521636,0.00000000,0.00000000,0.00000000,0.00000000
1624631737.35521579,0.00000000,0.00000000,0.00000000,0.00000000
1624631737.45521331,0.00000000,0.00000000,0.00000000,0.00000000
1624631737.55521059,0.00000000,0.00000000,0.00000000,0.00000000
1624631737.65521264,0.00000000,0.00000000,0.00000000,0.00000000
1624631737.75521278,0.00000000,0.00000000,0.00000000,0.00000000
1624631737.85520458,0.00000000,0.00000000,0.00000000,0.00000000
1624631737.95520926,0.00000000,0.00000000,0.00000000,0.00000000
1624631738.05517721,0.00000000,0.00000000,0.00000000,0.00000000
1624631738.15521097,0.00000000,0.00000000,0.00000000,0.00000000
1624631738.25517106,0.00000000,0.00000000,0.00000000,0.00000000
1624631738.35517502,0.00000000,0.00000000,0.00000000,0.00000000
1624631738.45521379,0.00000000,0.00000000,0.00000000,0.00000000
1624631738.55521083,0.00000000,0.00000000,0.00000000,0.00000000
1624631738.65516877,0.00000000,0.00000000,0.00000000,0.00000000
1624631738.75521326,0.00000000,0.00000000,0.00000000,0.00000000
1624631738.85521483,0.00000000,0.00000000,0.00000000,0.00000000
1624631738.95521665,0.00000000,0.00000000,0.00000000,0.00000000
1624631739.05521107,0.00000000,0.00000000,0.00000000,0.00000000
1624631739.15518546,0.00000000,0.00000000,0.00000000,0.00000000
1624631739.25516367,0.00000000,0.00000000,0.00000000,0.00000000
1624631739.35518909,0.00000000,0.00000000,0.00000000,0.00000000
1624631739.45515418,0.00000000,0.00000000,0.00000000,0.00000000
1624631739.55520868,0.00000000,0.00000000,0.00000000,0.00000000
1624631739.65521121,0.00000000,0.00000000,0.00000000,0.00000000
1624631739.75519276,0.00000000,0.00000000,0.00000000,0.00000000
1624631739.85520339,0.00000000,0.00000000,0.00000000,0.00000000
1624631739.95521331,0.00000000,0.00000000,0.00000000,0.00000000
1624631740.05521083,0.00000000,0.00000000,0.00000000,0.00000000
1624631740.15522075,0.00000000,0.00000000,0.00000000,0.00000000
1624631740.25521660,0.00000000,0.00000000,0.00000000,0.00000000
1624631740.35522413,0.00000000,0.00000000,0.00000000,0.00000000
1624631740.45516586,0.00000000,0.00000000,0.00000000,0.00000000
1624631740.55521584,0.00000000,0.00000000,0.00000000,0.00000000
1624631740.65516639,0.00000000,0.00000000,0.00000000,0.00000000
1624631740.75521111,0.00000000,0.00000000,0.00000000,0.00000000
1624631740.85521102,0.00000000,0.00000000,0.00000000,0.00000000
1624631740.95517254,0.00000000,0.00000000,0.00000000,0.00000000
1624631741.05517030,0.00000000,0.00000000,0.00000000,0.00000000
1624631741.15517354,0.00000000,0.00000000,0.00000000,0.00000000
1624631741.25521421,0.00000000,0.00000000,0.00000000,0.00000000
1624631741.35517883,0.00000000,0.00000000,0.00000000,0.00000000
1624631741.45521212,0.00000000,0.00000000,0.00000000,0.00000000
1624631741.55521798,0.00000000,0.00000000,0.00000000,0.00000000
1624631741.65521049,0.00000000,0.00000000,0.00000000,0.00000000
1624631741.75519514,0.00000000,0.00000000,0.00000000,0.00000000
1624631741.85521150,0.00000000,0.00000000,0.00000000,0.00000000
1624631741.95520735,0.00000000,0.00000000,0.00000000,0.00000000
1624631742.05521107,0.00000000,0.00000000,0.00000000,0.00000000
1624631742.15520740,0.00000000,0.00000000,0.00000000,0.00000000
1624631742.25521374,0.00000000,0.00000000,0.00000000,0.00000000
1624631742.35521460,0.00000000,0.00000000,0.00000000,0.00000000
1624631742.45521069,0.00000000,0.00000000,0.00000000,0.00000000
1624631742.55520964,0.00000000,0.00000000,0.00000000,0.00000000
1624631742.65521765,0.00000000,0.00000000,0.00000000,0.00000000
1624631742.75516605,0.00000000,0.00000000,0.00000000,0.00000000
1624631742.85521030,0.00000000,0.00000000,0.00000000,0.00000000
1624631742.95521021,0.00000000,0.00000000,0.00000000,0.00000000
1624631743.05519700,0.00000000,0.00000000,0.00000000,0.00000000
1624631743.15521693,0.00000000,0.00000000,0.00000000,0.00000000
1624631743.25519896,0.00000000,0.00000000,0.00000000,0.00000000
1624631743.35518885,0.00000000,0.00000000,0.00000000,0.00000000
1624631743.45519209,0.00000000,0.00000000,0.00000000,0.00000000
1624631743.55520988,0.00000000,0.00000000,0.00000000,0.00000000
1624631743.65521121,0.00000000,0.00000000,0.00000000,0.00000000
1624631743.75517964,0.00000000,0.00000000,0.00000000,0.00000000
1624631743.85518217,0.00000000,0.00000000,0.00000000,0.00000000
1624631743.95516944,0.00000000,0.00000000,0.00000000,0.00000000
1624631744.05516958,0.00000000,0.00000000,0.00000000,0.00000000
1624631744.15517402,0.00000000,0.00000000,0.00000000,0.00000000
1624631744.25516725,0.00000000,0.00000000,0.00000000,0.00000000
1624631744.35517097,0.00000000,0.00000000,0.00000000,0.00000000
1624631744.45513320,0.00000000,0.00000000,0.00000000,0.00000000
1624631744.55521512,0.00000000,0.00000000,0.00000000,0.00000000
1624631744.65519428,0.00000000,0.00000000,0.00000000,0.00000000
1624631744.75519800,0.00000000,0.00000000,0.00000000,0.00000000
1624631744.85516524,0.00000000,0.00000000,0.00000000,0.00000000
1624631744.95519090,0.00000000,0.00000000,0.00000000,0.00000000
1624631745.05519009,0.00000000,0.00000000,0.00000000,0.00000000
1624631745.15517449,0.00000000,0.00000000,0.00000000,0.00000000
1624631745.25521135,0.00000000,0.00000000,0.00000000,0.00000000
1624631745.35521531,0.00000000,0.00000000,0.00000000,0.00000000
1624631745.45521307,0.00000000,0.00000000,0.00000000,0.00000000
1624631745.55520558,0.00000000,0.00000000,0.00000000,0.00000000
1624631745.65516806,0.00000000,0.00000000,0.00000000,0.00000000
1624631745.75516224,0.00000000,0.00000000,0.00000000,0.00000000
1624631745.85522175,0.00000000,0.00000000,0.00000000,0.00000000
1624631745.95521164,0.00000000,0.00000000,0.00000000,0.00000000
1624631746.05521369,0.00000000,0.00000000,0.00000000,0.00000000
1624631746.15516567,0.00000000,0.00000000,0.00000000,0.00000000
1624631746.25521946,0.00000000,0.00000000,0.00000000,0.00000000
1624631746.35517168,0.00000000,0.00000000,0.00000000,0.00000000
1624631746.45521283,0.00000000,0.00000000,0.00000000,0.00000000
1624631746.55520487,0.00000000,0.00000000,0.00000000,0.00000000
1624631746.65520597,0.00000000,0.00000000,0.00000000,0.00000000
1624631746.75517726,0.00000000,0.00000000,0.00000000,0.00000000
1624631746.85521340,0.00000000,0.00000000,0.00000000,0.00000000
1624631746.95521045,0.00000000,0.00000000,0.00000000,0.00000000
1624631747.05517888,0.00000000,0.00000000,0.00000000,0.00000000
1624631747.15521312,0.00000000,0.00000000,0.00000000,0.00000000
1624631747.25522041,0.00000000,0.00000000,0.00000000,0.00000000
1624631747.35521317,0.00000000,0.00000000,0.00000000,0.00000000
1624631747.45517325,0.00000000,0.00000000,0.00000000,0.00000000
1624631747.55521655,0.00000000,0.00000000,0.00000000,0.00000000
1624631747.65521622,0.00000000,0.00000000,0.00000000,0.00000000
1624631747.75521040,0.00000000,0.00000000,0.00000000,0.00000000
1624631747.85521197,0.00000000,0.00000000,0.00000000,0.00000000
1624631747.95522141,0.00000000,0.00000000,0.00000000,0.00000000
1624631748.05521083,0.00000000,0.00000000,0.00000000,0.00000000
1624631748.15517497,0.00000000,0.00000000,0.00000000,0.00000000
1624631748.25521302,0.00000000,0.00000000,0.00000000,0.00000000
1624631748.35521364,0.00000000,0.00000000,0.00000000,0.00000000
1624631748.45521855,0.00000000,0.00000000,0.00000000,0.00000000
1624631748.55521178,0.00000000,0.00000000,0.00000000,0.00000000
1624631748.65521049,0.00000000,0.00000000,0.00000000,0.00000000
1624631748.75521302,0.00000000,0.00000000,0.00000000,0.00000000
1624631748.85521817,0.00000000,0.00000000,0.00000000,0.00000000
1624631748.95522165,0.00000000,0.00000000,0.00000000,0.00000000
1624631749.05522156,0.00000000,0.00000000,0.00000000,0.00000000
1624631749.15516734,0.00000000,0.00000000,0.00000000,0.00000000
1624631749.25520778,0.00000000,0.00000000,0.00000000,0.00000000
1624631749.35521126,0.00000000,0.00000000,0.00000000,0.00000000
1624631749.45518303,0.00000000,0.00000000,0.00000000,0.00000000
1624631749.55520868,0.00000000,0.00000000,0.00000000,0.00000000
1624631749.65521908,0.00000000,0.00000000,0.00000000,0.00000000
1624631749.75521231,0.00000000,0.00000000,0.00000000,0.00000000
1624631749.85521126,0.00000000,0.00000000,0.00000000,0.00000000
1624631749.95521212,0.00000000,0.00000000,0.00000000,0.00000000
1624631750.05521488,0.00000000,0.00000000,0.00000000,0.00000000
1624631750.15517259,0.00000000,0.00000000,0.00000000,0.00000000
1624631750.25521183,0.00000000,0.00000000,0.00000000,0.00000000
1624631750.35521245,0.00000000,0.00000000,0.00000000,0.00000000
1624631750.45520377,0.00000000,0.00000000,0.00000000,0.00000000
1624631750.55521035,0.00000000,0.00000000,0.00000000,0.00000000
1624631750.65521669,0.00000000,0.00000000,0.00000000,0.00000000
1624631750.75521350,0.00000000,0.00000000,0.00000000,0.00000000
1624631750.85520625,0.00000000,0.00000000,0.00000000,0.00000000
1624631750.95521355,0.00000000,0.00000000,0.00000000,0.00000000
1624631751.05519676,0.00000000,0.00000000,0.00000000,0.00000000
1624631751.15521288,0.00000000,0.00000000,0.00000000,0.00000000
1624631751.25521874,0.00000000,0.00000000,0.00000000,0.00000000
1624631751.35521626,0.00000000,0.00000000,0.00000000,0.00000000
1624631751.45522046,0.00000000,0.00000000,0.00000000,0.00000000
1624631751.55516505,0.00000000,0.00000000,0.00000000,0.00000000
1624631751.65521407,0.00000000,0.00000000,0.00000000,0.00000000
1624631751.75521374,0.00000000,0.00000000,0.00000000,0.00000000
1624631751.85521841,0.00000000,0.00000000,0.00000000,0.00000000
1624631751.95522738,0.00000000,0.00000000,0.00000000,0.00000000
1624631752.05521035,0.00000000,0.00000000,0.00000000,0.00000000
1624631752.15519691,0.00000000,0.00000000,0.00000000,0.00000000
1624631752.25516558,0.00000000,0.00000000,0.00000000,0.00000000
1624631752.35516667,0.00000000,0.00000000,0.00000000,0.00000000
1624631752.45516610,0.00000000,0.00000000,0.00000000,0.00000000
1624631752.55517173,0.00000000,0.00000000,0.00000000,0.00000000
1624631752.65517879,0.00000000,0.00000000,0.00000000,0.00000000
1624631752.75521064,0.00000000,0.00000000,0.00000000,0.00000000
1624631752.85521555,0.00000000,0.00000000,0.00000000,0.00000000
1624631752.95521188,0.00000000,0.00000000,0.00000000,0.00000000
1624631753.05521774,0.00000000,0.00000000,0.00000000,0.00000000
1624631753.15517402,0.00000000,0.00000000,0.00000000,0.00000000
1624631753.25516868,0.00000000,0.00000000,0.00000000,0.00000000
1624631753.35517788,0.00000000,0.00000000,0.00000000,0.00000000
1624631753.45521545,0.00000000,0.00000000,0.00000000,0.00000000
1624631753.55521488,0.00000000,0.00000000,0.00000000,0.00000000
1624631753.65521717,0.00000000,0.00000000,0.00000000,0.00000000
1624631753.75520992,0.00000000,0.00000000,0.00000000,0.00000000
1624631753.85520935,0.00000000,0.00000000,0.00000000,0.00000000
1624631753.95520759,0.00000000,0.00000000,0.00000000,0.00000000
1624631754.05522895,0.00000000,0.00000000,0.00000000,0.00000000
1624631754.15522170,0.00000000,0.00000000,0.00000000,0.00000000
1624631754.25520539,0.00000000,0.00000000,0.00000000,0.00000000
1624631754.35521364,0.00000000,0.00000000,0.00000000,0.00000000
1624631754.45521045,0.00000000,0.00000000,0.00000000,0.00000000
1624631754.55521321,0.00000000,0.00000000,0.00000000,0.00000000
1624631754.65521216,0.00000000,0.00000000,0.00000000,0.00000000
1624631754.75516725,0.00000000,0.00000000,0.00000000,0.00000000
1624631754.85517097,0.00000000,0.00000000,0.00000000,0.00000000
1624631754.95516396,0.00000000,0.00000000,0.00000000,0.00000000
1624631755.05522060,0.00000000,0.00000000,0.00000000,0.00000000
1624631755.15521240,0.00000000,0.00000000,0.00000000,0.00000000
1624631755.25517440,0.00000000,0.00000000,0.00000000,0.00000000
1624631755.35517168,0.00000000,0.00000000,0.00000000,0.00000000
1624631755.45521235,0.00000000,0.00000000,0.00000000,0.00000000
1624631755.55516911,0.00000000,0.00000000,0.00000000,0.00000000
1624631755.65521145,0.00000000,0.00000000,0.00000000,0.00000000
1624631755.75521374,0.00000000,0.00000000,0.00000000,0.00000000
1624631755.85521102,0.00000000,0.00000000,0.00000000,0.00000000
1624631755.95520616,0.00000000,0.00000000,0.00000000,0.00000000
1624631756.05522394,0.00000000,0.00000000,0.00000000,0.00000000
1624631756.15521550,0.00000000,0.00000000,0.00000000,0.00000000
1624631756.25520349,0.00000000,0.00000000,0.00000000,0.00000000
1624631756.35521507,0.00000000,0.00000000,0.00000000,0.00000000
1624631756.45517516,0.00000000,0.00000000,0.00000000,0.00000000
1624631756.55521870,0.00000000,0.00000000,0.00000000,0.00000000
1624631756.65520597,0.00000000,0.00000000,0.00000000,0.00000000
1624631756.75516486,0.00000000,0.00000000,0.00000000,0.00000000
1624631756.85517216,0.00000000,0.00000000,0.00000000,0.00000000
1624631756.95517278,0.00000000,0.00000000,0.00000000,0.00000000
1624631757.05520606,0.00000000,0.00000000,0.00000000,0.00000000
1624631757.15521598,0.00000000,0.00000000,0.00000000,0.00000000
1624631757.25516653,0.00000000,0.00000000,0.00000000,0.00000000
1624631757.35521388,0.00000000,0.00000000,0.00000000,0.00000000
1624631757.45521331,0.00000000,0.00000000,0.00000000,0.00000000
1624631757.55522108,0.00000000,0.00000000,0.00000000,0.00000000
1624631757.65522075,0.00000000,0.00000000,0.00000000,0.00000000
1624631757.75518513,0.00000000,0.00000000,0.00000000,0.00000000
1624631757.85520554,0.00000000,0.00000000,0.00000000,0.00000000
1624631757.95521545,0.00000000,0.00000000,0.00000000,0.00000000
1624631758.05521154,0.00000000,0.00000000,0.00000000,0.00000000
1624631758.15516925,0.00000000,0.00000000,0.00000000,0.00000000
1624631758.25521374,0.00000000,0.00000000,0.00000000,0.00000000
1624631758.35516715,0.00000000,0.00000000,0.00000000,0.00000000
1624631758.45521259,0.00000000,0.00000000,0.00000000,0.00000000
1624631758.55521894,0.00000000,0.00000000,0.00000000,0.00000000
1624631758.65521693,0.00000000,0.00000000,0.00000000,0.00000000
1624631758.75521970,0.00000000,0.00000000,0.00000000,0.00000000
1624631758.85517240,0.00000000,0.00000000,0.00000000,0.00000000
1624631758.95517755,0.00000000,0.00000000,0.00000000,0.00000000
1624631759.05520701,0.00000000,0.00000000,0.00000000,0.00000000
1624631759.15517783,0.00000000,0.00000000,0.00000000,0.00000000
1624631759.25520849,0.00000000,0.00000000,0.00000000,0.00000000
1624631759.35517144,0.00000000,0.00000000,0.00000000,0.00000000
1624631759.45518804,0.00000000,0.00000000,0.00000000,0.00000000
1624631759.55520988,0.00000000,0.00000000,0.00000000,0.00000000
1624631759.65518951,0.00000000,0.00000000,0.00000000,0.00000000
1624631759.75516415,0.00000000,0.00000000,0.00000000,0.00000000
1624631759.85522437,0.00000000,0.00000000,0.00000000,0.00000000
1624631759.95521259,0.00000000,0.00000000,0.00000000,0.00000000
1624631760.05521512,0.00000000,0.00000000,0.00000000,0.00000000
1624631760.15521288,0.00000000,0.00000000,0.00000000,0.00000000
1624631760.25521636,0.00000000,0.00000000,0.00000000,0.00000000
1624631760.35520744,0.00000000,0.00000000,0.00000000,0.00000000
1624631760.45521474,0.00000000,0.00000000,0.00000000,0.00000000
1624631760.55521584,0.00000000,0.00000000,0.00000000,0.00000000
1624631760.65522075,0.00000000,0.00000000,0.00000000,0.00000000
1624631760.75523424,0.00000000,0.00000000,0.00000000,0.00000000
1624631760.85521126,0.00000000,0.00000000,0.00000000,0.00000000
1624631760.95521951,0.00000000,0.00000000,0.00000000,0.00000000
1624631761.05522251,0.00000000,0.00000000,0.00000000,0.00000000
1624631761.15521169,0.00000000,0.00000000,0.00000000,0.00000000
1624631761.25518417,0.00000000,0.00000000,0.00000000,0.00000000
1624631761.35517311,0.00000000,0.00000000,0.00000000,0.00000000
1624631761.45521426,0.00000000,0.00000000,0.00000000,0.00000000
1624631761.55521441,0.00000000,0.00000000,0.00000000,0.00000000
1624631761.65521431,0.00000000,0.00000000,0.00000000,0.00000000
1624631761.75521755,0.00000000,0.00000000,0.00000000,0.00000000
1624631761.85521674,0.00000000,0.00000000,0.00000000,0.00000000
1624631761.95521164,0.00000000,0.00000000,0.00000000,0.00000000
1624631762.05521178,0.00000000,0.00000000,0.00000000,0.00000000
1624631762.15521526,0.00000000,0.00000000,0.00000000,0.00000000
1624631762.25518012,0.00000000,0.00000000,0.00000000,0.00000000
1624631762.35517478,0.00000000,0.00000000,0.00000000,0.00000000
1624631762.45517659,0.00000000,0.00000000,0.00000000,0.00000000
1624631762.55517173,0.00000000,0.00000000,0.00000000,0.00000000
1624631762.65517807,0.00000000,0.00000000,0.00000000,0.00000000
1624631762.75521111,0.00000000,0.00000000,0.00000000,0.00000000
1624631762.85521150,0.00000000,0.00000000,0.00000000,0.00000000
1624631762.95516968,0.00000000,0.00000000,0.00000000,0.00000000
1624631763.05520964,0.00000000,0.00000000,0.00000000,0.00000000
1624631763.15521312,0.00000000,0.00000000,0.00000000,0.00000000
1624631763.25521326,0.00000000,0.00000000,0.00000000,0.00000000
1624631763.35516381,0.00000000,0.00000000,0.00000000,0.00000000
1624631763.45521235,0.00000000,0.00000000,0.00000000,0.00000000
1624631763.55521083,0.00000000,0.00000000,0.00000000,0.00000000
1624631763.65516996,0.00000000,0.00000000,0.00000000,0.00000000
1624631763.75521111,0.00000000,0.00000000,0.00000000,0.00000000
1624631763.85521936,0.00000000,0.00000000,0.00000000,0.00000000
1624631763.95521092,0.00000000,0.00000000,0.00000000,0.00000000
1624631764.05520511,0.00000000,0.00000000,0.00000000,0.00000000
1624631764.15521240,0.00000000,0.00000000,0.00000000,0.00000000
1624631764.25521135,0.00000000,0.00000000,0.00000000,0.00000000
1624631764.35520840,0.00000000,0.00000000,0.00000000,0.00000000
1624631764.45521617,0.00000000,0.00000000,0.00000000,0.00000000
1624631764.55520678,0.00000000,0.00000000,0.00000000,0.00000000
1624631764.65521097,0.00000000,0.00000000,0.00000000,0.00000000
1624631764.75517750,0.00000000,0.00000000,0.00000000,0.00000000
1624631764.85522008,0.00000000,0.00000000,0.00000000,0.00000000
1624631764.95521116,0.00000000,0.00000000,0.00000000,0.00000000
1624631765.05516577,0.00000000,0.00000000,0.00000000,0.00000000
1624631765.15521431,0.00000000,0.00000000,0.00000000,0.00000000
1624631765.25521803,0.00000000,0.00000000,0.00000000,0.00000000
1624631765.35521269,0.00000000,0.00000000,0.00000000,0.00000000
1624631765.45521283,0.00000000,0.00000000,0.00000000,0.00000000
1624631765.55520582,0.00000000,0.00000000,0.00000000,0.00000000
1624631765.65522122,0.00000000,0.00000000,0.00000000,0.00000000
1624631765.75521803,0.00000000,0.00000000,0.00000000,0.00000000
1624631765.85517120,0.00000000,0.00000000,0.00000000,0.00000000
1624631765.95517135,0.00000000,0.00000000,0.00000000,0.00000000
1624631766.05521488,0.00000000,0.00000000,0.00000000,0.00000000
1624631766.15517521,0.00000000,0.00000000,0.00000000,0.00000000
1624631766.25521255,0.00000000,0.00000000,0.00000000,0.00000000
1624631766.35521340,0.00000000,0.00000000,0.00000000,0.00000000
1624631766.45521307,0.00000000,0.00000000,0.00000000,0.00000000
1624631766.55521441,0.00000000,0.00000000,0.00000000,0.00000000
1624631766.65521264,0.00000000,0.00000000,0.00000000,0.00000000
1624631766.75521016,0.00000000,0.00000000,0.00000000,0.00000000
1624631766.85521626,0.00000000,0.00000000,0.00000000,0.00000000
1624631766.95521498,0.00000000,0.00000000,0.00000000,0.00000000
1624631767.05521441,0.00000000,0.00000000,0.00000000,0.00000000
1624631767.15521336,0.00000000,0.00000000,0.00000000,0.00000000
1624631767.25521207,0.00000000,0.00000000,0.00000000,0.00000000
1624631767.35521317,0.00000000,0.00000000,0.00000000,0.00000000
1624631767.45521808,0.00000000,0.00000000,0.00000000,0.00000000
1624631767.55520582,0.00000000,0.00000000,0.00000000,0.00000000
1624631767.65520668,0.00000000,0.00000000,0.00000000,0.00000000
1624631767.75521350,0.00000000,0.00000000,0.00000000,0.00000000
1624631767.85521197,0.00000000,0.00000000,0.00000000,0.00000000
1624631767.95521212,0.00000000,0.00000000,0.00000000,0.00000000
1624631768.05521417,0.00000000,0.00000000,0.00000000,0.00000000
1624631768.15521193,0.00000000,0.00000000,0.00000000,0.00000000
1624631768.25521421,0.00000000,0.00000000,0.00000000,0.00000000
1624631768.35521173,0.00000000,0.00000000,0.00000000,0.00000000
1624631768.45521402,0.00000000,0.00000000,0.00000000,0.00000000
1624631768.55521488,0.00000000,0.00000000,0.00000000,0.00000000
1624631768.65521169,0.00000000,0.00000000,0.00000000,0.00000000
1624631768.75517964,0.00000000,0.00000000,0.00000000,0.00000000
1624631768.85517693,0.00000000,0.00000000,0.00000000,0.00000000
1624631768.95521379,0.00000000,0.00000000,0.00000000,0.00000000
1624631769.05522752,0.00000000,0.00000000,0.00000000,0.00000000
1624631769.15521502,0.00000000,0.00000000,0.00000000,0.00000000
1624631769.25516653,0.00000000,0.00000000,0.00000000,0.00000000
1624631769.35521603,0.00000000,0.00000000,0.00000000,0.00000000
1624631769.45520616,0.00000000,0.00000000,0.00000000,0.00000000
1624631769.55521131,0.00000000,0.00000000,0.00000000,0.00000000
1624631769.65517807,0.00000000,0.00000000,0.00000000,0.00000000
1624631769.75521541,0.00000000,0.00000000,0.00000000,0.00000000
1624631769.85521126,0.00000000,0.00000000,0.00000000,0.00000000
1624631769.95516467,0.00000000,0.00000000,0.00000000,0.00000000
1624631770.05522037,0.00000000,0.00000000,0.00000000,0.00000000
1624631770.15517449,0.00000000,0.00000000,0.00000000,0.00000000
1624631770.25521469,0.00000000,0.00000000,0.00000000,0.00000000
1624631770.35521269,0.00000000,0.00000000,0.00000000,0.00000000
1624631770.45521617,0.00000000,0.00000000,0.00000000,0.00000000
1624631770.55522060,0.00000000,0.00000000,0.00000000,0.00000000
1624631770.65521097,0.00000000,0.00000000,0.00000000,0.00000000
1624631770.75518084,0.00000000,0.00000000,0.00000000,0.00000000
1624631770.85517931,0.00000000,0.00000000,0.00000000,0.00000000
1624631770.95517135,0.00000000,0.00000000,0.00000000,0.00000000
1624631771.05521083,0.00000000,0.00000000,0.00000000,0.00000000
1624631771.15521622,0.00000000,0.00000000,0.00000000,0.00000000
1624631771.25517225,0.00000000,0.00000000,0.00000000,0.00000000
1624631771.35517097,0.00000000,0.00000000,0.00000000,0.00000000
1624631771.45521617,0.00000000,0.00000000,0.00000000,0.00000000
1624631771.55522156,0.00000000,0.00000000,0.00000000,0.00000000
1624631771.65521359,0.00000000,0.00000000,0.00000000,0.00000000
1624631771.75521445,0.00000000,0.00000000,0.00000000,0.00000000
1624631771.85516787,0.00000000,0.00000000,0.00000000,0.00000000
1624631771.95516682,0.00000000,0.00000000,0.00000000,0.00000000
1624631772.05521059,0.00000000,0.00000000,0.00000000,0.00000000
1624631772.15521336,0.00000000,0.00000000,0.00000000,0.00000000
1624631772.25521350,0.00000000,0.00000000,0.00000000,0.00000000
1624631772.35522270,0.00000000,0.00000000,0.00000000,0.00000000
1624631772.45521569,0.00000000,0.00000000,0.00000000,0.00000000
1624631772.55521560,0.00000000,0.00000000,0.00000000,0.00000000
1624631772.65520835,0.00000000,0.00000000,0.00000000,0.00000000
1624631772.75517702,0.00000000,0.00000000,0.00000000,0.00000000
1624631772.85521173,0.00000000,0.00000000,0.00000000,0.00000000
1624631772.95521307,0.00000000,0.00000000,0.00000000,0.00000000
1624631773.05521202,0.00000000,0.00000000,0.00000000,0.00000000
1624631773.15522861,0.00000000,0.00000000,0.00000000,0.00000000
1624631773.25521541,0.00000000,0.00000000,0.00000000,0.00000000
1624631773.35521269,0.00000000,0.00000000,0.00000000,0.00000000
1624631773.45521307,0.00000000,0.00000000,0.00000000,0.00000000
1624631773.55521560,0.00000000,0.00000000,0.00000000,0.00000000
1624631773.65521288,0.00000000,0.00000000,0.00000000,0.00000000
1624631773.75521374,0.00000000,0.00000000,0.00000000,0.00000000
1624631773.85523963,0.00000000,0.00000000,0.00000000,0.00000000
1624631773.95520830,0.00000000,0.00000000,0.00000000,0.00000000
1624631774.05521417,0.00000000,0.00000000,0.00000000,0.00000000
1624631774.15520525,0.00000000,0.00000000,0.00000000,0.00000000
1624631774.25520754,0.00000000,0.00000000,0.00000000,0.00000000
1624631774.35517263,0.00000000,0.00000000,0.00000000,0.00000000
1624631774.45521307,0.00000000,0.00000000,0.00000000,0.00000000
1624631774.55521274,0.00000000,0.00000000,0.00000000,0.00000000
1624631774.65521145,0.00000000,0.00000000,0.00000000,0.00000000
1624631774.75521088,0.00000000,0.00000000,0.00000000,0.00000000
1624631774.85522366,0.00000000,0.00000000,0.00000000,0.00000000
1624631774.95521402,0.00000000,0.00000000,0.00000000,0.00000000
1624631775.05521083,0.00000000,0.00000000,0.00000000,0.00000000
1624631775.15521312,0.00000000,0.00000000,0.00000000,0.00000000
1624631775.25516558,0.00000000,0.00000000,0.00000000,0.00000000
1624631775.35521793,0.00000000,0.00000000,0.00000000,0.00000000
1624631775.45519257,0.00000000,0.00000000,0.00000000,0.00000000
1624631775.55516505,0.00000000,0.00000000,0.00000000,0.00000000
1624631775.65516448,0.00000000,0.00000000,0.00000000,0.00000000
1624631775.75517559,0.00000000,0.00000000,0.00000000,0.00000000
1624631775.85516620,0.00000000,0.00000000,0.00000000,0.00000000
1624631775.95516539,0.00000000,0.00000000,0.00000000,0.00000000
1624631776.05519104,0.00000000,0.00000000,0.00000000,0.00000000
1624631776.15517116,0.00000000,0.00000000,0.00000000,0.00000000
1624631776.25519443,0.00000000,0.00000000,0.00000000,0.00000000
1624631776.35520768,0.00000000,0.00000000,0.00000000,0.00000000
1624631776.45516539,0.00000000,0.00000000,0.00000000,0.00000000
1624631776.55519557,0.00000000,0.00000000,0.00000000,0.00000000
1624631776.65519500,0.00000000,0.00000000,0.00000000,0.00000000
1624631776.75521469,0.00000000,0.00000000,0.00000000,0.00000000
1624631776.85521173,0.00000000,0.00000000,0.00000000,0.00000000
1624631776.95518231,0.00000000,0.00000000,0.00000000,0.00000000
1624631777.05517673,0.00000000,0.00000000,0.00000000,0.00000000
1624631777.15519500,0.00000000,0.00000000,0.00000000,0.00000000
1624631777.25516796,0.00000000,0.00000000,0.00000000,0.00000000
1624631777.35516644,0.00000000,0.00000000,0.00000000,0.00000000
1624631777.45521712,0.00000000,0.00000000,0.00000000,0.00000000
1624631777.55521631,0.00000000,0.00000000,0.00000000,0.00000000
1624631777.65520525,0.00000000,0.00000000,0.00000000,0.00000000
1624631777.75520706,0.00000000,0.00000000,0.00000000,0.00000000
1624631777.85518289,0.00000000,0.00000000,0.00000000,0.00000000
1624631777.95521235,0.00000000,0.00000000,0.00000000,0.00000000
1624631778.05520558,0.00000000,0.00000000,0.00000000,0.00000000
1624631778.15521312,0.00000000,0.00000000,0.00000000,0.00000000
1624631778.25521207,0.00000000,0.00000000,0.00000000,0.00000000
1624631778.35521126,0.00000000,0.00000000,0.00000000,0.00000000
1624631778.45521975,0.00000000,0.00000000,0.00000000,0.00000000
1624631778.55517960,0.00000000,0.00000000,0.00000000,0.00000000
1624631778.65521574,0.00000000,0.00000000,0.00000000,0.00000000
1624631778.75521684,0.00000000,0.00000000,0.00000000,0.00000000
1624631778.85521650,0.00000000,0.00000000,0.00000000,0.00000000
1624631778.95520878,0.00000000,0.00000000,0.00000000,0.00000000
1624631779.05521464,0.00000000,0.00000000,0.00000000,0.00000000
1624631779.15522027,0.00000000,0.00000000,0.00000000,0.00000000
1624631779.25522089,0.00000000,0.00000000,0.00000000,0.00000000
1624631779.35521245,0.00000000,0.00000000,0.00000000,0.00000000
1624631779.45519376,0.00000000,0.00000000,0.00000000,0.00000000
1624631779.55520940,0.00000000,0.00000000,0.00000000,0.00000000
1624631779.65520692,0.00000000,0.00000000,0.00000000,0.00000000
1624631779.75521183,0.00000000,0.00000000,0.00000000,0.00000000
1624631779.85517597,0.00000000,0.00000000,0.00000000,0.00000000
1624631779.95516944,0.00000000,0.00000000,0.00000000,0.00000000
1624631780.05517268,0.00000000,0.00000000,0.00000000,0.00000000
1624631780.15521336,0.00000000,0.00000000,0.00000000,0.00000000
1624631780.25520873,0.00000000,0.00000000,0.00000000,0.00000000
1624631780.35522175,0.00000000,0.00000000,0.00000000,0.00000000
1624631780.45520902,0.00000000,0.00000000,0.00000000,0.00000000
1624631780.55521989,0.00000000,0.00000000,0.00000000,0.00000000
1624631780.65522170,0.00000000,0.00000000,0.00000000,0.00000000
1624631780.75521469,0.00000000,0.00000000,0.00000000,0.00000000
1624631780.85521126,0.00000000,0.00000000,0.00000000,0.00000000
1624631780.95520711,0.00000000,0.00000000,0.00000000,0.00000000
1624631781.05521131,0.00000000,0.00000000,0.00000000,0.00000000
1624631781.15521336,0.00000000,0.00000000,0.00000000,0.00000000
1624631781.25517273,0.00000000,0.00000000,0.00000000,0.00000000
1624631781.35521579,0.00000000,0.00000000,0.00000000,0.00000000
1624631781.45521212,0.00000000,0.00000000,0.00000000,0.00000000
1624631781.55521250,0.00000000,0.00000000,0.00000000,0.00000000
1624631781.65516686,0.00000000,0.00000000,0.00000000,0.00000000
1624631781.75517416,0.00000000,0.00000000,0.00000000,0.00000000
1624631781.85521102,0.00000000,0.00000000,0.00000000,0.00000000
1624631781.95522618,0.00000000,0.00000000,0.00000000,0.00000000
1624631782.05521369,0.00000000,0.00000000,0.00000000,0.00000000
1624631782.15521717,0.00000000,0.00000000,0.00000000,0.00000000
1624631782.25521588,0.00000000,0.00000000,0.00000000,0.00000000
1624631782.35521102,0.00000000,0.00000000,0.00000000,0.00000000
1624631782.45521307,0.00000000,0.00000000,0.00000000,0.00000000
1624631782.55521274,0.00000000,0.00000000,0.00000000,0.00000000
1624631782.65523338,0.00000000,0.00000000,0.00000000,0.00000000
1624631782.75520921,0.00000000,0.00000000,0.00000000,0.00000000
1624631782.85521603,0.00000000,0.00000000,0.00000000,0.00000000
1624631782.95520544,0.00000000,0.00000000,0.00000000,0.00000000
1624631783.05522299,0.00000000,0.00000000,0.00000000,0.00000000
1624631783.15517855,0.00000000,0.00000000,0.00000000,0.00000000
1624631783.25521255,0.00000000,0.00000000,0.00000000,0.00000000
1624631783.35517693,0.00000000,0.00000000,0.00000000,0.00000000
1624631783.45521879,0.00000000,0.00000000,0.00000000,0.00000000
1624631783.55521321,0.00000000,0.00000000,0.00000000,0.00000000
1624631783.65522671,0.00000000,0.00000000,0.00000000,0.00000000
1624631783.75521708,0.00000000,0.00000000,0.00000000,0.00000000
1624631783.85521364,0.00000000,0.00000000,0.00000000,0.00000000
1624631783.95521402,0.00000000,0.00000000,0.00000000,0.00000000
1624631784.05521345,0.00000000,0.00000000,0.00000000,0.00000000
1624631784.15521288,0.00000000,0.00000000,0.00000000,0.00000000
1624631784.25520444,0.00000000,0.00000000,0.00000000,0.00000000
1624631784.35516596,0.00000000,0.00000000,0.00000000,0.00000000
1624631784.45518088,0.00000000,0.00000000,0.00000000,0.00000000
1624631784.55521154,0.00000000,0.00000000,0.00000000,0.00000000
1624631784.65517497,0.00000000,0.00000000,0.00000000,0.00000000
1624631784.75517964,0.00000000,0.00000000,0.00000000,0.00000000
1624631784.85521770,0.00000000,0.00000000,0.00000000,0.00000000
1624631784.95520878,0.00000000,0.00000000,0.00000000,0.00000000
1624631785.05522585,0.00000000,0.00000000,0.00000000,0.00000000
1624631785.15522408,0.00000000,0.00000000,0.00000000,0.00000000
1624631785.25520825,0.00000000,0.00000000,0.00000000,0.00000000
1624631785.35521317,0.00000000,0.00000000,0.00000000,0.00000000
1624631785.45521116,0.00000000,0.00000000,0.00000000,0.00000000
1624631785.55521369,0.00000000,0.00000000,0.00000000,0.00000000
1624631785.65521169,0.00000000,0.00000000,0.00000000,0.00000000
1624631785.75517011,0.00000000,0.00000000,0.00000000,0.00000000
1624631785.85521293,0.00000000,0.00000000,0.00000000,0.00000000
1624631785.95517254,0.00000000,0.00000000,0.00000000,0.00000000
1624631786.05522537,0.00000000,0.00000000,0.00000000,0.00000000
1624631786.15520740,0.00000000,0.00000000,0.00000000,0.00000000
1624631786.25517416,0.00000000,0.00000000,0.00000000,0.00000000
1624631786.35517144,0.00000000,0.00000000,0.00000000,0.00000000
1624631786.45518160,0.00000000,0.00000000,0.00000000,0.00000000
1624631786.55517697,0.00000000,0.00000000,0.00000000,0.00000000
1624631786.65520597,0.00000000,0.00000000,0.00000000,0.00000000
1624631786.75521064,0.00000000,0.00000000,0.00000000,0.00000000
1624631786.85521054,0.00000000,0.00000000,0.00000000,0.00000000
1624631786.95518064,0.00000000,0.00000000,0.00000000,0.00000000
1624631787.05518150,0.00000000,0.00000000,0.00000000,0.00000000
1624631787.15521526,0.00000000,0.00000000,0.00000000,0.00000000
1624631787.25516629,0.00000000,0.00000000,0.00000000,0.00000000
1624631787.35521126,0.00000000,0.00000000,0.00000000,0.00000000
1624631787.45521045,0.00000000,0.00000000,0.00000000,0.00000000
1624631787.55519176,0.00000000,0.00000000,0.00000000,0.00000000
1624631787.65519261,0.00000000,0.00000000,0.00000000,0.00000000
1624631787.75520921,0.00000000,0.00000000,0.00000000,0.00000000
1624631787.85519171,0.00000000,0.00000000,0.00000000,0.00000000
1624631787.95518970,0.00000000,0.00000000,0.00000000,0.00000000
1624631788.05516768,0.00000000,0.00000000,0.00000000,0.00000000
1624631788.15521169,0.00000000,0.00000000,0.00000000,0.00000000
1624631788.25515175,0.00000000,0.00000000,0.00000000,0.00000000
1624631788.35516596,0.00000000,0.00000000,0.00000000,0.00000000
1624631788.45516729,0.00000000,0.00000000,0.00000000,0.00000000
1624631788.55521059,0.00000000,0.00000000,0.00000000,0.00000000
1624631788.65521479,0.00000000,0.00000000,0.00000000,0.00000000
1624631788.75521135,0.00000000,0.00000000,0.00000000,0.00000000
1624631788.85521483,0.00000000,0.00000000,0.00000000,0.00000000
1624631788.95521498,0.00000000,0.00000000,0.00000000,0.00000000
1624631789.05521417,0.00000000,0.00000000,0.00000000,0.00000000
1624631789.15521479,0.00000000,0.00000000,0.00000000,0.00000000
