Seconds, Linear Velocity, Angular Velocitiy,X,Y
1624631680.69530845,0.00000000,0.00000000,0.00000000,0.00000000
1624631680.79542208,0.00000000,0.00000000,0.00000000,0.00000000
1624631680.89543605,0.00000000,0.00000000,0.00000000,0.00000000
1624631680.99498558,0.00000000,0.00000000,0.00000000,0.00000000
1624631681.09512496,0.00000000,0.00000000,0.00000000,0.00000000
1624631681.19485736,0.00000000,0.00000000,0.00000000,0.00000000
1624631681.29556251,0.00000000,0.00000000,0.00000000,0.00000000
1624631681.39628482,0.00000000,0.00000000,0.00000000,0.00000000
1624631681.49608159,0.00000000,0.00000000,0.00000000,0.00000000
1624631681.59586406,0.00000000,0.00000000,0.00000000,0.00000000
1624631681.69655252,0.00000000,0.00000000,0.00000000,0.00000000
1624631681.79730868,0.00000000,0.00000000,0.00000000,0.00000000
1624631681.89702058,0.00000000,0.00000000,0.00000000,0.00000000
1624631681.99684596,0.00000000,0.00000000,0.00000000,0.00000000
1624631682.09758162,0.00000000,0.00000000,0.00000000,0.00000000
1624631682.19814348,0.00000000,0.00000000,0.00000000,0.00000000
1624631682.29792738,0.00000000,0.00000000,0.00000000,0.00000000
1624631682.39745402,0.00000000,0.00000000,0.00000000,0.00000000
1624631682.49799943,0.00000000,0.00000000,0.00000000,0.00000000
1624631682.59779620,0.00000000,0.00000000,0.00000000,0.00000000
1624631682.69834375,0.00000000,0.00000000,0.00000000,0.00000000
1624631682.79785299,0.00000000,0.00000000,0.00000000,0.00000000
1624631682.89769602,0.00000000,0.00000000,0.00000000,0.00000000
1624631682.99832320,0.00000000,0.00000000,0.00000000,0.00000000
1624631683.09891677,0.00000000,0.00000000,0.00000000,0.00000000
1624631683.19841838,0.00000000,0.00000000,0.00000000,0.00000000
1624631683.29920363,0.00000000,0.00000000,0.00000000,0.00000000
1624631683.39885139,0.00000000,0.00000000,0.00000000,0.00000000
1624631683.49948430,0.00000000,0.00000000,0.00000000,0.00000000
1624631683.59907842,0.00000000,0.00000000,0.00000000,0.00000000
1624631683.69876528,0.00000000,0.00000000,0.00000000,0.00000000
1624631683.79950476,0.00000000,0.00000000,0.00000000,0.00000000
1624631683.90014100,0.00000000,0.00000000,0.00000000,0.00000000
1624631683.99953818,0.00000000,0.00000000,0.00000000,0.00000000
1624631684.10001159,0.00000000,0.00000000,0.00000000,0.00000000
1624631684.19952965,0.00000000,0.00000000,0.00000000,0.00000000
1624631684.30013418,0.00000000,0.00000000,0.00000000,0.00000000
1624631684.39972734,0.00000000,0.00000000,0.00000000,0.00000000
1624631684.50060248,0.00000000,0.00000000,0.00000000,0.00000000
1624631684.60128617,0.00000000,0.00000000,0.00000000,0.00000000
1624631684.70094728,0.00000000,0.00000000,0.00000000,0.00000000
1624631684.80158424,0.00000000,0.00000000,0.00000000,0.00000000
1624631684.90225959,0.00000000,0.00000000,0.00000000,0.00000000
1624631685.00185299,0.00000000,0.00000000,0.00000000,0.00000000
1624631685.10252833,0.00000000,0.00000000,0.00000000,0.00000000
1624631685.20289183,0.00000000,0.00000000,0.00000000,0.00000000
1624631685.30240417,0.00000000,0.00000000,0.00000000,0.00000000
1624631685.40299749,0.00000000,0.00000000,0.00000000,0.00000000
1624631685.50255108,0.00000000,0.00000000,0.00000000,0.00000000
1624631685.60334420,0.00000000,0.00000000,0.00000000,0.00000000
1624631685.70296621,0.00000000,0.00000000,0.00000000,0.00000000
1624631685.80356574,0.00000000,0.00000000,0.00000000,0.00000000
1624631685.90418482,0.00000000,0.00000000,0.00000000,0.00000000
1624631686.00383568,0.00000000,0.00000000,0.00000000,0.00000000
1624631686.10448194,0.00000000,0.00000000,0.00000000,0.00000000
1624631686.20516086,0.00000000,0.00000000,0.00000000,0.00000000
1624631686.30485272,0.00000000,0.00000000,0.00000000,0.00000000
1624631686.40437937,0.00000000,0.00000000,0.00000000,0.00000000
1624631686.50494719,0.00000000,0.00000000,0.00000000,0.00000000
1624631686.60449123,0.00000000,0.00000000,0.00000000,0.00000000
1624631686.70512247,0.00000000,0.00000000,0.00000000,0.00000000
1624631686.80473423,0.00000000,0.00000000,0.00000000,0.00000000
1624631686.90469527,0.00000000,0.00000000,0.00000000,0.00000000
1624631687.00534272,0.00000000,0.00000000,0.00000000,0.00000000
1624631687.10503817,0.00000000,0.00000000,0.00000000,0.00000000
1624631687.20474076,0.00000000,0.00000000,0.00000000,0.00000000
1624631687.30546546,0.00000000,0.00000000,0.00000000,0.00000000
1624631687.40508270,0.00000000,0.00000000,0.00000000,0.00000000
1624631687.50475001,0.00000000,0.00000000,0.00000000,0.00000000
1624631687.60554028,0.00000000,0.00000000,0.00000000,0.00000000
1624631687.70516419,0.00000000,0.00000000,0.00000000,0.00000000
1624631687.80487251,0.00000000,0.00000000,0.00000000,0.00000000
1624631687.90462875,0.00000000,0.00000000,0.00000000,0.00000000
1624631688.00530624,0.00000000,0.00000000,0.00000000,0.00000000
1624631688.10501957,0.00000000,0.00000000,0.00000000,0.00000000
1624631688.20476007,0.00000000,0.00000000,0.00000000,0.00000000
1624631688.30543232,0.00000000,0.00000000,0.00000000,0.00000000
1624631688.40508556,0.00000000,0.00000000,0.00000000,0.00000000
1624631688.50487542,0.00000000,0.00000000,0.00000000,0.00000000
1624631688.60536146,0.00000000,0.00000000,0.00000000,0.00000000
1624631688.70594501,0.00000000,0.00000000,0.00000000,0.00000000
1624631688.80550289,0.00000000,0.00000000,0.00000000,0.00000000
1624631688.90609860,0.00000000,0.00000000,0.00000000,0.00000000
1624631689.00577903,0.00000000,0.00000000,0.00000000,0.00000000
1624631689.10571742,0.00000000,0.00000000,0.00000000,0.00000000
1624631689.20647931,0.00000000,0.00000000,0.00000000,0.00000000
1624631689.30576277,0.00000000,0.00000000,0.00000000,0.00000000
1624631689.40648556,0.00000000,0.00000000,0.00000000,0.00000000
1624631689.50602317,0.00000000,0.00000000,0.00000000,0.00000000
1624631689.60627699,0.00000000,0.00000000,0.00000000,0.00000000
1624631689.70649195,0.00000000,0.17453293,0.00000000,0.00000000
1624631689.80612016,-0.03000000,0.34906585,-0.00291000,0.00000000
1624631689.90641928,-0.06000000,0.50614548,-0.00873000,0.00000000
1624631690.00574589,-0.09000000,0.50614548,-0.01794500,-0.00097000
1624631690.10611248,-0.11950000,0.50614548,-0.02958500,-0.00291000
1624631690.20634031,-0.14950000,0.50614548,-0.04462000,-0.00582000
1624631690.30658245,-0.17950000,0.48869219,-0.06159500,-0.01067000
1624631690.40760255,-0.19850000,0.48869219,-0.08099500,-0.01697500
1624631690.50822568,-0.19750000,0.48869219,-0.09991000,-0.02279500
1624631690.60753465,-0.19550000,0.48869219,-0.11785500,-0.03055500
1624631690.70831251,-0.19250000,0.47123890,-0.13483000,-0.03977000
1624631690.80747652,-0.18850000,0.47123890,-0.15180500,-0.04898500
1624631690.90827060,-0.18450000,0.47123890,-0.16781000,-0.05771500
1624631691.00903273,-0.17950000,0.47123890,-0.18284500,-0.06790000
1624631691.10905099,-0.17350000,0.45378561,-0.19691000,-0.07857000
1624631691.20900989,-0.16750000,0.45378561,-0.20952000,-0.08875500
1624631691.30943990,-0.16250000,0.45378561,-0.22164500,-0.09991000
1624631691.40860724,-0.15650000,0.45378561,-0.23280000,-0.11058000
1624631691.50896096,-0.14750000,0.45378561,-0.24298500,-0.12173500
1624631691.60901237,-0.14050000,0.43633231,-0.25171500,-0.13289000
1624631691.70944238,-0.13550000,0.43633231,-0.25996000,-0.14259000
1624631691.80879807,-0.12650000,0.43633231,-0.26772000,-0.15374500
1624631691.90937281,-0.12050000,0.43633231,-0.27354000,-0.16393000
1624631692.00925016,-0.11350000,0.43633231,-0.27984500,-0.17363000
1624631692.10942364,-0.10350000,0.43633231,-0.28469500,-0.18284500
1624631692.20876098,-0.09750000,0.43633231,-0.28857500,-0.19157500
1624631692.30915141,-0.08950000,0.43633231,-0.29294000,-0.19982000
1624631692.40949345,-0.08150000,0.43633231,-0.29585000,-0.20758000
1624631692.50884151,-0.07300000,0.43633231,-0.29779000,-0.21485500
1624631692.60880327,-0.06500000,0.45378561,-0.29973000,-0.22067500
1624631692.70884919,-0.05600000,0.45378561,-0.30070000,-0.22552500
1624631692.80914903,-0.05000000,0.45378561,-0.30167000,-0.23086000
1624631692.90949965,-0.04200000,0.45378561,-0.30167000,-0.23474000
1624631693.00859523,-0.03300000,0.45378561,-0.30167000,-0.23862000
1624631693.10925007,-0.02400000,0.45378561,-0.30264000,-0.24056000
1624631693.20925283,-0.01800000,0.45378561,-0.30264000,-0.24298500
1624631693.30959034,-0.00900000,0.45378561,-0.30264000,-0.24395500
1624631693.40998483,-0.00300000,0.45378561,-0.30215500,-0.24395500
1624631693.51038623,0.00400000,0.45378561,-0.30264000,-0.24395500
1624631693.60994554,0.00900000,0.45378561,-0.30264000,-0.24347000
1624631693.70966697,0.02400000,0.45378561,-0.30264000,-0.24007500
1624631693.80984020,0.01600000,0.45378561,-0.30361000,-0.23910500
1624631693.91024685,0.01900000,0.45378561,-0.30361000,-0.23716500
1624631694.01055527,0.02300000,0.43633231,-0.30458000,-0.23522500
1624631694.11089873,0.05300000,0.45378561,-0.30652000,-0.23037500
1624631694.21123552,0.06100000,0.45378561,-0.30991500,-0.22504000
1624631694.31061482,0.07000000,0.45378561,-0.31282500,-0.21825000
1624631694.41094279,0.07500000,0.43633231,-0.31670500,-0.21243000
1624631694.51128173,0.08250000,0.43633231,-0.32155500,-0.20515500
1624631694.61061192,0.08750000,0.43633231,-0.32689000,-0.19836500
1624631694.71096659,0.09250000,0.41887902,-0.33271000,-0.19109000
1624631694.81124091,0.09950000,0.41887902,-0.33853000,-0.18333000
1624631694.91151977,0.10450000,0.40142573,-0.34677500,-0.17605500
1624631695.01184487,0.11050000,0.40142573,-0.35453500,-0.16829500
1624631695.11218357,0.11450000,0.38397244,-0.36278000,-0.16005000
1624631695.21254349,0.11850000,0.38397244,-0.37199500,-0.15326000
1624631695.31299424,0.12250000,0.36651914,-0.38169500,-0.14501500
1624631695.41339517,0.12750000,0.34906585,-0.39285000,-0.13822500
1624631695.51277852,0.13050000,0.33161256,-0.40352000,-0.13143500
1624631695.61309528,0.13150000,0.33161256,-0.41467500,-0.12416000
1624631695.71325111,0.13450000,0.31415927,-0.42680000,-0.11737000
1624631695.81357765,0.13850000,0.29670597,-0.43892500,-0.11106500
1624631695.91391277,0.14050000,0.27925268,-0.45153500,-0.10427500
1624631696.01423812,0.14050000,0.27925268,-0.46366000,-0.09942500
1624631696.11458135,0.14250000,0.26179939,-0.47675500,-0.09312000
1624631696.21489167,0.14250000,0.24434610,-0.49082000,-0.08827000
1624631696.31523442,0.14350000,0.22689280,-0.50391500,-0.08342000
1624631696.41541409,0.14450000,0.20943951,-0.51798000,-0.07808500
1624631696.51562214,0.14450000,0.20943951,-0.53156000,-0.07420500
1624631696.61648941,0.14450000,0.19198622,-0.54562500,-0.07032500
1624631696.71566010,0.14450000,0.17453293,-0.55969000,-0.06644500
1624631696.81593966,0.14450000,0.17453293,-0.57375500,-0.06305000
1624631696.91622329,0.14350000,0.15707963,-0.58782000,-0.05917000
1624631697.01653385,0.14350000,0.13962634,-0.60188500,-0.05626000
1624631697.11691880,0.14250000,0.13962634,-0.61595000,-0.05432000
1624631697.21717119,0.14150000,0.13962634,-0.62953000,-0.05141000
1624631697.31746459,0.14050000,0.12217305,-0.64359500,-0.04947000
1624631697.41670132,0.13950000,0.10471976,-0.65766000,-0.04607500
1624631697.51696515,0.13850000,0.10471976,-0.67172500,-0.04413500
1624631697.61723948,0.13750000,0.08726646,-0.68482000,-0.04219500
1624631697.71757579,0.13650000,0.08726646,-0.69888500,-0.04122500
1624631697.81768966,0.13550000,0.08726646,-0.71198000,-0.03928500
1624631697.91788888,0.13450000,0.06981317,-0.72556000,-0.03831500
1624631698.01805878,0.13250000,0.08726646,-0.73865500,-0.03637500
1624631698.11843419,0.13150000,0.06981317,-0.75175000,-0.03540500
1624631698.21784115,0.13050000,0.06981317,-0.76484500,-0.03443500
1624631698.31819630,0.12850000,0.06981317,-0.77794000,-0.03346500
1624631698.41837597,0.12750000,0.05235988,-0.79055000,-0.03201000
1624631698.51856995,0.12650000,0.05235988,-0.80364500,-0.03104000
1624631698.61878228,0.12550000,0.05235988,-0.81577000,-0.03007000
1624631698.71892691,0.12450000,0.03490659,-0.82886500,-0.02910000
1624631698.81911182,0.12250000,0.03490659,-0.84099000,-0.02910000
1624631698.91934490,0.12150000,0.03490659,-0.85263000,-0.02813000
1624631699.01962352,0.12050000,0.03490659,-0.86475500,-0.02716000
1624631699.11989784,0.11950000,0.03490659,-0.87688000,-0.02716000
1624631699.22022271,0.11750000,0.01745329,-0.88852000,-0.02619000
1624631699.32048345,0.11650000,0.01745329,-0.90064500,-0.02619000
1624631699.41964793,0.11550000,0.01745329,-0.91180000,-0.02522000
1624631699.51993656,0.11450000,0.01745329,-0.92392500,-0.02522000
1624631699.62024617,0.11250000,0.01745329,-0.93459500,-0.02522000
1624631699.72050309,0.11150000,0.01745329,-0.94575000,-0.02425000
1624631699.81966972,0.11050000,0.01745329,-0.95690500,-0.02425000
1624631699.91995621,0.10950000,0.01745329,-0.96757500,-0.02328000
1624631700.02030706,0.10850000,0.01745329,-0.97873000,-0.02328000
1624631700.11965227,0.10750000,0.01745329,-0.98988500,-0.02328000
1624631700.21984005,0.10650000,0.01745329,-1.00055500,-0.02328000
1624631700.32051969,0.10450000,0.01745329,-1.01074000,-0.02231000
1624631700.42076921,0.10350000,0.01745329,-1.02189500,-0.02231000
1624631700.52104545,0.10250000,0.01745329,-1.03159500,-0.02231000
1624631700.62137318,0.10150000,0.01745329,-1.04178000,-0.02231000
1624631700.72058129,0.10100000,0.00000000,-1.05196500,-0.02231000
1624631700.82090950,0.10000000,0.00000000,-1.06166500,-0.02134000
1624631700.92128134,0.09900000,0.00000000,-1.07185000,-0.02134000
1624631701.02163744,0.09800000,0.00000000,-1.08155000,-0.02134000
1624631701.12206674,0.09700000,0.00000000,-1.09173500,-0.02134000
1624631701.22253919,0.09600000,0.00000000,-1.10095000,-0.02134000
1624631701.32334328,0.09500000,0.00000000,-1.11065000,-0.02134000
1624631701.42354465,0.09400000,0.00000000,-1.11986500,-0.02134000
1624631701.52398014,0.09300000,0.00000000,-1.12956500,-0.02037000
1624631701.62424040,0.09200000,0.00000000,-1.13878000,-0.02037000
1624631701.72449708,0.09100000,0.00000000,-1.14799500,-0.02037000
1624631701.82473469,0.09000000,0.00000000,-1.15672500,-0.02037000
1624631701.92498994,0.08900000,0.00000000,-1.16594000,-0.02037000
1624631702.02525973,0.08800000,0.00000000,-1.17467000,-0.02037000
1624631702.12500596,0.08700000,0.00000000,-1.18291500,-0.02037000
1624631702.22528172,0.08600000,0.00000000,-1.19164500,-0.01940000
1624631702.32548761,0.08500000,0.00000000,-1.19989000,-0.01940000
1624631702.42487073,0.08400000,0.00000000,-1.20862000,-0.01940000
1624631702.52514195,0.08300000,0.00000000,-1.21686500,-0.01940000
1624631702.62464023,0.08300000,0.00000000,-1.22462500,-0.01940000
1624631702.72507715,0.08200000,0.00000000,-1.23384000,-0.01940000
1624631702.82541823,0.08100000,0.00000000,-1.24160000,-0.01940000
1624631702.92478967,0.08000000,0.00000000,-1.24984500,-0.01940000
1624631703.02507973,0.07900000,0.00000000,-1.25760500,-0.01843000
1624631703.12540746,0.07800000,0.00000000,-1.26488000,-0.01843000
1624631703.22472548,0.07800000,0.00000000,-1.27264000,-0.01843000
1624631703.32506108,0.07700000,0.00000000,-1.28088500,-0.01843000
1624631703.42509151,0.07600000,0.00000000,-1.28864500,-0.01843000
1624631703.52541542,0.07500000,0.00000000,-1.29592000,-0.01843000
1624631703.62472939,0.07400000,0.00000000,-1.30271000,-0.01843000
1624631703.72504044,0.07400000,0.00000000,-1.31095500,-0.01843000
1624631703.82540202,0.07300000,0.00000000,-1.31774500,-0.01746000
1624631703.92475700,0.07200000,0.00000000,-1.32453500,-0.01746000
1624631704.02513170,0.07100000,0.00000000,-1.33278000,-0.01746000
1624631704.12549853,0.07000000,0.00000000,-1.33957000,-0.01746000
1624631704.22650218,0.07000000,0.00000000,-1.34684500,-0.01746000
1624631704.32686591,0.06900000,0.00000000,-1.35266500,-0.01746000
1624631704.42719865,0.06800000,0.00000000,-1.35994000,-0.01746000
1624631704.52754140,0.06800000,0.00000000,-1.36673000,-0.01746000
1624631704.62792945,0.06700000,0.00000000,-1.37352000,-0.01746000
1624631704.72825694,0.06600000,0.00000000,-1.37982500,-0.01746000
1624631704.82780790,0.06500000,0.00000000,-1.38661500,-0.01600500
1624631704.92773628,0.06500000,0.00000000,-1.39292000,-0.01600500
1624631705.02814770,0.06400000,0.00000000,-1.39971000,-0.01600500
1624631705.12763929,0.06300000,0.00000000,-1.40553000,-0.01600500
1624631705.22765946,0.06300000,0.00000000,-1.41183500,-0.01600500
1624631705.32843685,0.06200000,0.00000000,-1.41765500,-0.01600500
1624631705.42764378,0.06100000,0.00000000,-1.42493000,-0.01600500
1624631705.52817845,0.06100000,0.00000000,-1.43075000,-0.01600500
1624631705.62855411,0.06000000,0.00000000,-1.43657000,-0.01600500
1624631705.72875524,0.05900000,0.00000000,-1.44190500,-0.01600500
1624631705.82901025,0.05900000,0.00000000,-1.44772500,-0.01503500
1624631705.92893291,0.05800000,0.00000000,-1.45354500,-0.01503500
1624631706.02905488,0.05800000,0.00000000,-1.45985000,-0.01503500
1624631706.12929416,0.05700000,0.00000000,-1.46567000,-0.01503500
1624631706.22945428,0.05600000,0.00000000,-1.47052000,-0.01503500
1624631706.32870698,0.05600000,0.00000000,-1.47682500,-0.01503500
1624631706.42912197,0.05500000,0.00000000,-1.48167500,-0.01503500
1624631706.52946877,0.05500000,0.00000000,-1.48798000,-0.01503500
1624631706.62927485,0.05400000,0.00000000,-1.49283000,-0.01503500
1624631706.72908664,0.05300000,0.00000000,-1.49865000,-0.01503500
1624631706.82930994,0.05300000,0.00000000,-1.50398500,-0.01503500
1624631706.92878866,0.05200000,0.00000000,-1.50883500,-0.01406500
1624631707.02908993,0.05200000,0.00000000,-1.51368500,-0.01406500
1624631707.12947583,0.05100000,0.00000000,-1.51853500,-0.01406500
1624631707.22873926,0.05100000,0.00000000,-1.52484000,-0.01406500
1624631707.32893300,0.05000000,0.00000000,-1.52969000,-0.01406500
1624631707.42905474,0.05000000,0.00000000,-1.53454000,-0.01406500
1624631707.52908397,0.04900000,0.00000000,-1.53890500,-0.01406500
1624631707.62946630,0.04900000,0.00000000,-1.54375500,-0.01406500
1624631707.72866488,0.04800000,0.00000000,-1.54860500,-0.01406500
1624631707.82899666,0.04800000,0.00000000,-1.55394000,-0.01406500
1624631707.92950749,0.04700000,0.00000000,-1.55879000,-0.01406500
1624631708.02902508,0.04700000,0.00000000,-1.56267000,-0.01406500
1624631708.12957406,0.04600000,0.00000000,-1.56752000,-0.01406500
1624631708.23002410,0.04600000,0.00000000,-1.57285500,-0.01309500
1624631708.33032060,0.04500000,0.00000000,-1.57673500,-0.01309500
1624631708.43060017,0.04500000,0.00000000,-1.58158500,-0.01309500
1624631708.53152013,0.04400000,0.00000000,-1.58595000,-0.01309500
1624631708.63220119,0.04400000,0.00000000,-1.58983000,-0.01309500
1624631708.73257899,0.04300000,0.00000000,-1.59468000,-0.01309500
1624631708.83282924,0.04300000,0.00000000,-1.59856000,-0.01309500
1624631708.93299317,0.04200000,0.00000000,-1.60292500,-0.01309500
1624631709.03325725,0.04200000,0.00000000,-1.60680500,-0.01309500
1624631709.13358092,0.04100000,0.00000000,-1.61068500,-0.01309500
1624631709.23369670,0.04100000,0.00000000,-1.61553500,-0.01309500
1624631709.33451962,0.04100000,0.00000000,-1.61990000,-0.01309500
1624631709.43531537,0.04000000,0.00000000,-1.62378000,-0.01309500
1624631709.53548145,0.04000000,0.00000000,-1.62766000,-0.01309500
1624631709.63564801,0.03900000,0.00000000,-1.63154000,-0.01309500
1624631709.73582864,0.03900000,0.00000000,-1.63590500,-0.01212500
1624631709.83601642,0.03800000,0.00000000,-1.63881500,-0.01212500
1624631709.93624139,0.03800000,0.00000000,-1.64269500,-0.01212500
1624631710.03644991,0.03800000,0.00000000,-1.64657500,-0.01212500
1624631710.13563728,0.03700000,0.00000000,-1.65094000,-0.01212500
1624631710.23590636,0.03650000,-0.01745329,-1.65385000,-0.01212500
1624631710.33618331,0.03600000,0.00000000,-1.65773000,-0.01212500
1624631710.43644881,0.03600000,0.00000000,-1.66161000,-0.01212500
1624631710.53575945,0.03600000,0.00000000,-1.66452000,-0.01212500
1624631710.63601422,0.03500000,0.00000000,-1.66888500,-0.01212500
1624631710.73627472,0.03500000,0.00000000,-1.67179500,-0.01212500
1624631710.83652830,0.03500000,0.00000000,-1.67567500,-0.01212500
1624631710.93689871,0.03350000,-0.01745329,-1.67858500,-0.01212500
1624631711.03727078,0.03350000,-0.01745329,-1.68198000,-0.01212500
1624631711.13743186,0.03350000,-0.01745329,-1.68586000,-0.01212500
1624631711.23758769,0.03250000,-0.01745329,-1.68877000,-0.01212500
1624631711.33774233,0.03250000,-0.01745329,-1.69265000,-0.01115500
1624631711.43838048,0.03150000,-0.01745329,-1.69556000,-0.01115500
1624631711.53804469,0.03150000,-0.01745329,-1.69895500,-0.01115500
1624631711.63862205,0.03150000,-0.01745329,-1.70186500,-0.01115500
1624631711.73923945,0.03050000,-0.01745329,-1.70477500,-0.01115500
1624631711.83948231,0.03050000,-0.01745329,-1.70768500,-0.01115500
1624631711.93871307,0.03100000,0.00000000,-1.71156500,-0.01115500
1624631712.03901768,0.03000000,0.00000000,-1.71399000,-0.01115500
1624631712.13937497,0.03000000,0.00000000,-1.71690000,-0.01115500
1624631712.23865581,0.03000000,0.00000000,-1.71981000,-0.01115500
1624631712.33904624,0.03000000,0.00000000,-1.72272000,-0.01018500
1624631712.43935180,0.02900000,0.00000000,-1.72563000,-0.01018500
1624631712.53960752,0.02900000,0.00000000,-1.72854000,-0.01018500
1624631712.63982177,0.02900000,0.00000000,-1.73193500,-0.01018500
1624631712.74000192,0.02800000,0.00000000,-1.73484500,-0.01018500
1624631712.84024143,0.02800000,0.00000000,-1.73775500,-0.01018500
1624631712.94002581,0.02800000,0.00000000,-1.74066500,-0.01018500
1624631713.04031467,0.02700000,0.00000000,-1.74260500,-0.01018500
1624631713.14012957,0.02700000,0.00000000,-1.74551500,-0.01018500
1624631713.23991513,0.02700000,0.00000000,-1.74891000,-0.01018500
1624631713.34025359,0.02700000,0.00000000,-1.75085000,-0.01018500
1624631713.43962383,0.02600000,0.00000000,-1.75376000,-0.00921500
1624631713.53999925,0.02600000,0.00000000,-1.75667000,-0.00921500
1624631713.64036775,0.02600000,0.00000000,-1.75861000,-0.00921500
1624631713.73974657,0.02500000,0.00000000,-1.76152000,-0.00921500
1624631713.84011722,0.02500000,0.00000000,-1.76394500,-0.00921500
1624631713.94053626,0.02500000,0.00000000,-1.76685500,-0.00921500
1624631714.04084539,0.02500000,0.00000000,-1.76879500,-0.00921500
1624631714.14116120,0.02400000,0.00000000,-1.77170500,-0.00921500
1624631714.24145985,0.02400000,0.00000000,-1.77364500,-0.00921500
1624631714.34064293,0.02400000,0.00000000,-1.77558500,-0.00921500
1624631714.44161463,0.02400000,0.00000000,-1.77898000,-0.00921500
1624631714.54170060,0.02300000,0.00000000,-1.78092000,-0.00824500
1624631714.64204931,0.02300000,0.00000000,-1.78286000,-0.00824500
1624631714.74231005,0.02300000,0.00000000,-1.78577000,-0.00824500
1624631714.84166169,0.02300000,0.00000000,-1.78771000,-0.00824500
1624631714.94165683,0.02200000,0.00000000,-1.78965000,-0.00824500
1624631715.04201341,0.02200000,0.00000000,-1.79159000,-0.00824500
1624631715.14232326,0.02200000,0.00000000,-1.79353000,-0.00824500
1624631715.24168444,0.02200000,0.00000000,-1.79692500,-0.00824500
1624631715.34186697,0.02100000,0.00000000,-1.79886500,-0.00824500
1624631715.44232202,0.02100000,0.00000000,-1.80080500,-0.00824500
1624631715.54257393,0.02100000,0.00000000,-1.80274500,-0.00824500
1624631715.64283419,0.02100000,0.00000000,-1.80468500,-0.00824500
1624631715.74307823,0.02100000,0.00000000,-1.80662500,-0.00824500
1624631715.84335852,0.02000000,0.00000000,-1.80856500,-0.00727500
1624631715.94262981,0.02000000,0.00000000,-1.81099000,-0.00727500
1624631716.04294395,0.02000000,0.00000000,-1.81293000,-0.00727500
1624631716.14323902,0.02000000,0.00000000,-1.81487000,-0.00727500
1624631716.24353766,0.02000000,0.00000000,-1.81681000,-0.00727500
1624631716.34450960,0.01900000,0.00000000,-1.81875000,-0.00727500
1624631716.44480491,0.01900000,0.00000000,-1.82069000,-0.00727500
1624631716.54510760,0.01900000,0.00000000,-1.82263000,-0.00727500
1624631716.64544415,0.01900000,0.00000000,-1.82457000,-0.00727500
1624631716.74468875,0.01900000,0.00000000,-1.82699500,-0.00727500
1624631716.84503818,0.01800000,0.00000000,-1.82796500,-0.00727500
1624631716.94498086,0.01800000,0.00000000,-1.82990500,-0.00727500
1624631717.04529953,0.01800000,0.00000000,-1.83184500,-0.00727500
1624631717.14560938,0.01800000,0.00000000,-1.83378500,-0.00727500
1624631717.24612260,0.01800000,0.00000000,-1.83572500,-0.00727500
1624631717.34657741,0.01700000,0.00000000,-1.83669500,-0.00727500
1624631717.44754362,0.01700000,0.00000000,-1.83863500,-0.00630500
1624631717.54846478,0.01700000,0.00000000,-1.84057500,-0.00630500
1624631717.64771414,0.01700000,0.00000000,-1.84154500,-0.00630500
1624631717.74818611,0.01700000,0.00000000,-1.84397000,-0.00630500
1624631717.84855676,0.01600000,0.00000000,-1.84591000,-0.00630500
1624631717.94877672,0.01600000,0.00000000,-1.84688000,-0.00630500
1624631718.04906416,0.01600000,0.00000000,-1.84882000,-0.00630500
1624631718.14936638,0.01600000,0.00000000,-1.85076000,-0.00630500
1624631718.24873471,0.01600000,0.00000000,-1.85173000,-0.00630500
1624631718.34930110,0.01600000,0.00000000,-1.85367000,-0.00630500
1624631718.44911671,0.01500000,0.00000000,-1.85464000,-0.00630500
1624631718.54898787,0.01500000,0.00000000,-1.85658000,-0.00630500
1624631718.64885020,0.01500000,0.00000000,-1.85755000,-0.00630500
1624631718.74933600,0.01500000,0.00000000,-1.85997500,-0.00630500
1624631718.84910607,0.01500000,0.00000000,-1.86094500,-0.00630500
1624631718.94935966,0.01500000,0.00000000,-1.86288500,-0.00630500
1624631719.04950547,0.01500000,0.00000000,-1.86385500,-0.00630500
1624631719.14995861,0.01400000,0.00000000,-1.86579500,-0.00630500
1624631719.25040770,0.01400000,0.00000000,-1.86676500,-0.00533500
1624631719.34976649,0.01400000,0.00000000,-1.86773500,-0.00533500
1624631719.45003605,0.01400000,0.00000000,-1.86967500,-0.00533500
1624631719.55047846,0.01400000,0.00000000,-1.87064500,-0.00533500
1624631719.64975524,0.01400000,0.00000000,-1.87258500,-0.00533500
1624631719.75003147,0.01300000,0.00000000,-1.87355500,-0.00533500
1624631719.85021996,0.01300000,0.00000000,-1.87452500,-0.00533500
1624631719.95040512,0.01300000,0.00000000,-1.87695000,-0.00533500
1624631720.04967880,0.01300000,0.00000000,-1.87792000,-0.00533500
1624631720.14991689,0.01300000,0.00000000,-1.87889000,-0.00533500
1624631720.25014353,0.01300000,0.00000000,-1.87986000,-0.00533500
1624631720.35045195,0.01300000,0.00000000,-1.88180000,-0.00533500
1624631720.44965529,0.01300000,0.00000000,-1.88277000,-0.00533500
1624631720.54998517,0.01200000,0.00000000,-1.88374000,-0.00533500
1624631720.65028834,0.01200000,0.00000000,-1.88471000,-0.00533500
1624631720.75053120,0.01200000,0.00000000,-1.88665000,-0.00533500
1624631720.85082555,0.01200000,0.00000000,-1.88762000,-0.00533500
1624631720.95118690,0.01200000,0.00000000,-1.88859000,-0.00533500
1624631721.05094767,0.01200000,0.00000000,-1.88956000,-0.00533500
1624631721.15120125,0.01200000,0.00000000,-1.89053000,-0.00533500
1624631721.25152802,0.01200000,0.00000000,-1.89295500,-0.00533500
1624631721.35238886,0.01100000,0.00000000,-1.89392500,-0.00533500
1624631721.45254302,0.01100000,0.00000000,-1.89489500,-0.00436500
1624631721.55275083,0.01100000,0.00000000,-1.89586500,-0.00436500
1624631721.65294886,0.01100000,0.00000000,-1.89683500,-0.00436500
1624631721.75311685,0.01100000,0.00000000,-1.89780500,-0.00436500
1624631721.85331917,0.01100000,0.00000000,-1.89877500,-0.00436500
1624631721.95351410,0.01100000,0.00000000,-1.89974500,-0.00436500
1624631722.05364966,0.01100000,0.00000000,-1.90071500,-0.00436500
1624631722.15370774,0.01100000,0.00000000,-1.90265500,-0.00436500
1624631722.25398827,0.01000000,0.00000000,-1.90362500,-0.00436500
1624631722.35430026,0.01000000,0.00000000,-1.90459500,-0.00436500
1624631722.45372772,0.01000000,0.00000000,-1.90556500,-0.00436500
1624631722.55398178,0.01000000,0.00000000,-1.90653500,-0.00436500
1624631722.65423727,0.01000000,0.00000000,-1.90799000,-0.00436500
1624631722.75458097,0.01000000,0.00000000,-1.90896000,-0.00436500
1624631722.85523486,0.01000000,0.00000000,-1.90993000,-0.00436500
1624631722.95555925,0.01000000,0.00000000,-1.91090000,-0.00436500
1624631723.05585980,0.01000000,0.00000000,-1.91187000,-0.00436500
1624631723.15619850,0.00900000,0.00000000,-1.91187000,-0.00436500
1624631723.25604248,0.00900000,0.00000000,-1.91284000,-0.00436500
1624631723.35586071,0.00900000,0.00000000,-1.91381000,-0.00436500
1624631723.45575833,0.00900000,0.00000000,-1.91478000,-0.00436500
1624631723.55640793,0.00900000,0.00000000,-1.91575000,-0.00436500
1624631723.65616655,0.00900000,0.00000000,-1.91672000,-0.00436500
1624631723.75603867,0.00900000,0.00000000,-1.91769000,-0.00436500
1624631723.85614491,0.00900000,0.00000000,-1.91866000,-0.00436500
1624631723.95623350,0.00900000,0.00000000,-1.91963000,-0.00436500
1624631724.05644369,0.00900000,0.00000000,-1.92060000,-0.00436500
1624631724.15562201,0.00900000,0.00000000,-1.92060000,-0.00436500
1624631724.25560427,0.00800000,0.00000000,-1.92157000,-0.00436500
1624631724.35584497,0.00750000,-0.01745329,-1.92254000,-0.00436500
1624631724.45611978,0.00750000,-0.01745329,-1.92399500,-0.00339500
1624631724.55633879,0.00750000,-0.01745329,-1.92496500,-0.00339500
1624631724.65562797,0.00750000,-0.01745329,-1.92496500,-0.00339500
1624631724.75585461,0.00750000,-0.01745329,-1.92593500,-0.00339500
1624631724.85607481,0.00750000,-0.01745329,-1.92690500,-0.00339500
1624631724.95629621,0.00750000,-0.01745329,-1.92787500,-0.00339500
1624631725.05656934,0.00750000,-0.01745329,-1.92884500,-0.00339500
1624631725.15663910,0.00800000,0.00000000,-1.92884500,-0.00339500
1624631725.25679159,0.00800000,0.00000000,-1.92981500,-0.00339500
1624631725.35722733,0.00800000,0.00000000,-1.93078500,-0.00339500
1624631725.45757747,0.00650000,0.01745329,-1.93175500,-0.00339500
1624631725.55787897,0.00650000,0.01745329,-1.93175500,-0.00339500
1624631725.65813136,0.00650000,0.01745329,-1.93272500,-0.00339500
1624631725.75854945,0.00650000,0.01745329,-1.93369500,-0.00339500
1624631725.85878015,0.00650000,0.01745329,-1.93466500,-0.00339500
1624631725.95898342,0.00650000,0.01745329,-1.93466500,-0.00339500
1624631726.05906940,0.00650000,0.01745329,-1.93563500,-0.00339500
1624631726.15915442,0.00650000,0.01745329,-1.93660500,-0.00339500
1624631726.25939560,0.00650000,0.01745329,-1.93660500,-0.00339500
1624631726.35949683,0.00650000,0.01745329,-1.93757500,-0.00339500
1624631726.45980620,0.00700000,0.00000000,-1.93854500,-0.00339500
1624631726.55996943,0.00700000,0.00000000,-1.93854500,-0.00339500
1624631726.66014528,0.00700000,0.00000000,-1.93951500,-0.00339500
1624631726.76030278,0.00550000,-0.01745329,-1.94097000,-0.00339500
1624631726.86047244,0.00550000,-0.01745329,-1.94097000,-0.00339500
1624631726.96062565,0.00550000,-0.01745329,-1.94194000,-0.00339500
1624631727.06077814,0.00550000,-0.01745329,-1.94291000,-0.00339500
1624631727.16105509,0.00550000,-0.01745329,-1.94291000,-0.00339500
1624631727.26152682,0.00550000,-0.01745329,-1.94388000,-0.00339500
1624631727.36174655,0.00550000,-0.01745329,-1.94388000,-0.00339500
1624631727.46189904,0.00550000,-0.01745329,-1.94485000,-0.00339500
1624631727.56204557,0.00550000,-0.01745329,-1.94582000,-0.00339500
1624631727.66234350,0.00550000,-0.01745329,-1.94582000,-0.00339500
1624631727.76241064,0.00550000,-0.01745329,-1.94679000,-0.00339500
1624631727.86258149,0.00550000,-0.01745329,-1.94679000,-0.00339500
1624631727.96286631,0.00550000,-0.01745329,-1.94776000,-0.00242500
1624631728.06295848,0.00600000,0.00000000,-1.94873000,-0.00242500
1624631728.16310191,0.00600000,0.00000000,-1.94873000,-0.00242500
1624631728.26294303,0.00500000,0.00000000,-1.94970000,-0.00242500
1624631728.36313295,0.00500000,0.00000000,-1.94970000,-0.00242500
1624631728.46325779,0.00500000,0.00000000,-1.95067000,-0.00242500
1624631728.56324244,0.00450000,0.01745329,-1.95067000,-0.00242500
1624631728.66337776,0.00450000,0.01745329,-1.95164000,-0.00242500
1624631728.76349211,0.00450000,0.01745329,-1.95164000,-0.00242500
1624631728.86277652,0.00450000,0.01745329,-1.95261000,-0.00242500
1624631728.96295810,0.00450000,0.01745329,-1.95261000,-0.00242500
1624631729.06318998,0.00450000,0.01745329,-1.95358000,-0.00242500
1624631729.16349506,0.00450000,0.01745329,-1.95358000,-0.00242500
1624631729.26303697,0.00450000,0.01745329,-1.95455000,-0.00242500
1624631729.36339116,0.00450000,0.01745329,-1.95455000,-0.00242500
1624631729.46254158,0.00450000,0.01745329,-1.95552000,-0.00242500
1624631729.56327057,0.00450000,0.01745329,-1.95552000,-0.00242500
1624631729.66352916,0.00450000,0.01745329,-1.95697500,-0.00242500
1624631729.76387334,0.00450000,-0.01745329,-1.95697500,-0.00242500
1624631729.86436749,0.00450000,-0.01745329,-1.95794500,-0.00242500
1624631729.96371317,0.00450000,-0.01745329,-1.95794500,-0.00242500
1624631730.06399202,0.00350000,-0.01745329,-1.95891500,-0.00242500
1624631730.16432047,0.00350000,-0.01745329,-1.95891500,-0.00242500
1624631730.26388574,0.00350000,-0.01745329,-1.95891500,-0.00242500
1624631730.36418748,0.00350000,-0.01745329,-1.95988500,-0.00242500
1624631730.46445274,0.00350000,-0.01745329,-1.95988500,-0.00242500
1624631730.56372285,0.00350000,-0.01745329,-1.96085500,-0.00242500
1624631730.66371202,0.00350000,-0.01745329,-1.96085500,-0.00242500
1624631730.76415277,0.00350000,-0.01745329,-1.96085500,-0.00242500
1624631730.86360025,0.00400000,0.00000000,-1.96182500,-0.00242500
1624631730.96385670,0.00400000,0.00000000,-1.96182500,-0.00242500
1624631731.06408811,0.00400000,0.00000000,-1.96279500,-0.00242500
1624631731.16432095,0.00400000,0.00000000,-1.96279500,-0.00242500
1624631731.26398087,0.00400000,0.00000000,-1.96279500,-0.00242500
1624631731.36399770,0.00400000,0.00000000,-1.96376500,-0.00242500
1624631731.46406317,0.00400000,0.00000000,-1.96376500,-0.00242500
1624631731.56431460,0.00400000,0.00000000,-1.96473500,-0.00242500
1624631731.66454864,0.00400000,0.00000000,-1.96473500,-0.00242500
1624631731.76486707,0.00400000,0.00000000,-1.96473500,-0.00242500
1624631731.86516166,0.00400000,0.00000000,-1.96570500,-0.00242500
1624631731.96540976,0.00400000,0.00000000,-1.96570500,-0.00242500
1624631732.06467485,0.00400000,0.00000000,-1.96667500,-0.00242500
1624631732.16471481,0.00400000,0.00000000,-1.96667500,-0.00242500
1624631732.26499414,0.00400000,0.00000000,-1.96667500,-0.00242500
1624631732.36525083,0.00400000,0.00000000,-1.96764500,-0.00242500
1624631732.46549535,0.00300000,-0.01745329,-1.96764500,-0.00242500
1624631732.56473041,0.00300000,-0.01745329,-1.96764500,-0.00242500
1624631732.66500998,0.00300000,-0.01745329,-1.96861500,-0.00145500
1624631732.76530933,0.00300000,-0.01745329,-1.96861500,-0.00145500
1624631732.86551857,0.00300000,-0.01745329,-1.96861500,-0.00145500
1624631732.96572471,0.00300000,-0.01745329,-1.96958500,-0.00145500
1624631733.06596899,0.00300000,-0.01745329,-1.96958500,-0.00145500
1624631733.16624498,0.00300000,-0.01745329,-1.96958500,-0.00145500
1624631733.26647305,0.00300000,0.01745329,-1.96958500,-0.00145500
1624631733.36569405,0.00300000,0.01745329,-1.97055500,-0.00145500
1624631733.46570444,0.00300000,0.01745329,-1.97055500,-0.00145500
1624631733.56596756,0.00300000,0.01745329,-1.97055500,-0.00145500
1624631733.66622567,0.00300000,0.01745329,-1.97152500,-0.00145500
1624631733.76651001,0.00300000,0.01745329,-1.97152500,-0.00145500
1624631733.86682582,0.00300000,0.01745329,-1.97152500,-0.00145500
1624631733.96702480,0.00300000,0.01745329,-1.97298000,-0.00145500
1624631734.06717467,0.00300000,0.01745329,-1.97298000,-0.00145500
1624631734.16707563,0.00300000,0.01745329,-1.97298000,-0.00145500
1624631734.26714039,0.00300000,0.01745329,-1.97298000,-0.00145500
1624631734.36739969,0.00300000,0.01745329,-1.97395000,-0.00145500
1624631734.46667147,0.00300000,0.01745329,-1.97395000,-0.00145500
1624631734.56718755,0.00300000,0.00000000,-1.97395000,-0.00145500
1624631734.66682363,0.00300000,0.00000000,-1.97492000,-0.00145500
1624631734.76682162,0.00300000,0.00000000,-1.97492000,-0.00145500
1624631734.86684585,0.00300000,0.00000000,-1.97492000,-0.00145500
1624631734.96689606,0.00300000,0.00000000,-1.97589000,-0.00145500
1624631735.06690049,0.00300000,0.00000000,-1.97589000,-0.00145500
1624631735.16720319,0.00300000,0.00000000,-1.97589000,-0.00145500
1624631735.26744056,0.00300000,0.00000000,-1.97589000,-0.00145500
1624631735.36671638,0.00300000,0.00000000,-1.97686000,-0.00145500
1624631735.46720648,0.00300000,0.00000000,-1.97686000,-0.00145500
1624631735.56749678,0.00200000,0.00000000,-1.97686000,-0.00145500
1624631735.66775179,0.00200000,0.00000000,-1.97686000,-0.00145500
1624631735.76779985,0.00200000,0.00000000,-1.97783000,-0.00145500
1624631735.86815166,0.00200000,0.00000000,-1.97783000,-0.00145500
1624631735.96843195,0.00200000,0.00000000,-1.97783000,-0.00145500
1624631736.06765628,0.00200000,0.00000000,-1.97783000,-0.00145500
1624631736.16792727,0.00200000,0.00000000,-1.97783000,-0.00145500
1624631736.26857471,0.00200000,0.00000000,-1.97880000,-0.00145500
1624631736.36873507,0.00200000,0.00000000,-1.97880000,-0.00145500
1624631736.46903658,0.00200000,0.00000000,-1.97880000,-0.00145500
1624631736.56936097,0.00200000,0.00000000,-1.97880000,-0.00145500
1624631736.66956234,0.00200000,0.00000000,-1.97880000,-0.00145500
1624631736.76977706,0.00200000,0.00000000,-1.97977000,-0.00145500
1624631736.87055850,0.00200000,0.00000000,-1.97977000,-0.00145500
1624631736.97140026,0.00200000,0.00000000,-1.97977000,-0.00145500
1624631737.07067084,0.00200000,0.00000000,-1.97977000,-0.00145500
1624631737.17089677,0.00200000,0.00000000,-1.97977000,-0.00145500
1624631737.27113199,0.00200000,0.00000000,-1.98074000,-0.00145500
1624631737.37125039,0.00200000,-0.01745329,-1.98074000,-0.00145500
1624631737.47136283,0.00200000,-0.01745329,-1.98074000,-0.00145500
1624631737.57147884,0.00200000,-0.01745329,-1.98074000,-0.00145500
1624631737.67160082,0.00200000,-0.01745329,-1.98074000,-0.00145500
1624631737.77178144,0.00200000,-0.01745329,-1.98171000,-0.00145500
1624631737.87193465,0.00200000,-0.01745329,-1.98171000,-0.00145500
1624631737.97207403,0.00200000,-0.01745329,-1.98171000,-0.00145500
1624631738.07229638,0.00200000,-0.01745329,-1.98171000,-0.00145500
1624631738.17255402,0.00200000,-0.01745329,-1.98171000,-0.00145500
1624631738.27280354,0.00200000,-0.01745329,-1.98268000,-0.00145500
1624631738.37297416,0.00200000,-0.01745329,-1.98268000,-0.00145500
1624631738.47318435,0.00200000,-0.01745329,-1.98268000,-0.00145500
1624631738.57332683,0.00200000,-0.01745329,-1.98268000,-0.00145500
1624631738.67344594,0.00200000,-0.01745329,-1.98268000,-0.00145500
1624631738.77357483,0.00200000,-0.01745329,-1.98365000,-0.00145500
1624631738.87372732,0.00200000,0.00000000,-1.98365000,-0.00145500
1624631738.97378731,0.00200000,0.00000000,-1.98365000,-0.00145500
1624631739.07389927,0.00200000,0.00000000,-1.98365000,-0.00145500
1624631739.17397332,0.00200000,0.00000000,-1.98365000,-0.00145500
1624631739.27409291,0.00200000,0.00000000,-1.98462000,-0.00145500
1624631739.37423468,0.00200000,-0.01745329,-1.98462000,-0.00145500
1624631739.47434664,0.00200000,-0.01745329,-1.98462000,-0.00145500
1624631739.57394719,0.00200000,-0.01745329,-1.98462000,-0.00145500
1624631739.67403746,0.00200000,-0.01745329,-1.98462000,-0.00145500
1624631739.77439046,0.00200000,-0.01745329,-1.98559000,-0.00145500
1624631739.87454200,0.00200000,-0.01745329,-1.98559000,-0.00145500
1624631739.97498083,0.00200000,-0.01745329,-1.98559000,-0.00145500
1624631740.07502937,0.00200000,-0.01745329,-1.98559000,-0.00145500
1624631740.17520118,0.00200000,-0.01745329,-1.98559000,-0.00145500
1624631740.27513480,0.00200000,-0.01745329,-1.98656000,-0.00145500
1624631740.37477160,0.00100000,0.00000000,-1.98656000,-0.00000000
1624631740.47525692,0.00100000,0.00000000,-1.98656000,-0.00000000
1624631740.57473636,0.00100000,0.00000000,-1.98656000,-0.00000000
1624631740.67527485,0.00100000,0.00000000,-1.98656000,-0.00000000
1624631740.77478957,0.00100000,0.00000000,-1.98656000,-0.00000000
1624631740.87516046,0.00100000,-0.01745329,-1.98656000,-0.00000000
1624631740.97551441,0.00100000,0.05235988,-1.98656000,-0.00000000
1624631741.07550073,0.00100000,0.05235988,-1.98656000,-0.00000000
1624631741.17561579,0.00100000,0.05235988,-1.98656000,-0.00000000
1624631741.27598572,0.00100000,0.05235988,-1.98753000,-0.00000000
1624631741.37633705,0.00100000,0.05235988,-1.98753000,-0.00000000
1624631741.47567654,0.00100000,0.05235988,-1.98753000,-0.00000000
1624631741.57600045,0.00100000,0.05235988,-1.98753000,-0.00000000
1624631741.67597628,0.00100000,0.05235988,-1.98753000,-0.00000000
1624631741.77595496,0.00100000,0.03490659,-1.98753000,-0.00000000
1624631741.87590814,0.00100000,0.03490659,-1.98753000,-0.00000000
1624631741.97608209,0.00100000,0.03490659,-1.98753000,-0.00000000
1624631742.07621121,0.00100000,0.03490659,-1.98753000,-0.00000000
1624631742.17636561,0.00100000,0.03490659,-1.98753000,-0.00000000
1624631742.27642012,0.00100000,0.03490659,-1.98898500,-0.00000000
1624631742.37615800,0.00100000,0.03490659,-1.98898500,-0.00000000
1624631742.47566271,0.00100000,0.01745329,-1.98898500,-0.00000000
1624631742.57614660,0.00100000,0.01745329,-1.98898500,-0.00000000
1624631742.67636275,0.00100000,0.01745329,-1.98898500,-0.00000000
1624631742.77659822,0.00100000,0.01745329,-1.98898500,-0.00000000
1624631742.87704659,0.00100000,0.01745329,-1.98898500,-0.00000000
1624631742.97735310,0.00100000,0.01745329,-1.98898500,-0.00000000
1624631743.07755971,0.00100000,0.01745329,-1.98898500,-0.00000000
1624631743.17774701,0.00100000,0.01745329,-1.98898500,-0.00000000
1624631743.27785683,0.00100000,0.01745329,-1.98995500,-0.00000000
1624631743.37809300,0.00100000,0.01745329,-1.98995500,-0.00000000
1624631743.47829723,0.00100000,0.01745329,-1.98995500,-0.00000000
1624631743.57838464,0.00100000,0.01745329,-1.98995500,-0.00000000
1624631743.67773557,0.00100000,0.01745329,-1.98995500,-0.00000000
1624631743.77778292,0.00100000,0.01745329,-1.98995500,-0.00000000
1624631743.87801504,0.00100000,0.01745329,-1.98995500,-0.00000000
1624631743.97834635,0.00100000,0.01745329,-1.98995500,-0.00000000
1624631744.07854676,0.00100000,0.01745329,-1.98995500,-0.00000000
1624631744.17952919,0.00100000,0.01745329,-1.98995500,-0.00000000
1624631744.27960801,0.00100000,-0.01745329,-1.99092500,-0.00000000
1624631744.38058925,0.00100000,-0.01745329,-1.99092500,-0.00000000
1624631744.48063350,0.00100000,-0.01745329,-1.99092500,-0.00000000
1624631744.58084846,0.00100000,-0.01745329,-1.99092500,-0.00000000
1624631744.68147779,0.00100000,-0.01745329,-1.99092500,-0.00000000
1624631744.78097939,0.00100000,-0.01745329,-1.99092500,-0.00000000
1624631744.88153148,0.00100000,-0.01745329,-1.99092500,-0.00000000
1624631744.98099303,0.00100000,-0.01745329,-1.99092500,-0.00000000
1624631745.08119178,0.00100000,-0.01745329,-1.99092500,-0.00000000
1624631745.18057275,0.00100000,-0.01745329,-1.99092500,-0.00000000
1624631745.28087044,0.00100000,-0.01745329,-1.99189500,-0.00000000
1624631745.38082099,0.00100000,0.01745329,-1.99189500,-0.00000000
1624631745.48057413,0.00100000,0.01745329,-1.99189500,-0.00000000
1624631745.58148909,0.00100000,0.01745329,-1.99189500,-0.00000000
1624631745.68089223,0.00100000,0.01745329,-1.99189500,-0.00000000
1624631745.78110433,0.00100000,0.01745329,-1.99189500,-0.00000000
1624631745.88093138,0.00100000,0.01745329,-1.99189500,-0.00000000
1624631745.98124433,0.00100000,0.01745329,-1.99189500,-0.00000000
1624631746.08150268,0.00100000,0.01745329,-1.99189500,-0.00000000
1624631746.18115401,0.00100000,0.01745329,-1.99189500,-0.00000000
1624631746.28135943,0.00100000,0.01745329,-1.99286500,-0.00000000
1624631746.38087511,0.00100000,0.01745329,-1.99286500,-0.00000000
1624631746.48140597,0.00100000,-0.01745329,-1.99286500,-0.00000000
1624631746.58155727,0.00100000,-0.01745329,-1.99286500,-0.00000000
1624631746.68226528,0.00100000,-0.01745329,-1.99286500,-0.00000000
1624631746.78263307,0.00100000,-0.01745329,-1.99286500,-0.00000000
1624631746.88332319,0.00100000,-0.01745329,-1.99286500,-0.00000000
1624631746.98328733,0.00100000,-0.01745329,-1.99286500,-0.00000000
1624631747.08319998,0.00100000,-0.01745329,-1.99286500,-0.00000000
1624631747.18283010,0.00100000,-0.01745329,-1.99286500,-0.00000000
1624631747.28316331,0.00100000,-0.01745329,-1.99383500,-0.00000000
1624631747.38350725,0.00100000,-0.01745329,-1.99383500,-0.00000000
1624631747.48379374,0.00100000,-0.01745329,-1.99383500,-0.00000000
1624631747.58417559,0.00100000,0.01745329,-1.99383500,-0.00000000
1624631747.68365455,0.00100000,0.01745329,-1.99383500,-0.00000000
1624631747.78377008,0.00100000,0.01745329,-1.99383500,-0.00000000
1624631747.88407755,0.00100000,0.01745329,-1.99383500,-0.00000000
1624631747.98357105,0.00100000,0.01745329,-1.99383500,-0.00000000
1624631748.08370185,0.00100000,0.01745329,-1.99383500,-0.00000000
1624631748.18424439,0.00100000,0.01745329,-1.99383500,-0.00000000
1624631748.28386235,0.00100000,0.01745329,-1.99480500,-0.00000000
1624631748.38389921,0.00100000,0.01745329,-1.99480500,-0.00000000
1624631748.48398757,0.00100000,0.01745329,-1.99480500,-0.00000000
1624631748.58398151,0.00100000,0.01745329,-1.99480500,-0.00000000
1624631748.68412781,0.00100000,-0.01745329,-1.99480500,-0.00000000
1624631748.78434610,0.00100000,-0.01745329,-1.99480500,-0.00000000
1624631748.88362002,0.00100000,-0.01745329,-1.99480500,-0.00000000
1624631748.98458457,0.00100000,-0.01745329,-1.99480500,-0.00000000
1624631749.08534789,0.00100000,-0.01745329,-1.99480500,-0.00000000
1624631749.18532324,0.00100000,-0.01745329,-1.99480500,-0.00000000
1624631749.28523040,0.00100000,-0.01745329,-1.99577500,-0.00000000
1624631749.38539410,0.00100000,-0.01745329,-1.99577500,-0.00000000
1624631749.48537159,0.00100000,-0.01745329,-1.99577500,-0.00000000
1624631749.58624768,0.00100000,-0.01745329,-1.99577500,-0.00000000
1624631749.68650723,0.00100000,-0.01745329,-1.99577500,-0.00000000
1624631749.78564286,0.00100000,0.01745329,-1.99577500,-0.00000000
1624631749.88594985,0.00000000,0.01745329,-1.99577500,-0.00000000
1624631749.98626089,0.00000000,0.01745329,-1.99577500,-0.00000000
1624631750.08645225,0.00000000,0.01745329,-1.99577500,-0.00000000
1624631750.18632221,0.00000000,0.01745329,-1.99577500,-0.00000000
1624631750.28594851,0.00000000,0.01745329,-1.99577500,-0.00000000
1624631750.38638783,0.00000000,0.01745329,-1.99577500,-0.00000000
1624631750.48565698,0.00000000,0.01745329,-1.99577500,-0.00000000
1624631750.58588433,0.00000000,0.01745329,-1.99577500,-0.00000000
1624631750.68625331,0.00000000,0.01745329,-1.99577500,-0.00000000
1624631750.78558493,0.00000000,0.01745329,-1.99577500,-0.00000000
1624631750.88594484,0.00000000,-0.01745329,-1.99577500,-0.00000000
1624631750.98625803,0.00000000,-0.01745329,-1.99577500,-0.00000000
1624631751.08655667,0.00000000,-0.01745329,-1.99577500,-0.00000000
1624631751.18677688,0.00000000,-0.01745329,-1.99577500,-0.00000000
1624631751.28727603,0.00000000,-0.01745329,-1.99577500,-0.00000000
1624631751.38691473,0.00000000,-0.01745329,-1.99577500,-0.00000000
1624631751.48730564,0.00000000,-0.01745329,-1.99577500,-0.00000000
1624631751.58741403,0.00000000,-0.01745329,-1.99577500,-0.00000000
1624631751.68698573,0.00000000,-0.01745329,-1.99577500,-0.00000000
1624631751.78743982,0.00000000,-0.01745329,-1.99577500,-0.00000000
1624631751.88673592,0.00000000,-0.01745329,-1.99577500,-0.00000000
1624631751.98702407,0.00000000,0.01745329,-1.99577500,-0.00000000
1624631752.08747125,0.00000000,0.01745329,-1.99577500,-0.00000000
1624631752.18719506,0.00000000,0.01745329,-1.99577500,-0.00000000
1624631752.28695631,0.00000000,0.01745329,-1.99577500,-0.00000000
1624631752.38682914,0.00000000,0.01745329,-1.99577500,-0.00000000
1624631752.48750997,0.00000000,0.01745329,-1.99577500,-0.00000000
1624631752.58819318,0.00000000,0.01745329,-1.99577500,-0.00000000
1624631752.68782020,0.00000000,0.01745329,-1.99577500,-0.00000000
1624631752.78809333,0.00000000,0.01745329,-1.99577500,-0.00000000
1624631752.88780928,0.00000000,0.01745329,-1.99577500,-0.00000000
1624631752.98808575,0.00000000,0.01745329,-1.99577500,-0.00000000
1624631753.08859897,0.00000000,-0.01745329,-1.99577500,-0.00000000
1624631753.18889117,0.00000000,-0.01745329,-1.99577500,-0.00000000
1624631753.28942537,0.00000000,-0.01745329,-1.99577500,-0.00000000
1624631753.38952875,0.00000000,-0.01745329,-1.99577500,-0.00000000
1624631753.48893738,0.00000000,-0.01745329,-1.99577500,-0.00000000
1624631753.58916473,0.00000000,-0.01745329,-1.99577500,-0.00000000
1624631753.68946695,0.00000000,-0.01745329,-1.99577500,-0.00000000
1624631753.78888106,0.00000000,-0.01745329,-1.99577500,-0.00000000
1624631753.88940907,0.00000000,-0.01745329,-1.99577500,-0.00000000
1624631753.98873162,0.00000000,-0.01745329,-1.99577500,-0.00000000
1624631754.08873534,0.00000000,-0.01745329,-1.99577500,-0.00000000
1624631754.18913436,0.00000000,0.01745329,-1.99577500,-0.00000000
1624631754.28951049,0.00000000,0.01745329,-1.99577500,-0.00000000
1624631754.38922930,0.00000000,0.01745329,-1.99577500,-0.00000000
1624631754.48923349,0.00000000,0.01745329,-1.99577500,-0.00000000
1624631754.58927512,0.00000000,0.01745329,-1.99577500,-0.00000000
1624631754.68929291,0.00000000,0.01745329,-1.99577500,-0.00000000
1624631754.78883553,0.00000000,0.01745329,-1.99577500,-0.00000000
1624631754.88916659,0.00000000,0.01745329,-1.99577500,-0.00000000
1624631754.98873806,0.00000000,0.01745329,-1.99577500,-0.00000000
1624631755.08923578,0.00000000,0.01745329,-1.99577500,-0.00000000
1624631755.18895626,0.00000000,0.01745329,-1.99577500,-0.00000000
1624631755.28938246,0.00000000,-0.01745329,-1.99577500,-0.00000000
1624631755.38930869,0.00000000,-0.01745329,-1.99577500,-0.00000000
1624631755.48957133,0.00000000,-0.01745329,-1.99577500,-0.00000000
1624631755.58979845,0.00000000,-0.01745329,-1.99577500,-0.00000000
1624631755.69018865,0.00000000,-0.01745329,-1.99577500,-0.00000000
1624631755.79049206,0.00000000,-0.01745329,-1.99577500,-0.00000000
1624631755.89122772,0.00000000,-0.01745329,-1.99577500,-0.00000000
1624631755.99143791,0.00000000,-0.01745329,-1.99577500,-0.00000000
1624631756.09074473,0.00000000,-0.01745329,-1.99577500,-0.00000000
1624631756.19116235,0.00000000,-0.01745329,-1.99577500,-0.00000000
1624631756.29072285,0.00000000,-0.01745329,-1.99577500,-0.00000000
1624631756.39062119,0.00000000,0.01745329,-1.99577500,-0.00000000
1624631756.49151993,0.00000000,0.01745329,-1.99577500,-0.00000000
1624631756.59239554,0.00000000,0.01745329,-1.99577500,-0.00000000
1624631756.69262719,0.00000000,0.01745329,-1.99577500,-0.00000000
1624631756.79291654,0.00000000,0.01745329,-1.99577500,-0.00000000
1624631756.89274621,0.00000000,0.01745329,-1.99577500,-0.00000000
1624631756.99324012,0.00000000,0.01745329,-1.99577500,-0.00000000
1624631757.09292889,0.00000000,0.01745329,-1.99577500,-0.00000000
1624631757.19304442,0.00000000,0.01745329,-1.99577500,-0.00000000
1624631757.29263854,0.00000000,0.01745329,-1.99577500,-0.00000000
1624631757.39337373,0.00000000,0.01745329,-1.99577500,-0.00000000
1624631757.49300957,0.00000000,-0.01745329,-1.99577500,-0.00000000
1624631757.59285831,0.00000000,-0.01745329,-1.99577500,-0.00000000
1624631757.69362879,0.00000000,-0.01745329,-1.99577500,-0.00000000
1624631757.79383779,0.00000000,-0.01745329,-1.99577500,-0.00000000
1624631757.89396906,0.00000000,-0.01745329,-1.99577500,-0.00000000
1624631757.99431038,0.00000000,-0.01745329,-1.99577500,-0.00000000
1624631758.09366298,0.00000000,-0.01745329,-1.99577500,-0.00000000
1624631758.19405341,0.00000000,-0.01745329,-1.99577500,-0.00000000
1624631758.29381061,0.00000000,-0.01745329,-1.99577500,-0.00000000
1624631758.39447522,0.00000000,-0.01745329,-1.99577500,-0.00000000
1624631758.49441600,0.00000000,-0.01745329,-1.99577500,-0.00000000
1624631758.59433866,0.00000000,0.01745329,-1.99577500,-0.00000000
1624631758.69439006,0.00000000,0.01745329,-1.99577500,-0.00000000
1624631758.79432678,0.00000000,0.01745329,-1.99577500,-0.00000000
1624631758.89438462,0.00000000,0.01745329,-1.99577500,-0.00000000
1624631758.99391675,0.00000000,0.01745329,-1.99577500,-0.00000000
1624631759.09446526,0.00000000,0.01745329,-1.99577500,-0.00000000
1624631759.19380593,0.00000000,0.01745329,-1.99577500,-0.00000000
1624631759.29406786,0.00000000,0.01745329,-1.99577500,-0.00000000
1624631759.39441061,0.00000000,0.01745329,-1.99577500,-0.00000000
1624631759.49365902,0.00000000,0.01745329,-1.99577500,-0.00000000
1624631759.59361100,0.00000000,0.01745329,-1.99577500,-0.00000000
1624631759.69396067,0.00000000,-0.01745329,-1.99577500,-0.00000000
1624631759.79446197,0.00000000,-0.01745329,-1.99577500,-0.00000000
1624631759.89379907,0.00000000,-0.01745329,-1.99577500,-0.00000000
1624631759.99405885,0.00000000,-0.01745329,-1.99577500,-0.00000000
1624631760.09397221,0.00000000,-0.01745329,-1.99577500,-0.00000000
1624631760.19434309,0.00000000,-0.01745329,-1.99577500,-0.00000000
1624631760.29431820,0.00000000,-0.01745329,-1.99577500,-0.00000000
1624631760.39437485,0.00000000,-0.01745329,-1.99577500,-0.00000000
1624631760.49368286,0.00000000,-0.01745329,-1.99577500,-0.00000000
1624631760.59394002,0.00000000,-0.01745329,-1.99577500,-0.00000000
1624631760.69420671,0.00000000,-0.01745329,-1.99577500,-0.00000000
1624631760.79436660,0.00000000,0.01745329,-1.99577500,-0.00000000
1624631760.89364743,0.00000000,0.01745329,-1.99577500,-0.00000000
1624631760.99384594,0.00000000,0.01745329,-1.99577500,-0.00000000
1624631761.09451699,0.00000000,0.01745329,-1.99577500,-0.00000000
1624631761.19479156,0.00000000,0.01745329,-1.99577500,-0.00000000
1624631761.29499578,0.00000000,0.01745329,-1.99577500,-0.00000000
1624631761.39476633,0.00000000,0.01745329,-1.99577500,-0.00000000
1624631761.49496913,0.00000000,0.01745329,-1.99577500,-0.00000000
1624631761.59520054,0.00000000,0.01745329,-1.99577500,-0.00000000
1624631761.69554901,0.00000000,0.01745329,-1.99577500,-0.00000000
1624631761.79592347,0.00000000,0.01745329,-1.99577500,-0.00000000
1624631761.89615822,0.00000000,-0.01745329,-1.99577500,-0.00000000
1624631761.99649239,0.00000000,-0.01745329,-1.99577500,-0.00000000
1624631762.09564400,0.00000000,-0.01745329,-1.99577500,-0.00000000
1624631762.19634652,0.00000000,-0.01745329,-1.99577500,-0.00000000
1624631762.29585099,0.00000000,-0.01745329,-1.99577500,-0.00000000
1624631762.39615726,0.00000000,-0.01745329,-1.99577500,-0.00000000
1624631762.49633718,0.00000000,-0.01745329,-1.99577500,-0.00000000
1624631762.59656191,0.00000000,-0.01745329,-1.99577500,-0.00000000
1624631762.69684553,0.00000000,-0.01745329,-1.99577500,-0.00000000
1624631762.79714131,0.00000000,-0.01745329,-1.99577500,-0.00000000
1624631762.89746451,0.00000000,-0.01745329,-1.99577500,-0.00000000
1624631762.99664211,0.00000000,0.01745329,-1.99577500,-0.00000000
1624631763.09764457,0.00000000,0.01745329,-1.99577500,-0.00000000
1624631763.19855547,0.00000000,0.01745329,-1.99577500,-0.00000000
1624631763.29957175,0.00000000,0.01745329,-1.99577500,-0.00000000
1624631763.39990449,0.00000000,0.01745329,-1.99577500,-0.00000000
1624631763.50034094,0.00000000,0.01745329,-1.99577500,-0.00000000
1624631763.60017180,0.00000000,0.01745329,-1.99577500,-0.00000000
1624631763.70055985,0.00000000,0.01745329,-1.99577500,-0.00000000
1624631763.80096483,0.00000000,0.01745329,-1.99577500,-0.00000000
1624631763.90125895,0.00000000,0.01745329,-1.99577500,-0.00000000
1624631764.00156355,0.00000000,0.01745329,-1.99577500,-0.00000000
1624631764.10191774,0.00000000,-0.01745329,-1.99577500,-0.00000000
1624631764.20218921,0.00000000,-0.01745329,-1.99577500,-0.00000000
1624631764.30242944,0.00000000,-0.01745329,-1.99577500,-0.00000000
1624631764.40169668,0.00000000,-0.01745329,-1.99577500,-0.00000000
1624631764.50211048,0.00000000,-0.01745329,-1.99577500,-0.00000000
1624631764.60242248,0.00000000,-0.01745329,-1.99577500,-0.00000000
1624631764.70233965,0.00000000,-0.01745329,-1.99577500,-0.00000000
1624631764.80222344,0.00000000,-0.01745329,-1.99577500,-0.00000000
1624631764.90211105,0.00000000,-0.01745329,-1.99577500,-0.00000000
1624631765.00247335,0.00000000,-0.01745329,-1.99577500,-0.00000000
1624631765.10167193,0.00000000,-0.01745329,-1.99577500,-0.00000000
1624631765.20176959,0.00000000,0.01745329,-1.99577500,-0.00000000
1624631765.30203676,0.00000000,0.01745329,-1.99577500,-0.00000000
1624631765.40232396,0.00000000,0.01745329,-1.99577500,-0.00000000
1624631765.50247455,0.00000000,0.01745329,-1.99577500,-0.00000000
1624631765.60171342,0.00000000,0.01745329,-1.99577500,-0.00000000
1624631765.70201325,0.00000000,0.01745329,-1.99577500,-0.00000000
1624631765.80230498,0.00000000,0.01745329,-1.99577500,-0.00000000
1624631765.90157366,0.00000000,0.01745329,-1.99577500,-0.00000000
1624631766.00202942,0.00000000,0.01745329,-1.99577500,-0.00000000
1624631766.10233259,0.00000000,0.01745329,-1.99577500,-0.00000000
1624631766.20217609,0.00000000,0.01745329,-1.99577500,-0.00000000
1624631766.30218077,0.00000000,-0.01745329,-1.99577500,-0.00000000
1624631766.40208912,0.00000000,-0.01745329,-1.99577500,-0.00000000
1624631766.50201559,0.00000000,-0.01745329,-1.99577500,-0.00000000
1624631766.60185838,0.00000000,-0.01745329,-1.99577500,-0.00000000
1624631766.70185423,0.00000000,-0.01745329,-1.99577500,-0.00000000
1624631766.80195475,0.00000000,-0.01745329,-1.99577500,-0.00000000
1624631766.90185237,0.00000000,-0.01745329,-1.99577500,-0.00000000
1624631767.00213695,0.00000000,-0.01745329,-1.99577500,-0.00000000
1624631767.10240817,0.00000000,-0.01745329,-1.99577500,-0.00000000
1624631767.20244956,0.00000000,-0.01745329,-1.99577500,-0.00000000
1624631767.30275893,0.00000000,-0.01745329,-1.99577500,-0.00000000
1624631767.40302157,0.00000000,0.01745329,-1.99577500,-0.00000000
1624631767.50328612,0.00000000,0.01745329,-1.99577500,-0.00000000
1624631767.60355926,0.00000000,0.01745329,-1.99577500,-0.00000000
1624631767.70372534,0.00000000,0.01745329,-1.99577500,-0.00000000
1624631767.80439138,0.00000000,0.01745329,-1.99577500,-0.00000000
1624631767.90374088,0.00000000,0.01745329,-1.99577500,-0.00000000
1624631768.00395226,0.00000000,0.01745329,-1.99577500,-0.00000000
1624631768.10425091,0.00000000,0.01745329,-1.99577500,-0.00000000
1624631768.20458674,0.00000000,0.01745329,-1.99577500,-0.00000000
1624631768.30488658,0.00000000,0.01745329,-1.99577500,-0.00000000
1624631768.40515542,0.00000000,0.01745329,-1.99577500,-0.00000000
1624631768.50543904,0.00000000,-0.01745329,-1.99577500,-0.00000000
1624631768.60463023,0.00000000,-0.01745329,-1.99577500,-0.00000000
1624631768.70502353,0.00000000,-0.01745329,-1.99577500,-0.00000000
1624631768.80531096,0.00000000,-0.01745329,-1.99577500,-0.00000000
1624631768.90466666,0.00000000,-0.01745329,-1.99577500,-0.00000000
1624631769.00476885,0.00000000,-0.01745329,-1.99577500,-0.00000000
1624631769.10514212,0.00000000,-0.01745329,-1.99577500,-0.00000000
1624631769.20544600,0.00000000,-0.01745329,-1.99577500,-0.00000000
1624631769.30475163,0.00000000,-0.01745329,-1.99577500,-0.00000000
1624631769.40502787,0.00000000,-0.01745329,-1.99577500,-0.00000000
1624631769.50532675,0.00000000,-0.01745329,-1.99577500,-0.00000000
1624631769.60477161,0.00000000,0.01745329,-1.99577500,-0.00000000
1624631769.70518041,0.00000000,0.01745329,-1.99577500,-0.00000000
1624631769.80468750,0.00000000,0.01745329,-1.99577500,-0.00000000
1624631769.90516877,0.00000000,0.01745329,-1.99577500,-0.00000000
1624631770.00549340,0.00000000,0.01745329,-1.99577500,-0.00000000
1624631770.10487199,0.00000000,0.01745329,-1.99577500,-0.00000000
1624631770.20540190,0.00000000,0.01745329,-1.99577500,-0.00000000
1624631770.30468941,0.00000000,0.01745329,-1.99577500,-0.00000000
1624631770.40492010,0.00000000,0.01745329,-1.99577500,-0.00000000
1624631770.50512075,0.00000000,0.01745329,-1.99577500,-0.00000000
1624631770.60549116,0.00000000,0.01745329,-1.99577500,-0.00000000
1624631770.70574546,0.00000000,-0.01745329,-1.99577500,-0.00000000
1624631770.80601168,0.00000000,-0.01745329,-1.99577500,-0.00000000
1624631770.90629363,0.00000000,-0.01745329,-1.99577500,-0.00000000
1624631771.00582671,0.00000000,-0.01745329,-1.99577500,-0.00000000
1624631771.10624933,0.00000000,-0.01745329,-1.99577500,-0.00000000
1624631771.20606351,0.00000000,-0.01745329,-1.99577500,-0.00000000
1624631771.30632925,0.00000000,-0.01745329,-1.99577500,-0.00000000
1624631771.40564370,0.00000000,-0.01745329,-1.99577500,-0.00000000
1624631771.50595975,0.00000000,-0.01745329,-1.99577500,-0.00000000
1624631771.60585284,0.00000000,-0.01745329,-1.99577500,-0.00000000
1624631771.70615196,0.00000000,-0.01745329,-1.99577500,-0.00000000
1624631771.80648828,0.00000000,0.01745329,-1.99577500,-0.00000000
1624631771.90574408,0.00000000,0.01745329,-1.99577500,-0.00000000
1624631772.00598097,0.00000000,0.01745329,-1.99577500,-0.00000000
1624631772.10625744,0.00000000,0.01745329,-1.99577500,-0.00000000
1624631772.20568657,0.00000000,0.01745329,-1.99577500,-0.00000000
1624631772.30611134,0.00000000,0.01745329,-1.99577500,-0.00000000
1624631772.40638447,0.00000000,0.01745329,-1.99577500,-0.00000000
1624631772.50641251,0.00000000,0.01745329,-1.99577500,-0.00000000
1624631772.60639358,0.00000000,0.01745329,-1.99577500,-0.00000000
1624631772.70568466,0.00000000,0.01745329,-1.99577500,-0.00000000
1624631772.80593801,0.00000000,0.01745329,-1.99577500,-0.00000000
1624631772.90622592,0.00000000,-0.01745329,-1.99577500,-0.00000000
1624631773.00651383,0.00000000,-0.01745329,-1.99577500,-0.00000000
1624631773.10573030,0.00000000,-0.01745329,-1.99577500,-0.00000000
1624631773.20596528,0.00000000,-0.01745329,-1.99577500,-0.00000000
1624631773.30630708,0.00000000,-0.01745329,-1.99577500,-0.00000000
1624631773.40655327,0.00000000,-0.01745329,-1.99577500,-0.00000000
1624631773.50680304,0.00000000,-0.01745329,-1.99577500,-0.00000000
1624631773.60702229,0.00000000,-0.01745329,-1.99577500,-0.00000000
1624631773.70727611,0.00000000,-0.01745329,-1.99577500,-0.00000000
1624631773.80759478,0.00000000,-0.01745329,-1.99577500,-0.00000000
1624631773.90784955,0.00000000,-0.01745329,-1.99577500,-0.00000000
1624631774.00801945,0.00000000,0.01745329,-1.99577500,-0.00000000
1624631774.10830617,0.00000000,0.01745329,-1.99577500,-0.00000000
1624631774.20855856,0.00000000,0.01745329,-1.99577500,-0.00000000
1624631774.30883002,0.00000000,0.01745329,-1.99577500,-0.00000000
1624631774.40906453,0.00000000,0.01745329,-1.99577500,-0.00000000
1624631774.50955200,0.00000000,0.01745329,-1.99577500,-0.00000000
1624631774.60980988,0.00000000,0.01745329,-1.99577500,-0.00000000
1624631774.71008086,0.00000000,0.01745329,-1.99577500,-0.00000000
1624631774.81035900,0.00000000,0.01745329,-1.99577500,-0.00000000
1624631774.90968108,0.00000000,0.01745329,-1.99577500,-0.00000000
1624631775.00999498,0.00000000,0.01745329,-1.99577500,-0.00000000
1624631775.11029196,0.00000000,-0.01745329,-1.99577500,-0.00000000
1624631775.21054888,0.00000000,-0.01745329,-1.99577500,-0.00000000
1624631775.31085610,0.00000000,-0.01745329,-1.99577500,-0.00000000
1624631775.41110754,0.00000000,-0.01745329,-1.99577500,-0.00000000
1624631775.51156044,0.00000000,-0.01745329,-1.99577500,-0.00000000
1624631775.61255121,0.00000000,-0.01745329,-1.99577500,-0.00000000
1624631775.71284533,0.00000000,-0.01745329,-1.99577500,-0.00000000
1624631775.81269813,0.00000000,-0.01745329,-1.99577500,-0.00000000
1624631775.91341114,0.00000000,-0.01745329,-1.99577500,-0.00000000
1624631776.01264358,0.00000000,-0.01745329,-1.99577500,-0.00000000
1624631776.11358142,0.00000000,-0.01745329,-1.99577500,-0.00000000
1624631776.21459031,0.00000000,0.01745329,-1.99577500,-0.00000000
1624631776.31475353,0.00000000,0.01745329,-1.99577500,-0.00000000
1624631776.41495514,0.00000000,0.01745329,-1.99577500,-0.00000000
1624631776.51522064,0.00000000,0.01745329,-1.99577500,-0.00000000
1624631776.61548615,0.00000000,0.01745329,-1.99577500,-0.00000000
1624631776.71481872,0.00000000,0.01745329,-1.99577500,-0.00000000
1624631776.81501293,0.00000000,0.01745329,-1.99577500,-0.00000000
1624631776.91530132,0.00000000,0.01745329,-1.99577500,-0.00000000
1624631777.01553822,0.00000000,0.01745329,-1.99577500,-0.00000000
1624631777.11475778,0.00000000,0.01745329,-1.99577500,-0.00000000
1624631777.21497583,0.00000000,0.01745329,-1.99577500,-0.00000000
1624631777.31527352,0.00000000,-0.01745329,-1.99577500,-0.00000000
1624631777.41551304,0.00000000,-0.01745329,-1.99577500,-0.00000000
1624631777.51524520,0.00000000,-0.01745329,-1.99577500,-0.00000000
1624631777.61499691,0.00000000,-0.01745329,-1.99577500,-0.00000000
1624631777.71538520,0.00000000,-0.01745329,-1.99577500,-0.00000000
1624631777.81563544,0.00000000,-0.01745329,-1.99577500,-0.00000000
1624631777.91585302,0.00000000,-0.01745329,-1.99577500,-0.00000000
1624631778.01662827,0.00000000,-0.01745329,-1.99577500,-0.00000000
1624631778.11687064,0.00000000,-0.01745329,-1.99577500,-0.00000000
1624631778.21688366,0.00000000,-0.01745329,-1.99577500,-0.00000000
1624631778.31689095,0.00000000,-0.01745329,-1.99577500,-0.00000000
1624631778.41687059,0.00000000,0.01745329,-1.99577500,-0.00000000
1624631778.51676941,0.00000000,0.01745329,-1.99577500,-0.00000000
1624631778.61702561,0.00000000,0.01745329,-1.99577500,-0.00000000
1624631778.71733427,0.00000000,0.01745329,-1.99577500,-0.00000000
1624631778.81749868,0.00000000,0.01745329,-1.99577500,-0.00000000
1624631778.91683173,0.00000000,0.01745329,-1.99577500,-0.00000000
1624631779.01700211,0.00000000,0.01745329,-1.99577500,-0.00000000
1624631779.11672378,0.00000000,0.01745329,-1.99577500,-0.00000000
1624631779.21702099,0.00000000,0.01745329,-1.99577500,-0.00000000
1624631779.31732321,0.00000000,0.01745329,-1.99577500,-0.00000000
1624631779.41759062,0.00000000,0.01745329,-1.99577500,-0.00000000
1624631779.51792836,0.00000000,-0.01745329,-1.99577500,-0.00000000
1624631779.61817217,0.00000000,-0.01745329,-1.99577500,-0.00000000
1624631779.71848679,0.00000000,-0.01745329,-1.99577500,-0.00000000
1624631779.81769633,0.00000000,-0.01745329,-1.99577500,-0.00000000
1624631779.91809511,0.00000000,-0.01745329,-1.99577500,-0.00000000
1624631780.01834750,0.00000000,-0.01745329,-1.99577500,-0.00000000
1624631780.11864495,0.00000000,-0.01745329,-1.99577500,-0.00000000
1624631780.21906781,0.00000000,-0.01745329,-1.99577500,-0.00000000
1624631780.31935072,0.00000000,-0.01745329,-1.99577500,-0.00000000
1624631780.41863585,0.00000000,-0.01745329,-1.99577500,-0.00000000
1624631780.51892376,0.00000000,-0.01745329,-1.99577500,-0.00000000
1624631780.61926150,0.00000000,0.01745329,-1.99577500,-0.00000000
1624631780.71954703,0.00000000,0.01745329,-1.99577500,-0.00000000
1624631780.81986451,0.00000000,0.01745329,-1.99577500,-0.00000000
1624631780.92013311,0.00000000,0.01745329,-1.99577500,-0.00000000
1624631781.02042532,0.00000000,0.01745329,-1.99577500,-0.00000000
1624631781.11970568,0.00000000,0.01745329,-1.99577500,-0.00000000
1624631781.21990395,0.00000000,0.01745329,-1.99577500,-0.00000000
1624631781.31985688,0.00000000,0.01745329,-1.99577500,-0.00000000
1624631781.41980124,0.00000000,0.01745329,-1.99577500,-0.00000000
1624631781.51970577,0.00000000,0.01745329,-1.99577500,-0.00000000
1624631781.61962414,0.00000000,0.01745329,-1.99577500,-0.00000000
1624631781.71983647,0.00000000,-0.01745329,-1.99577500,-0.00000000
1624631781.81967378,0.00000000,-0.01745329,-1.99577500,-0.00000000
1624631781.91992331,0.00000000,-0.01745329,-1.99577500,-0.00000000
1624631782.02018118,0.00000000,-0.01745329,-1.99577500,-0.00000000
1624631782.11963701,0.00000000,-0.01745329,-1.99577500,-0.00000000
1624631782.21991801,0.00000000,-0.01745329,-1.99577500,-0.00000000
1624631782.32019806,0.00000000,-0.01745329,-1.99577500,-0.00000000
1624631782.42046309,0.00000000,-0.01745329,-1.99577500,-0.00000000
1624631782.51971436,0.00000000,-0.01745329,-1.99577500,-0.00000000
1624631782.62000489,0.00000000,-0.01745329,-1.99577500,-0.00000000
1624631782.71992993,0.00000000,-0.01745329,-1.99577500,-0.00000000
1624631782.82019663,0.00000000,0.01745329,-1.99577500,-0.00000000
1624631782.92046809,0.00000000,0.01745329,-1.99577500,-0.00000000
1624631783.01977968,0.00000000,0.01745329,-1.99577500,-0.00000000
1624631783.12012339,0.00000000,0.01745329,-1.99577500,-0.00000000
1624631783.22043824,0.00000000,0.01745329,-1.99577500,-0.00000000
1624631783.32003498,0.00000000,0.01745329,-1.99577500,-0.00000000
1624631783.42034411,0.00000000,0.01745329,-1.99577500,-0.00000000
1624631783.51962876,0.00000000,0.01745329,-1.99577500,-0.00000000
1624631783.61985159,0.00000000,0.01745329,-1.99577500,-0.00000000
1624631783.72005820,0.00000000,0.01745329,-1.99577500,-0.00000000
1624631783.82032466,0.00000000,0.01745329,-1.99577500,-0.00000000
1624631783.92060304,0.00000000,-0.01745329,-1.99577500,-0.00000000
1624631784.02104592,0.00000000,-0.01745329,-1.99577500,-0.00000000
1624631784.12133551,0.00000000,-0.01745329,-1.99577500,-0.00000000
1624631784.22157359,0.00000000,-0.01745329,-1.99577500,-0.00000000
1624631784.32197666,0.00000000,-0.01745329,-1.99577500,-0.00000000
1624631784.42224574,0.00000000,-0.01745329,-1.99577500,-0.00000000
1624631784.52252889,0.00000000,-0.01745329,-1.99577500,-0.00000000
1624631784.62281942,0.00000000,-0.01745329,-1.99577500,-0.00000000
1624631784.72306252,0.00000000,-0.01745329,-1.99577500,-0.00000000
1624631784.82337642,0.00000000,-0.01745329,-1.99577500,-0.00000000
1624631784.92266297,0.00000000,-0.01745329,-1.99577500,-0.00000000
1624631785.02300692,0.00000000,0.01745329,-1.99577500,-0.00000000
1624631785.12341571,0.00000000,0.01745329,-1.99577500,-0.00000000
1624631785.22272992,0.00000000,0.01745329,-1.99577500,-0.00000000
1624631785.32318830,0.00000000,0.01745329,-1.99577500,-0.00000000
1624631785.42318869,0.00000000,0.01745329,-1.99577500,-0.00000000
1624631785.52360845,0.00000000,0.01745329,-1.99577500,-0.00000000
1624631785.62394738,0.00000000,0.01745329,-1.99577500,-0.00000000
1624631785.72425628,0.00000000,0.01745329,-1.99577500,-0.00000000
1624631785.82419491,0.00000000,0.01745329,-1.99577500,-0.00000000
1624631785.92418933,0.00000000,0.01745329,-1.99577500,-0.00000000
1624631786.02454472,0.00000000,0.01745329,-1.99577500,-0.00000000
1624631786.12481856,0.00000000,-0.01745329,-1.99577500,-0.00000000
1624631786.22507811,0.00000000,-0.01745329,-1.99577500,-0.00000000
1624631786.32538295,0.00000000,-0.01745329,-1.99577500,-0.00000000
1624631786.42464566,0.00000000,-0.01745329,-1.99577500,-0.00000000
1624631786.52508330,0.00000000,-0.01745329,-1.99577500,-0.00000000
1624631786.62538719,0.00000000,-0.01745329,-1.99577500,-0.00000000
1624631786.72535944,0.00000000,-0.01745329,-1.99577500,-0.00000000
1624631786.82646227,0.00000000,-0.01745329,-1.99577500,-0.00000000
1624631786.92577028,0.00000000,-0.01745329,-1.99577500,-0.00000000
1624631787.02593660,0.00000000,-0.01745329,-1.99577500,-0.00000000
1624631787.12627769,0.00000000,-0.01745329,-1.99577500,-0.00000000
1624631787.22653198,0.00000000,0.01745329,-1.99577500,-0.00000000
1624631787.32697964,0.00000000,0.01745329,-1.99577500,-0.00000000
1624631787.42726517,0.00000000,0.01745329,-1.99577500,-0.00000000
1624631787.52748275,0.00000000,0.01745329,-1.99577500,-0.00000000
1624631787.62779117,0.00000000,0.01745329,-1.99577500,-0.00000000
1624631787.72831011,0.00000000,0.01745329,-1.99577500,-0.00000000
1624631787.82857513,0.00000000,0.01745329,-1.99577500,-0.00000000
1624631787.92882800,0.00000000,0.01745329,-1.99577500,-0.00000000
1624631788.02906609,0.00000000,0.01745329,-1.99577500,-0.00000000
1624631788.12947774,0.00000000,0.01745329,-1.99577500,-0.00000000
1624631788.22838974,0.00000000,0.01745329,-1.99577500,-0.00000000
1624631788.32939577,0.00000000,0.01745329,-1.99577500,-0.00000000
1624631788.42971873,0.00000000,0.01745329,-1.99577500,-0.00000000
1624631788.53038383,0.00000000,0.01745329,-1.99577500,-0.00000000
1624631788.63038015,0.00000000,0.01745329,-1.99577500,-0.00000000
1624631788.72970676,0.00000000,0.00000000,-1.99577500,-0.00000000
1624631788.83060122,0.00000000,0.00000000,-1.99577500,-0.00000000
1624631788.93064332,0.00000000,0.00000000,-1.99577500,-0.00000000
1624631789.03137326,0.00000000,0.00000000,-1.99577500,-0.00000000
1624631789.13124967,0.00000000,0.00000000,-1.99577500,-0.00000000
1624631789.23103285,0.00000000,0.00000000,-1.99577500,-0.00000000
1624631789.33083892,0.00000000,0.00000000,-1.99577500,-0.00000000
1624631789.43067813,0.00000000,0.00000000,-1.99577500,-0.00000000
1624631789.53122044,0.00000000,0.00000000,-1.99577500,-0.00000000
1624631789.63089871,0.00000000,0.00000000,-1.99577500,-0.00000000
1624631789.73083997,0.00000000,0.00000000,-1.99577500,-0.00000000
1624631789.83135247,0.00000000,0.00000000,-1.99577500,-0.00000000
1624631789.93195128,0.00000000,0.00000000,-1.99577500,-0.00000000
1624631790.03162503,0.00000000,0.00000000,-1.99577500,-0.00000000
1624631790.13245678,0.00000000,0.00000000,-1.99577500,-0.00000000
1624631790.23245883,0.00000000,0.00000000,-1.99577500,-0.00000000
1624631790.33221555,0.00000000,0.00000000,-1.99577500,-0.00000000
1624631790.43207717,0.00000000,0.00000000,-1.99577500,-0.00000000
1624631790.53180099,0.00000000,0.00000000,-1.99577500,-0.00000000
1624631790.63231540,0.00000000,0.00000000,-1.99577500,-0.00000000
1624631790.73292708,0.00000000,0.00000000,-1.99577500,-0.00000000
1624631790.83276153,0.00000000,0.00000000,-1.99577500,-0.00000000
1624631790.93358111,0.00000000,0.00000000,-1.99577500,-0.00000000
1624631791.03415728,0.00000000,0.00000000,-1.99577500,-0.00000000
1624631791.13373852,0.00000000,0.00000000,-1.99577500,-0.00000000
1624631791.23437786,0.00000000,0.00000000,-1.99577500,-0.00000000
1624631791.33556533,0.00000000,0.00000000,-1.99577500,-0.00000000
1624631791.43629456,0.00000000,0.00000000,-1.99577500,-0.00000000
1624631791.53603578,0.00000000,0.00000000,-1.99577500,-0.00000000
1624631791.63573098,0.00000000,0.00000000,-1.99577500,-0.00000000
1624631791.73643684,0.00000000,0.00000000,-1.99577500,-0.00000000
1624631791.83585572,0.00000000,0.00000000,-1.99577500,-0.00000000
1624631791.93636441,0.00000000,0.00000000,-1.99577500,-0.00000000
1624631792.03703189,0.00000000,0.00000000,-1.99577500,-0.00000000
1624631792.13678193,0.00000000,0.00000000,-1.99577500,-0.00000000
1624631792.23749590,0.00000000,0.00000000,-1.99577500,-0.00000000
1624631792.33726907,0.00000000,0.00000000,-1.99577500,-0.00000000
1624631792.43724775,0.00000000,0.00000000,-1.99577500,-0.00000000
1624631792.53689575,0.00000000,0.00000000,-1.99577500,-0.00000000
1624631792.63752079,0.00000000,0.00000000,-1.99577500,-0.00000000
1624631792.73771691,0.00000000,0.00000000,-1.99577500,-0.00000000
1624631792.83840990,0.00000000,0.00000000,-1.99577500,-0.00000000
1624631792.93803763,0.00000000,0.00000000,-1.99577500,-0.00000000
1624631793.03765917,0.00000000,0.00000000,-1.99577500,-0.00000000
1624631793.13811159,0.00000000,0.00000000,-1.99577500,-0.00000000
1624631793.23764491,0.00000000,0.00000000,-1.99577500,-0.00000000
1624631793.33826399,0.00000000,0.00000000,-1.99577500,-0.00000000
1624631793.43789673,0.00000000,0.00000000,-1.99577500,-0.00000000
1624631793.53844333,0.00000000,0.00000000,-1.99577500,-0.00000000
1624631793.63842392,0.00000000,0.00000000,-1.99577500,-0.00000000
1624631793.73787308,0.00000000,0.00000000,-1.99577500,-0.00000000
1624631793.83856177,0.00000000,0.00000000,-1.99577500,-0.00000000
1624631793.93926787,0.00000000,0.00000000,-1.99577500,-0.00000000
1624631794.03900266,0.00000000,0.00000000,-1.99577500,-0.00000000
1624631794.13870978,0.00000000,0.00000000,-1.99577500,-0.00000000
1624631794.23949242,0.00000000,0.00000000,-1.99577500,-0.00000000
1624631794.33911252,0.00000000,0.00000000,-1.99577500,-0.00000000
1624631794.43891382,0.00000000,0.00000000,-1.99577500,-0.00000000
1624631794.53844428,0.00000000,0.00000000,-1.99577500,-0.00000000
1624631794.63941622,0.00000000,0.00000000,-1.99577500,-0.00000000
1624631794.73955584,0.00000000,0.00000000,-1.99577500,-0.00000000
1624631794.84034228,0.00000000,0.00000000,-1.99577500,-0.00000000
1624631794.94008613,0.00000000,0.00000000,-1.99577500,-0.00000000
1624631795.03950715,0.00000000,0.00000000,-1.99577500,-0.00000000
1624631795.13986278,0.00000000,0.00000000,-1.99577500,-0.00000000
1624631795.24009871,0.00000000,0.00000000,-1.99577500,-0.00000000
1624631795.33975935,0.00000000,0.00000000,-1.99577500,-0.00000000
1624631795.44042206,0.00000000,0.00000000,-1.99577500,-0.00000000
1624631795.54012108,0.00000000,0.00000000,-1.99577500,-0.00000000
