Seconds,Detected,Distance,Angle,Child.X,Child.Y,Child.Angle
1624631687.07653475,1,2.00000000,180.00000000,-2.00000000,0.00000000,180.00000000
1624631687.17656994,1,2.00000000,180.00000000,-2.00000000,0.00000000,180.00000000
1624631687.27658367,1,2.00000000,180.00000000,-2.00000000,0.00000000,180.00000000
1624631687.37656736,1,2.00000000,180.00000000,-2.00000000,0.00000000,180.00000000
1624631687.47656894,1,2.00000000,180.00000000,-2.00000000,0.00000000,180.00000000
1624631687.57657695,1,2.00000000,180.00000000,-2.00000000,0.00000000,180.00000000
1624631687.67654586,1,2.00000000,180.00000000,-2.00000000,0.00000000,180.00000000
1624631687.77656865,1,2.00000000,180.00000000,-2.00000000,0.00000000,180.00000000
1624631687.87657523,1,2.00000000,180.00000000,-2.00000000,0.00000000,180.00000000
1624631687.97657156,1,2.00000000,180.00000000,-2.00000000,0.00000000,180.00000000
1624631688.07657194,1,2.00000000,180.00000000,-2.00000000,0.00000000,180.00000000
1624631688.17656851,1,2.00000000,180.00000000,-2.00000000,0.00000000,180.00000000
1624631688.27657318,1,2.00000000,180.00000000,-2.00000000,0.00000000,180.00000000
1624631688.37656832,1,2.00000000,180.00000000,-2.00000000,0.00000000,180.00000000
1624631688.47657895,1,2.00000000,180.00000000,-2.00000000,0.00000000,180.00000000
1624631688.57652378,1,2.00000000,180.00000000,-2.00000000,0.00000000,180.00000000
1624631688.67649102,1,2.00000000,180.00000000,-2.00000000,0.00000000,180.00000000
1624631688.77647281,1,2.00000000,180.00000000,-2.00000000,0.00000000,180.00000000
1624631688.87646246,1,2.00000000,180.00000000,-2.00000000,0.00000000,180.00000000
1624631688.97646141,1,2.00000000,180.00000000,-2.00000000,0.00000000,180.00000000
1624631689.07653904,1,2.00000000,180.00000000,-2.00000000,0.00000000,180.00000000
1624631689.17654467,1,2.00000000,180.00000000,-2.00000000,0.00000000,180.00000000
1624631689.27656698,1,2.00000000,180.00000000,-2.00000000,0.00000000,180.00000000
1624631689.37656617,1,2.00000000,180.00000000,-2.00000000,0.00000000,180.00000000
1624631689.47655392,1,2.00000000,180.00000000,-2.00000000,0.00000000,180.00000000
1624631689.57656765,1,2.00000000,180.00000000,-2.00000000,0.00000000,180.00000000
1624631689.67656112,1,2.00000000,180.00000000,-2.00000000,0.00000000,180.00000000
1624631689.77657390,1,2.00000000,180.00000000,-1.99971676,-0.03365841,180.96428797
1624631689.87656093,1,2.00000000,179.00000000,-2.00171526,-0.06911965,181.98052645
1624631689.97652769,1,1.99708998,177.00000000,-2.00315363,-0.10316392,182.96105290
1624631690.07652569,1,1.99126995,174.00000000,-2.00659121,-0.10315738,182.94157935
1624631690.17656803,1,1.98205519,171.00000000,-2.00906305,-0.10395173,182.92210580
1624631690.27649069,1,1.97041714,168.00000000,-2.01250916,-0.10559960,182.90263225
1624631690.37652636,1,1.95538867,165.00000000,-2.01588717,-0.07614492,181.91887073
1624631690.47657943,1,1.93843436,163.00000000,-2.01694795,-0.11502573,182.89939718
1624631690.57657433,1,1.91908002,160.00000000,-2.01656627,-0.11921531,182.87992363
1624631690.67654371,1,1.90022671,156.00000000,-2.01708003,-0.09224638,181.86045008
1624631690.77650142,1,1.88239300,153.00000000,-2.01700265,-0.06857156,180.87668856
1624631690.87650037,1,1.86559391,151.00000000,-2.01641891,-0.10944674,181.85721501
1624631690.97646832,1,1.84884405,148.00000000,-2.01570310,-0.11700584,181.83774146
1624631691.07649422,1,1.83309877,144.00000000,-2.01575683,-0.09407845,180.81826792
1624631691.17650247,1,1.81842315,141.00000000,-2.01532557,-0.07331766,179.83450640
1624631691.27656746,1,1.80480099,139.00000000,-2.01413839,-0.11442744,180.81503285
1624631691.37654972,1,1.79267848,135.00000000,-2.01395053,-0.06334519,178.83127133
1624631691.47656655,1,1.78115928,133.00000000,-2.01394967,-0.10472935,179.81179778
1624631691.57655644,1,1.77065635,130.00000000,-2.01362972,-0.11531705,179.79232423
1624631691.67655921,1,1.76122713,126.00000000,-2.01165404,-0.06554337,177.80856271
1624631691.77654719,1,1.75332832,124.00000000,-2.01289677,-0.10553725,178.78908916
1624631691.87655139,1,1.74587262,121.00000000,-2.01231199,-0.08688700,177.80532764
1624631691.97647977,1,1.73908925,118.00000000,-2.01133086,-0.09674112,177.78585409
1624631692.07654929,1,1.73422527,115.00000000,-2.01136974,-0.07688617,176.80209257
1624631692.17656565,1,1.72889578,112.00000000,-2.01086567,-0.08581179,176.78261902
1624631692.27656674,1,1.72502279,109.00000000,-2.00896269,-0.06520314,175.79885750
1624631692.37655759,1,1.72211397,107.00000000,-2.01233408,-0.10307033,176.77938395
1624631692.47655106,1,1.71871519,104.00000000,-2.00993992,-0.08157344,175.79562243
1624631692.57656550,1,1.71674597,101.00000000,-2.00987312,-0.08841090,175.77614888
1624631692.67655826,1,1.71571600,98.00000000,-2.00836413,-0.06494821,174.79238737
1624631692.77656102,1,1.71453071,96.00000000,-2.01056674,-0.09914752,175.77291382
1624631692.87656212,1,1.71420014,93.00000000,-2.00854553,-0.07256271,174.70148975
1624631692.97656965,1,1.71394897,91.00000000,-2.01094945,-0.10830889,175.76967875
1624631693.07647443,1,1.71447587,87.00000000,-2.00895408,-0.08174880,174.75020520
1624631693.17656922,1,1.71501148,84.00000000,-2.00722463,-0.05173311,173.67878114
1624631693.27655482,1,1.71432209,82.00000000,-2.00976209,-0.08603148,174.74697013
1624631693.37656045,1,1.71466398,79.00000000,-2.00686859,-0.05507014,173.67554607
1624631693.47655201,1,1.71480179,77.00000000,-2.00974590,-0.08686115,174.74373506
1624631693.57652211,1,1.71528184,74.00000000,-2.01065543,-0.08623664,174.72426151
1624631693.67656279,1,1.71480179,71.00000000,-2.00693055,-0.05389447,173.65283745
1624631693.77656412,1,1.71473277,69.00000000,-2.01009978,-0.08231072,174.72102644
1624631693.87656260,1,1.71425402,66.00000000,-2.00734544,-0.04949383,173.64960238
1624631693.97656393,1,1.71315801,64.00000000,-2.00924950,-0.07683947,174.63012883
1624631694.07656646,1,1.71288824,61.00000000,-2.00694734,-0.04566878,173.64636731
1624631694.17656851,1,1.71165991,59.00000000,-2.01065892,-0.07009345,174.62689376
1624631694.27656603,1,1.70907784,57.00000000,-2.01397273,-0.09414190,175.60742021
1624631694.37654471,1,1.70500159,54.00000000,-2.01032585,-0.05849610,174.62365869
1624631694.47654986,1,1.70123267,52.00000000,-2.01293325,-0.08203698,175.60418514
1624631694.57652926,1,1.69664621,49.00000000,-2.01072825,-0.04608860,174.62042362
1624631694.67654014,1,1.69093645,47.00000000,-2.01284499,-0.06866596,175.60095007
1624631694.77654982,1,1.68482816,45.00000000,-2.01261126,-0.06233558,175.61718856
1624631694.87655258,1,1.67820477,43.00000000,-2.01377688,-0.08373495,176.59771501
1624631694.97655201,1,1.67155385,40.00000000,-2.01343355,-0.04822090,175.61395349
1624631695.07655096,1,1.66257274,38.00000000,-2.01227471,-0.04161756,175.63019197
1624631695.17655206,1,1.65404904,37.00000000,-2.01384661,-0.06076616,176.55876791
1624631695.27655363,1,1.64502442,35.00000000,-2.01560868,-0.08514682,177.62695690
1624631695.37655163,1,1.63520300,32.00000000,-2.01394401,-0.04677022,176.55553284
1624631695.47655201,1,1.62478936,30.00000000,-2.01473178,-0.04106555,176.57177132
1624631695.57654524,1,1.61308312,29.00000000,-2.01517401,-0.06354882,177.58800980
1624631695.67655063,1,1.60188127,27.00000000,-2.01365703,-0.02782695,176.55229777
1624631695.77653980,1,1.59017956,26.00000000,-2.01554790,-0.04990773,177.56853625
1624631695.87653995,1,1.57757223,24.00000000,-2.01509582,-0.04458429,177.58477473
1624631695.97655797,1,1.56502092,22.00000000,-2.01508223,-0.03637407,177.51335067
1624631696.07655859,1,1.55197203,21.00000000,-2.01423105,-0.03349611,177.56530118
1624631696.17657495,1,1.53955376,20.00000000,-2.01583699,-0.05500946,178.58153966
1624631696.27657056,1,1.52608871,18.00000000,-2.01550897,-0.02292244,177.54582763
1624631696.37656808,1,1.51175916,17.00000000,-2.01424692,-0.01774464,177.51011560
1624631696.47656274,1,1.49840891,16.00000000,-2.01589333,-0.03955021,178.52635408
1624631696.57656765,1,1.48407567,14.00000000,-2.01421256,-0.00922837,177.49064205
1624631696.67656755,1,1.47031367,14.00000000,-2.01546303,-0.03292931,178.54259256
1624631696.77656746,1,1.45607424,13.00000000,-2.01526984,-0.02850422,178.50688053
1624631696.87656760,1,1.44184184,12.00000000,-2.01514075,-0.02678697,178.55883104
1624631696.97655320,1,1.42763793,11.00000000,-2.01498368,-0.02237466,178.52311901
1624631697.07655549,1,1.41341901,10.00000000,-2.01481150,-0.01895046,178.48740698
1624631697.17654729,1,1.39924645,9.00000000,-2.01385123,0.00702152,177.48740698
1624631697.27656674,1,1.38511550,9.00000000,-2.01419544,-0.01610305,178.53935749
1624631697.37651992,1,1.37143397,8.00000000,-2.01456130,-0.01365727,178.50364546
1624631697.47656465,1,1.35730684,7.00000000,-2.01367875,0.01304362,177.50364546
1624631697.57655644,1,1.34313047,8.00000000,-2.01479756,-0.03166245,179.46793343
1624631697.67656708,1,1.32900798,7.00000000,-2.01378132,-0.03105857,179.51988395
1624631697.77656293,1,1.31585670,6.00000000,-2.01430266,-0.00723639,178.51988395
1624631697.87655163,1,1.30176795,6.00000000,-2.01369519,-0.02756547,179.48417191
1624631697.97655487,1,1.28861892,5.00000000,-2.01372798,-0.00422703,178.48417191
1624631698.07656503,1,1.27501583,5.00000000,-2.01322465,-0.00264687,178.48417191
1624631698.17657113,1,1.26186943,5.00000000,-2.01357807,-0.02518878,179.53612243
1624631698.27652168,1,1.24875200,4.00000000,-2.01318944,-0.00253350,178.53612243
1624631698.37655783,1,1.23563492,4.00000000,-2.01352795,-0.02269104,179.50041040
1624631698.47656298,1,1.22251809,3.00000000,-2.01264939,-0.00001696,178.50041040
1624631698.57655716,1,1.20987356,3.00000000,-2.01310419,0.00062213,178.50041040
1624631698.67656541,1,1.19675756,3.00000000,-2.01247532,-0.01888912,179.46469836
1624631698.77656245,1,1.18461168,2.00000000,-2.01305141,0.00263914,178.46469836
1624631698.87655163,1,1.17149651,2.00000000,-2.01206595,0.00228774,178.46469836
1624631698.97655845,1,1.15937531,2.00000000,-2.01158910,0.00293298,178.46469836
1624631699.07656574,1,1.14771473,2.00000000,-2.01205771,0.00359056,178.46469836
1624631699.17658854,1,1.13556981,2.00000000,-2.01240940,-0.01758037,179.51664888
1624631699.27656484,1,1.12344837,1.00000000,-2.01159189,0.00289211,178.51664888
1624631699.37656760,1,1.11178851,1.00000000,-2.01206094,0.00259028,178.51664888
1624631699.47649908,1,1.09966695,1.00000000,-2.01109844,0.00324649,178.51664888
1624631699.57654047,1,1.08849216,1.00000000,-2.01205239,0.00295722,178.51664888
1624631699.67656779,1,1.07637048,1.00000000,-2.01060477,0.00264343,178.51664888
1624631699.77656770,1,1.06570351,1.00000000,-2.01109638,0.00333730,178.51664888
1624631699.87654495,1,1.05452883,1.00000000,-2.01108045,0.00304803,178.51664888
1624631699.97653103,1,1.04337680,1.00000000,-2.01060216,0.00372934,178.51664888
1624631700.07654119,1,1.03268743,1.00000000,-2.01107136,0.00345263,178.51664888
1624631700.17656970,1,1.02153528,1.00000000,-2.01137836,-0.01402567,179.48093685
1624631700.27656460,1,1.01038325,0.00000000,-2.01058316,0.00350480,178.48093685
1624631700.37656665,1,0.99971610,0.00000000,-2.01010476,0.00419202,178.48093685
1624631700.47656536,1,0.98951155,0.00000000,-2.01105880,0.00392150,178.48093685
1624631700.57656288,1,0.97835940,0.00000000,-2.00961057,0.00362587,178.48093685
1624631700.67656374,1,0.96866196,0.00000000,-2.01010154,0.00336879,178.48093685
1624631700.77656031,1,0.95847970,0.00000000,-2.01010785,0.00309886,178.48093685
1624631700.87653279,1,0.94829750,0.00000000,-2.00962923,0.00379894,178.48093685
1624631700.97655797,1,0.93857765,0.00000000,-2.01009780,0.00354127,178.48093685
1624631701.07655787,1,0.92839527,0.00000000,-2.00961900,0.00327134,178.48093685
1624631701.17655873,1,0.91869789,0.00000000,-2.01011003,0.00301427,178.48093685
1624631701.27653027,1,0.90851563,0.00000000,-2.00914634,0.00274434,178.48093685
1624631701.37656307,1,0.89930326,0.00000000,-2.00963721,0.00250012,178.48093685
1624631701.47652483,1,0.88960600,0.00000000,-2.00915836,0.00224305,178.48093685
1624631701.57652545,1,0.88039368,0.00000000,-2.00964928,0.00296884,178.48093685
1624631701.67652559,1,0.87067330,0.00000000,-2.00914731,0.00271116,178.48093685
1624631701.77656436,1,0.86146086,0.00000000,-2.00915311,0.00246694,178.48093685
1624631701.87655997,1,0.85224849,0.00000000,-2.00867398,0.00222272,178.48093685
1624631701.97656107,1,0.84352100,0.00000000,-2.00916455,0.00199136,178.48093685
1624631702.07656240,1,0.83430868,0.00000000,-2.00868547,0.00174715,178.48093685
1624631702.17656302,1,0.82558131,0.00000000,-2.00820617,0.00151579,178.48093685
1624631702.27656293,1,0.81733888,0.00000000,-2.00869664,0.00226728,178.48093685
1624631702.37656641,1,0.80858779,0.00000000,-2.00819362,0.00203530,178.48093685
1624631702.47652030,1,0.80034518,0.00000000,-2.00868391,0.00181679,178.48093685
1624631702.57655787,1,0.79161775,0.00000000,-2.00820455,0.00158543,178.48093685
1624631702.67655706,1,0.78337526,0.00000000,-2.00772495,0.00136692,178.48093685
1624631702.77656102,1,0.77561766,0.00000000,-2.00918508,0.00116127,178.48093685
1624631702.87655616,1,0.76640558,0.00000000,-2.00773624,0.00091707,178.48093685
1624631702.97655582,1,0.75864810,0.00000000,-2.00822648,0.00071142,178.48093685
1624631703.07656384,1,0.75040579,0.00000000,-2.00774707,0.00146292,178.48093685
1624631703.17656446,1,0.74262375,0.00000000,-2.00724276,0.00125662,178.48093685
1624631703.27657437,1,0.73535097,0.00000000,-2.00773253,0.00106382,178.48093685
1624631703.37652135,1,0.72759348,0.00000000,-2.00822278,0.00085817,178.48093685
1624631703.47652674,1,0.71935111,0.00000000,-2.00774330,0.00063967,178.48093685
1624631703.57655025,1,0.71159369,0.00000000,-2.00726361,0.00043403,178.48093685
1624631703.67655611,1,0.70432115,0.00000000,-2.00678362,0.00024123,178.48093685
1624631703.77655745,1,0.69753355,0.00000000,-2.00824341,0.00006130,178.48093685
1624631703.87656140,1,0.68929142,0.00000000,-2.00679417,0.00081280,178.48093685
1624631703.97655344,1,0.68247837,0.00000000,-2.00677352,0.00063219,178.48093685
1624631704.07655549,1,0.67569065,0.00000000,-2.00823319,0.00045225,178.48093685
1624631704.17651987,1,0.66744840,0.00000000,-2.00678383,0.00023376,178.48093685
1624631704.27656651,1,0.66066074,0.00000000,-2.00727356,0.00005382,178.48093685
1624631704.37654710,1,0.65338832,0.00000000,-2.00582369,-0.00013897,178.48093685
1624631704.47655034,1,0.64757043,0.00000000,-2.00728285,-0.00029320,178.48093685
1624631704.57656360,1,0.64029813,0.00000000,-2.00680310,-0.00048599,178.48093685
1624631704.67654729,1,0.63351065,0.00000000,-2.00680801,-0.00066592,178.48093685
1624631704.77654624,1,0.62672323,0.00000000,-2.00632797,-0.00084585,178.48093685
1624631704.87656546,1,0.62042075,0.00000000,-2.00681771,0.00044207,178.48093685
1624631704.97655940,1,0.61359376,0.00000000,-2.00629812,0.00026109,178.48093685
1624631705.07656336,1,0.60729092,0.00000000,-2.00678750,0.00009401,178.48093685
1624631705.17655516,1,0.60050333,0.00000000,-2.00582228,-0.00008593,178.48093685
1624631705.27651954,1,0.59468544,0.00000000,-2.00631144,-0.00024016,178.48093685
1624631705.37656093,1,0.58838272,0.00000000,-2.00583094,-0.00040724,178.48093685
1624631705.47655797,1,0.58256489,0.00000000,-2.00729015,-0.00056147,178.48093685
1624631705.57656002,1,0.57529271,0.00000000,-2.00584053,-0.00075425,178.48093685
1624631705.67655706,1,0.56947494,0.00000000,-2.00584480,-0.00090848,178.48093685
1624631705.77656150,1,0.56365728,0.00000000,-2.00536419,-0.00106270,178.48093685
1624631705.87654519,1,0.55832446,0.00000000,-2.00585324,-0.00023407,178.48093685
1624631705.97654867,1,0.55247962,0.00000000,-2.00583046,-0.00038902,178.48093685
1624631706.07657242,1,0.54666179,0.00000000,-2.00631968,-0.00054324,178.48093685
1624631706.17656207,1,0.54035920,0.00000000,-2.00583930,-0.00071032,178.48093685
1624631706.27655983,1,0.53454149,0.00000000,-2.00487363,-0.00086455,178.48093685
1624631706.37655926,1,0.52969342,0.00000000,-2.00633227,-0.00099307,178.48093685
1624631706.47656059,1,0.52339101,0.00000000,-2.00488207,-0.00116014,178.48093685
1624631706.57655787,1,0.51854300,0.00000000,-2.00634077,-0.00128866,178.48093685
1624631706.67656088,1,0.51224071,0.00000000,-2.00489069,-0.00145573,178.48093685
1624631706.77652431,1,0.50739282,0.00000000,-2.00586451,-0.00158425,178.48093685
1624631706.87657166,1,0.50157541,0.00000000,-2.00538414,-0.00173846,178.48093685
1624631706.97655749,1,0.49624282,0.00000000,-2.00490342,-0.00090983,178.48093685
1624631707.07655144,1,0.49136633,0.00000000,-2.00487864,-0.00103910,178.48093685
1624631707.17656279,1,0.48651835,0.00000000,-2.00488237,-0.00116762,178.48093685
1624631707.27654004,1,0.48167041,0.00000000,-2.00634113,-0.00129614,178.48093685
1624631707.37656498,1,0.47536811,0.00000000,-2.00489105,-0.00146321,178.48093685
1624631707.47654533,1,0.47052026,0.00000000,-2.00489490,-0.00159172,178.48093685
1624631707.57657027,1,0.46567246,0.00000000,-2.00441381,-0.00172023,178.48093685
1624631707.67656493,1,0.46130946,0.00000000,-2.00490234,-0.00183589,178.48093685
1624631707.77656651,1,0.45646176,0.00000000,-2.00490634,-0.00196441,178.48093685
1624631707.87655497,1,0.45161408,0.00000000,-2.00539537,-0.00209291,178.48093685
1624631707.97656322,1,0.44628170,0.00000000,-2.00491486,-0.00223427,178.48093685
1624631708.07656312,1,0.44143412,0.00000000,-2.00394898,-0.00236278,178.48093685
1624631708.17656708,1,0.43755612,0.00000000,-2.00492234,-0.00246559,178.48093685
1624631708.27656555,1,0.43270865,0.00000000,-2.00541158,-0.00162409,178.48093685
1624631708.37656069,1,0.42734569,0.00000000,-2.00393051,-0.00176626,178.48093685
1624631708.47655463,1,0.42346752,0.00000000,-2.00490369,-0.00186907,178.48093685
1624631708.57656336,1,0.41861987,0.00000000,-2.00442275,-0.00199758,178.48093685
1624631708.67655706,1,0.41425702,0.00000000,-2.00394143,-0.00211323,178.48093685
1624631708.77655554,1,0.41037899,0.00000000,-2.00491477,-0.00221604,178.48093685
1624631708.87654114,1,0.40553147,0.00000000,-2.00394895,-0.00234454,178.48093685
1624631708.97656488,1,0.40165353,0.00000000,-2.00443737,-0.00244735,178.48093685
1624631709.07655740,1,0.39729086,0.00000000,-2.00395623,-0.00256300,178.48093685
1624631709.17656708,1,0.39341301,0.00000000,-2.00395975,-0.00266580,178.48093685
1624631709.27656507,1,0.38953516,0.00000000,-2.00493326,-0.00276860,178.48093685
1624631709.37656450,1,0.38468796,0.00000000,-2.00445277,-0.00289710,178.48093685
1624631709.47649884,1,0.38032550,0.00000000,-2.00397183,-0.00301274,178.48093685
1624631709.57656217,1,0.37644783,0.00000000,-2.00397553,-0.00311554,178.48093685
1624631709.67656469,1,0.37257019,0.00000000,-2.00397925,-0.00321833,178.48093685
1624631709.77655602,1,0.36869264,-1.00000000,-2.00424135,0.00407970,177.48093685
1624631709.87656474,1,0.36429682,0.00000000,-2.00298380,-0.00246766,178.48093685
1624631709.97656465,1,0.36138847,0.00000000,-2.00395647,-0.00254476,178.48093685
1624631710.07655597,1,0.35751066,0.00000000,-2.00396001,-0.00264755,178.48093685
1624631710.17656922,1,0.35363293,0.00000000,-2.00444865,-0.00275035,178.48093685
1624631710.27656102,1,0.34927052,0.00000000,-2.00299778,-0.00286600,178.48093685
1624631710.37656403,1,0.34636229,0.00000000,-2.00397057,-0.00294309,178.48093685
1624631710.47655201,1,0.34248471,-1.00000000,-2.00376375,0.00292781,177.48093685
1624631710.57656622,1,0.33860716,-1.00000000,-2.00279995,0.00275739,177.48093685
1624631710.67656732,1,0.33569905,-1.00000000,-2.00425965,0.00262957,177.48093685
1624631710.77656722,1,0.33133692,-1.00000000,-2.00281173,0.00243785,177.48093685
1624631710.87656522,1,0.32842889,-1.00000000,-2.00378652,0.00231004,177.48093685
1624631710.97653174,1,0.32455158,-1.00000000,-2.00282295,0.00213962,177.48093685
1624631711.07656598,1,0.32164362,-1.00000000,-2.00331280,0.00201181,177.48093685
1624631711.17656589,1,0.31825104,-1.00000000,-2.00380350,0.00186270,177.48093685
1624631711.27656507,1,0.31437391,-1.00000000,-2.00284012,0.00169229,177.48093685
1624631711.37656164,1,0.31146610,-1.00000000,-2.00354066,0.00776921,176.51664888
1624631711.47656178,1,0.30755237,0.00000000,-2.00282353,0.00217096,177.51664888
1624631711.57656574,1,0.30464429,0.00000000,-2.00331318,0.00204496,177.51664888
1624631711.67656374,1,0.30125159,0.00000000,-2.00283367,0.00189796,177.51664888
1624631711.77656150,1,0.29834363,0.00000000,-2.00283844,0.00177196,177.51664888
1624631711.87656212,1,0.29543567,0.00000000,-2.00284321,0.00164596,177.51664888
1624631711.97656250,1,0.29252777,0.00000000,-2.00381804,0.00151996,177.51664888
1624631712.07656074,1,0.28865063,0.00000000,-2.00236955,0.00135197,177.51664888
1624631712.17655063,1,0.28622746,0.00000000,-2.00285866,0.00124697,177.51664888
1624631712.27654505,1,0.28331968,0.00000000,-2.00286360,0.00112098,177.51664888
1624631712.37652326,1,0.28041196,0.00000000,-2.00286861,0.00196499,177.51664888
1624631712.47655463,1,0.27746698,0.00000000,-2.00283640,0.00183739,177.51664888
1624631712.57655525,1,0.27455896,0.00000000,-2.00284111,0.00171139,177.51664888
1624631712.67656374,1,0.27165100,0.00000000,-2.00333088,0.00158539,177.51664888
1624631712.77651858,1,0.26825842,0.00000000,-2.00285149,0.00143839,177.51664888
1624631712.87653828,1,0.26535055,0.00000000,-2.00285635,0.00131240,177.51664888
1624631712.97658896,1,0.26244271,0.00000000,-2.00286124,0.00118640,177.51664888
1624631713.07656169,1,0.25953493,0.00000000,-2.00189618,0.00106041,177.51664888
1624631713.17656660,1,0.25759643,0.00000000,-2.00286951,0.00097642,177.51664888
1624631713.27656412,1,0.25468874,0.00000000,-2.00335955,0.00085043,177.51664888
1624631713.37656164,1,0.25129649,0.00000000,-2.00191049,0.00070345,177.51664888
1624631713.47656417,1,0.24935809,0.00000000,-2.00288390,0.00158946,177.51664888
1624631713.57654262,1,0.24641237,0.00000000,-2.00285095,0.00146182,177.51664888
1624631713.67653608,1,0.24350442,0.00000000,-2.00188573,0.00133582,177.51664888
1624631713.77655220,1,0.24156582,0.00000000,-2.00285896,0.00125183,177.51664888
1624631713.87656975,1,0.23865797,0.00000000,-2.00237883,0.00112583,177.51664888
1624631713.97653794,1,0.23623480,0.00000000,-2.00286794,0.00102084,177.51664888
1624631714.07656217,1,0.23332705,0.00000000,-2.00190292,0.00089485,177.51664888
1624631714.17656636,1,0.23138857,0.00000000,-2.00287626,0.00081085,177.51664888
1624631714.27656579,1,0.22848091,0.00000000,-2.00191133,0.00068487,177.51664888
1624631714.37656403,1,0.22654250,0.00000000,-2.00191475,0.00060088,177.51664888
1624631714.47656989,1,0.22460411,0.00000000,-2.00337318,0.00051689,177.51664888
1624631714.57652640,1,0.22121201,0.00000000,-2.00192426,0.00133991,177.51664888
1624631714.67656612,1,0.21923509,0.00000000,-2.00188920,0.00125426,177.51664888
1624631714.77657008,1,0.21729648,0.00000000,-2.00286241,0.00117026,177.51664888
1624631714.87656522,1,0.21438861,0.00000000,-2.00189727,0.00104426,177.51664888
1624631714.97654653,1,0.21245006,0.00000000,-2.00190054,0.00096027,177.51664888
1624631715.07657886,1,0.21051152,0.00000000,-2.00190382,0.00087627,177.51664888
1624631715.17657304,1,0.20857303,0.00000000,-2.00190715,0.00079228,177.51664888
1624631715.27656889,1,0.20663457,0.00000000,-2.00336551,0.00070829,177.51664888
1624631715.37656617,1,0.20324230,0.00000000,-2.00191643,0.00056130,177.51664888
1624631715.47656155,1,0.20130391,0.00000000,-2.00191986,0.00047731,177.51664888
1624631715.57656884,1,0.19936557,0.00000000,-2.00192334,0.00039333,177.51664888
1624631715.67656660,1,0.19742724,0.00000000,-2.00192683,0.00030934,177.51664888
1624631715.77656651,1,0.19548894,0.00000000,-2.00193035,0.00022536,177.51664888
1624631715.87652111,1,0.19355069,0.00000000,-2.00193392,0.00111137,177.51664888
1624631715.97656417,1,0.19157319,0.00000000,-2.00238327,0.00102569,177.51664888
1624631716.07652473,1,0.18914996,0.00000000,-2.00190232,0.00092069,177.51664888
1624631716.17655158,1,0.18721141,0.00000000,-2.00190559,0.00083670,177.51664888
1624631716.27655888,1,0.18527289,0.00000000,-2.00190889,0.00075270,177.51664888
1624631716.37655401,1,0.18333440,0.00000000,-2.00191222,0.00066871,177.51664888
1624631716.47655535,1,0.18139595,0.00000000,-2.00191559,0.00058472,177.51664888
1624631716.57652950,1,0.17945752,0.00000000,-2.00191898,0.00050073,177.51664888
1624631716.67652965,1,0.17751913,0.00000000,-2.00192241,0.00041674,177.51664888
1624631716.77652931,1,0.17558078,0.00000000,-2.00241089,0.00033275,177.51664888
1624631716.87654591,1,0.17315789,0.00000000,-2.00096027,0.00022777,177.51664888
1624631716.97656107,1,0.17218876,0.00000000,-2.00193205,0.00018578,177.51664888
1624631717.07656574,1,0.17025051,0.00000000,-2.00193562,0.00010180,177.51664888
1624631717.17657828,1,0.16831230,0.00000000,-2.00193923,0.00001782,177.51664888
1624631717.27656937,1,0.16637413,0.00000000,-2.00194288,-0.00006616,177.51664888
1624631717.37655878,1,0.16443601,0.00000000,-2.00097658,-0.00015014,177.51664888
1624631717.47654533,1,0.16346696,0.00000000,-2.00194844,0.00077787,177.51664888
1624631717.57656837,1,0.16148813,0.00000000,-2.00191147,0.00069213,177.51664888
1624631717.67657280,1,0.15954962,0.00000000,-2.00094478,0.00060814,177.51664888
1624631717.77656627,1,0.15858039,0.00000000,-2.00240146,0.00056614,177.51664888
1624631717.87656212,1,0.15615733,0.00000000,-2.00192068,0.00046115,177.51664888
1624631717.97655797,1,0.15421894,0.00000000,-2.00095411,0.00037717,177.51664888
1624631718.07656002,1,0.15324976,0.00000000,-2.00192583,0.00033517,177.51664888
1624631718.17656326,1,0.15131141,0.00000000,-2.00192931,0.00025118,177.51664888
1624631718.27656603,1,0.14937313,0.00000000,-2.00096285,0.00016720,177.51664888
1624631718.37653875,1,0.14840400,0.00000000,-2.00193463,0.00012521,177.51664888
1624631718.47656608,1,0.14646576,0.00000000,-2.00096821,0.00004123,177.51664888
1624631718.57655787,1,0.14549668,0.00000000,-2.00194004,-0.00000076,177.51664888
1624631718.67655468,1,0.14355852,0.00000000,-2.00097369,-0.00008474,177.51664888
1624631718.77656507,1,0.14258946,0.00000000,-2.00243055,-0.00012673,177.51664888
1624631718.87656426,1,0.14016688,0.00000000,-2.00098024,-0.00023170,177.51664888
1624631718.97655845,1,0.13919787,0.00000000,-2.00195214,-0.00027368,177.51664888
1624631719.07656384,1,0.13725989,0.00000000,-2.00098598,-0.00035765,177.51664888
1624631719.17652655,1,0.13629092,0.00000000,-2.00195793,-0.00039964,177.51664888
1624631719.27656388,1,0.13435303,0.00000000,-2.00099185,0.00048639,177.51664888
1624631719.37655544,1,0.13334177,0.00000000,-2.00095155,0.00044258,177.51664888
1624631719.47657824,1,0.13237256,0.00000000,-2.00192324,0.00040058,177.51664888
1624631719.57652140,1,0.13043416,0.00000000,-2.00095666,0.00031659,177.51664888
1624631719.67656469,1,0.12946497,0.00000000,-2.00192838,0.00027460,177.51664888
1624631719.77652121,1,0.12752664,0.00000000,-2.00096187,0.00019061,177.51664888
1624631719.87652874,1,0.12655750,0.00000000,-2.00096364,0.00014862,177.51664888
1624631719.97658277,1,0.12558837,0.00000000,-2.00242043,0.00010663,177.51664888
1624631720.07652140,1,0.12316560,0.00000000,-2.00096993,0.00000165,177.51664888
1624631720.17656827,1,0.12219652,0.00000000,-2.00097176,-0.00004034,177.51664888
1624631720.27657032,1,0.12122745,0.00000000,-2.00097360,-0.00008233,177.51664888
1624631720.37655973,1,0.12025840,0.00000000,-2.00194546,-0.00012431,177.51664888
1624631720.47656608,1,0.11832034,0.00000000,-2.00097922,-0.00020829,177.51664888
1624631720.57655525,1,0.11735133,0.00000000,-2.00098112,-0.00025027,177.51664888
1624631720.67656946,1,0.11638235,0.00000000,-2.00098305,-0.00029226,177.51664888
1624631720.77652764,1,0.11541338,0.00000000,-2.00195499,-0.00033424,177.51664888
1624631720.87654996,1,0.11347548,0.00000000,-2.00098891,-0.00041821,177.51664888
1624631720.97656631,1,0.11250656,0.00000000,-2.00099090,-0.00046019,177.51664888
1624631721.07657051,1,0.11153767,0.00000000,-2.00099292,-0.00050218,177.51664888
1624631721.17657328,1,0.11056878,0.00000000,-2.00099494,-0.00054416,177.51664888
1624631721.27656865,1,0.10959993,0.00000000,-2.00245200,-0.00058614,177.51664888
1624631721.37654471,1,0.10717786,0.00000000,-2.00003221,-0.00069108,177.51664888
1624631721.47653913,1,0.10717786,0.00000000,-2.00100221,-0.00069108,177.51664888
1624631721.57654667,1,0.10620908,0.00000000,-2.00100433,0.00023694,177.51664888
1624631721.67652702,1,0.10519560,0.00000000,-2.00096180,0.00019303,177.51664888
1624631721.77652025,1,0.10422644,0.00000000,-2.00096356,0.00015104,177.51664888
1624631721.87654495,1,0.10325730,0.00000000,-2.00096532,0.00010904,177.51664888
1624631721.97654748,1,0.10228818,0.00000000,-2.00096712,0.00006705,177.51664888
1624631722.07654476,1,0.10131907,0.00000000,-2.00096891,0.00002506,177.51664888
1624631722.17654634,1,0.10034998,0.00000000,-2.00097073,-0.00001693,177.51664888
1624631722.27650833,1,0.09938090,0.00000000,-2.00194257,-0.00005892,177.51664888
1624631722.37652040,1,0.09744281,0.00000000,-2.00097630,-0.00014289,177.51664888
1624631722.47651911,1,0.09647380,0.00000000,-2.00097820,-0.00018488,177.51664888
1624631722.57651854,1,0.09550481,0.00000000,-2.00098011,-0.00022686,177.51664888
1624631722.67652440,1,0.09453583,0.00000000,-2.00098204,-0.00026885,177.51664888
1624631722.77652383,1,0.09356687,0.00000000,-2.00146900,-0.00031083,177.51664888
1624631722.87655044,1,0.09211348,0.00000000,-2.00098697,-0.00037381,177.51664888
1624631722.97651887,1,0.09114458,0.00000000,-2.00098899,-0.00041579,177.51664888
1624631723.07649970,1,0.09017571,0.00000000,-2.00099102,-0.00045777,177.51664888
1624631723.17654204,1,0.08920686,0.00000000,-2.00099308,-0.00049975,177.51664888
1624631723.27655268,1,0.08823803,0.00000000,-2.00002516,-0.00054173,177.51664888
1624631723.37655163,1,0.08823803,0.00000000,-2.00099516,-0.00054173,177.51664888
1624631723.47655296,1,0.08726923,0.00000000,-2.00099727,-0.00058370,177.51664888
1624631723.57654619,1,0.08630046,0.00000000,-2.00099941,-0.00062568,177.51664888
1624631723.67654610,1,0.08533172,0.00000000,-2.00100158,-0.00066765,177.51664888
1624631723.77649951,1,0.08436300,0.00000000,-2.00100377,-0.00070963,177.51664888
1624631723.87650394,1,0.08339431,-1.00000000,-2.00093024,0.00070191,176.51664888
1624631723.97654486,1,0.08242566,-1.00000000,-2.00093338,0.00064306,176.51664888
1624631724.07653642,1,0.08145703,-1.00000000,-2.00093654,0.00058421,176.51664888
1624631724.17654872,1,0.08048845,-1.00000000,-2.00093975,0.00052536,176.51664888
1624631724.27652693,1,0.07951989,-1.00000000,-1.99997298,0.00046651,176.51664888
1624631724.37652373,1,0.07951989,-1.00000000,-2.00094298,0.00046651,176.51664888
1624631724.47649527,1,0.07855137,-1.00000000,-2.00094625,0.00040766,176.51664888
1624631724.57655191,1,0.07758289,-1.00000000,-2.00143455,0.00131882,176.51664888
1624631724.67654872,1,0.07608078,0.00000000,-2.00097433,-0.00009849,177.51664888
1624631724.77650666,1,0.07511176,0.00000000,-2.00000622,-0.00014048,177.51664888
1624631724.87650657,1,0.07511176,0.00000000,-2.00090382,0.00123665,176.46469836
1624631724.97650695,1,0.07414277,1.00000000,-2.00097519,-0.00011530,177.46469836
1624631725.07652473,1,0.07317380,1.00000000,-2.00097717,-0.00015816,177.46469836
1624631725.17651486,1,0.07220486,1.00000000,-2.00097918,-0.00020102,177.46469836
1624631725.27652097,1,0.07123595,1.00000000,-2.00001122,-0.00024388,177.46469836
1624631725.37654829,1,0.07123595,1.00000000,-2.00098122,-0.00024388,177.46469836
1624631725.47654700,1,0.07026707,1.00000000,-2.00098329,-0.00028674,177.46469836
1624631725.57654476,1,0.06929822,1.00000000,-2.00098538,-0.00032960,177.46469836
1624631725.67655015,1,0.06832939,1.00000000,-2.00001751,-0.00037245,177.46469836
1624631725.77654076,1,0.06832939,1.00000000,-2.00098751,-0.00037245,177.46469836
1624631725.87654448,1,0.06736061,1.00000000,-2.00103304,-0.00165127,178.51664888
1624631725.97654128,1,0.06639186,0.00000000,-2.00099451,-0.00051830,177.51664888
1624631726.07654500,1,0.06542315,0.00000000,-2.00002670,-0.00056027,177.51664888
1624631726.17654872,1,0.06542315,0.00000000,-2.00099670,-0.00056027,177.51664888
1624631726.27650142,1,0.06445447,-1.00000000,-2.00094039,0.00052116,176.51664888
1624631726.37653089,1,0.06348584,-1.00000000,-1.99997355,0.00046230,176.51664888
1624631726.47654891,1,0.06348584,-1.00000000,-2.00094355,0.00046230,176.51664888
1624631726.57652760,1,0.06251725,-1.00000000,-2.00094675,0.00040345,176.51664888
1624631726.67654443,1,0.06154871,-1.00000000,-1.99997999,0.00034461,176.51664888
1624631726.77650833,1,0.06154871,-1.00000000,-2.00094999,0.00034461,176.51664888
1624631726.87654901,1,0.06058021,-1.00000000,-2.00143828,0.00028576,176.51664888
1624631726.97652411,1,0.05912755,-1.00000000,-1.99998831,0.00019750,176.51664888
1624631727.07654119,1,0.05912755,-1.00000000,-2.00095831,0.00019750,176.51664888
1624631727.17654729,1,0.05815918,-1.00000000,-2.00096173,0.00013866,176.51664888
1624631727.27654839,1,0.05719086,-1.00000000,-1.99999520,0.00007983,176.51664888
1624631727.37654042,1,0.05719086,-1.00000000,-2.00096520,0.00007983,176.51664888
1624631727.47654390,1,0.05622260,-1.00000000,-1.99992655,0.00105071,175.46469836
1624631727.57654667,1,0.05622260,0.00000000,-2.00096560,0.00007188,176.46469836
1624631727.67654800,1,0.05525440,0.00000000,-2.00096925,0.00001218,176.46469836
1624631727.77654624,1,0.05428626,0.00000000,-2.00000296,-0.00004752,176.46469836
1624631727.87654424,1,0.05428626,0.00000000,-2.00097296,-0.00004752,176.46469836
1624631727.97656202,1,0.05331820,0.00000000,-2.00000673,-0.00010721,176.46469836
1624631728.07654452,1,0.05331820,0.00000000,-2.00097673,0.00086279,176.46469836
1624631728.17654085,1,0.05229625,1.00000000,-2.00097506,-0.00011168,177.46469836
1624631728.27654672,1,0.05132732,1.00000000,-2.00000708,-0.00015454,177.46469836
1624631728.37650371,1,0.05132732,1.00000000,-2.00097708,-0.00015454,177.46469836
1624631728.47655272,1,0.05035842,1.00000000,-2.00000913,-0.00019740,177.46469836
1624631728.57654285,1,0.05035842,1.00000000,-2.00097913,-0.00019740,177.46469836
1624631728.67654943,1,0.04938957,1.00000000,-2.00001122,-0.00024026,177.46469836
1624631728.77649879,1,0.04938957,1.00000000,-2.00098122,-0.00024026,177.46469836
1624631728.87654591,1,0.04842076,1.00000000,-2.00001336,-0.00028311,177.46469836
1624631728.97654557,1,0.04842076,1.00000000,-2.00098336,-0.00028311,177.46469836
1624631729.07654285,1,0.04745200,1.00000000,-2.00001555,-0.00032596,177.46469836
1624631729.17659926,1,0.04745200,1.00000000,-2.00098555,-0.00032596,177.46469836
1624631729.27652311,1,0.04648330,1.00000000,-2.00004772,-0.00122171,178.51664888
1624631729.37654543,1,0.04648330,-1.00000000,-2.00094742,0.00039926,176.51664888
1624631729.47650838,1,0.04551465,-1.00000000,-1.99998056,0.00034040,176.51664888
1624631729.57654428,1,0.04551465,-1.00000000,-2.00095056,0.00034040,176.51664888
1624631729.67652392,1,0.04454606,-1.00000000,-1.99998376,0.00028155,176.51664888
1624631729.77651858,1,0.04454606,-1.00000000,-2.00143876,0.00028155,176.51664888
1624631729.87654519,1,0.04309329,-1.00000000,-1.99998867,0.00019328,176.51664888
1624631729.97651768,1,0.04309329,-1.00000000,-2.00095867,0.00019328,176.51664888
1624631730.07654262,1,0.04212486,-1.00000000,-1.99999203,0.00013444,176.51664888
1624631730.17652488,1,0.04212486,-1.00000000,-2.00096203,0.00013444,176.51664888
1624631730.27651858,1,0.04115650,-1.00000000,-1.99999547,0.00007561,176.51664888
1624631730.37651205,1,0.04115650,-1.00000000,-1.99994264,0.00082938,175.46469836
1624631730.47651672,1,0.04115650,0.00000000,-2.00096318,0.00011285,176.46469836
1624631730.57654428,1,0.04018823,0.00000000,-1.99999675,0.00005315,176.46469836
1624631730.67653680,1,0.04018823,0.00000000,-2.00096675,0.00005315,176.46469836
1624631730.77654815,1,0.03922004,0.00000000,-2.00000041,-0.00000655,176.46469836
1624631730.87653995,1,0.03922004,0.00000000,-2.00000041,-0.00000655,176.46469836
1624631730.97654223,1,0.03922004,0.00000000,-2.00097041,-0.00000655,176.46469836
1624631731.07654119,1,0.03825194,0.00000000,-2.00000415,-0.00006625,176.46469836
1624631731.17652631,1,0.03825194,0.00000000,-2.00097415,-0.00006625,176.46469836
1624631731.27654433,1,0.03728395,0.00000000,-2.00000799,-0.00012594,176.46469836
1624631731.37654424,1,0.03728395,0.00000000,-2.00000799,-0.00012594,176.46469836
1624631731.47653818,1,0.03728395,0.00000000,-2.00097799,-0.00012594,176.46469836
1624631731.57654810,1,0.03631606,0.00000000,-2.00001195,-0.00018562,176.46469836
1624631731.67654562,1,0.03631606,0.00000000,-2.00098195,-0.00018562,176.46469836
1624631731.77651978,1,0.03534828,0.00000000,-2.00001601,-0.00024530,176.46469836
1624631731.87652445,1,0.03534828,0.00000000,-2.00001601,-0.00024530,176.46469836
1624631731.97654843,1,0.03534828,0.00000000,-2.00098601,-0.00024530,176.46469836
1624631732.07654309,1,0.03438063,-1.00000000,-1.99997798,0.00029359,175.46469836
1624631732.17655039,1,0.03438063,-1.00000000,-2.00094798,0.00029359,175.46469836
1624631732.27652574,1,0.03341312,-1.00000000,-1.99998349,0.00021709,175.46469836
1624631732.37651944,1,0.03341312,-1.00000000,-1.99998349,0.00021709,175.46469836
1624631732.47651839,1,0.03341312,-1.00000000,-2.00095349,0.00021709,175.46469836
1624631732.57654381,1,0.03244575,-1.00000000,-1.99998916,0.00014059,175.46469836
1624631732.67650604,1,0.03244575,-1.00000000,-1.99998916,0.00014059,175.46469836
1624631732.77654338,1,0.03244575,-1.00000000,-2.00095916,0.00111059,175.46469836
1624631732.87651753,1,0.03141871,1.00000000,-2.00000295,-0.00006520,177.46469836
1624631732.97651887,1,0.03141871,1.00000000,-1.99997512,0.00046284,176.50041040
1624631733.07654452,1,0.03141871,2.00000000,-2.00097381,-0.00008476,177.50041040
1624631733.17654848,1,0.03044978,2.00000000,-2.00000581,-0.00012702,177.50041040
1624631733.27653503,1,0.03044978,2.00000000,-2.00000581,-0.00012702,177.50041040
1624631733.37653637,1,0.03044978,2.00000000,-2.00000581,-0.00012702,177.50041040
1624631733.47654343,1,0.03044978,2.00000000,-2.00097581,-0.00012702,177.50041040
1624631733.57651901,1,0.02948093,2.00000000,-2.00000788,-0.00016927,177.50041040
1624631733.67654300,1,0.02948093,2.00000000,-2.00002534,-0.00066512,178.46469836
1624631733.77650547,1,0.02948093,1.00000000,-2.00097707,-0.00015091,177.46469836
1624631733.87651491,1,0.02851215,1.00000000,-2.00000924,-0.00019377,177.46469836
1624631733.97654223,1,0.02851215,1.00000000,-2.00000924,-0.00019377,177.46469836
1624631734.07654309,1,0.02851215,1.00000000,-2.00146424,-0.00019377,177.46469836
1624631734.17654204,1,0.02705915,0.00000000,-1.99998765,0.00021356,176.46469836
1624631734.27652264,1,0.02705915,0.00000000,-1.99998765,0.00021356,176.46469836
1624631734.37654209,1,0.02705915,0.00000000,-1.99998765,0.00021356,176.46469836
1624631734.47653985,1,0.02705915,0.00000000,-2.00095765,0.00021356,176.46469836
1624631734.57654357,1,0.02609060,0.00000000,-1.99999095,0.00015384,176.46469836
1624631734.67655134,1,0.02609060,0.00000000,-1.99999095,0.00015384,176.46469836
1624631734.77649903,1,0.02609060,0.00000000,-2.00096095,0.00015384,176.46469836
1624631734.87654090,1,0.02512217,0.00000000,-1.99999436,0.00009412,176.46469836
1624631734.97654057,1,0.02512217,0.00000000,-1.99999436,0.00009412,176.46469836
1624631735.07651424,1,0.02512217,0.00000000,-2.00096436,0.00009412,176.46469836
1624631735.17654109,1,0.02415386,0.00000000,-1.99999790,0.00003441,176.46469836
1624631735.27654314,1,0.02415386,0.00000000,-1.99999790,0.00003441,176.46469836
1624631735.37651920,1,0.02415386,0.00000000,-1.99999790,0.00003441,176.46469836
1624631735.47654319,1,0.02415386,0.00000000,-2.00096790,0.00003441,176.46469836
1624631735.57654428,1,0.02318570,0.00000000,-2.00000158,-0.00002529,176.46469836
1624631735.67653918,1,0.02318570,0.00000000,-2.00000158,-0.00002529,176.46469836
1624631735.77654195,1,0.02318570,0.00000000,-2.00000158,-0.00002529,176.46469836
1624631735.87654305,1,0.02318570,0.00000000,-2.00097158,-0.00002529,176.46469836
1624631735.97654223,1,0.02221769,0.00000000,-2.00000541,-0.00008498,176.46469836
1624631736.07654119,1,0.02221769,0.00000000,-2.00000541,-0.00008498,176.46469836
1624631736.17655802,1,0.02221769,0.00000000,-2.00000541,-0.00008498,176.46469836
1624631736.27650213,1,0.02221769,0.00000000,-2.00000541,-0.00008498,176.46469836
1624631736.37654090,1,0.02221769,0.00000000,-2.00097541,-0.00008498,176.46469836
1624631736.47651553,1,0.02124987,0.00000000,-2.00000943,-0.00014466,176.46469836
1624631736.57649207,1,0.02124987,0.00000000,-2.00000943,-0.00014466,176.46469836
1624631736.67657161,1,0.02124987,0.00000000,-2.00000943,-0.00014466,176.46469836
1624631736.77654123,1,0.02124987,0.00000000,-2.00000943,-0.00014466,176.46469836
1624631736.87654090,1,0.02124987,0.00000000,-2.00097943,-0.00014466,176.46469836
1624631736.97654223,1,0.02028226,-1.00000000,-1.99998875,0.00014879,175.46469836
1624631737.07653952,1,0.02028226,-1.00000000,-1.99998875,0.00014879,175.46469836
1624631737.17654490,1,0.02028226,-1.00000000,-1.99998875,0.00014879,175.46469836
1624631737.27654624,1,0.02028226,-1.00000000,-1.99998875,0.00014879,175.46469836
1624631737.37654471,1,0.02028226,-1.00000000,-2.00095875,0.00014879,175.46469836
1624631737.47653961,1,0.01931488,-1.00000000,-1.99999440,0.00007229,175.46469836
1624631737.57651472,1,0.01931488,-1.00000000,-1.99999440,0.00007229,175.46469836
1624631737.67651582,1,0.01931488,-1.00000000,-1.99999440,0.00007229,175.46469836
1624631737.77649832,1,0.01931488,-1.00000000,-1.99999440,0.00007229,175.46469836
1624631737.87653804,1,0.01931488,-1.00000000,-2.00096440,0.00007229,175.46469836
1624631737.97649670,1,0.01834778,-1.00000000,-2.00000033,-0.00000418,175.46469836
1624631738.07649589,1,0.01834778,-1.00000000,-2.00000033,-0.00000418,175.46469836
1624631738.17650199,1,0.01834778,-1.00000000,-2.00000033,-0.00000418,175.46469836
1624631738.27651429,1,0.01834778,-1.00000000,-2.00000033,-0.00000418,175.46469836
1624631738.37650847,1,0.01834778,-1.00000000,-2.00094333,0.00030343,174.50041040
1624631738.47650075,1,0.01738101,0.00000000,-2.00000744,-0.00009143,175.50041040
1624631738.57651329,1,0.01738101,0.00000000,-2.00000744,-0.00009143,175.50041040
1624631738.67653704,1,0.01738101,0.00000000,-2.00000744,-0.00009143,175.50041040
1624631738.77650094,1,0.01738101,0.00000000,-2.00000744,-0.00009143,175.50041040
1624631738.87650108,1,0.01738101,0.00000000,-2.00097744,-0.00009143,175.50041040
1624631738.97650075,1,0.01641461,-1.00000000,-1.99998905,0.00011815,174.50041040
1624631739.07653952,1,0.01641461,-1.00000000,-1.99998905,0.00011815,174.50041040
1624631739.17654204,1,0.01641461,-1.00000000,-1.99998905,0.00011815,174.50041040
1624631739.27653980,1,0.01641461,-1.00000000,-1.99998905,0.00011815,174.50041040
1624631739.37653756,1,0.01641461,-1.00000000,-2.00095905,0.00011815,174.50041040
1624631739.47650743,1,0.01544867,-1.00000000,-1.99999756,0.00002558,174.50041040
1624631739.57653475,1,0.01544867,-1.00000000,-1.99999756,0.00002558,174.50041040
1624631739.67653656,1,0.01544867,-1.00000000,-1.99999756,0.00002558,174.50041040
1624631739.77653909,1,0.01544867,-1.00000000,-1.99999756,0.00002558,174.50041040
1624631739.87653947,1,0.01544867,-1.00000000,-2.00094046,0.00028416,173.53612243
1624631739.97651625,1,0.01448327,0.00000000,-2.00000746,-0.00007593,174.53612243
1624631740.07654405,1,0.01448327,0.00000000,-2.00000746,-0.00007593,174.53612243
1624631740.17650914,1,0.01448327,0.00000000,-2.00000746,-0.00007593,174.53612243
1624631740.27653408,1,0.01448327,0.00000000,-2.00000746,-0.00007593,174.53612243
1624631740.37653852,1,0.01448327,0.00000000,-2.00097746,-0.00007593,174.53612243
1624631740.47654033,1,0.01351853,-1.00000000,-1.99999259,0.00152187,173.53612243
1624631740.57653928,1,0.01344000,5.00000000,-1.99999956,0.00010881,179.53612243
1624631740.67650890,1,0.01344000,5.00000000,-1.99999956,0.00010881,179.53612243
1624631740.77649093,1,0.01344000,5.00000000,-1.99999956,0.00010881,179.53612243
1624631740.87651014,1,0.01344000,5.00000000,-1.99999956,0.00010881,179.53612243
1624631740.97652054,1,0.01344000,5.00000000,-1.99999956,0.00010881,179.53612243
1624631741.07651234,1,0.01344000,5.00000000,-1.99999956,0.00010881,179.53612243
1624631741.17654204,1,0.01344000,5.00000000,-1.99999956,0.00010881,179.53612243
1624631741.27654076,1,0.01344000,5.00000000,-1.99999949,-0.00011738,180.50041040
1624631741.37654662,1,0.01344000,4.00000000,-2.00096949,0.00011719,179.50041040
1624631741.47656274,1,0.01247000,4.00000000,-1.99999953,0.00010873,179.50041040
1624631741.57649922,1,0.01247000,4.00000000,-1.99999959,-0.00010114,180.46469836
1624631741.67650819,1,0.01247000,4.00000000,-1.99999959,-0.00010114,180.46469836
1624631741.77654505,1,0.01247000,4.00000000,-1.99999959,-0.00010114,180.46469836
1624631741.87649775,1,0.01247000,4.00000000,-1.99999959,-0.00010114,180.46469836
1624631741.97651458,1,0.01247000,4.00000000,-1.99999563,-0.00033005,181.51664888
1624631742.07653880,1,0.01247000,2.00000000,-1.99999956,0.00010520,179.51664888
1624631742.17656541,1,0.01247000,2.00000000,-1.99999956,0.00010520,179.51664888
1624631742.27653193,1,0.01247000,2.00000000,-1.99999956,0.00010520,179.51664888
1624631742.37659764,1,0.01247000,2.00000000,-2.00145456,0.00010520,179.51664888
1624631742.47653937,1,0.01101500,2.00000000,-1.99999961,-0.00009246,180.48093685
1624631742.57654142,1,0.01101500,2.00000000,-1.99999961,-0.00009246,180.48093685
1624631742.67656016,1,0.01101500,2.00000000,-1.99999961,-0.00009246,180.48093685
1624631742.77655435,1,0.01101500,2.00000000,-1.99999961,-0.00009246,180.48093685
1624631742.87654757,1,0.01101500,2.00000000,-1.99999961,-0.00009246,180.48093685
1624631742.97656655,1,0.01101500,2.00000000,-1.99999961,-0.00009246,180.48093685
1624631743.07656240,1,0.01101500,2.00000000,-1.99999961,-0.00009246,180.48093685
1624631743.17654920,1,0.01101500,2.00000000,-1.99999961,-0.00009246,180.48093685
1624631743.27653050,1,0.01101500,2.00000000,-1.99999961,-0.00009246,180.48093685
1624631743.37655210,1,0.01101500,2.00000000,-2.00096650,-0.00027781,181.44522481
1624631743.47656703,1,0.01004500,1.00000000,-1.99999970,-0.00007806,180.44522481
1624631743.57656741,1,0.01004500,1.00000000,-1.99999970,-0.00007806,180.44522481
1624631743.67656326,1,0.01004500,1.00000000,-1.99999970,-0.00007806,180.44522481
1624631743.77652049,1,0.01004500,1.00000000,-1.99999630,-0.00027255,-178.44522481
1624631743.87652135,1,0.01004500,-1.00000000,-1.99999970,0.00007806,-180.44522481
1624631743.97656727,1,0.01004500,-1.00000000,-1.99999970,0.00007806,-180.44522481
1624631744.07656670,1,0.01004500,-1.00000000,-1.99999970,0.00007806,-180.44522481
1624631744.17659211,1,0.01004500,-1.00000000,-1.99999970,0.00007806,-180.44522481
1624631744.27656817,1,0.01004500,-1.00000000,-1.99999970,0.00007806,-180.44522481
1624631744.37657022,1,0.01004500,-1.00000000,-2.00096970,0.00007806,-180.44522481
1624631744.47656775,1,0.00907500,-1.00000000,-1.99999973,0.00007052,-180.44522481
1624631744.57656813,1,0.00907500,-1.00000000,-1.99999973,0.00007052,-180.44522481
1624631744.67656636,1,0.00907500,-1.00000000,-1.99999973,0.00007052,-180.44522481
1624631744.77657032,1,0.00907500,-1.00000000,-1.99999973,0.00007052,-180.44522481
1624631744.87656713,1,0.00907500,-1.00000000,-1.99999666,0.00024623,178.44522481
1624631744.97652125,1,0.00907500,1.00000000,-1.99999973,-0.00007052,180.44522481
1624631745.07655740,1,0.00907500,1.00000000,-1.99999973,-0.00007052,180.44522481
1624631745.17654920,1,0.00907500,1.00000000,-1.99999973,-0.00007052,180.44522481
1624631745.27652621,1,0.00907500,1.00000000,-1.99999963,0.00008221,179.48093685
1624631745.37655282,1,0.00907500,2.00000000,-2.00096968,-0.00007617,180.48093685
1624631745.47655320,1,0.00810500,2.00000000,-1.99999971,-0.00006803,180.48093685
1624631745.57656646,1,0.00810500,2.00000000,-1.99999742,-0.00020442,181.44522481
1624631745.67656636,1,0.00810500,1.00000000,-1.99999975,-0.00006298,180.44522481
1624631745.77656722,1,0.00810500,1.00000000,-1.99999975,-0.00006298,180.44522481
1624631745.87656498,1,0.00810500,1.00000000,-1.99999975,-0.00006298,180.44522481
1624631745.97656846,1,0.00810500,1.00000000,-1.99999702,-0.00021991,-178.44522481
1624631746.07656693,1,0.00810500,-1.00000000,-1.99999975,0.00006298,-180.44522481
1624631746.17656612,1,0.00810500,-1.00000000,-1.99999975,0.00006298,-180.44522481
1624631746.27657270,1,0.00810500,-1.00000000,-1.99999975,0.00006298,-180.44522481
1624631746.37653995,1,0.00810500,-1.00000000,-2.00096975,0.00006298,-180.44522481
1624631746.47657180,1,0.00713500,-1.00000000,-1.99999978,0.00005544,-180.44522481
1624631746.57657075,1,0.00713500,-1.00000000,-1.99999978,0.00005544,-180.44522481
1624631746.67656684,1,0.00713500,-1.00000000,-1.99999978,0.00005544,-180.44522481
1624631746.77657080,1,0.00713500,-1.00000000,-1.99999978,0.00005544,-180.44522481
1624631746.87656641,1,0.00713500,-1.00000000,-1.99999978,0.00005544,-180.44522481
1624631746.97656560,1,0.00713500,-1.00000000,-1.99999978,0.00005544,-180.44522481
1624631747.07656598,1,0.00713500,-1.00000000,-1.99999737,0.00019359,178.44522481
1624631747.17656684,1,0.00713500,1.00000000,-1.99999978,-0.00005544,180.44522481
1624631747.27656555,1,0.00713500,1.00000000,-1.99999978,-0.00005544,180.44522481
1624631747.37656522,1,0.00713500,1.00000000,-2.00096978,-0.00005544,180.44522481
1624631747.47656870,1,0.00616500,1.00000000,-1.99999975,0.00005585,179.48093685
1624631747.57656455,1,0.00616500,2.00000000,-1.99999978,-0.00005175,180.48093685
1624631747.67657256,1,0.00616500,2.00000000,-1.99999978,-0.00005175,180.48093685
1624631747.77657056,1,0.00616500,2.00000000,-1.99999804,-0.00015549,181.44522481
1624631747.87656879,1,0.00616500,1.00000000,-1.99999981,-0.00004791,180.44522481
1624631747.97653127,1,0.00616500,1.00000000,-1.99999981,-0.00004791,180.44522481
1624631748.07656407,1,0.00616500,1.00000000,-1.99999981,-0.00004791,180.44522481
1624631748.17656636,1,0.00616500,1.00000000,-1.99999773,-0.00016727,-178.44522481
1624631748.27657151,1,0.00616500,-1.00000000,-1.99999981,0.00004791,-180.44522481
1624631748.37656522,1,0.00616500,-1.00000000,-2.00096981,0.00004791,-180.44522481
1624631748.47655964,1,0.00519500,-1.00000000,-1.99999984,0.00004037,-180.44522481
1624631748.57656336,1,0.00519500,-1.00000000,-1.99999984,0.00004037,-180.44522481
1624631748.67656779,1,0.00519500,-1.00000000,-1.99999984,0.00004037,-180.44522481
1624631748.77656460,1,0.00519500,-1.00000000,-1.99999984,0.00004037,-180.44522481
1624631748.87655926,1,0.00519500,-1.00000000,-1.99999984,0.00004037,-180.44522481
1624631748.97656655,1,0.00519500,-1.00000000,-1.99999984,0.00004037,-180.44522481
1624631749.07656670,1,0.00519500,-1.00000000,-1.99999984,0.00004037,-180.44522481
1624631749.17656970,1,0.00519500,-1.00000000,-1.99999984,0.00004037,-180.44522481
1624631749.27656531,1,0.00519500,-1.00000000,-1.99999809,0.00014095,178.44522481
1624631749.37652564,1,0.00519500,1.00000000,-2.00096984,-0.00004037,180.44522481
1624631749.47650504,1,0.00422500,1.00000000,-1.99999987,-0.00003283,180.44522481
1624631749.57656288,1,0.00422500,1.00000000,-1.99999987,-0.00003283,180.44522481
1624631749.67652321,1,0.00422500,1.00000000,-1.99999983,0.00003828,179.48093685
1624631749.77656937,1,0.00422500,2.00000000,-1.99999985,-0.00003546,180.48093685
1624631749.87657046,1,0.00422500,2.00000000,-1.99999985,-0.00003546,180.48093685
1624631749.97657084,1,0.00422500,2.00000000,-1.99999866,-0.00010656,181.44522481
1624631750.07656288,1,0.00422500,1.00000000,-1.99999987,-0.00003283,180.44522481
1624631750.17657113,1,0.00422500,1.00000000,-1.99999987,-0.00003283,180.44522481
1624631750.27652645,1,0.00422500,1.00000000,-1.99999987,-0.00003283,180.44522481
1624631750.37656331,1,0.00422500,1.00000000,-1.99999844,-0.00011464,-178.44522481
1624631750.47655344,1,0.00422500,-1.00000000,-1.99999987,0.00003283,-180.44522481
1624631750.57655334,1,0.00422500,-1.00000000,-1.99999987,0.00003283,-180.44522481
1624631750.67656898,1,0.00422500,-1.00000000,-1.99999987,0.00003283,-180.44522481
1624631750.77656579,1,0.00422500,-1.00000000,-1.99999987,0.00003283,-180.44522481
1624631750.87656474,1,0.00422500,-1.00000000,-1.99999987,0.00003283,-180.44522481
1624631750.97652435,1,0.00422500,-1.00000000,-1.99999987,0.00003283,-180.44522481
1624631751.07655931,1,0.00422500,-1.00000000,-1.99999987,0.00003283,-180.44522481
1624631751.17654920,1,0.00422500,-1.00000000,-1.99999987,0.00003283,-180.44522481
1624631751.27653909,1,0.00422500,-1.00000000,-1.99999987,0.00003283,-180.44522481
1624631751.37656927,1,0.00422500,-1.00000000,-1.99999987,0.00003283,-180.44522481
1624631751.47652578,1,0.00422500,-1.00000000,-1.99999844,0.00011464,178.44522481
1624631751.57656384,1,0.00422500,1.00000000,-1.99999987,-0.00003283,180.44522481
1624631751.67656541,1,0.00422500,1.00000000,-1.99999987,-0.00003283,180.44522481
1624631751.77656364,1,0.00422500,1.00000000,-1.99999987,-0.00003283,180.44522481
1624631751.87655616,1,0.00422500,1.00000000,-1.99999983,0.00003828,179.48093685
1624631751.97656441,1,0.00422500,2.00000000,-1.99999985,-0.00003546,180.48093685
1624631752.07652307,1,0.00422500,2.00000000,-1.99999985,-0.00003546,180.48093685
1624631752.17655659,1,0.00422500,2.00000000,-1.99999866,-0.00010656,181.44522481
1624631752.27657080,1,0.00422500,1.00000000,-1.99999987,-0.00003283,180.44522481
1624631752.37653327,1,0.00422500,1.00000000,-1.99999987,-0.00003283,180.44522481
1624631752.47656798,1,0.00422500,1.00000000,-1.99999987,-0.00003283,180.44522481
1624631752.57656837,1,0.00422500,1.00000000,-1.99999844,-0.00011464,-178.44522481
1624631752.67656803,1,0.00422500,-1.00000000,-1.99999987,0.00003283,-180.44522481
1624631752.77656436,1,0.00422500,-1.00000000,-1.99999987,0.00003283,-180.44522481
1624631752.87652302,1,0.00422500,-1.00000000,-1.99999987,0.00003283,-180.44522481
1624631752.97653031,1,0.00422500,-1.00000000,-1.99999987,0.00003283,-180.44522481
1624631753.07656860,1,0.00422500,-1.00000000,-1.99999987,0.00003283,-180.44522481
1624631753.17655659,1,0.00422500,-1.00000000,-1.99999987,0.00003283,-180.44522481
1624631753.27654958,1,0.00422500,-1.00000000,-1.99999987,0.00003283,-180.44522481
1624631753.37654853,1,0.00422500,-1.00000000,-1.99999987,0.00003283,-180.44522481
1624631753.47656608,1,0.00422500,-1.00000000,-1.99999987,0.00003283,-180.44522481
1624631753.57657099,1,0.00422500,-1.00000000,-1.99999987,0.00003283,-180.44522481
1624631753.67656374,1,0.00422500,-1.00000000,-1.99999844,0.00011464,178.44522481
1624631753.77656579,1,0.00422500,1.00000000,-1.99999987,-0.00003283,180.44522481
1624631753.87656116,1,0.00422500,1.00000000,-1.99999987,-0.00003283,180.44522481
1624631753.97656059,1,0.00422500,1.00000000,-1.99999987,-0.00003283,180.44522481
1624631754.07657027,1,0.00422500,1.00000000,-1.99999983,0.00003828,179.48093685
1624631754.17653275,1,0.00422500,2.00000000,-1.99999985,-0.00003546,180.48093685
1624631754.27656746,1,0.00422500,2.00000000,-1.99999985,-0.00003546,180.48093685
1624631754.37656069,1,0.00422500,2.00000000,-1.99999866,-0.00010656,181.44522481
1624631754.47656369,1,0.00422500,1.00000000,-1.99999987,-0.00003283,180.44522481
1624631754.57656932,1,0.00422500,1.00000000,-1.99999987,-0.00003283,180.44522481
1624631754.67656350,1,0.00422500,1.00000000,-1.99999987,-0.00003283,180.44522481
1624631754.77657294,1,0.00422500,1.00000000,-1.99999844,-0.00011464,-178.44522481
1624631754.87658095,1,0.00422500,-1.00000000,-1.99999987,0.00003283,-180.44522481
1624631754.97656369,1,0.00422500,-1.00000000,-1.99999987,0.00003283,-180.44522481
1624631755.07656336,1,0.00422500,-1.00000000,-1.99999987,0.00003283,-180.44522481
1624631755.17654848,1,0.00422500,-1.00000000,-1.99999987,0.00003283,-180.44522481
1624631755.27655935,1,0.00422500,-1.00000000,-1.99999987,0.00003283,-180.44522481
1624631755.37656641,1,0.00422500,-1.00000000,-1.99999987,0.00003283,-180.44522481
1624631755.47655034,1,0.00422500,-1.00000000,-1.99999987,0.00003283,-180.44522481
1624631755.57656741,1,0.00422500,-1.00000000,-1.99999987,0.00003283,-180.44522481
1624631755.67653799,1,0.00422500,-1.00000000,-1.99999987,0.00003283,-180.44522481
1624631755.77656126,1,0.00422500,-1.00000000,-1.99999987,0.00003283,-180.44522481
1624631755.87656856,1,0.00422500,-1.00000000,-1.99999844,0.00011464,178.44522481
1624631755.97654581,1,0.00422500,1.00000000,-1.99999987,-0.00003283,180.44522481
1624631756.07656956,1,0.00422500,1.00000000,-1.99999987,-0.00003283,180.44522481
1624631756.17656946,1,0.00422500,1.00000000,-1.99999987,-0.00003283,180.44522481
1624631756.27656746,1,0.00422500,1.00000000,-1.99999983,0.00003828,179.48093685
1624631756.37656403,1,0.00422500,2.00000000,-1.99999985,-0.00003546,180.48093685
1624631756.47652292,1,0.00422500,2.00000000,-1.99999985,-0.00003546,180.48093685
1624631756.57656884,1,0.00422500,2.00000000,-1.99999866,-0.00010656,181.44522481
1624631756.67656755,1,0.00422500,1.00000000,-1.99999987,-0.00003283,180.44522481
1624631756.77651596,1,0.00422500,1.00000000,-1.99999987,-0.00003283,180.44522481
1624631756.87654424,1,0.00422500,1.00000000,-1.99999987,-0.00003283,180.44522481
1624631756.97656679,1,0.00422500,1.00000000,-1.99999844,-0.00011464,-178.44522481
1624631757.07655525,1,0.00422500,-1.00000000,-1.99999987,0.00003283,-180.44522481
1624631757.17654634,1,0.00422500,-1.00000000,-1.99999987,0.00003283,-180.44522481
1624631757.27657294,1,0.00422500,-1.00000000,-1.99999987,0.00003283,-180.44522481
1624631757.37656736,1,0.00422500,-1.00000000,-1.99999987,0.00003283,-180.44522481
1624631757.47656417,1,0.00422500,-1.00000000,-1.99999987,0.00003283,-180.44522481
1624631757.57656717,1,0.00422500,-1.00000000,-1.99999987,0.00003283,-180.44522481
1624631757.67656088,1,0.00422500,-1.00000000,-1.99999987,0.00003283,-180.44522481
1624631757.77655792,1,0.00422500,-1.00000000,-1.99999987,0.00003283,-180.44522481
1624631757.87656164,1,0.00422500,-1.00000000,-1.99999987,0.00003283,-180.44522481
1624631757.97655797,1,0.00422500,-1.00000000,-1.99999987,0.00003283,-180.44522481
1624631758.07656670,1,0.00422500,-1.00000000,-1.99999844,0.00011464,178.44522481
1624631758.17655683,1,0.00422500,1.00000000,-1.99999987,-0.00003283,180.44522481
1624631758.27656150,1,0.00422500,1.00000000,-1.99999987,-0.00003283,180.44522481
1624631758.37656713,1,0.00422500,1.00000000,-1.99999987,-0.00003283,180.44522481
1624631758.47652221,1,0.00422500,1.00000000,-1.99999983,0.00003828,179.48093685
1624631758.57654667,1,0.00422500,2.00000000,-1.99999985,-0.00003546,180.48093685
1624631758.67655635,1,0.00422500,2.00000000,-1.99999985,-0.00003546,180.48093685
1624631758.77656913,1,0.00422500,2.00000000,-1.99999866,-0.00010656,181.44522481
1624631758.87656665,1,0.00422500,1.00000000,-1.99999987,-0.00003283,180.44522481
1624631758.97656035,1,0.00422500,1.00000000,-1.99999987,-0.00003283,180.44522481
1624631759.07655954,1,0.00422500,1.00000000,-1.99999987,-0.00003283,180.44522481
1624631759.17656088,1,0.00422500,1.00000000,-1.99999844,-0.00011464,-178.44522481
1624631759.27656603,1,0.00422500,-1.00000000,-1.99999987,0.00003283,-180.44522481
1624631759.37656307,1,0.00422500,-1.00000000,-1.99999987,0.00003283,-180.44522481
1624631759.47650528,1,0.00422500,-1.00000000,-1.99999987,0.00003283,-180.44522481
1624631759.57655215,1,0.00422500,-1.00000000,-1.99999987,0.00003283,-180.44522481
1624631759.67657399,1,0.00422500,-1.00000000,-1.99999987,0.00003283,-180.44522481
1624631759.77652764,1,0.00422500,-1.00000000,-1.99999987,0.00003283,-180.44522481
1624631759.87655735,1,0.00422500,-1.00000000,-1.99999987,0.00003283,-180.44522481
1624631759.97655582,1,0.00422500,-1.00000000,-1.99999987,0.00003283,-180.44522481
1624631760.07655692,1,0.00422500,-1.00000000,-1.99999987,0.00003283,-180.44522481
1624631760.17655301,1,0.00422500,-1.00000000,-1.99999987,0.00003283,-180.44522481
1624631760.27655220,1,0.00422500,-1.00000000,-1.99999844,0.00011464,178.44522481
1624631760.37656498,1,0.00422500,1.00000000,-1.99999987,-0.00003283,180.44522481
1624631760.47656274,1,0.00422500,1.00000000,-1.99999987,-0.00003283,180.44522481
1624631760.57656288,1,0.00422500,1.00000000,-1.99999987,-0.00003283,180.44522481
1624631760.67656589,1,0.00422500,1.00000000,-1.99999983,0.00003828,179.48093685
1624631760.77656078,1,0.00422500,2.00000000,-1.99999985,-0.00003546,180.48093685
1624631760.87656593,1,0.00422500,2.00000000,-1.99999985,-0.00003546,180.48093685
1624631760.97656417,1,0.00422500,2.00000000,-1.99999866,-0.00010656,181.44522481
1624631761.07656074,1,0.00422500,1.00000000,-1.99999987,-0.00003283,180.44522481
1624631761.17655802,1,0.00422500,1.00000000,-1.99999987,-0.00003283,180.44522481
1624631761.27656531,1,0.00422500,1.00000000,-1.99999987,-0.00003283,180.44522481
1624631761.37656140,1,0.00422500,1.00000000,-1.99999844,-0.00011464,-178.44522481
1624631761.47653770,1,0.00422500,-1.00000000,-1.99999987,0.00003283,-180.44522481
1624631761.57656145,1,0.00422500,-1.00000000,-1.99999987,0.00003283,-180.44522481
1624631761.67656112,1,0.00422500,-1.00000000,-1.99999987,0.00003283,-180.44522481
1624631761.77656007,1,0.00422500,-1.00000000,-1.99999987,0.00003283,-180.44522481
1624631761.87656260,1,0.00422500,-1.00000000,-1.99999987,0.00003283,-180.44522481
1624631761.97656512,1,0.00422500,-1.00000000,-1.99999987,0.00003283,-180.44522481
1624631762.07651877,1,0.00422500,-1.00000000,-1.99999987,0.00003283,-180.44522481
1624631762.17654395,1,0.00422500,-1.00000000,-1.99999987,0.00003283,-180.44522481
1624631762.27656412,1,0.00422500,-1.00000000,-1.99999987,0.00003283,-180.44522481
1624631762.37656784,1,0.00422500,-1.00000000,-1.99999987,0.00003283,-180.44522481
1624631762.47657108,1,0.00422500,-1.00000000,-1.99999844,0.00011464,178.44522481
1624631762.57657337,1,0.00422500,1.00000000,-1.99999987,-0.00003283,180.44522481
1624631762.67657089,1,0.00422500,1.00000000,-1.99999987,-0.00003283,180.44522481
1624631762.77656150,1,0.00422500,1.00000000,-1.99999987,-0.00003283,180.44522481
1624631762.87652874,1,0.00422500,1.00000000,-1.99999983,0.00003828,179.48093685
1624631762.97656369,1,0.00422500,2.00000000,-1.99999985,-0.00003546,180.48093685
1624631763.07656765,1,0.00422500,2.00000000,-1.99999985,-0.00003546,180.48093685
1624631763.17655420,1,0.00422500,2.00000000,-1.99999866,-0.00010656,181.44522481
1624631763.27656364,1,0.00422500,1.00000000,-1.99999987,-0.00003283,180.44522481
1624631763.37655759,1,0.00422500,1.00000000,-1.99999987,-0.00003283,180.44522481
1624631763.47655892,1,0.00422500,1.00000000,-1.99999987,-0.00003283,180.44522481
1624631763.57656765,1,0.00422500,1.00000000,-1.99999844,-0.00011464,-178.44522481
1624631763.67656422,1,0.00422500,-1.00000000,-1.99999987,0.00003283,-180.44522481
1624631763.77656484,1,0.00422500,-1.00000000,-1.99999987,0.00003283,-180.44522481
1624631763.87656450,1,0.00422500,-1.00000000,-1.99999987,0.00003283,-180.44522481
1624631763.97652531,1,0.00422500,-1.00000000,-1.99999987,0.00003283,-180.44522481
1624631764.07652569,1,0.00422500,-1.00000000,-1.99999987,0.00003283,-180.44522481
1624631764.17656374,1,0.00422500,-1.00000000,-1.99999987,0.00003283,-180.44522481
1624631764.27656698,1,0.00422500,-1.00000000,-1.99999987,0.00003283,-180.44522481
1624631764.37652707,1,0.00422500,-1.00000000,-1.99999987,0.00003283,-180.44522481
1624631764.47655940,1,0.00422500,-1.00000000,-1.99999987,0.00003283,-180.44522481
1624631764.57656741,1,0.00422500,-1.00000000,-1.99999987,0.00003283,-180.44522481
1624631764.67656493,1,0.00422500,-1.00000000,-1.99999844,0.00011464,178.44522481
1624631764.77653980,1,0.00422500,1.00000000,-1.99999987,-0.00003283,180.44522481
1624631764.87656450,1,0.00422500,1.00000000,-1.99999987,-0.00003283,180.44522481
1624631764.97652435,1,0.00422500,1.00000000,-1.99999987,-0.00003283,180.44522481
1624631765.07656431,1,0.00422500,1.00000000,-1.99999983,0.00003828,179.48093685
1624631765.17652535,1,0.00422500,2.00000000,-1.99999985,-0.00003546,180.48093685
1624631765.27651381,1,0.00422500,2.00000000,-1.99999985,-0.00003546,180.48093685
1624631765.37651396,1,0.00422500,2.00000000,-1.99999866,-0.00010656,181.44522481
1624631765.47657371,1,0.00422500,1.00000000,-1.99999987,-0.00003283,180.44522481
1624631765.57656431,1,0.00422500,1.00000000,-1.99999987,-0.00003283,180.44522481
1624631765.67656255,1,0.00422500,1.00000000,-1.99999987,-0.00003283,180.44522481
1624631765.77655745,1,0.00422500,1.00000000,-1.99999844,-0.00011464,-178.44522481
1624631765.87656093,1,0.00422500,-1.00000000,-1.99999987,0.00003283,-180.44522481
1624631765.97654414,1,0.00422500,-1.00000000,-1.99999987,0.00003283,-180.44522481
1624631766.07656217,1,0.00422500,-1.00000000,-1.99999987,0.00003283,-180.44522481
1624631766.17654705,1,0.00422500,-1.00000000,-1.99999987,0.00003283,-180.44522481
1624631766.27651620,1,0.00422500,-1.00000000,-1.99999987,0.00003283,-180.44522481
1624631766.37654972,1,0.00422500,-1.00000000,-1.99999987,0.00003283,-180.44522481
1624631766.47652197,1,0.00422500,-1.00000000,-1.99999987,0.00003283,-180.44522481
1624631766.57653069,1,0.00422500,-1.00000000,-1.99999987,0.00003283,-180.44522481
1624631766.67656088,1,0.00422500,-1.00000000,-1.99999987,0.00003283,-180.44522481
1624631766.77656007,1,0.00422500,-1.00000000,-1.99999987,0.00003283,-180.44522481
1624631766.87652659,1,0.00422500,-1.00000000,-1.99999844,0.00011464,178.44522481
1624631766.97656369,1,0.00422500,1.00000000,-1.99999987,-0.00003283,180.44522481
1624631767.07652617,1,0.00422500,1.00000000,-1.99999987,-0.00003283,180.44522481
1624631767.17656851,1,0.00422500,1.00000000,-1.99999987,-0.00003283,180.44522481
1624631767.27656126,1,0.00422500,1.00000000,-1.99999983,0.00003828,179.48093685
1624631767.37654233,1,0.00422500,2.00000000,-1.99999985,-0.00003546,180.48093685
1624631767.47656202,1,0.00422500,2.00000000,-1.99999985,-0.00003546,180.48093685
1624631767.57656074,1,0.00422500,2.00000000,-1.99999866,-0.00010656,181.44522481
1624631767.67655587,1,0.00422500,1.00000000,-1.99999987,-0.00003283,180.44522481
1624631767.77656078,1,0.00422500,1.00000000,-1.99999987,-0.00003283,180.44522481
1624631767.87653613,1,0.00422500,1.00000000,-1.99999987,-0.00003283,180.44522481
1624631767.97656369,1,0.00422500,1.00000000,-1.99999844,-0.00011464,-178.44522481
1624631768.07655549,1,0.00422500,-1.00000000,-1.99999987,0.00003283,-180.44522481
1624631768.17656541,1,0.00422500,-1.00000000,-1.99999987,0.00003283,-180.44522481
1624631768.27655792,1,0.00422500,-1.00000000,-1.99999987,0.00003283,-180.44522481
1624631768.37656331,1,0.00422500,-1.00000000,-1.99999987,0.00003283,-180.44522481
1624631768.47655678,1,0.00422500,-1.00000000,-1.99999987,0.00003283,-180.44522481
1624631768.57656193,1,0.00422500,-1.00000000,-1.99999987,0.00003283,-180.44522481
1624631768.67655921,1,0.00422500,-1.00000000,-1.99999987,0.00003283,-180.44522481
1624631768.77656507,1,0.00422500,-1.00000000,-1.99999987,0.00003283,-180.44522481
1624631768.87651968,1,0.00422500,-1.00000000,-1.99999987,0.00003283,-180.44522481
1624631768.97652102,1,0.00422500,-1.00000000,-1.99999987,0.00003283,-180.44522481
1624631769.07655764,1,0.00422500,-1.00000000,-1.99999844,0.00011464,178.44522481
1624631769.17655993,1,0.00422500,1.00000000,-1.99999987,-0.00003283,180.44522481
1624631769.27656794,1,0.00422500,1.00000000,-1.99999987,-0.00003283,180.44522481
1624631769.37655783,1,0.00422500,1.00000000,-1.99999987,-0.00003283,180.44522481
1624631769.47656322,1,0.00422500,1.00000000,-1.99999983,0.00003828,179.48093685
1624631769.57656050,1,0.00422500,2.00000000,-1.99999985,-0.00003546,180.48093685
1624631769.67656684,1,0.00422500,2.00000000,-1.99999985,-0.00003546,180.48093685
1624631769.77654338,1,0.00422500,2.00000000,-1.99999866,-0.00010656,181.44522481
1624631769.87651324,1,0.00422500,1.00000000,-1.99999987,-0.00003283,180.44522481
1624631769.97656369,1,0.00422500,1.00000000,-1.99999987,-0.00003283,180.44522481
1624631770.07652259,1,0.00422500,1.00000000,-1.99999987,-0.00003283,180.44522481
1624631770.17656732,1,0.00422500,1.00000000,-1.99999844,-0.00011464,-178.44522481
1624631770.27656221,1,0.00422500,-1.00000000,-1.99999987,0.00003283,-180.44522481
1624631770.37656140,1,0.00422500,-1.00000000,-1.99999987,0.00003283,-180.44522481
1624631770.47656012,1,0.00422500,-1.00000000,-1.99999987,0.00003283,-180.44522481
1624631770.57656264,1,0.00422500,-1.00000000,-1.99999987,0.00003283,-180.44522481
1624631770.67656708,1,0.00422500,-1.00000000,-1.99999987,0.00003283,-180.44522481
1624631770.77655745,1,0.00422500,-1.00000000,-1.99999987,0.00003283,-180.44522481
1624631770.87655735,1,0.00422500,-1.00000000,-1.99999987,0.00003283,-180.44522481
1624631770.97651863,1,0.00422500,-1.00000000,-1.99999987,0.00003283,-180.44522481
1624631771.07656050,1,0.00422500,-1.00000000,-1.99999987,0.00003283,-180.44522481
1624631771.17655301,1,0.00422500,-1.00000000,-1.99999987,0.00003283,-180.44522481
1624631771.27654576,1,0.00422500,-1.00000000,-1.99999844,0.00011464,178.44522481
1624631771.37655425,1,0.00422500,1.00000000,-1.99999987,-0.00003283,180.44522481
1624631771.47656512,1,0.00422500,1.00000000,-1.99999987,-0.00003283,180.44522481
1624631771.57654858,1,0.00422500,1.00000000,-1.99999987,-0.00003283,180.44522481
1624631771.67656350,1,0.00422500,1.00000000,-1.99999983,0.00003828,179.48093685
1624631771.77656364,1,0.00422500,2.00000000,-1.99999985,-0.00003546,180.48093685
1624631771.87654233,1,0.00422500,2.00000000,-1.99999985,-0.00003546,180.48093685
1624631771.97655582,1,0.00422500,2.00000000,-1.99999866,-0.00010656,181.44522481
1624631772.07655692,1,0.00422500,1.00000000,-1.99999987,-0.00003283,180.44522481
1624631772.17656469,1,0.00422500,1.00000000,-1.99999987,-0.00003283,180.44522481
1624631772.27651978,1,0.00422500,1.00000000,-1.99999987,-0.00003283,180.44522481
1624631772.37654638,1,0.00422500,1.00000000,-1.99999844,-0.00011464,-178.44522481
1624631772.47653699,1,0.00422500,-1.00000000,-1.99999987,0.00003283,-180.44522481
1624631772.57656193,1,0.00422500,-1.00000000,-1.99999987,0.00003283,-180.44522481
1624631772.67656422,1,0.00422500,-1.00000000,-1.99999987,0.00003283,-180.44522481
1624631772.77655697,1,0.00422500,-1.00000000,-1.99999987,0.00003283,-180.44522481
1624631772.87656355,1,0.00422500,-1.00000000,-1.99999987,0.00003283,-180.44522481
1624631772.97656155,1,0.00422500,-1.00000000,-1.99999987,0.00003283,-180.44522481
1624631773.07656550,1,0.00422500,-1.00000000,-1.99999987,0.00003283,-180.44522481
1624631773.17654610,1,0.00422500,-1.00000000,-1.99999987,0.00003283,-180.44522481
1624631773.27654243,1,0.00422500,-1.00000000,-1.99999987,0.00003283,-180.44522481
1624631773.37660408,1,0.00422500,-1.00000000,-1.99999987,0.00003283,-180.44522481
1624631773.47655630,1,0.00422500,-1.00000000,-1.99999844,0.00011464,178.44522481
1624631773.57656288,1,0.00422500,1.00000000,-1.99999987,-0.00003283,180.44522481
1624631773.67656970,1,0.00422500,1.00000000,-1.99999987,-0.00003283,180.44522481
1624631773.77654028,1,0.00422500,1.00000000,-1.99999987,-0.00003283,180.44522481
1624631773.87656760,1,0.00422500,1.00000000,-1.99999983,0.00003828,179.48093685
1624631773.97656941,1,0.00422500,2.00000000,-1.99999985,-0.00003546,180.48093685
1624631774.07656145,1,0.00422500,2.00000000,-1.99999985,-0.00003546,180.48093685
1624631774.17653227,1,0.00422500,2.00000000,-1.99999866,-0.00010656,181.44522481
1624631774.27653527,1,0.00422500,1.00000000,-1.99999987,-0.00003283,180.44522481
1624631774.37656665,1,0.00422500,1.00000000,-1.99999987,-0.00003283,180.44522481
1624631774.47657108,1,0.00422500,1.00000000,-1.99999987,-0.00003283,180.44522481
1624631774.57656145,1,0.00422500,1.00000000,-1.99999844,-0.00011464,-178.44522481
1624631774.67656970,1,0.00422500,-1.00000000,-1.99999987,0.00003283,-180.44522481
1624631774.77656770,1,0.00422500,-1.00000000,-1.99999987,0.00003283,-180.44522481
1624631774.87655568,1,0.00422500,-1.00000000,-1.99999987,0.00003283,-180.44522481
1624631774.97656751,1,0.00422500,-1.00000000,-1.99999987,0.00003283,-180.44522481
1624631775.07656765,1,0.00422500,-1.00000000,-1.99999987,0.00003283,-180.44522481
1624631775.17658901,1,0.00422500,-1.00000000,-1.99999987,0.00003283,-180.44522481
1624631775.27656174,1,0.00422500,-1.00000000,-1.99999987,0.00003283,-180.44522481
1624631775.37657213,1,0.00422500,-1.00000000,-1.99999987,0.00003283,-180.44522481
1624631775.47657394,1,0.00422500,-1.00000000,-1.99999987,0.00003283,-180.44522481
1624631775.57655168,1,0.00422500,-1.00000000,-1.99999987,0.00003283,-180.44522481
1624631775.67656302,1,0.00422500,-1.00000000,-1.99999844,0.00011464,178.44522481
1624631775.77656054,1,0.00422500,1.00000000,-1.99999987,-0.00003283,180.44522481
1624631775.87653923,1,0.00422500,1.00000000,-1.99999987,-0.00003283,180.44522481
1624631775.97655296,1,0.00422500,1.00000000,-1.99999987,-0.00003283,180.44522481
1624631776.07655406,1,0.00422500,1.00000000,-1.99999983,0.00003828,179.48093685
1624631776.17656112,1,0.00422500,2.00000000,-1.99999985,-0.00003546,180.48093685
1624631776.27656341,1,0.00422500,2.00000000,-1.99999985,-0.00003546,180.48093685
1624631776.37656808,1,0.00422500,2.00000000,-1.99999866,-0.00010656,181.44522481
1624631776.47652221,1,0.00422500,1.00000000,-1.99999987,-0.00003283,180.44522481
1624631776.57657075,1,0.00422500,1.00000000,-1.99999987,-0.00003283,180.44522481
1624631776.67656589,1,0.00422500,1.00000000,-1.99999987,-0.00003283,180.44522481
1624631776.77655721,1,0.00422500,1.00000000,-1.99999844,-0.00011464,-178.44522481
1624631776.87656236,1,0.00422500,-1.00000000,-1.99999987,0.00003283,-180.44522481
1624631776.97655535,1,0.00422500,-1.00000000,-1.99999987,0.00003283,-180.44522481
1624631777.07656741,1,0.00422500,-1.00000000,-1.99999987,0.00003283,-180.44522481
1624631777.17656207,1,0.00422500,-1.00000000,-1.99999987,0.00003283,-180.44522481
1624631777.27656698,1,0.00422500,-1.00000000,-1.99999987,0.00003283,-180.44522481
1624631777.37655973,1,0.00422500,-1.00000000,-1.99999987,0.00003283,-180.44522481
1624631777.47656131,1,0.00422500,-1.00000000,-1.99999987,0.00003283,-180.44522481
1624631777.57652855,1,0.00422500,-1.00000000,-1.99999987,0.00003283,-180.44522481
1624631777.67656708,1,0.00422500,-1.00000000,-1.99999987,0.00003283,-180.44522481
1624631777.77656722,1,0.00422500,-1.00000000,-1.99999987,0.00003283,-180.44522481
1624631777.87657022,1,0.00422500,-1.00000000,-1.99999844,0.00011464,178.44522481
1624631777.97656965,1,0.00422500,1.00000000,-1.99999987,-0.00003283,180.44522481
1624631778.07657361,1,0.00422500,1.00000000,-1.99999987,-0.00003283,180.44522481
1624631778.17654991,1,0.00422500,1.00000000,-1.99999987,-0.00003283,180.44522481
1624631778.27655005,1,0.00422500,1.00000000,-1.99999983,0.00003828,179.48093685
1624631778.37656713,1,0.00422500,2.00000000,-1.99999985,-0.00003546,180.48093685
1624631778.47656918,1,0.00422500,2.00000000,-1.99999985,-0.00003546,180.48093685
1624631778.57655573,1,0.00422500,2.00000000,-1.99999866,-0.00010656,181.44522481
1624631778.67656898,1,0.00422500,1.00000000,-1.99999987,-0.00003283,180.44522481
1624631778.77655864,1,0.00422500,1.00000000,-1.99999987,-0.00003283,180.44522481
1624631778.87656045,1,0.00422500,1.00000000,-1.99999987,-0.00003283,180.44522481
1624631778.97655797,1,0.00422500,1.00000000,-1.99999844,-0.00011464,-178.44522481
1624631779.07657433,1,0.00422500,-1.00000000,-1.99999987,0.00003283,-180.44522481
1624631779.17657495,1,0.00422500,-1.00000000,-1.99999987,0.00003283,-180.44522481
1624631779.27658606,1,0.00422500,-1.00000000,-1.99999987,0.00003283,-180.44522481
1624631779.37654710,1,0.00422500,-1.00000000,-1.99999987,0.00003283,-180.44522481
1624631779.47657657,1,0.00422500,-1.00000000,-1.99999987,0.00003283,-180.44522481
1624631779.57654095,1,0.00422500,-1.00000000,-1.99999987,0.00003283,-180.44522481
1624631779.67656827,1,0.00422500,-1.00000000,-1.99999987,0.00003283,-180.44522481
1624631779.77655864,1,0.00422500,-1.00000000,-1.99999987,0.00003283,-180.44522481
1624631779.87655520,1,0.00422500,-1.00000000,-1.99999987,0.00003283,-180.44522481
1624631779.97656226,1,0.00422500,-1.00000000,-1.99999987,0.00003283,-180.44522481
1624631780.07655954,1,0.00422500,-1.00000000,-1.99999844,0.00011464,178.44522481
1624631780.17652941,1,0.00422500,1.00000000,-1.99999987,-0.00003283,180.44522481
1624631780.27656603,1,0.00422500,1.00000000,-1.99999987,-0.00003283,180.44522481
1624631780.37655592,1,0.00422500,1.00000000,-1.99999987,-0.00003283,180.44522481
1624631780.47656775,1,0.00422500,1.00000000,-1.99999983,0.00003828,179.48093685
1624631780.57654929,1,0.00422500,2.00000000,-1.99999985,-0.00003546,180.48093685
1624631780.67656565,1,0.00422500,2.00000000,-1.99999985,-0.00003546,180.48093685
1624631780.77657032,1,0.00422500,2.00000000,-1.99999866,-0.00010656,181.44522481
1624631780.87656760,1,0.00422500,1.00000000,-1.99999987,-0.00003283,180.44522481
1624631780.97655845,1,0.00422500,1.00000000,-1.99999987,-0.00003283,180.44522481
1624631781.07655978,1,0.00422500,1.00000000,-1.99999987,-0.00003283,180.44522481
1624631781.17657113,1,0.00422500,1.00000000,-1.99999844,-0.00011464,-178.44522481
1624631781.27655816,1,0.00422500,-1.00000000,-1.99999987,0.00003283,-180.44522481
1624631781.37656379,1,0.00422500,-1.00000000,-1.99999987,0.00003283,-180.44522481
1624631781.47648406,1,0.00422500,-1.00000000,-1.99999987,0.00003283,-180.44522481
1624631781.57656217,1,0.00422500,-1.00000000,-1.99999987,0.00003283,-180.44522481
1624631781.67651963,1,0.00422500,-1.00000000,-1.99999987,0.00003283,-180.44522481
1624631781.77656054,1,0.00422500,-1.00000000,-1.99999987,0.00003283,-180.44522481
1624631781.87652135,1,0.00422500,-1.00000000,-1.99999987,0.00003283,-180.44522481
1624631781.97656512,1,0.00422500,-1.00000000,-1.99999987,0.00003283,-180.44522481
1624631782.07654452,1,0.00422500,-1.00000000,-1.99999987,0.00003283,-180.44522481
1624631782.17653084,1,0.00422500,-1.00000000,-1.99999987,0.00003283,-180.44522481
1624631782.27654982,1,0.00422500,-1.00000000,-1.99999844,0.00011464,178.44522481
1624631782.37655997,1,0.00422500,1.00000000,-1.99999987,-0.00003283,180.44522481
1624631782.47655964,1,0.00422500,1.00000000,-1.99999987,-0.00003283,180.44522481
1624631782.57657194,1,0.00422500,1.00000000,-1.99999987,-0.00003283,180.44522481
1624631782.67656183,1,0.00422500,1.00000000,-1.99999983,0.00003828,179.48093685
1624631782.77656817,1,0.00422500,2.00000000,-1.99999985,-0.00003546,180.48093685
1624631782.87656879,1,0.00422500,2.00000000,-1.99999985,-0.00003546,180.48093685
1624631782.97656274,1,0.00422500,2.00000000,-1.99999866,-0.00010656,181.44522481
1624631783.07656765,1,0.00422500,1.00000000,-1.99999987,-0.00003283,180.44522481
1624631783.17652678,1,0.00422500,1.00000000,-1.99999987,-0.00003283,180.44522481
1624631783.27656221,1,0.00422500,1.00000000,-1.99999987,-0.00003283,180.44522481
1624631783.37656307,1,0.00422500,1.00000000,-1.99999844,-0.00011464,-178.44522481
1624631783.47654390,1,0.00422500,-1.00000000,-1.99999987,0.00003283,-180.44522481
1624631783.57655954,1,0.00422500,-1.00000000,-1.99999987,0.00003283,-180.44522481
1624631783.67656946,1,0.00422500,-1.00000000,-1.99999987,0.00003283,-180.44522481
1624631783.77656770,1,0.00422500,-1.00000000,-1.99999987,0.00003283,-180.44522481
1624631783.87655592,1,0.00422500,-1.00000000,-1.99999987,0.00003283,-180.44522481
1624631783.97656107,1,0.00422500,-1.00000000,-1.99999987,0.00003283,-180.44522481
1624631784.07656074,1,0.00422500,-1.00000000,-1.99999987,0.00003283,-180.44522481
1624631784.17652774,1,0.00422500,-1.00000000,-1.99999987,0.00003283,-180.44522481
1624631784.27655911,1,0.00422500,-1.00000000,-1.99999987,0.00003283,-180.44522481
1624631784.37656569,1,0.00422500,-1.00000000,-1.99999987,0.00003283,-180.44522481
1624631784.47655773,1,0.00422500,-1.00000000,-1.99999844,0.00011464,178.44522481
1624631784.57656717,1,0.00422500,1.00000000,-1.99999987,-0.00003283,180.44522481
1624631784.67656779,1,0.00422500,1.00000000,-1.99999987,-0.00003283,180.44522481
1624631784.77656126,1,0.00422500,1.00000000,-1.99999987,-0.00003283,180.44522481
1624631784.87656379,1,0.00422500,1.00000000,-1.99999983,0.00003828,179.48093685
1624631784.97656083,1,0.00422500,2.00000000,-1.99999985,-0.00003546,180.48093685
1624631785.07656670,1,0.00422500,2.00000000,-1.99999985,-0.00003546,180.48093685
1624631785.17654705,1,0.00422500,2.00000000,-1.99999866,-0.00010656,181.44522481
1624631785.27653837,1,0.00422500,1.00000000,-1.99999987,-0.00003283,180.44522481
1624631785.37656045,1,0.00422500,1.00000000,-1.99999987,-0.00003283,180.44522481
1624631785.47656012,1,0.00422500,1.00000000,-1.99999987,-0.00003283,180.44522481
1624631785.57656336,1,0.00422500,1.00000000,-1.99999844,-0.00011464,-178.44522481
1624631785.67655873,1,0.00422500,-1.00000000,-1.99999987,0.00003283,-180.44522481
1624631785.77656746,1,0.00422500,-1.00000000,-1.99999987,0.00003283,-180.44522481
1624631785.87657428,1,0.00422500,-1.00000000,-1.99999987,0.00003283,-180.44522481
1624631785.97652459,1,0.00422500,-1.00000000,-1.99999987,0.00003283,-180.44522481
1624631786.07657671,1,0.00422500,-1.00000000,-1.99999987,0.00003283,-180.44522481
1624631786.17655039,1,0.00422500,-1.00000000,-1.99999987,0.00003283,-180.44522481
1624631786.27656198,1,0.00422500,-1.00000000,-1.99999987,0.00003283,-180.44522481
1624631786.37655878,1,0.00422500,-1.00000000,-1.99999987,0.00003283,-180.44522481
1624631786.47655869,1,0.00422500,-1.00000000,-1.99999987,0.00003283,-180.44522481
1624631786.57656550,1,0.00422500,-1.00000000,-1.99999987,0.00003283,-180.44522481
1624631786.67656708,1,0.00422500,-1.00000000,-1.99999844,0.00011464,178.44522481
1624631786.77655101,1,0.00422500,1.00000000,-1.99999987,-0.00003283,180.44522481
1624631786.87657738,1,0.00422500,1.00000000,-1.99999987,-0.00003283,180.44522481
1624631786.97655344,1,0.00422500,1.00000000,-1.99999987,-0.00003283,180.44522481
1624631787.07657051,1,0.00422500,1.00000000,-1.99999983,0.00003828,179.48093685
1624631787.17657304,1,0.00422500,2.00000000,-1.99999985,-0.00003546,180.48093685
1624631787.27656698,1,0.00422500,2.00000000,-1.99999985,-0.00003546,180.48093685
1624631787.37655902,1,0.00422500,2.00000000,-1.99999866,-0.00010656,181.44522481
1624631787.47652888,1,0.00422500,1.00000000,-1.99999987,-0.00003283,180.44522481
1624631787.57656813,1,0.00422500,1.00000000,-1.99999987,-0.00003283,180.44522481
1624631787.67656517,1,0.00422500,1.00000000,-1.99999987,-0.00003283,180.44522481
1624631787.77656364,1,0.00422500,1.00000000,-1.99999844,-0.00011464,-178.44522481
1624631787.87656474,1,0.00422500,-1.00000000,-1.99999987,0.00003283,-180.44522481
1624631787.97653246,1,0.00422500,-1.00000000,-1.99999987,0.00003283,-180.44522481
1624631788.07658410,1,0.00422500,-1.00000000,-1.99999987,0.00003283,-180.44522481
1624631788.17656469,1,0.00422500,-1.00000000,-1.99999987,0.00003283,-180.44522481
1624631788.27656674,1,0.00422500,-1.00000000,-1.99999987,0.00003283,-180.44522481
1624631788.37657356,1,0.00422500,-1.00000000,-1.99999983,-0.00003828,-179.48093685
1624631788.47651434,1,0.00422500,-2.00000000,-1.99999985,0.00003546,-180.48093685
1624631788.57659078,1,0.00422500,-2.00000000,-1.99999985,0.00003546,-180.48093685
1624631788.67656493,1,0.00422500,-2.00000000,-1.99999985,0.00003546,-180.48093685
1624631788.77656436,1,0.00422500,-2.00000000,-1.99999985,0.00003546,-180.48093685
1624631788.87655854,1,0.00422500,-2.00000000,-1.99999985,0.00003546,-180.48093685
1624631788.97657299,1,0.00422500,-2.00000000,-1.99999985,0.00003546,-180.48093685
1624631789.07656813,1,0.00422500,-2.00000000,-1.99999985,0.00003546,-180.48093685
1624631789.17653370,1,0.00422500,-2.00000000,-1.99999985,0.00003546,-180.48093685
1624631789.27657700,1,0.00422500,-2.00000000,-1.99999985,0.00003546,-180.48093685
1624631789.37657285,1,0.00422500,-2.00000000,-1.99999985,0.00003546,-180.48093685
1624631789.47656703,1,0.00422500,-2.00000000,-1.99999985,0.00003546,-180.48093685
1624631789.57658219,1,0.00422500,-2.00000000,-1.99999985,0.00003546,-180.48093685
1624631789.67657113,1,0.00422500,-2.00000000,-1.99999985,0.00003546,-180.48093685
1624631789.77657080,1,0.00422500,-2.00000000,-1.99999985,0.00003546,-180.48093685
1624631789.87653875,1,0.00422500,-2.00000000,-1.99999985,0.00003546,-180.48093685
1624631789.97656417,1,0.00422500,-2.00000000,-1.99999985,0.00003546,-180.48093685
1624631790.07656193,1,0.00422500,-2.00000000,-1.99999985,0.00003546,-180.48093685
1624631790.17652607,1,0.00422500,-2.00000000,-1.99999985,0.00003546,-180.48093685
1624631790.27656245,1,0.00422500,-2.00000000,-1.99999985,0.00003546,-180.48093685
