Seconds,ChildArea,Child Observation Distance,Robot bounds proximity
1624631684.74974656,0,0.00000000,0.00000000
1624631684.84972644,0,0.00000000,0.00000000
1624631684.94972372,0,0.00000000,0.00000000
1624631685.04970098,0,0.00000000,0.00000000
1624631685.14967966,0,0.00000000,0.00000000
1624631685.24964023,0,0.00000000,0.00000000
1624631685.34965658,0,0.00000000,0.00000000
1624631685.44964290,0,0.00000000,0.00000000
1624631685.54971385,0,0.00000000,0.00000000
1624631685.64970016,0,0.00000000,0.00000000
1624631685.74971938,0,0.00000000,0.00000000
1624631685.84971714,0,0.00000000,0.00000000
1624631685.94972348,0,0.00000000,0.00000000
1624631686.04972029,0,0.00000000,0.00000000
1624631686.14969134,0,0.00000000,0.00000000
1624631686.24972987,0,0.00000000,0.00000000
1624631686.34972405,0,0.00000000,0.00000000
1624631686.44966912,0,0.00000000,0.00000000
1624631686.54964638,0,0.00000000,0.00000000
1624631686.64966893,0,0.00000000,0.00000000
1624631686.74964190,0,0.00000000,0.00000000
1624631686.84972024,0,0.00000000,0.00000000
1624631686.94972253,0,0.00000000,0.00000000
1624631687.04972339,0,0.00000000,0.00000000
1624631687.14972162,2,0.00000000,0.00000000
1624631687.14996839,2,0.00000000,0.00000000
1624631687.24969506,2,0.00000000,0.00000000
1624631687.24996138,2,0.00000000,0.00000000
1624631687.34969306,2,0.00000000,0.00000000
1624631687.34995484,2,0.00000000,0.00000000
1624631687.44969344,2,0.00000000,0.00000000
1624631687.44992709,2,0.00000000,0.00000000
1624631687.54966402,2,0.00000000,0.00000000
1624631687.54990315,2,0.00000000,0.00000000
1624631687.64966512,2,0.00000000,0.00000000
1624631687.64990115,2,0.00000000,0.00000000
1624631687.74972200,2,0.00000000,0.00000000
1624631687.74996185,2,0.00000000,0.00000000
1624631687.84971833,2,0.00000000,0.00000000
1624631687.84997797,2,0.00000000,0.00000000
1624631687.94971824,2,0.00000000,0.00000000
1624631687.94995332,2,0.00000000,0.00000000
1624631688.04969621,2,0.00000000,0.00000000
1624631688.04993272,2,0.00000000,0.00000000
1624631688.14969254,2,0.00000000,0.00000000
1624631688.15006804,2,0.00000000,0.00000000
1624631688.24972105,2,0.00000000,0.00000000
1624631688.24999261,2,0.00000000,0.00000000
1624631688.34970164,2,0.00000000,0.00000000
1624631688.34993768,2,0.00000000,0.00000000
1624631688.44970202,2,0.00000000,0.00000000
1624631688.44997811,2,0.00000000,0.00000000
1624631688.54969883,2,0.00000000,0.00000000
1624631688.55003309,2,0.00000000,0.00000000
1624631688.64966726,2,0.00000000,0.00000000
1624631688.64972568,2,0.00000000,0.00000000
1624631688.74967289,2,0.00000000,0.00000000
1624631688.74980068,2,0.00000000,0.00000000
1624631688.84966874,2,0.00000000,0.00000000
1624631688.84974980,2,0.00000000,0.00000000
1624631688.94966412,2,0.00000000,0.00000000
1624631688.94973946,2,0.00000000,0.00000000
1624631689.04968023,2,0.00000000,0.00000000
1624631689.04993820,2,0.00000000,0.00000000
1624631689.14968252,2,0.00000000,0.00000000
1624631689.14992809,2,0.00000000,0.00000000
1624631689.24969482,2,0.00000000,0.00000000
1624631689.24998617,2,0.00000000,0.00000000
1624631689.34969878,2,0.00000000,0.00000000
1624631689.35000038,2,0.00000000,0.00000000
1624631689.44967031,2,0.00000000,0.00000000
1624631689.44986105,2,0.00000000,0.00000000
1624631689.54969835,2,0.00000000,0.00000000
1624631689.54992723,2,0.00000000,0.00000000
1624631689.64971876,2,0.00000000,0.00000000
1624631689.64994884,2,0.00000000,0.00000000
1624631689.74969983,2,0.00000000,0.00000000
1624631689.74993157,2,0.00000000,0.00000000
1624631689.84971952,2,0.00000000,0.00000000
1624631689.84995151,2,0.00000000,0.00000000
1624631689.94972134,2,0.00000000,0.00000000
1624631689.95002127,2,0.00000000,0.00000000
1624631690.04971862,2,0.00000000,0.00000000
1624631690.04997444,2,0.00000000,0.00000000
1624631690.14969587,2,0.00000000,0.00000000
1624631690.14996076,2,0.00000000,0.00000000
1624631690.24973178,2,0.00000000,0.00000000
1624631690.24981451,2,0.00000000,0.00000000
1624631690.34969234,2,0.00000000,0.00000000
1624631690.34995556,2,0.00000000,0.00000000
1624631690.44972754,2,0.00000000,0.00000000
1624631690.44998455,2,0.00000000,0.00000000
1624631690.54969978,2,0.00000000,0.00000000
1624631690.54995847,2,0.00000000,0.00000000
1624631690.64968419,2,0.00000000,0.00000000
1624631690.64986420,2,0.00000000,0.00000000
1624631690.74969935,2,0.00000000,0.00000000
1624631690.75003695,2,0.00000000,0.00000000
1624631690.84963679,2,0.00000000,0.00000000
1624631690.84970403,2,0.00000000,0.00000000
1624631690.94963837,2,0.00000000,0.00000000
1624631690.94971228,2,0.00000000,0.00000000
1624631691.04966426,2,0.00000000,0.00000000
1624631691.04973602,2,0.00000000,0.00000000
1624631691.14964223,2,0.00000000,0.00000000
1624631691.14973068,2,0.00000000,0.00000000
1624631691.24969602,2,0.00000000,0.00000000
1624631691.25003362,2,0.00000000,0.00000000
1624631691.34970355,2,0.00000000,0.00000000
1624631691.35003304,2,0.00000000,0.00000000
1624631691.44969940,2,0.00000000,0.00000000
1624631691.45000410,2,0.00000000,0.00000000
1624631691.54972720,2,0.00000000,0.00000000
1624631691.54997182,2,0.00000000,0.00000000
1624631691.64972091,2,0.00000000,0.00000000
1624631691.64995813,2,0.00000000,0.00000000
1624631691.74970174,2,0.00000000,0.00000000
1624631691.74994230,2,0.00000000,0.00000000
1624631691.84972644,2,0.00000000,0.00000000
1624631691.84995961,2,0.00000000,0.00000000
1624631691.94972539,2,0.00000000,0.00000000
1624631691.94980216,2,0.00000000,0.00000000
1624631692.04971743,2,0.00000000,0.00000000
1624631692.04995775,2,0.00000000,0.00000000
1624631692.14973116,2,0.00000000,0.00000000
1624631692.14999247,2,0.00000000,0.00000000
1624631692.24972415,2,0.00000000,0.00000000
1624631692.24995995,2,0.00000000,0.00000000
1624631692.34969831,2,0.00000000,0.00000000
1624631692.34993505,2,0.00000000,0.00000000
1624631692.44970250,2,0.00000000,0.00000000
1624631692.44993401,2,0.00000000,0.00000000
1624631692.54969764,2,0.00000000,0.00000000
1624631692.54992986,2,0.00000000,0.00000000
1624631692.64969993,2,0.00000000,0.00000000
1624631692.64993072,2,0.00000000,0.00000000
1624631692.74969530,2,0.00000000,0.00000000
1624631692.74992752,2,0.00000000,0.00000000
1624631692.84971690,2,0.00000000,0.00000000
1624631692.84994841,2,0.00000000,0.00000000
1624631692.94967866,2,0.00000000,0.00000000
1624631692.94992924,2,0.00000000,0.00000000
1624631693.04974937,2,0.00000000,0.00000000
1624631693.04982281,2,0.00000000,0.00000000
1624631693.14969063,2,0.00000000,0.00000000
1624631693.15006423,2,0.00000000,0.00000000
1624631693.24970269,2,0.00000000,0.00000000
1624631693.24993825,2,0.00000000,0.00000000
1624631693.34969997,2,0.00000000,0.00000000
1624631693.34999061,2,0.00000000,0.00000000
1624631693.44969916,2,0.00000000,0.00000000
1624631693.44995022,2,0.00000000,0.00000000
1624631693.54970503,2,0.00000000,0.00000000
1624631693.55003834,2,0.00000000,0.00000000
1624631693.64970160,2,0.00000000,0.00000000
1624631693.64993858,2,0.00000000,0.00000000
1624631693.74969816,2,0.00000000,0.00000000
1624631693.74993491,2,0.00000000,0.00000000
1624631693.84972191,2,0.00000000,0.00000000
1624631693.84996009,2,0.00000000,0.00000000
1624631693.94971633,2,0.00000000,0.00000000
1624631693.94995928,2,0.00000000,0.00000000
1624631694.04971695,2,0.00000000,0.00000000
1624631694.04995298,2,0.00000000,0.00000000
1624631694.14968204,2,0.00000000,0.00000000
1624631694.14991641,2,0.00000000,0.00000000
1624631694.24971890,2,0.00000000,0.00000000
1624631694.24997735,2,0.00000000,0.00000000
1624631694.34969997,2,0.00000000,0.00000000
1624631694.34993410,2,0.00000000,0.00000000
1624631694.44972038,2,0.00000000,0.00000000
1624631694.44994998,2,0.00000000,0.00000000
1624631694.54971647,2,0.00000000,0.00000000
1624631694.54994988,2,0.00000000,0.00000000
1624631694.64969850,2,0.00000000,0.00000000
1624631694.64993262,2,0.00000000,0.00000000
1624631694.74969983,2,0.00000000,0.00000000
1624631694.74993038,2,0.00000000,0.00000000
1624631694.84972382,2,0.00000000,0.00000000
1624631694.84996009,2,0.00000000,0.00000000
1624631694.94971633,2,0.00000000,0.00000000
1624631694.94997001,2,0.00000000,0.00000000
1624631695.04971576,2,0.00000000,0.00000000
1624631695.05007601,2,0.00000000,0.00000000
1624631695.14972067,2,0.00000000,0.00000000
1624631695.14997387,2,0.00000000,0.00000000
1624631695.24971867,2,0.00000000,0.00000000
1624631695.24996972,2,0.00000000,0.00000000
1624631695.34972405,2,0.00000000,0.00000000
1624631695.34996653,2,0.00000000,0.00000000
1624631695.44971991,2,0.00000000,0.00000000
1624631695.44995046,2,0.00000000,0.00000000
1624631695.54971719,2,0.00000000,0.00000000
1624631695.54994965,2,0.00000000,0.00000000
1624631695.64971924,2,0.00000000,0.00000000
1624631695.64995885,2,0.00000000,0.00000000
1624631695.74971819,2,0.00000000,0.00000000
1624631695.75008845,2,0.00000000,0.00000000
1624631695.84970546,2,0.00000000,0.00000000
1624631695.84994006,2,0.00000000,0.00000000
1624631695.94972134,2,0.00000000,0.00000000
1624631695.94995427,2,0.00000000,0.00000000
1624631696.04969788,2,0.00000000,0.00000000
1624631696.04994869,2,0.00000000,0.00000000
1624631696.14968014,2,0.00000000,0.00000000
1624631696.14999247,2,0.00000000,0.00000000
1624631696.24971867,2,0.00000000,0.00000000
1624631696.24995065,2,0.00000000,0.00000000
1624631696.34971714,2,0.00000000,0.00000000
1624631696.34995413,2,0.00000000,0.00000000
1624631696.44971490,2,0.00000000,0.00000000
1624631696.45001340,2,0.00000000,0.00000000
1624631696.54971743,2,0.00000000,0.00000000
1624631696.54995298,2,0.00000000,0.00000000
1624631696.64971733,2,0.00000000,0.00000000
1624631696.64995408,2,0.00000000,0.00000000
1624631696.74971914,2,0.00000000,0.00000000
1624631696.74994493,2,0.00000000,0.00000000
1624631696.84972095,2,0.00000000,0.00000000
1624631696.84995389,2,0.00000000,0.00000000
1624631696.94969678,2,0.00000000,0.00000000
1624631696.94993138,2,0.00000000,0.00000000
1624631697.04969811,2,0.00000000,0.00000000
1624631697.04993296,2,0.00000000,0.00000000
1624631697.14970350,2,0.00000000,0.00000000
1624631697.14993691,2,0.00000000,0.00000000
1624631697.24969721,2,0.00000000,0.00000000
1624631697.24992919,2,0.00000000,0.00000000
1624631697.34969807,2,0.00000000,0.00000000
1624631697.34998655,2,0.00000000,0.00000000
1624631697.44970012,2,0.00000000,0.00000000
1624631697.44993448,2,0.00000000,0.00000000
1624631697.54971838,2,0.00000000,0.00000000
1624631697.54994726,2,0.00000000,0.00000000
1624631697.64972425,2,0.00000000,0.00000000
1624631697.64996719,2,0.00000000,0.00000000
1624631697.74972105,2,0.00000000,0.00000000
1624631697.74995232,2,0.00000000,0.00000000
1624631697.84972072,2,0.00000000,0.00000000
1624631697.84995937,2,0.00000000,0.00000000
1624631697.94971871,2,0.00000000,0.00000000
1624631697.94994855,2,0.00000000,0.00000000
1624631698.04971528,2,0.00000000,0.00000000
1624631698.04998136,2,0.00000000,0.00000000
1624631698.14970398,2,0.00000000,0.00000000
1624631698.14995909,2,0.00000000,0.00000000
1624631698.24971819,2,0.00000000,0.00000000
1624631698.25001884,2,0.00000000,0.00000000
1624631698.34970379,2,0.00000000,0.00000000
1624631698.34993625,2,0.00000000,0.00000000
1624631698.44969773,2,0.00000000,0.00000000
1624631698.44992805,2,0.00000000,0.00000000
1624631698.54969716,2,0.00000000,0.00000000
1624631698.54992867,2,0.00000000,0.00000000
1624631698.64969707,2,0.00000000,0.00000000
1624631698.64993238,2,0.00000000,0.00000000
1624631698.74968123,2,0.00000000,0.00000000
1624631698.75003099,2,0.00000000,0.00000000
1624631698.84969878,2,0.00000000,0.00000000
1624631698.84993005,2,0.00000000,0.00000000
1624631698.94972038,2,0.00000000,0.00000000
1624631698.94995046,2,0.00000000,0.00000000
1624631699.04971981,2,0.00000000,0.00000000
1624631699.05002427,2,0.00000000,0.00000000
1624631699.14971638,2,0.00000000,0.00000000
1624631699.14995360,2,0.00000000,0.00000000
1624631699.24971747,2,0.00000000,0.00000000
1624631699.24995685,2,0.00000000,0.00000000
1624631699.34971833,2,0.00000000,0.00000000
1624631699.34994626,2,0.00000000,0.00000000
1624631699.44966912,2,0.00000000,0.00000000
1624631699.44979143,2,0.00000000,0.00000000
1624631699.54971576,2,0.00000000,0.00000000
1624631699.54995561,2,0.00000000,0.00000000
1624631699.64971662,2,0.00000000,0.00000000
1624631699.64995170,2,0.00000000,0.00000000
1624631699.74971652,2,0.00000000,0.00000000
1624631699.74994969,2,0.00000000,0.00000000
1624631699.84971595,2,0.00000000,0.00000000
1624631699.84995055,2,0.00000000,0.00000000
1624631699.94972110,2,0.00000000,0.00000000
1624631699.94995522,2,0.00000000,0.00000000
1624631700.04971910,2,0.00000000,0.00000000
1624631700.04995203,2,0.00000000,0.00000000
1624631700.14971471,2,0.00000000,0.00000000
1624631700.14995003,2,0.00000000,0.00000000
1624631700.24969745,2,0.00000000,0.00000000
1624631700.24993134,2,0.00000000,0.00000000
1624631700.34971809,2,0.00000000,0.00000000
1624631700.34994936,2,0.00000000,0.00000000
1624631700.44969535,2,0.00000000,0.00000000
1624631700.44994068,2,0.00000000,0.00000000
1624631700.54971743,2,0.00000000,0.00000000
1624631700.55000472,2,0.00000000,0.00000000
1624631700.64971662,2,0.00000000,0.00000000
1624631700.65010071,2,0.00000000,0.00000000
1624631700.74971914,2,0.00000000,0.00000000
1624631700.75008726,2,0.00000000,0.00000000
1624631700.84972239,2,0.00000000,0.00000000
1624631700.85008621,2,0.00000000,0.00000000
1624631700.94969487,2,0.00000000,0.00000000
1624631700.94994521,2,0.00000000,0.00000000
1624631701.04971910,2,0.00000000,0.00000000
1624631701.05008578,2,0.00000000,0.00000000
1624631701.14969444,2,0.00000000,0.00000000
1624631701.14993668,2,0.00000000,0.00000000
1624631701.24972606,2,0.00000000,0.00000000
1624631701.25010252,2,0.00000000,0.00000000
1624631701.34969854,2,0.00000000,0.00000000
1624631701.34992743,2,0.00000000,0.00000000
1624631701.44972515,2,0.00000000,0.00000000
1624631701.44996381,2,0.00000000,0.00000000
1624631701.54972267,2,0.00000000,0.00000000
1624631701.54996157,2,0.00000000,0.00000000
1624631701.64969826,2,0.00000000,0.00000000
1624631701.64992929,2,0.00000000,0.00000000
1624631701.74970198,2,0.00000000,0.00000000
1624631701.74993229,2,0.00000000,0.00000000
1624631701.84972525,2,0.00000000,0.00000000
1624631701.84996009,2,0.00000000,0.00000000
1624631701.94972014,2,0.00000000,0.00000000
1624631701.94994974,2,0.00000000,0.00000000
1624631702.04972386,2,0.00000000,0.00000000
1624631702.05011225,2,0.00000000,0.00000000
1624631702.14970374,2,0.00000000,0.00000000
1624631702.14993525,2,0.00000000,0.00000000
1624631702.24972177,2,0.00000000,0.00000000
1624631702.24995351,2,0.00000000,0.00000000
1624631702.34972000,2,0.00000000,0.00000000
1624631702.34995532,2,0.00000000,0.00000000
1624631702.44971991,2,0.00000000,0.00000000
1624631702.44995451,2,0.00000000,0.00000000
1624631702.54971933,2,0.00000000,0.00000000
1624631702.54996252,2,0.00000000,0.00000000
1624631702.64972138,2,0.00000000,0.00000000
1624631702.64995289,2,0.00000000,0.00000000
1624631702.74972367,2,0.00000000,0.00000000
1624631702.74995780,2,0.00000000,0.00000000
1624631702.84972429,2,0.00000000,0.00000000
1624631702.85007191,2,0.00000000,0.00000000
1624631702.94969606,2,0.00000000,0.00000000
1624631702.94992924,2,0.00000000,0.00000000
1624631703.04971886,2,0.00000000,0.00000000
1624631703.04994988,2,0.00000000,0.00000000
1624631703.14971566,2,0.00000000,0.00000000
1624631703.14997268,2,0.00000000,0.00000000
1624631703.24971914,2,0.00000000,0.00000000
1624631703.24994969,2,0.00000000,0.00000000
1624631703.34971619,2,0.00000000,0.00000000
1624631703.34996819,2,0.00000000,0.00000000
1624631703.44971871,2,0.00000000,0.00000000
1624631703.44997168,2,0.00000000,0.00000000
1624631703.54972076,2,0.00000000,0.00000000
1624631703.54996204,2,0.00000000,0.00000000
1624631703.64971900,2,0.00000000,0.00000000
1624631703.64999294,2,0.00000000,0.00000000
1624631703.74971867,2,0.00000000,0.00000000
1624631703.74999738,2,0.00000000,0.00000000
1624631703.84969735,2,0.00000000,0.00000000
1624631703.84993267,2,0.00000000,0.00000000
1624631703.94971967,2,0.00000000,0.00000000
1624631703.94995403,2,0.00000000,0.00000000
1624631704.04969883,2,0.00000000,0.00000000
1624631704.04993153,2,0.00000000,0.00000000
1624631704.14970088,2,0.00000000,0.00000000
1624631704.15003991,2,0.00000000,0.00000000
1624631704.24972463,2,0.00000000,0.00000000
1624631704.24999285,2,0.00000000,0.00000000
1624631704.34971833,2,0.00000000,0.00000000
1624631704.34999204,2,0.00000000,0.00000000
1624631704.44972038,2,0.00000000,0.00000000
1624631704.44995546,2,0.00000000,0.00000000
1624631704.54969716,2,0.00000000,0.00000000
1624631704.54992843,2,0.00000000,0.00000000
1624631704.64972186,2,0.00000000,0.00000000
1624631704.64995527,2,0.00000000,0.00000000
1624631704.74971461,2,0.00000000,0.00000000
1624631704.74994993,2,0.00000000,0.00000000
1624631704.84971738,2,0.00000000,0.00000000
1624631704.84994745,2,0.00000000,0.00000000
1624631704.94971728,2,0.00000000,0.00000000
1624631704.94995546,2,0.00000000,0.00000000
1624631705.04971933,2,0.00000000,0.00000000
1624631705.04996085,2,0.00000000,0.00000000
1624631705.14970660,2,0.00000000,0.00000000
1624631705.14995313,2,0.00000000,0.00000000
1624631705.24971867,2,0.00000000,0.00000000
1624631705.24996758,2,0.00000000,0.00000000
1624631705.34972095,2,0.00000000,0.00000000
1624631705.34997511,2,0.00000000,0.00000000
1624631705.44971848,2,0.00000000,0.00000000
1624631705.44994974,2,0.00000000,0.00000000
1624631705.54972482,2,0.00000000,0.00000000
1624631705.54996085,2,0.00000000,0.00000000
1624631705.64972258,2,0.00000000,0.00000000
1624631705.64996099,2,0.00000000,0.00000000
1624631705.74972463,2,0.00000000,0.00000000
1624631705.74995136,2,0.00000000,0.00000000
1624631705.84971642,2,0.00000000,0.00000000
1624631705.84995389,2,0.00000000,0.00000000
1624631705.94971800,2,0.00000000,0.00000000
1624631705.94995356,2,0.00000000,0.00000000
1624631706.04971790,2,0.00000000,0.00000000
1624631706.04995847,2,0.00000000,0.00000000
1624631706.14972091,2,0.00000000,0.00000000
1624631706.15003395,2,0.00000000,0.00000000
1624631706.24969816,2,0.00000000,0.00000000
1624631706.24993515,2,0.00000000,0.00000000
1624631706.34971666,2,0.00000000,0.00000000
1624631706.34994793,2,0.00000000,0.00000000
1624631706.44971800,2,0.00000000,0.00000000
1624631706.44995117,2,0.00000000,0.00000000
1624631706.54967594,2,0.00000000,0.00000000
1624631706.54990768,2,0.00000000,0.00000000
1624631706.64971399,2,0.00000000,0.00000000
1624631706.64998055,2,0.00000000,0.00000000
1624631706.74971604,2,0.00000000,0.00000000
1624631706.74994683,2,0.00000000,0.00000000
1624631706.84967828,2,0.00000000,0.00000000
1624631706.84990883,2,0.00000000,0.00000000
1624631706.94969821,2,0.00000000,0.00000000
1624631706.94992948,2,0.00000000,0.00000000
1624631707.04970479,2,0.00000000,0.00000000
1624631707.04994202,2,0.00000000,0.00000000
1624631707.14970517,2,0.00000000,0.00000000
1624631707.15010214,2,0.00000000,0.00000000
1624631707.24972057,2,0.00000000,0.00000000
1624631707.24995756,2,0.00000000,0.00000000
1624631707.34972143,2,0.00000000,0.00000000
1624631707.34995246,2,0.00000000,0.00000000
1624631707.44971585,2,0.00000000,0.00000000
1624631707.44994640,2,0.00000000,0.00000000
1624631707.54971647,2,0.00000000,0.00000000
1624631707.54995584,2,0.00000000,0.00000000
1624631707.64971924,2,0.00000000,0.00000000
1624631707.64995861,2,0.00000000,0.00000000
1624631707.74972439,2,0.00000000,0.00000000
1624631707.74996018,2,0.00000000,0.00000000
1624631707.84969735,2,0.00000000,0.00000000
1624631707.84994912,2,0.00000000,0.00000000
1624631707.94969678,2,0.00000000,0.00000000
1624631707.94993758,2,0.00000000,0.00000000
1624631708.04971957,2,0.00000000,0.00000000
1624631708.04995775,2,0.00000000,0.00000000
1624631708.14969873,2,0.00000000,0.00000000
1624631708.14994192,2,0.00000000,0.00000000
1624631708.24969721,2,0.00000000,0.00000000
1624631708.24993730,2,0.00000000,0.00000000
1624631708.34969759,2,0.00000000,0.00000000
1624631708.34993196,2,0.00000000,0.00000000
1624631708.44971943,2,0.00000000,0.00000000
1624631708.44995332,2,0.00000000,0.00000000
1624631708.54969573,2,0.00000000,0.00000000
1624631708.54992843,2,0.00000000,0.00000000
1624631708.64969897,2,0.00000000,0.00000000
1624631708.64993143,2,0.00000000,0.00000000
1624631708.74972200,2,0.00000000,0.00000000
1624631708.74995780,2,0.00000000,0.00000000
1624631708.84972310,2,0.00000000,0.00000000
1624631708.84996080,2,0.00000000,0.00000000
1624631708.94971848,2,0.00000000,0.00000000
1624631708.94994664,2,0.00000000,0.00000000
1624631709.04971766,2,0.00000000,0.00000000
1624631709.04995036,2,0.00000000,0.00000000
1624631709.14971852,2,0.00000000,0.00000000
1624631709.14996767,2,0.00000000,0.00000000
1624631709.24972034,2,0.00000000,0.00000000
1624631709.25010729,2,0.00000000,0.00000000
1624631709.34970117,2,0.00000000,0.00000000
1624631709.35001540,2,0.00000000,0.00000000
1624631709.44966912,2,0.00000000,0.00000000
1624631709.44979692,2,0.00000000,0.00000000
1624631709.54969883,2,0.00000000,0.00000000
1624631709.54994154,2,0.00000000,0.00000000
1624631709.64969897,2,0.00000000,0.00000000
1624631709.64993596,2,0.00000000,0.00000000
1624631709.74969959,2,0.00000000,0.00000000
1624631709.74993896,2,0.00000000,0.00000000
1624631709.84969640,2,0.00000000,0.00000000
1624631709.84993219,2,0.00000000,0.00000000
1624631709.94971824,2,0.00000000,0.00000000
1624631709.94995236,2,0.00000000,0.00000000
1624631710.04971910,2,0.00000000,0.00000000
1624631710.04996181,2,0.00000000,0.00000000
1624631710.14972639,2,0.00000000,0.00000000
1624631710.15011001,2,0.00000000,0.00000000
1624631710.24971914,2,0.00000000,0.00000000
1624631710.24999881,2,0.00000000,0.00000000
1624631710.34971976,2,0.00000000,0.00000000
1624631710.34999990,2,0.00000000,0.00000000
1624631710.44972682,2,0.00000000,0.00000000
1624631710.45000076,2,0.00000000,0.00000000
1624631710.54971576,2,0.00000000,0.00000000
1624631710.54999304,2,0.00000000,0.00000000
1624631710.64969754,2,0.00000000,0.00000000
1624631710.64997649,2,0.00000000,0.00000000
1624631710.74970293,2,0.00000000,0.00000000
1624631710.74998903,2,0.00000000,0.00000000
1624631710.84971738,2,0.00000000,0.00000000
1624631710.84999275,2,0.00000000,0.00000000
1624631710.94972086,2,0.00000000,0.00000000
1624631710.95000434,2,0.00000000,0.00000000
1624631711.04972053,2,0.00000000,0.00000000
1624631711.04999924,2,0.00000000,0.00000000
1624631711.14971948,2,0.00000000,0.00000000
1624631711.15001845,2,0.00000000,0.00000000
1624631711.24972439,2,0.00000000,0.00000000
1624631711.25000381,2,0.00000000,0.00000000
1624631711.34971666,2,0.00000000,0.00000000
1624631711.34999943,2,0.00000000,0.00000000
1624631711.44971704,2,0.00000000,0.00000000
1624631711.45000792,2,0.00000000,0.00000000
1624631711.54971981,2,0.00000000,0.00000000
1624631711.55000424,2,0.00000000,0.00000000
1624631711.64967918,2,0.00000000,0.00000000
1624631711.64996076,2,0.00000000,0.00000000
1624631711.74970007,2,0.00000000,0.00000000
1624631711.74997854,2,0.00000000,0.00000000
1624631711.84969640,2,0.00000000,0.00000000
1624631711.84996843,2,0.00000000,0.00000000
1624631711.94971704,2,0.00000000,0.00000000
1624631711.95007420,2,0.00000000,0.00000000
1624631712.04971790,2,0.00000000,0.00000000
1624631712.04999924,2,0.00000000,0.00000000
1624631712.14969873,2,0.00000000,0.00000000
1624631712.14999199,2,0.00000000,0.00000000
1624631712.24972153,2,0.00000000,0.00000000
1624631712.25001836,2,0.00000000,0.00000000
1624631712.34972358,2,0.00000000,0.00000000
1624631712.35000587,2,0.00000000,0.00000000
1624631712.44971633,2,0.00000000,0.00000000
1624631712.44999552,2,0.00000000,0.00000000
1624631712.54969883,2,0.00000000,0.00000000
1624631712.54998016,2,0.00000000,0.00000000
1624631712.64970636,2,0.00000000,0.00000000
1624631712.64999890,2,0.00000000,0.00000000
1624631712.74969554,2,0.00000000,0.00000000
1624631712.74997687,2,0.00000000,0.00000000
1624631712.84971118,2,0.00000000,0.00000000
1624631712.85000229,2,0.00000000,0.00000000
1624631712.94972777,2,0.00000000,0.00000000
1624631712.95000672,2,0.00000000,0.00000000
1624631713.04969668,2,0.00000000,0.00000000
1624631713.04997826,2,0.00000000,0.00000000
1624631713.14970589,2,0.00000000,0.00000000
1624631713.14997697,2,0.00000000,0.00000000
1624631713.24971890,2,0.00000000,0.00000000
1624631713.25003219,2,0.00000000,0.00000000
1624631713.34969687,2,0.00000000,0.00000000
1624631713.34997869,2,0.00000000,0.00000000
1624631713.44971871,2,0.00000000,0.00000000
1624631713.45002604,2,0.00000000,0.00000000
1624631713.54969883,2,0.00000000,0.00000000
1624631713.54997730,2,0.00000000,0.00000000
1624631713.64969754,2,0.00000000,0.00000000
1624631713.64997363,2,0.00000000,0.00000000
1624631713.74969435,2,0.00000000,0.00000000
1624631713.74997139,2,0.00000000,0.00000000
1624631713.84968948,2,0.00000000,0.00000000
1624631713.84997582,2,0.00000000,0.00000000
1624631713.94969749,2,0.00000000,0.00000000
1624631713.94998741,2,0.00000000,0.00000000
1624631714.04971910,2,0.00000000,0.00000000
1624631714.04999781,2,0.00000000,0.00000000
1624631714.14969087,2,0.00000000,0.00000000
1624631714.15002823,2,0.00000000,0.00000000
1624631714.24971771,2,0.00000000,0.00000000
1624631714.24995589,2,0.00000000,0.00000000
1624631714.34969878,2,0.00000000,0.00000000
1624631714.35002494,2,0.00000000,0.00000000
1624631714.44971395,2,0.00000000,0.00000000
1624631714.44994879,2,0.00000000,0.00000000
1624631714.54969573,2,0.00000000,0.00000000
1624631714.55006480,2,0.00000000,0.00000000
1624631714.64971852,2,0.00000000,0.00000000
1624631714.65001893,2,0.00000000,0.00000000
1624631714.74969172,2,0.00000000,0.00000000
1624631714.74992847,2,0.00000000,0.00000000
1624631714.84969711,2,0.00000000,0.00000000
1624631714.85006452,2,0.00000000,0.00000000
1624631714.94967484,2,0.00000000,0.00000000
1624631714.94998360,2,0.00000000,0.00000000
1624631715.04969645,2,0.00000000,0.00000000
1624631715.04993033,2,0.00000000,0.00000000
1624631715.14972520,2,0.00000000,0.00000000
1624631715.14996099,2,0.00000000,0.00000000
1624631715.24969101,2,0.00000000,0.00000000
1624631715.24994612,2,0.00000000,0.00000000
1624631715.34969497,2,0.00000000,0.00000000
1624631715.34998107,2,0.00000000,0.00000000
1624631715.44969177,2,0.00000000,0.00000000
1624631715.44997263,2,0.00000000,0.00000000
1624631715.54971671,2,0.00000000,0.00000000
1624631715.54997373,2,0.00000000,0.00000000
1624631715.64971328,2,0.00000000,0.00000000
1624631715.64995980,2,0.00000000,0.00000000
1624631715.74969387,2,0.00000000,0.00000000
1624631715.74993801,2,0.00000000,0.00000000
1624631715.84970450,2,0.00000000,0.00000000
1624631715.84994984,2,0.00000000,0.00000000
1624631715.94969940,2,0.00000000,0.00000000
1624631715.94994855,2,0.00000000,0.00000000
1624631716.04970884,2,0.00000000,0.00000000
1624631716.04999566,2,0.00000000,0.00000000
1624631716.14969540,2,0.00000000,0.00000000
1624631716.15001464,2,0.00000000,0.00000000
1624631716.24972773,2,0.00000000,0.00000000
1624631716.24996138,2,0.00000000,0.00000000
1624631716.34969425,2,0.00000000,0.00000000
1624631716.34993815,2,0.00000000,0.00000000
1624631716.44970441,2,0.00000000,0.00000000
1624631716.44993448,2,0.00000000,0.00000000
1624631716.54968071,2,0.00000000,0.00000000
1624631716.54991984,2,0.00000000,0.00000000
1624631716.64971566,2,0.00000000,0.00000000
1624631716.64998960,2,0.00000000,0.00000000
1624631716.74970746,2,0.00000000,0.00000000
1624631716.74999332,2,0.00000000,0.00000000
1624631716.84971094,2,0.00000000,0.00000000
1624631716.84998560,2,0.00000000,0.00000000
1624631716.94971108,2,0.00000000,0.00000000
1624631716.94998789,2,0.00000000,0.00000000
1624631717.04971910,2,0.00000000,0.00000000
1624631717.05000830,2,0.00000000,0.00000000
1624631717.14967704,2,0.00000000,0.00000000
1624631717.14996767,2,0.00000000,0.00000000
1624631717.24970245,2,0.00000000,0.00000000
1624631717.24997902,2,0.00000000,0.00000000
1624631717.34970880,2,0.00000000,0.00000000
1624631717.34998393,2,0.00000000,0.00000000
1624631717.44969559,2,0.00000000,0.00000000
1624631717.45004058,2,0.00000000,0.00000000
1624631717.54969287,2,0.00000000,0.00000000
1624631717.54997230,2,0.00000000,0.00000000
1624631717.64971757,2,0.00000000,0.00000000
1624631717.65000272,2,0.00000000,0.00000000
1624631717.74971914,2,0.00000000,0.00000000
1624631717.75010467,2,0.00000000,0.00000000
1624631717.84969401,2,0.00000000,0.00000000
1624631717.85001040,2,0.00000000,0.00000000
1624631717.94969583,2,0.00000000,0.00000000
1624631717.94994903,2,0.00000000,0.00000000
1624631718.04967046,2,0.00000000,0.00000000
1624631718.04996920,2,0.00000000,0.00000000
1624631718.14969730,2,0.00000000,0.00000000
1624631718.24969578,2,0.00000000,0.00000000
1624631718.25003576,2,0.00000000,0.00000000
1624631718.25029659,2,0.00000000,0.00000000
1624631718.34971023,2,0.00000000,0.00000000
1624631718.44968224,2,0.00000000,0.00000000
1624631718.44990516,2,0.00000000,0.00000000
1624631718.45006728,2,0.00000000,0.00000000
1624631718.54966807,2,0.00000000,0.00000000
1624631718.54990768,2,0.00000000,0.00000000
1624631718.64971662,2,0.00000000,0.00000000
1624631718.64994788,2,0.00000000,0.00000000
1624631718.74974418,2,0.00000000,0.00000000
1624631718.84968042,2,0.00000000,0.00000000
1624631718.84996653,2,0.00000000,0.00000000
1624631718.85021424,2,0.00000000,0.00000000
1624631718.94972968,2,0.00000000,0.00000000
1624631719.04970098,2,0.00000000,0.00000000
1624631719.04999352,2,0.00000000,0.00000000
1624631719.14975262,2,0.00000000,0.00000000
1624631719.15010095,2,0.00000000,0.00000000
1624631719.24972534,2,0.00000000,0.00000000
1624631719.24997020,2,0.00000000,0.00000000
1624631719.34973979,2,0.00000000,0.00000000
1624631719.35001493,2,0.00000000,0.00000000
1624631719.44966888,2,0.00000000,0.00000000
1624631719.44983244,2,0.00000000,0.00000000
1624631719.54972577,2,0.00000000,0.00000000
1624631719.55002260,2,0.00000000,0.00000000
1624631719.64971399,2,0.00000000,0.00000000
1624631719.64994359,2,0.00000000,0.00000000
1624631719.74973464,2,0.00000000,0.00000000
1624631719.74996090,2,0.00000000,0.00000000
1624631719.84973264,2,0.00000000,0.00000000
1624631719.85000992,2,0.00000000,0.00000000
1624631719.94970536,2,0.00000000,0.00000000
1624631719.95001411,2,0.00000000,0.00000000
1624631720.04972553,2,0.00000000,0.00000000
1624631720.04996586,2,0.00000000,0.00000000
1624631720.14971399,2,0.00000000,0.00000000
1624631720.15000033,2,0.00000000,0.00000000
1624631720.24972534,2,0.00000000,0.00000000
1624631720.24996042,2,0.00000000,0.00000000
1624631720.34972715,2,0.00000000,0.00000000
1624631720.35009241,2,0.00000000,0.00000000
1624631720.44970202,2,0.00000000,0.00000000
1624631720.44992757,2,0.00000000,0.00000000
1624631720.54972792,2,0.00000000,0.00000000
1624631720.54999757,2,0.00000000,0.00000000
1624631720.64970565,2,0.00000000,0.00000000
1624631720.64997435,2,0.00000000,0.00000000
1624631720.74968982,2,0.00000000,0.00000000
1624631720.74996305,2,0.00000000,0.00000000
1624631720.84972906,2,0.00000000,0.00000000
1624631720.85001373,2,0.00000000,0.00000000
1624631720.94970560,2,0.00000000,0.00000000
1624631720.94998813,2,0.00000000,0.00000000
1624631721.04973102,2,0.00000000,0.00000000
1624631721.05000639,2,0.00000000,0.00000000
1624631721.14968491,2,0.00000000,0.00000000
1624631721.14996672,2,0.00000000,0.00000000
1624631721.24972653,2,0.00000000,0.00000000
1624631721.24999189,2,0.00000000,0.00000000
1624631721.34970784,2,0.00000000,0.00000000
1624631721.34995508,2,0.00000000,0.00000000
1624631721.44970536,2,0.00000000,0.00000000
1624631721.44995260,2,0.00000000,0.00000000
1624631721.54972744,2,0.00000000,0.00000000
1624631721.54997230,2,0.00000000,0.00000000
1624631721.64972496,2,0.00000000,0.00000000
1624631721.65000725,2,0.00000000,0.00000000
1624631721.74970436,2,0.00000000,0.00000000
1624631721.74996996,2,0.00000000,0.00000000
1624631721.84971499,2,0.00000000,0.00000000
1624631721.84999824,2,0.00000000,0.00000000
1624631721.94970083,2,0.00000000,0.00000000
1624631721.95007086,2,0.00000000,0.00000000
1624631722.04970813,2,0.00000000,0.00000000
1624631722.04997993,2,0.00000000,0.00000000
1624631722.14970422,2,0.00000000,0.00000000
1624631722.14998221,2,0.00000000,0.00000000
1624631722.24970889,2,0.00000000,0.00000000
1624631722.25008464,2,0.00000000,0.00000000
1624631722.34970951,2,0.00000000,0.00000000
1624631722.34997869,2,0.00000000,0.00000000
1624631722.44972229,2,0.00000000,0.00000000
1624631722.44999313,2,0.00000000,0.00000000
1624631722.54973078,2,0.00000000,0.00000000
1624631722.54999948,2,0.00000000,0.00000000
1624631722.64972806,2,0.00000000,0.00000000
1624631722.64999557,2,0.00000000,0.00000000
1624631722.74972725,2,0.00000000,0.00000000
1624631722.74999285,2,0.00000000,0.00000000
1624631722.84972596,2,0.00000000,0.00000000
1624631722.84999275,2,0.00000000,0.00000000
1624631722.94972467,2,0.00000000,0.00000000
1624631722.95000267,2,0.00000000,0.00000000
1624631723.04972959,2,0.00000000,0.00000000
1624631723.04999733,2,0.00000000,0.00000000
1624631723.14970255,2,0.00000000,0.00000000
1624631723.14998055,2,0.00000000,0.00000000
1624631723.24972749,2,0.00000000,0.00000000
1624631723.25000596,2,0.00000000,0.00000000
1624631723.34970427,2,0.00000000,0.00000000
1624631723.34998751,2,0.00000000,0.00000000
1624631723.44970894,2,0.00000000,0.00000000
1624631723.44998264,2,0.00000000,0.00000000
1624631723.54970479,2,0.00000000,0.00000000
1624631723.54997587,2,0.00000000,0.00000000
1624631723.64970469,2,0.00000000,0.00000000
1624631723.64997149,2,0.00000000,0.00000000
1624631723.74972820,2,0.00000000,0.00000000
1624631723.74999309,2,0.00000000,0.00000000
1624631723.84972382,2,0.00000000,0.00000000
1624631723.84999895,2,0.00000000,0.00000000
1624631723.94970012,2,0.00000000,0.00000000
1624631723.94995928,2,0.00000000,0.00000000
1624631724.04970884,2,0.00000000,0.00000000
1624631724.04999685,2,0.00000000,0.00000000
1624631724.14973402,2,0.00000000,0.00000000
1624631724.15000677,2,0.00000000,0.00000000
1624631724.24970436,2,0.00000000,0.00000000
1624631724.24997663,2,0.00000000,0.00000000
1624631724.34972644,2,0.00000000,0.00000000
1624631724.34998703,2,0.00000000,0.00000000
1624631724.44972682,2,0.00000000,0.00000000
1624631724.45000005,2,0.00000000,0.00000000
1624631724.54970574,2,0.00000000,0.00000000
1624631724.54996943,2,0.00000000,0.00000000
1624631724.64970756,2,0.00000000,0.00000000
1624631724.64997578,2,0.00000000,0.00000000
1624631724.74970889,2,0.00000000,0.00000000
1624631724.74999738,2,0.00000000,0.00000000
1624631724.84972858,2,0.00000000,0.00000000
1624631724.85000420,2,0.00000000,0.00000000
1624631724.94972539,2,0.00000000,0.00000000
1624631724.94998980,2,0.00000000,0.00000000
1624631725.04970384,2,0.00000000,0.00000000
1624631725.04998112,2,0.00000000,0.00000000
1624631725.14967871,2,0.00000000,0.00000000
1624631725.14976072,2,0.00000000,0.00000000
1624631725.24970245,2,0.00000000,0.00000000
1624631725.24996471,2,0.00000000,0.00000000
1624631725.34972858,2,0.00000000,0.00000000
1624631725.34996200,2,0.00000000,0.00000000
1624631725.44970679,2,0.00000000,0.00000000
1624631725.44994402,2,0.00000000,0.00000000
1624631725.54972506,2,0.00000000,0.00000000
1624631725.54997325,2,0.00000000,0.00000000
1624631725.64972711,2,0.00000000,0.00000000
1624631725.65003967,2,0.00000000,0.00000000
1624631725.74972749,2,0.00000000,0.00000000
1624631725.75002360,2,0.00000000,0.00000000
1624631725.84970641,2,0.00000000,0.00000000
1624631725.85000753,2,0.00000000,0.00000000
1624631725.94972396,2,0.00000000,0.00000000
1624631725.94996262,2,0.00000000,0.00000000
1624631726.04972744,2,0.00000000,0.00000000
1624631726.05002880,2,0.00000000,0.00000000
1624631726.14972973,2,0.00000000,0.00000000
1624631726.14999247,2,0.00000000,0.00000000
1624631726.24970865,2,0.00000000,0.00000000
1624631726.25002313,2,0.00000000,0.00000000
1624631726.34970975,2,0.00000000,0.00000000
1624631726.34994507,2,0.00000000,0.00000000
1624631726.44970512,2,0.00000000,0.00000000
1624631726.44994450,2,0.00000000,0.00000000
1624631726.54970765,2,0.00000000,0.00000000
1624631726.54996157,2,0.00000000,0.00000000
1624631726.64970875,2,0.00000000,0.00000000
1624631726.65002823,2,0.00000000,0.00000000
1624631726.74973011,2,0.00000000,0.00000000
1624631726.74997067,2,0.00000000,0.00000000
1624631726.84972548,2,0.00000000,0.00000000
1624631726.84996510,2,0.00000000,0.00000000
1624631726.94970417,2,0.00000000,0.00000000
1624631726.94994998,2,0.00000000,0.00000000
1624631727.04969883,2,0.00000000,0.00000000
1624631727.04995251,2,0.00000000,0.00000000
1624631727.14968419,2,0.00000000,0.00000000
1624631727.14992428,2,0.00000000,0.00000000
1624631727.24972773,2,0.00000000,0.00000000
1624631727.24995470,2,0.00000000,0.00000000
1624631727.34972405,2,0.00000000,0.00000000
1624631727.34995770,2,0.00000000,0.00000000
1624631727.44972467,2,0.00000000,0.00000000
1624631727.44994926,2,0.00000000,0.00000000
1624631727.54972196,2,0.00000000,0.00000000
1624631727.54995966,2,0.00000000,0.00000000
1624631727.64970493,2,0.00000000,0.00000000
1624631727.65006375,2,0.00000000,0.00000000
1624631727.74972463,2,0.00000000,0.00000000
1624631727.75000834,2,0.00000000,0.00000000
1624631727.84972477,2,0.00000000,0.00000000
1624631727.84995604,2,0.00000000,0.00000000
1624631727.94972324,2,0.00000000,0.00000000
1624631727.95002556,2,0.00000000,0.00000000
1624631728.04972482,2,0.00000000,0.00000000
1624631728.05000949,2,0.00000000,0.00000000
1624631728.14974070,2,0.00000000,0.00000000
1624631728.15004635,2,0.00000000,0.00000000
1624631728.24972844,2,0.00000000,0.00000000
1624631728.24997306,2,0.00000000,0.00000000
1624631728.34972739,2,0.00000000,0.00000000
1624631728.34996796,2,0.00000000,0.00000000
1624631728.44972587,2,0.00000000,0.00000000
1624631728.44996524,2,0.00000000,0.00000000
1624631728.54972768,2,0.00000000,0.00000000
1624631728.54997349,2,0.00000000,0.00000000
1624631728.64972949,2,0.00000000,0.00000000
1624631728.64997339,2,0.00000000,0.00000000
1624631728.74972701,2,0.00000000,0.00000000
1624631728.75000167,2,0.00000000,0.00000000
1624631728.84972787,2,0.00000000,0.00000000
1624631728.84997153,2,0.00000000,0.00000000
1624631728.94972634,2,0.00000000,0.00000000
1624631728.95006466,2,0.00000000,0.00000000
1624631729.04972863,2,0.00000000,0.00000000
1624631729.05001569,2,0.00000000,0.00000000
1624631729.14972472,2,0.00000000,0.00000000
1624631729.14995980,2,0.00000000,0.00000000
1624631729.24973106,2,0.00000000,0.00000000
1624631729.24998951,2,0.00000000,0.00000000
1624631729.34970236,2,0.00000000,0.00000000
1624631729.34993219,2,0.00000000,0.00000000
1624631729.44970107,2,0.00000000,0.00000000
1624631729.44985151,2,0.00000000,0.00000000
1624631729.54972458,2,0.00000000,0.00000000
1624631729.54994965,2,0.00000000,0.00000000
1624631729.64972520,2,0.00000000,0.00000000
1624631729.64986706,2,0.00000000,0.00000000
1624631729.74973822,2,0.00000000,0.00000000
1624631729.74999714,2,0.00000000,0.00000000
1624631729.84969807,2,0.00000000,0.00000000
1624631729.84992886,2,0.00000000,0.00000000
1624631729.94969940,2,0.00000000,0.00000000
1624631729.94992781,2,0.00000000,0.00000000
1624631730.04972410,2,0.00000000,0.00000000
1624631730.04995275,2,0.00000000,0.00000000
1624631730.14972615,2,0.00000000,0.00000000
1624631730.14996004,2,0.00000000,0.00000000
1624631730.24970245,2,0.00000000,0.00000000
1624631730.24995136,2,0.00000000,0.00000000
1624631730.34972239,2,0.00000000,0.00000000
1624631730.34997034,2,0.00000000,0.00000000
1624631730.44973016,2,0.00000000,0.00000000
1624631730.45002198,2,0.00000000,0.00000000
1624631730.54970217,2,0.00000000,0.00000000
1624631730.54996443,2,0.00000000,0.00000000
1624631730.64970207,2,0.00000000,0.00000000
1624631730.64992571,2,0.00000000,0.00000000
1624631730.74970222,2,0.00000000,0.00000000
1624631730.74993134,2,0.00000000,0.00000000
1624631730.84972954,2,0.00000000,0.00000000
1624631730.85001755,2,0.00000000,0.00000000
1624631730.94970274,2,0.00000000,0.00000000
1624631730.94993091,2,0.00000000,0.00000000
1624631731.04972649,2,0.00000000,0.00000000
1624631731.05001473,2,0.00000000,0.00000000
1624631731.14972830,2,0.00000000,0.00000000
1624631731.14998960,2,0.00000000,0.00000000
1624631731.24972844,2,0.00000000,0.00000000
1624631731.25009537,2,0.00000000,0.00000000
1624631731.34970713,2,0.00000000,0.00000000
1624631731.34994102,2,0.00000000,0.00000000
1624631731.44970226,2,0.00000000,0.00000000
1624631731.44992995,2,0.00000000,0.00000000
1624631731.54972386,2,0.00000000,0.00000000
1624631731.54995251,2,0.00000000,0.00000000
1624631731.64972734,2,0.00000000,0.00000000
1624631731.64997387,2,0.00000000,0.00000000
1624631731.74972248,2,0.00000000,0.00000000
1624631731.74994922,2,0.00000000,0.00000000
1624631731.84972954,2,0.00000000,0.00000000
1624631731.84995079,2,0.00000000,0.00000000
1624631731.94970345,2,0.00000000,0.00000000
1624631731.94993234,2,0.00000000,0.00000000
1624631732.04972506,2,0.00000000,0.00000000
1624631732.04996014,2,0.00000000,0.00000000
1624631732.14972544,2,0.00000000,0.00000000
1624631732.14995384,2,0.00000000,0.00000000
1624631732.24970317,2,0.00000000,0.00000000
1624631732.24995732,2,0.00000000,0.00000000
1624631732.34971285,2,0.00000000,0.00000000
1624631732.35001278,2,0.00000000,0.00000000
1624631732.44972229,2,0.00000000,0.00000000
1624631732.44995022,2,0.00000000,0.00000000
1624631732.54972672,2,0.00000000,0.00000000
1624631732.54995561,2,0.00000000,0.00000000
1624631732.64971089,2,0.00000000,0.00000000
1624631732.64994216,2,0.00000000,0.00000000
1624631732.74971890,2,0.00000000,0.00000000
1624631732.74994564,2,0.00000000,0.00000000
1624631732.84972405,2,0.00000000,0.00000000
1624631732.85001802,2,0.00000000,0.00000000
1624631732.94972420,2,0.00000000,0.00000000
1624631732.95003486,2,0.00000000,0.00000000
1624631733.04970312,2,0.00000000,0.00000000
1624631733.04999995,2,0.00000000,0.00000000
1624631733.14970303,2,0.00000000,0.00000000
1624631733.14993739,2,0.00000000,0.00000000
1624631733.24970770,2,0.00000000,0.00000000
1624631733.24993420,2,0.00000000,0.00000000
1624631733.34972715,2,0.00000000,0.00000000
1624631733.34996271,2,0.00000000,0.00000000
1624631733.44972372,2,0.00000000,0.00000000
1624631733.44995618,2,0.00000000,0.00000000
1624631733.54970670,2,0.00000000,0.00000000
1624631733.54997826,2,0.00000000,0.00000000
1624631733.64968300,2,0.00000000,0.00000000
1624631733.64995599,2,0.00000000,0.00000000
1624631733.74971032,2,0.00000000,0.00000000
1624631733.74992919,2,0.00000000,0.00000000
1624631733.84972239,2,0.00000000,0.00000000
1624631733.84994888,2,0.00000000,0.00000000
1624631733.94972134,2,0.00000000,0.00000000
1624631733.94998765,2,0.00000000,0.00000000
1624631734.04972696,2,0.00000000,0.00000000
1624631734.05003595,2,0.00000000,0.00000000
1624631734.14972591,2,0.00000000,0.00000000
1624631734.14995837,2,0.00000000,0.00000000
1624631734.24972510,2,0.00000000,0.00000000
1624631734.25000525,2,0.00000000,0.00000000
1624631734.34972262,2,0.00000000,0.00000000
1624631734.34996819,2,0.00000000,0.00000000
1624631734.44969869,2,0.00000000,0.00000000
1624631734.44996810,2,0.00000000,0.00000000
1624631734.54970264,2,0.00000000,0.00000000
1624631734.54993820,2,0.00000000,0.00000000
1624631734.64972615,2,0.00000000,0.00000000
1624631734.65002084,2,0.00000000,0.00000000
1624631734.74972224,2,0.00000000,0.00000000
1624631734.74995518,2,0.00000000,0.00000000
1624631734.84972310,2,0.00000000,0.00000000
1624631734.84996104,2,0.00000000,0.00000000
1624631734.94972825,2,0.00000000,0.00000000
1624631734.94995880,2,0.00000000,0.00000000
1624631735.04973102,2,0.00000000,0.00000000
1624631735.04996014,2,0.00000000,0.00000000
1624631735.14970350,2,0.00000000,0.00000000
1624631735.14993882,2,0.00000000,0.00000000
1624631735.24972200,2,0.00000000,0.00000000
1624631735.24995017,2,0.00000000,0.00000000
1624631735.34972215,2,0.00000000,0.00000000
1624631735.34994936,2,0.00000000,0.00000000
1624631735.44972301,2,0.00000000,0.00000000
1624631735.45006394,2,0.00000000,0.00000000
1624631735.54973078,2,0.00000000,0.00000000
1624631735.54995728,2,0.00000000,0.00000000
1624631735.64970899,2,0.00000000,0.00000000
1624631735.64993978,2,0.00000000,0.00000000
1624631735.74972773,2,0.00000000,0.00000000
1624631735.74996185,2,0.00000000,0.00000000
1624631735.84973240,2,0.00000000,0.00000000
1624631735.84996295,2,0.00000000,0.00000000
1624631735.94970751,2,0.00000000,0.00000000
1624631735.94993734,2,0.00000000,0.00000000
1624631736.04970312,2,0.00000000,0.00000000
1624631736.04993224,2,0.00000000,0.00000000
1624631736.14972234,2,0.00000000,0.00000000
1624631736.14995456,2,0.00000000,0.00000000
1624631736.24972224,2,0.00000000,0.00000000
1624631736.24994946,2,0.00000000,0.00000000
1624631736.34972477,2,0.00000000,0.00000000
1624631736.34995079,2,0.00000000,0.00000000
1624631736.44970155,2,0.00000000,0.00000000
1624631736.44992924,2,0.00000000,0.00000000
1624631736.54970312,2,0.00000000,0.00000000
1624631736.55007124,2,0.00000000,0.00000000
1624631736.64972544,2,0.00000000,0.00000000
1624631736.65002894,2,0.00000000,0.00000000
1624631736.74972653,2,0.00000000,0.00000000
1624631736.74997616,2,0.00000000,0.00000000
1624631736.84972501,2,0.00000000,0.00000000
1624631736.85000443,2,0.00000000,0.00000000
1624631736.94972610,2,0.00000000,0.00000000
1624631736.94998002,2,0.00000000,0.00000000
1624631737.04972458,2,0.00000000,0.00000000
1624631737.04995155,2,0.00000000,0.00000000
1624631737.14970136,2,0.00000000,0.00000000
1624631737.14992762,2,0.00000000,0.00000000
1624631737.24970341,2,0.00000000,0.00000000
1624631737.24995613,2,0.00000000,0.00000000
1624631737.34970522,2,0.00000000,0.00000000
1624631737.34999275,2,0.00000000,0.00000000
1624631737.44972324,2,0.00000000,0.00000000
1624631737.44995070,2,0.00000000,0.00000000
1624631737.54972291,2,0.00000000,0.00000000
1624631737.54995108,2,0.00000000,0.00000000
1624631737.64972353,2,0.00000000,0.00000000
1624631737.64995027,2,0.00000000,0.00000000
1624631737.74972272,2,0.00000000,0.00000000
1624631737.74995494,2,0.00000000,0.00000000
1624631737.84970355,2,0.00000000,0.00000000
1624631737.84994650,2,0.00000000,0.00000000
1624631737.94972467,2,0.00000000,0.00000000
1624631737.95000267,2,0.00000000,0.00000000
1624631738.04970431,2,0.00000000,0.00000000
1624631738.04992843,2,0.00000000,0.00000000
1624631738.14972568,2,0.00000000,0.00000000
1624631738.14995503,2,0.00000000,0.00000000
1624631738.24970126,2,0.00000000,0.00000000
1624631738.24992990,2,0.00000000,0.00000000
1624631738.34970331,2,0.00000000,0.00000000
1624631738.34993315,2,0.00000000,0.00000000
1624631738.44972110,2,0.00000000,0.00000000
1624631738.44994688,2,0.00000000,0.00000000
1624631738.54972148,2,0.00000000,0.00000000
1624631738.54995060,2,0.00000000,0.00000000
1624631738.64972210,2,0.00000000,0.00000000
1624631738.64994502,2,0.00000000,0.00000000
1624631738.74972868,2,0.00000000,0.00000000
1624631738.75002670,2,0.00000000,0.00000000
1624631738.84970737,2,0.00000000,0.00000000
1624631738.84993410,2,0.00000000,0.00000000
1624631738.94972444,2,0.00000000,0.00000000
1624631738.94995260,2,0.00000000,0.00000000
1624631739.04972219,2,0.00000000,0.00000000
1624631739.05002427,2,0.00000000,0.00000000
1624631739.14972472,2,0.00000000,0.00000000
1624631739.15007520,2,0.00000000,0.00000000
1624631739.24972773,2,0.00000000,0.00000000
1624631739.24995708,2,0.00000000,0.00000000
1624631739.34970713,2,0.00000000,0.00000000
1624631739.34993863,2,0.00000000,0.00000000
1624631739.44967484,2,0.00000000,0.00000000
1624631739.44981575,2,0.00000000,0.00000000
1624631739.54972792,2,0.00000000,0.00000000
1624631739.54998469,2,0.00000000,0.00000000
1624631739.64970922,2,0.00000000,0.00000000
1624631739.64993143,2,0.00000000,0.00000000
1624631739.74972272,2,0.00000000,0.00000000
1624631739.74995351,2,0.00000000,0.00000000
1624631739.84972525,2,0.00000000,0.00000000
1624631739.85002398,2,0.00000000,0.00000000
1624631739.94972539,2,0.00000000,0.00000000
1624631739.94996071,2,0.00000000,0.00000000
1624631740.04972434,2,0.00000000,0.00000000
1624631740.04996848,2,0.00000000,0.00000000
1624631740.14971876,2,0.00000000,0.00000000
1624631740.14987659,2,0.00000000,0.00000000
1624631740.24972677,2,0.00000000,0.00000000
1624631740.24997592,2,0.00000000,0.00000000
1624631740.34972548,2,0.00000000,0.00000000
1624631740.34996867,2,0.00000000,0.00000000
1624631740.44972897,2,0.00000000,0.00000000
1624631740.44997549,2,0.00000000,0.00000000
1624631740.54972887,2,0.00000000,0.00000000
1624631740.54997587,2,0.00000000,0.00000000
1624631740.64973211,2,0.00000000,0.00000000
1624631740.65008807,2,0.00000000,0.00000000
1624631740.74973464,2,0.00000000,0.00000000
1624631740.74998140,2,0.00000000,0.00000000
1624631740.84972787,2,0.00000000,0.00000000
1624631740.84995866,2,0.00000000,0.00000000
1624631740.94972825,2,0.00000000,0.00000000
1624631740.94995975,2,0.00000000,0.00000000
1624631741.04972553,2,0.00000000,0.00000000
1624631741.05001497,2,0.00000000,0.00000000
1624631741.14972854,2,0.00000000,0.00000000
1624631741.14996004,2,0.00000000,0.00000000
1624631741.24973059,2,0.00000000,0.00000000
1624631741.24995875,2,0.00000000,0.00000000
1624631741.34972477,2,0.00000000,0.00000000
1624631741.35003257,2,0.00000000,0.00000000
1624631741.44972444,2,0.00000000,0.00000000
1624631741.45008540,2,0.00000000,0.00000000
1624631741.54972529,2,0.00000000,0.00000000
1624631741.54995775,2,0.00000000,0.00000000
1624631741.64972591,2,0.00000000,0.00000000
1624631741.64995575,2,0.00000000,0.00000000
1624631741.74972844,2,0.00000000,0.00000000
1624631741.74995685,2,0.00000000,0.00000000
1624631741.84972548,2,0.00000000,0.00000000
1624631741.84994435,2,0.00000000,0.00000000
1624631741.94973016,2,0.00000000,0.00000000
1624631741.94996929,2,0.00000000,0.00000000
1624631742.04972863,2,0.00000000,0.00000000
1624631742.04997730,2,0.00000000,0.00000000
1624631742.14972925,2,0.00000000,0.00000000
1624631742.14997149,2,0.00000000,0.00000000
1624631742.24972606,2,0.00000000,0.00000000
1624631742.24996066,2,0.00000000,0.00000000
1624631742.34972739,2,0.00000000,0.00000000
1624631742.34994888,2,0.00000000,0.00000000
1624631742.44970202,2,0.00000000,0.00000000
1624631742.44993329,2,0.00000000,0.00000000
1624631742.54970407,2,0.00000000,0.00000000
1624631742.54993916,2,0.00000000,0.00000000
1624631742.64970446,2,0.00000000,0.00000000
1624631742.64994192,2,0.00000000,0.00000000
1624631742.74970341,2,0.00000000,0.00000000
1624631742.74993443,2,0.00000000,0.00000000
1624631742.84968472,2,0.00000000,0.00000000
1624631742.84991479,2,0.00000000,0.00000000
1624631742.94970894,2,0.00000000,0.00000000
1624631742.94996834,2,0.00000000,0.00000000
1624631743.04970026,2,0.00000000,0.00000000
1624631743.05007958,2,0.00000000,0.00000000
1624631743.14970279,2,0.00000000,0.00000000
1624631743.14994931,2,0.00000000,0.00000000
1624631743.24970007,2,0.00000000,0.00000000
1624631743.24993587,2,0.00000000,0.00000000
1624631743.34970140,2,0.00000000,0.00000000
1624631743.34993505,2,0.00000000,0.00000000
1624631743.44971967,2,0.00000000,0.00000000
1624631743.44997287,2,0.00000000,0.00000000
1624631743.54972196,2,0.00000000,0.00000000
1624631743.54997683,2,0.00000000,0.00000000
1624631743.64971995,2,0.00000000,0.00000000
1624631743.65007758,2,0.00000000,0.00000000
1624631743.74971962,2,0.00000000,0.00000000
1624631743.74995327,2,0.00000000,0.00000000
1624631743.84972095,2,0.00000000,0.00000000
1624631743.84995699,2,0.00000000,0.00000000
1624631743.94972086,2,0.00000000,0.00000000
1624631743.94995594,2,0.00000000,0.00000000
1624631744.04971981,2,0.00000000,0.00000000
1624631744.04995823,2,0.00000000,0.00000000
1624631744.14972019,2,0.00000000,0.00000000
1624631744.14995766,2,0.00000000,0.00000000
1624631744.24970078,2,0.00000000,0.00000000
1624631744.24994612,2,0.00000000,0.00000000
1624631744.34972048,2,0.00000000,0.00000000
1624631744.35003257,2,0.00000000,0.00000000
1624631744.44972086,2,0.00000000,0.00000000
1624631744.44998479,2,0.00000000,0.00000000
1624631744.54972053,2,0.00000000,0.00000000
1624631744.55001545,2,0.00000000,0.00000000
1624631744.64972520,2,0.00000000,0.00000000
1624631744.64996409,2,0.00000000,0.00000000
1624631744.74971628,2,0.00000000,0.00000000
1624631744.74995232,2,0.00000000,0.00000000
1624631744.84971571,2,0.00000000,0.00000000
1624631744.84994817,2,0.00000000,0.00000000
1624631744.94971609,2,0.00000000,0.00000000
1624631744.95004439,2,0.00000000,0.00000000
1624631745.04969907,2,0.00000000,0.00000000
1624631745.04994893,2,0.00000000,0.00000000
1624631745.14969778,2,0.00000000,0.00000000
1624631745.14994407,2,0.00000000,0.00000000
1624631745.24969673,2,0.00000000,0.00000000
1624631745.25007176,2,0.00000000,0.00000000
1624631745.34969378,2,0.00000000,0.00000000
1624631745.34994936,2,0.00000000,0.00000000
1624631745.44971538,2,0.00000000,0.00000000
1624631745.45008349,2,0.00000000,0.00000000
1624631745.54969645,2,0.00000000,0.00000000
1624631745.54993391,2,0.00000000,0.00000000
1624631745.64969563,2,0.00000000,0.00000000
1624631745.64993143,2,0.00000000,0.00000000
1624631745.74969530,2,0.00000000,0.00000000
1624631745.74996495,2,0.00000000,0.00000000
1624631745.84969497,2,0.00000000,0.00000000
1624631745.84995866,2,0.00000000,0.00000000
1624631745.94971728,2,0.00000000,0.00000000
1624631745.94997287,2,0.00000000,0.00000000
1624631746.04969788,2,0.00000000,0.00000000
1624631746.05006862,2,0.00000000,0.00000000
1624631746.14971781,2,0.00000000,0.00000000
1624631746.15002179,2,0.00000000,0.00000000
1624631746.24969649,2,0.00000000,0.00000000
1624631746.24993587,2,0.00000000,0.00000000
1624631746.34969521,2,0.00000000,0.00000000
1624631746.34993529,2,0.00000000,0.00000000
1624631746.44971561,2,0.00000000,0.00000000
1624631746.44995785,2,0.00000000,0.00000000
1624631746.54971862,2,0.00000000,0.00000000
1624631746.54995346,2,0.00000000,0.00000000
1624631746.64969468,2,0.00000000,0.00000000
1624631746.64993262,2,0.00000000,0.00000000
1624631746.74971533,2,0.00000000,0.00000000
1624631746.75006795,2,0.00000000,0.00000000
1624631746.84969664,2,0.00000000,0.00000000
1624631746.84993935,2,0.00000000,0.00000000
1624631746.94969654,2,0.00000000,0.00000000
1624631746.94993782,2,0.00000000,0.00000000
1624631747.04969835,2,0.00000000,0.00000000
1624631747.05002117,2,0.00000000,0.00000000
1624631747.14969611,2,0.00000000,0.00000000
1624631747.14993787,2,0.00000000,0.00000000
1624631747.24969459,2,0.00000000,0.00000000
1624631747.24992776,2,0.00000000,0.00000000
1624631747.34969330,2,0.00000000,0.00000000
1624631747.34992552,2,0.00000000,0.00000000
1624631747.44969296,2,0.00000000,0.00000000
1624631747.44992328,2,0.00000000,0.00000000
1624631747.54967618,2,0.00000000,0.00000000
1624631747.54990768,2,0.00000000,0.00000000
1624631747.64967632,2,0.00000000,0.00000000
1624631747.64992976,2,0.00000000,0.00000000
1624631747.74973559,2,0.00000000,0.00000000
1624631747.74997473,2,0.00000000,0.00000000
1624631747.84969568,2,0.00000000,0.00000000
1624631747.84994793,2,0.00000000,0.00000000
1624631747.94969702,2,0.00000000,0.00000000
1624631747.94995499,2,0.00000000,0.00000000
1624631748.04969573,2,0.00000000,0.00000000
1624631748.04993463,2,0.00000000,0.00000000
1624631748.14970040,2,0.00000000,0.00000000
1624631748.14993453,2,0.00000000,0.00000000
1624631748.24971461,2,0.00000000,0.00000000
1624631748.24995399,2,0.00000000,0.00000000
1624631748.34971786,2,0.00000000,0.00000000
1624631748.35002041,2,0.00000000,0.00000000
1624631748.44972229,2,0.00000000,0.00000000
1624631748.44999146,2,0.00000000,0.00000000
1624631748.54969573,2,0.00000000,0.00000000
1624631748.54996014,2,0.00000000,0.00000000
1624631748.64971781,2,0.00000000,0.00000000
1624631748.65002584,2,0.00000000,0.00000000
1624631748.74970078,2,0.00000000,0.00000000
1624631748.75000787,2,0.00000000,0.00000000
1624631748.84969068,2,0.00000000,0.00000000
1624631748.84999228,2,0.00000000,0.00000000
1624631748.94969869,2,0.00000000,0.00000000
1624631748.94994617,2,0.00000000,0.00000000
1624631749.04971862,2,0.00000000,0.00000000
1624631749.04996634,2,0.00000000,0.00000000
1624631749.14971709,2,0.00000000,0.00000000
1624631749.14996839,2,0.00000000,0.00000000
1624631749.24971938,2,0.00000000,0.00000000
1624631749.24995255,2,0.00000000,0.00000000
1624631749.34969878,2,0.00000000,0.00000000
1624631749.34993577,2,0.00000000,0.00000000
1624631749.44966745,2,0.00000000,0.00000000
1624631749.44980502,2,0.00000000,0.00000000
1624631749.54969621,2,0.00000000,0.00000000
1624631749.54993296,2,0.00000000,0.00000000
1624631749.64969730,2,0.00000000,0.00000000
1624631749.64994144,2,0.00000000,0.00000000
1624631749.74969625,2,0.00000000,0.00000000
1624631749.75000453,2,0.00000000,0.00000000
1624631749.84971595,2,0.00000000,0.00000000
1624631749.84995627,2,0.00000000,0.00000000
1624631749.94969463,2,0.00000000,0.00000000
1624631749.94995070,2,0.00000000,0.00000000
1624631750.04969668,2,0.00000000,0.00000000
1624631750.04993749,2,0.00000000,0.00000000
1624631750.14969969,2,0.00000000,0.00000000
1624631750.14994431,2,0.00000000,0.00000000
1624631750.24971914,2,0.00000000,0.00000000
1624631750.24997187,2,0.00000000,0.00000000
1624631750.34972024,2,0.00000000,0.00000000
1624631750.34995341,2,0.00000000,0.00000000
1624631750.44969583,2,0.00000000,0.00000000
1624631750.44994378,2,0.00000000,0.00000000
1624631750.54971671,2,0.00000000,0.00000000
1624631750.54997516,2,0.00000000,0.00000000
1624631750.64969826,2,0.00000000,0.00000000
1624631750.64993095,2,0.00000000,0.00000000
1624631750.74969387,2,0.00000000,0.00000000
1624631750.74992371,2,0.00000000,0.00000000
1624631750.84969306,2,0.00000000,0.00000000
1624631750.84996462,2,0.00000000,0.00000000
1624631750.94969368,2,0.00000000,0.00000000
1624631750.94993067,2,0.00000000,0.00000000
1624631751.04967284,2,0.00000000,0.00000000
1624631751.04992771,2,0.00000000,0.00000000
1624631751.14972854,2,0.00000000,0.00000000
1624631751.14996743,2,0.00000000,0.00000000
1624631751.24971986,2,0.00000000,0.00000000
1624631751.24996877,2,0.00000000,0.00000000
1624631751.34971929,2,0.00000000,0.00000000
1624631751.34996796,2,0.00000000,0.00000000
1624631751.44971967,2,0.00000000,0.00000000
1624631751.44995356,2,0.00000000,0.00000000
1624631751.54971790,2,0.00000000,0.00000000
1624631751.54995179,2,0.00000000,0.00000000
1624631751.64971948,2,0.00000000,0.00000000
1624631751.64996123,2,0.00000000,0.00000000
1624631751.74969792,2,0.00000000,0.00000000
1624631751.74993992,2,0.00000000,0.00000000
1624631751.84972072,2,0.00000000,0.00000000
1624631751.85002780,2,0.00000000,0.00000000
1624631751.94971895,2,0.00000000,0.00000000
1624631751.95003271,2,0.00000000,0.00000000
1624631752.04972363,2,0.00000000,0.00000000
1624631752.04996729,2,0.00000000,0.00000000
1624631752.14972568,2,0.00000000,0.00000000
1624631752.14996386,2,0.00000000,0.00000000
1624631752.24971747,2,0.00000000,0.00000000
1624631752.24999738,2,0.00000000,0.00000000
1624631752.34972119,2,0.00000000,0.00000000
1624631752.34999514,2,0.00000000,0.00000000
1624631752.44971776,2,0.00000000,0.00000000
1624631752.44995666,2,0.00000000,0.00000000
1624631752.54972267,2,0.00000000,0.00000000
1624631752.54996586,2,0.00000000,0.00000000
1624631752.64971542,2,0.00000000,0.00000000
1624631752.64995718,2,0.00000000,0.00000000
1624631752.74972463,2,0.00000000,0.00000000
1624631752.74996519,2,0.00000000,0.00000000
1624631752.84971952,2,0.00000000,0.00000000
1624631752.85003686,2,0.00000000,0.00000000
1624631752.94971824,2,0.00000000,0.00000000
1624631752.95008564,2,0.00000000,0.00000000
1624631753.04971814,2,0.00000000,0.00000000
1624631753.04996324,2,0.00000000,0.00000000
1624631753.14969873,2,0.00000000,0.00000000
1624631753.14996147,2,0.00000000,0.00000000
1624631753.24971747,2,0.00000000,0.00000000
1624631753.24996185,2,0.00000000,0.00000000
1624631753.34970140,2,0.00000000,0.00000000
1624631753.34994340,2,0.00000000,0.00000000
1624631753.44972062,2,0.00000000,0.00000000
1624631753.44996166,2,0.00000000,0.00000000
1624631753.54972839,2,0.00000000,0.00000000
1624631753.54996538,2,0.00000000,0.00000000
1624631753.64970565,2,0.00000000,0.00000000
1624631753.64996338,2,0.00000000,0.00000000
1624631753.74972773,2,0.00000000,0.00000000
1624631753.74995637,2,0.00000000,0.00000000
1624631753.84969831,2,0.00000000,0.00000000
1624631753.84995079,2,0.00000000,0.00000000
1624631753.94971728,2,0.00000000,0.00000000
1624631753.94994998,2,0.00000000,0.00000000
1624631754.04971576,2,0.00000000,0.00000000
1624631754.04995322,2,0.00000000,0.00000000
1624631754.14972186,2,0.00000000,0.00000000
1624631754.14996171,2,0.00000000,0.00000000
1624631754.24972272,2,0.00000000,0.00000000
1624631754.24998546,2,0.00000000,0.00000000
1624631754.34971952,2,0.00000000,0.00000000
1624631754.34995437,2,0.00000000,0.00000000
1624631754.44971871,2,0.00000000,0.00000000
1624631754.44996834,2,0.00000000,0.00000000
1624631754.54971743,2,0.00000000,0.00000000
1624631754.54995656,2,0.00000000,0.00000000
1624631754.64971876,2,0.00000000,0.00000000
1624631754.64995718,2,0.00000000,0.00000000
1624631754.74969816,2,0.00000000,0.00000000
1624631754.74993682,2,0.00000000,0.00000000
1624631754.84972548,2,0.00000000,0.00000000
1624631754.84996247,2,0.00000000,0.00000000
1624631754.94969463,2,0.00000000,0.00000000
1624631754.94993925,2,0.00000000,0.00000000
1624631755.04972267,2,0.00000000,0.00000000
1624631755.04997206,2,0.00000000,0.00000000
1624631755.14971852,2,0.00000000,0.00000000
1624631755.14997911,2,0.00000000,0.00000000
1624631755.24971938,2,0.00000000,0.00000000
1624631755.24996853,2,0.00000000,0.00000000
1624631755.34971857,2,0.00000000,0.00000000
1624631755.34995914,2,0.00000000,0.00000000
1624631755.44971633,2,0.00000000,0.00000000
1624631755.44995880,2,0.00000000,0.00000000
1624631755.54971647,2,0.00000000,0.00000000
1624631755.54995894,2,0.00000000,0.00000000
1624631755.64969921,2,0.00000000,0.00000000
1624631755.64994216,2,0.00000000,0.00000000
1624631755.74969769,2,0.00000000,0.00000000
1624631755.74994254,2,0.00000000,0.00000000
1624631755.84972191,2,0.00000000,0.00000000
1624631755.84996223,2,0.00000000,0.00000000
1624631755.94972539,2,0.00000000,0.00000000
1624631755.94996524,2,0.00000000,0.00000000
1624631756.04969740,2,0.00000000,0.00000000
1624631756.04994154,2,0.00000000,0.00000000
1624631756.14972353,2,0.00000000,0.00000000
1624631756.14996529,2,0.00000000,0.00000000
1624631756.24969769,2,0.00000000,0.00000000
1624631756.24995613,2,0.00000000,0.00000000
1624631756.34972906,2,0.00000000,0.00000000
1624631756.34996819,2,0.00000000,0.00000000
1624631756.44972706,2,0.00000000,0.00000000
1624631756.44996309,2,0.00000000,0.00000000
1624631756.54972529,2,0.00000000,0.00000000
1624631756.55003238,2,0.00000000,0.00000000
1624631756.64973259,2,0.00000000,0.00000000
1624631756.64996576,2,0.00000000,0.00000000
1624631756.74972701,2,0.00000000,0.00000000
1624631756.74997973,2,0.00000000,0.00000000
1624631756.84972453,2,0.00000000,0.00000000
1624631756.84996128,2,0.00000000,0.00000000
1624631756.94972181,2,0.00000000,0.00000000
1624631756.94995427,2,0.00000000,0.00000000
1624631757.04972029,2,0.00000000,0.00000000
1624631757.04995918,2,0.00000000,0.00000000
1624631757.14970589,2,0.00000000,0.00000000
1624631757.14996409,2,0.00000000,0.00000000
1624631757.24970937,2,0.00000000,0.00000000
1624631757.24994373,2,0.00000000,0.00000000
1624631757.34970284,2,0.00000000,0.00000000
1624631757.34994864,2,0.00000000,0.00000000
1624631757.44969821,2,0.00000000,0.00000000
1624631757.44995117,2,0.00000000,0.00000000
1624631757.54971910,2,0.00000000,0.00000000
1624631757.54995012,2,0.00000000,0.00000000
1624631757.64970446,2,0.00000000,0.00000000
1624631757.64994121,2,0.00000000,0.00000000
1624631757.74971747,2,0.00000000,0.00000000
1624631757.74995017,2,0.00000000,0.00000000
1624631757.84971929,2,0.00000000,0.00000000
1624631757.85002565,2,0.00000000,0.00000000
1624631757.94969749,2,0.00000000,0.00000000
1624631757.94993806,2,0.00000000,0.00000000
1624631758.04972029,2,0.00000000,0.00000000
1624631758.05003238,2,0.00000000,0.00000000
1624631758.14972115,2,0.00000000,0.00000000
1624631758.15003228,2,0.00000000,0.00000000
1624631758.24969721,2,0.00000000,0.00000000
1624631758.25001001,2,0.00000000,0.00000000
1624631758.34971833,2,0.00000000,0.00000000
1624631758.34996057,2,0.00000000,0.00000000
1624631758.44968128,2,0.00000000,0.00000000
1624631758.44992042,2,0.00000000,0.00000000
1624631758.54971886,2,0.00000000,0.00000000
1624631758.54995537,2,0.00000000,0.00000000
1624631758.64969540,2,0.00000000,0.00000000
1624631758.64993191,2,0.00000000,0.00000000
1624631758.74969316,2,0.00000000,0.00000000
1624631758.74992824,2,0.00000000,0.00000000
1624631758.84972024,2,0.00000000,0.00000000
1624631758.84998417,2,0.00000000,0.00000000
1624631758.94971895,2,0.00000000,0.00000000
1624631758.94995236,2,0.00000000,0.00000000
1624631759.04971790,2,0.00000000,0.00000000
1624631759.05000925,2,0.00000000,0.00000000
1624631759.14969873,2,0.00000000,0.00000000
1624631759.14993429,2,0.00000000,0.00000000
1624631759.24971962,2,0.00000000,0.00000000
1624631759.24995422,2,0.00000000,0.00000000
1624631759.34971714,2,0.00000000,0.00000000
1624631759.34994793,2,0.00000000,0.00000000
1624631759.44967699,2,0.00000000,0.00000000
1624631759.44980717,2,0.00000000,0.00000000
1624631759.54971576,2,0.00000000,0.00000000
1624631759.54994583,2,0.00000000,0.00000000
1624631759.64971113,2,0.00000000,0.00000000
1624631759.64986205,2,0.00000000,0.00000000
1624631759.74971771,2,0.00000000,0.00000000
1624631759.74995232,2,0.00000000,0.00000000
1624631759.84972167,2,0.00000000,0.00000000
1624631759.85003209,2,0.00000000,0.00000000
1624631759.94971991,2,0.00000000,0.00000000
1624631759.94995284,2,0.00000000,0.00000000
1624631760.04971933,2,0.00000000,0.00000000
1624631760.04996538,2,0.00000000,0.00000000
1624631760.14971995,2,0.00000000,0.00000000
1624631760.14997077,2,0.00000000,0.00000000
1624631760.24971819,2,0.00000000,0.00000000
1624631760.24995375,2,0.00000000,0.00000000
1624631760.34971905,2,0.00000000,0.00000000
1624631760.34995174,2,0.00000000,0.00000000
1624631760.44969678,2,0.00000000,0.00000000
1624631760.44994020,2,0.00000000,0.00000000
1624631760.54971862,2,0.00000000,0.00000000
1624631760.54995704,2,0.00000000,0.00000000
1624631760.64971876,2,0.00000000,0.00000000
1624631760.64995503,2,0.00000000,0.00000000
1624631760.74970198,2,0.00000000,0.00000000
1624631760.74993849,2,0.00000000,0.00000000
1624631760.84970045,2,0.00000000,0.00000000
1624631760.84994054,2,0.00000000,0.00000000
1624631760.94969654,2,0.00000000,0.00000000
1624631760.94993329,2,0.00000000,0.00000000
1624631761.04972601,2,0.00000000,0.00000000
1624631761.04997754,2,0.00000000,0.00000000
1624631761.14971995,2,0.00000000,0.00000000
1624631761.14995503,2,0.00000000,0.00000000
1624631761.24971890,2,0.00000000,0.00000000
1624631761.24995637,2,0.00000000,0.00000000
1624631761.34969926,2,0.00000000,0.00000000
1624631761.34993529,2,0.00000000,0.00000000
1624631761.44969940,2,0.00000000,0.00000000
1624631761.44993806,2,0.00000000,0.00000000
1624631761.54971695,2,0.00000000,0.00000000
1624631761.54995346,2,0.00000000,0.00000000
1624631761.64971972,2,0.00000000,0.00000000
1624631761.64995480,2,0.00000000,0.00000000
1624631761.74971938,2,0.00000000,0.00000000
1624631761.75009203,2,0.00000000,0.00000000
1624631761.84971714,2,0.00000000,0.00000000
1624631761.85003233,2,0.00000000,0.00000000
1624631761.94972253,2,0.00000000,0.00000000
1624631761.94996047,2,0.00000000,0.00000000
1624631762.04971981,2,0.00000000,0.00000000
1624631762.04996228,2,0.00000000,0.00000000
1624631762.14969730,2,0.00000000,0.00000000
1624631762.14996147,2,0.00000000,0.00000000
1624631762.24971962,2,0.00000000,0.00000000
1624631762.24995255,2,0.00000000,0.00000000
1624631762.34972000,2,0.00000000,0.00000000
1624631762.34996819,2,0.00000000,0.00000000
1624631762.44971871,2,0.00000000,0.00000000
1624631762.44996953,2,0.00000000,0.00000000
1624631762.54971981,2,0.00000000,0.00000000
1624631762.54996610,2,0.00000000,0.00000000
1624631762.64972043,2,0.00000000,0.00000000
1624631762.64996719,2,0.00000000,0.00000000
1624631762.74971724,2,0.00000000,0.00000000
1624631762.74998426,2,0.00000000,0.00000000
1624631762.84971809,2,0.00000000,0.00000000
1624631762.84998417,2,0.00000000,0.00000000
1624631762.94971728,2,0.00000000,0.00000000
1624631762.95004249,2,0.00000000,0.00000000
1624631763.04972076,2,0.00000000,0.00000000
1624631763.05004215,2,0.00000000,0.00000000
1624631763.14971781,2,0.00000000,0.00000000
1624631763.14995217,2,0.00000000,0.00000000
1624631763.24971914,2,0.00000000,0.00000000
1624631763.24996257,2,0.00000000,0.00000000
1624631763.34969854,2,0.00000000,0.00000000
1624631763.34993267,2,0.00000000,0.00000000
1624631763.44971657,2,0.00000000,0.00000000
1624631763.44998550,2,0.00000000,0.00000000
1624631763.54971957,2,0.00000000,0.00000000
1624631763.54999828,2,0.00000000,0.00000000
1624631763.64971590,2,0.00000000,0.00000000
1624631763.64994693,2,0.00000000,0.00000000
1624631763.74971700,2,0.00000000,0.00000000
1624631763.74996018,2,0.00000000,0.00000000
1624631763.84971786,2,0.00000000,0.00000000
1624631763.84996462,2,0.00000000,0.00000000
1624631763.94969773,2,0.00000000,0.00000000
1624631763.95000029,2,0.00000000,0.00000000
1624631764.04969573,2,0.00000000,0.00000000
1624631764.04995942,2,0.00000000,0.00000000
1624631764.14969707,2,0.00000000,0.00000000
1624631764.14993119,2,0.00000000,0.00000000
1624631764.24971676,2,0.00000000,0.00000000
1624631764.24995923,2,0.00000000,0.00000000
1624631764.34971714,2,0.00000000,0.00000000
1624631764.35008287,2,0.00000000,0.00000000
1624631764.44972038,2,0.00000000,0.00000000
1624631764.44996119,2,0.00000000,0.00000000
1624631764.54971719,2,0.00000000,0.00000000
1624631764.54995251,2,0.00000000,0.00000000
1624631764.64969993,2,0.00000000,0.00000000
1624631764.64993811,2,0.00000000,0.00000000
1624631764.74969792,2,0.00000000,0.00000000
1624631764.74993515,2,0.00000000,0.00000000
1624631764.84971786,2,0.00000000,0.00000000
1624631764.84995365,2,0.00000000,0.00000000
1624631764.94971657,2,0.00000000,0.00000000
1624631764.94995093,2,0.00000000,0.00000000
1624631765.04969668,2,0.00000000,0.00000000
1624631765.04993653,2,0.00000000,0.00000000
1624631765.14969850,2,0.00000000,0.00000000
1624631765.15000081,2,0.00000000,0.00000000
1624631765.24969459,2,0.00000000,0.00000000
1624631765.25007033,2,0.00000000,0.00000000
1624631765.34971476,2,0.00000000,0.00000000
1624631765.34995198,2,0.00000000,0.00000000
1624631765.44970322,2,0.00000000,0.00000000
1624631765.44997334,2,0.00000000,0.00000000
1624631765.54969859,2,0.00000000,0.00000000
1624631765.55000877,2,0.00000000,0.00000000
1624631765.64969873,2,0.00000000,0.00000000
1624631765.64993167,2,0.00000000,0.00000000
1624631765.74972057,2,0.00000000,0.00000000
1624631765.74995780,2,0.00000000,0.00000000
1624631765.84969878,2,0.00000000,0.00000000
1624631765.84993386,2,0.00000000,0.00000000
1624631765.94969773,2,0.00000000,0.00000000
1624631765.94995046,2,0.00000000,0.00000000
1624631766.04969954,2,0.00000000,0.00000000
1624631766.04993463,2,0.00000000,0.00000000
1624631766.14971876,2,0.00000000,0.00000000
1624631766.14998817,2,0.00000000,0.00000000
1624631766.24972057,2,0.00000000,0.00000000
1624631766.24996424,2,0.00000000,0.00000000
1624631766.34971929,2,0.00000000,0.00000000
1624631766.35003090,2,0.00000000,0.00000000
1624631766.44969964,2,0.00000000,0.00000000
1624631766.44994879,2,0.00000000,0.00000000
1624631766.54969740,2,0.00000000,0.00000000
1624631766.54993963,2,0.00000000,0.00000000
1624631766.64969754,2,0.00000000,0.00000000
1624631766.64993834,2,0.00000000,0.00000000
1624631766.74971938,2,0.00000000,0.00000000
1624631766.74996424,2,0.00000000,0.00000000
1624631766.84968162,2,0.00000000,0.00000000
1624631766.84991980,2,0.00000000,0.00000000
1624631766.94969487,2,0.00000000,0.00000000
1624631766.94993043,2,0.00000000,0.00000000
1624631767.04971671,2,0.00000000,0.00000000
1624631767.04995418,2,0.00000000,0.00000000
1624631767.14971662,2,0.00000000,0.00000000
1624631767.14995337,2,0.00000000,0.00000000
1624631767.24972820,2,0.00000000,0.00000000
1624631767.24997067,2,0.00000000,0.00000000
1624631767.34971786,2,0.00000000,0.00000000
1624631767.35003185,2,0.00000000,0.00000000
1624631767.44971633,2,0.00000000,0.00000000
1624631767.44996047,2,0.00000000,0.00000000
1624631767.54971957,2,0.00000000,0.00000000
1624631767.54995751,2,0.00000000,0.00000000
1624631767.64971638,2,0.00000000,0.00000000
1624631767.64995074,2,0.00000000,0.00000000
1624631767.74971485,2,0.00000000,0.00000000
1624631767.74995351,2,0.00000000,0.00000000
1624631767.84969592,2,0.00000000,0.00000000
1624631767.84992838,2,0.00000000,0.00000000
1624631767.94969416,2,0.00000000,0.00000000
1624631767.94992924,2,0.00000000,0.00000000
1624631768.04970121,2,0.00000000,0.00000000
1624631768.04994559,2,0.00000000,0.00000000
1624631768.14971614,2,0.00000000,0.00000000
1624631768.15003300,2,0.00000000,0.00000000
1624631768.24971890,2,0.00000000,0.00000000
1624631768.24996042,2,0.00000000,0.00000000
1624631768.34969878,2,0.00000000,0.00000000
1624631768.34993744,2,0.00000000,0.00000000
1624631768.44971609,2,0.00000000,0.00000000
1624631768.44995117,2,0.00000000,0.00000000
1624631768.54971647,2,0.00000000,0.00000000
1624631768.54995298,2,0.00000000,0.00000000
1624631768.64971662,2,0.00000000,0.00000000
1624631768.64994979,2,0.00000000,0.00000000
1624631768.74971509,2,0.00000000,0.00000000
1624631768.74995852,2,0.00000000,0.00000000
1624631768.84971738,2,0.00000000,0.00000000
1624631768.84995294,2,0.00000000,0.00000000
1624631768.94972658,2,0.00000000,0.00000000
1624631768.94996810,2,0.00000000,0.00000000
1624631769.04971623,2,0.00000000,0.00000000
1624631769.04995823,2,0.00000000,0.00000000
1624631769.14969397,2,0.00000000,0.00000000
1624631769.14992762,2,0.00000000,0.00000000
1624631769.24969268,2,0.00000000,0.00000000
1624631769.25006127,2,0.00000000,0.00000000
1624631769.34966946,2,0.00000000,0.00000000
1624631769.34991074,2,0.00000000,0.00000000
1624631769.44964433,2,0.00000000,0.00000000
1624631769.44974518,2,0.00000000,0.00000000
1624631769.54974079,2,0.00000000,0.00000000
1624631769.54997635,2,0.00000000,0.00000000
1624631769.64970040,2,0.00000000,0.00000000
1624631769.64997721,2,0.00000000,0.00000000
1624631769.74971557,2,0.00000000,0.00000000
1624631769.74994946,2,0.00000000,0.00000000
1624631769.84971595,2,0.00000000,0.00000000
1624631769.84995365,2,0.00000000,0.00000000
1624631769.94969654,2,0.00000000,0.00000000
1624631769.94993234,2,0.00000000,0.00000000
1624631770.04969263,2,0.00000000,0.00000000
1624631770.05006289,2,0.00000000,0.00000000
1624631770.14969778,2,0.00000000,0.00000000
1624631770.14996815,2,0.00000000,0.00000000
1624631770.24971867,2,0.00000000,0.00000000
1624631770.24995232,2,0.00000000,0.00000000
1624631770.34969616,2,0.00000000,0.00000000
1624631770.34993315,2,0.00000000,0.00000000
1624631770.44969630,2,0.00000000,0.00000000
1624631770.44993067,2,0.00000000,0.00000000
1624631770.54969645,2,0.00000000,0.00000000
1624631770.54993391,2,0.00000000,0.00000000
1624631770.64969611,2,0.00000000,0.00000000
1624631770.64993167,2,0.00000000,0.00000000
1624631770.74969697,2,0.00000000,0.00000000
1624631770.75005293,2,0.00000000,0.00000000
1624631770.84969449,2,0.00000000,0.00000000
1624631770.84992838,2,0.00000000,0.00000000
1624631770.94969606,2,0.00000000,0.00000000
1624631770.94993734,2,0.00000000,0.00000000
1624631771.04969859,2,0.00000000,0.00000000
1624631771.04994130,2,0.00000000,0.00000000
1624631771.14969397,2,0.00000000,0.00000000
1624631771.14996576,2,0.00000000,0.00000000
1624631771.24969697,2,0.00000000,0.00000000
1624631771.25000477,2,0.00000000,0.00000000
1624631771.34970045,2,0.00000000,0.00000000
1624631771.34993386,2,0.00000000,0.00000000
1624631771.44969726,2,0.00000000,0.00000000
1624631771.44993258,2,0.00000000,0.00000000
1624631771.54970241,2,0.00000000,0.00000000
1624631771.55004764,2,0.00000000,0.00000000
1624631771.64969587,2,0.00000000,0.00000000
1624631771.64994740,2,0.00000000,0.00000000
1624631771.74971652,2,0.00000000,0.00000000
1624631771.74996901,2,0.00000000,0.00000000
1624631771.84971547,2,0.00000000,0.00000000
1624631771.84996676,2,0.00000000,0.00000000
1624631771.94971585,2,0.00000000,0.00000000
1624631771.94996381,2,0.00000000,0.00000000
1624631772.04971576,2,0.00000000,0.00000000
1624631772.05002689,2,0.00000000,0.00000000
1624631772.14971614,2,0.00000000,0.00000000
1624631772.15002513,2,0.00000000,0.00000000
1624631772.24971604,2,0.00000000,0.00000000
1624631772.24994707,2,0.00000000,0.00000000
1624631772.34969759,2,0.00000000,0.00000000
1624631772.34993219,2,0.00000000,0.00000000
1624631772.44969249,2,0.00000000,0.00000000
1624631772.44992805,2,0.00000000,0.00000000
1624631772.54971433,2,0.00000000,0.00000000
1624631772.54994941,2,0.00000000,0.00000000
1624631772.64969897,2,0.00000000,0.00000000
1624631772.64993215,2,0.00000000,0.00000000
1624631772.74969745,2,0.00000000,0.00000000
1624631772.74993277,2,0.00000000,0.00000000
1624631772.84969544,2,0.00000000,0.00000000
1624631772.84993315,2,0.00000000,0.00000000
1624631772.94969654,2,0.00000000,0.00000000
1624631772.94993019,2,0.00000000,0.00000000
1624631773.04969525,2,0.00000000,0.00000000
1624631773.04992962,2,0.00000000,0.00000000
1624631773.14969516,2,0.00000000,0.00000000
1624631773.14992690,2,0.00000000,0.00000000
1624631773.24970460,2,0.00000000,0.00000000
1624631773.25001001,2,0.00000000,0.00000000
1624631773.34972215,2,0.00000000,0.00000000
1624631773.34995651,2,0.00000000,0.00000000
1624631773.44969225,2,0.00000000,0.00000000
1624631773.44995189,2,0.00000000,0.00000000
1624631773.54969287,2,0.00000000,0.00000000
1624631773.54994774,2,0.00000000,0.00000000
1624631773.64969635,2,0.00000000,0.00000000
1624631773.64995384,2,0.00000000,0.00000000
1624631773.74971604,2,0.00000000,0.00000000
1624631773.75001335,2,0.00000000,0.00000000
1624631773.84971642,2,0.00000000,0.00000000
1624631773.84999657,2,0.00000000,0.00000000
1624631773.94971538,2,0.00000000,0.00000000
1624631773.94994903,2,0.00000000,0.00000000
1624631774.04971862,2,0.00000000,0.00000000
1624631774.04995012,2,0.00000000,0.00000000
1624631774.14971495,2,0.00000000,0.00000000
1624631774.14999104,2,0.00000000,0.00000000
1624631774.24971843,2,0.00000000,0.00000000
1624631774.24995518,2,0.00000000,0.00000000
1624631774.34971523,2,0.00000000,0.00000000
1624631774.34994984,2,0.00000000,0.00000000
1624631774.44971490,2,0.00000000,0.00000000
1624631774.44995236,2,0.00000000,0.00000000
1624631774.54971528,2,0.00000000,0.00000000
1624631774.54999614,2,0.00000000,0.00000000
1624631774.64971566,2,0.00000000,0.00000000
1624631774.64999986,2,0.00000000,0.00000000
1624631774.74971628,2,0.00000000,0.00000000
1624631774.75005364,2,0.00000000,0.00000000
1624631774.84971976,2,0.00000000,0.00000000
1624631774.85000443,2,0.00000000,0.00000000
1624631774.94973588,2,0.00000000,0.00000000
1624631774.94997072,2,0.00000000,0.00000000
1624631775.04971695,2,0.00000000,0.00000000
1624631775.04995561,2,0.00000000,0.00000000
1624631775.14972234,2,0.00000000,0.00000000
1624631775.14996433,2,0.00000000,0.00000000
1624631775.24969625,2,0.00000000,0.00000000
1624631775.24997663,2,0.00000000,0.00000000
1624631775.34967327,2,0.00000000,0.00000000
1624631775.34990597,2,0.00000000,0.00000000
1624631775.44967747,2,0.00000000,0.00000000
1624631775.44991183,2,0.00000000,0.00000000
1624631775.54972649,2,0.00000000,0.00000000
1624631775.55000615,2,0.00000000,0.00000000
1624631775.64971852,2,0.00000000,0.00000000
1624631775.64999366,2,0.00000000,0.00000000
1624631775.74969888,2,0.00000000,0.00000000
1624631775.74997187,2,0.00000000,0.00000000
1624631775.84973073,2,0.00000000,0.00000000
1624631775.84997249,2,0.00000000,0.00000000
1624631775.94972110,2,0.00000000,0.00000000
1624631775.94997978,2,0.00000000,0.00000000
1624631776.04971528,2,0.00000000,0.00000000
1624631776.04995418,2,0.00000000,0.00000000
1624631776.14971876,2,0.00000000,0.00000000
1624631776.14995599,2,0.00000000,0.00000000
1624631776.24972010,2,0.00000000,0.00000000
1624631776.24995565,2,0.00000000,0.00000000
1624631776.34971809,2,0.00000000,0.00000000
1624631776.34999561,2,0.00000000,0.00000000
1624631776.44971991,2,0.00000000,0.00000000
1624631776.44995356,2,0.00000000,0.00000000
1624631776.54971933,2,0.00000000,0.00000000
1624631776.54995012,2,0.00000000,0.00000000
1624631776.64971828,2,0.00000000,0.00000000
1624631776.64995289,2,0.00000000,0.00000000
1624631776.74971914,2,0.00000000,0.00000000
1624631776.74995542,2,0.00000000,0.00000000
1624631776.84971976,2,0.00000000,0.00000000
1624631776.84996057,2,0.00000000,0.00000000
1624631776.94971800,2,0.00000000,0.00000000
1624631776.94995904,2,0.00000000,0.00000000
1624631777.04971790,2,0.00000000,0.00000000
1624631777.04995275,2,0.00000000,0.00000000
1624631777.14970231,2,0.00000000,0.00000000
1624631777.14993882,2,0.00000000,0.00000000
1624631777.24972320,2,0.00000000,0.00000000
1624631777.24995780,2,0.00000000,0.00000000
1624631777.34971833,2,0.00000000,0.00000000
1624631777.34995127,2,0.00000000,0.00000000
1624631777.44971776,2,0.00000000,0.00000000
1624631777.45005703,2,0.00000000,0.00000000
1624631777.54969931,2,0.00000000,0.00000000
1624631777.54993820,2,0.00000000,0.00000000
1624631777.64971757,2,0.00000000,0.00000000
1624631777.64995003,2,0.00000000,0.00000000
1624631777.74971843,2,0.00000000,0.00000000
1624631777.74999571,2,0.00000000,0.00000000
1624631777.84971809,2,0.00000000,0.00000000
1624631777.84995413,2,0.00000000,0.00000000
1624631777.94971681,2,0.00000000,0.00000000
1624631777.94999671,2,0.00000000,0.00000000
1624631778.04971790,2,0.00000000,0.00000000
1624631778.04995275,2,0.00000000,0.00000000
1624631778.14971757,2,0.00000000,0.00000000
1624631778.14994979,2,0.00000000,0.00000000
1624631778.24969888,2,0.00000000,0.00000000
1624631778.24997830,2,0.00000000,0.00000000
1624631778.34972143,2,0.00000000,0.00000000
1624631778.34997725,2,0.00000000,0.00000000
1624631778.44969773,2,0.00000000,0.00000000
1624631778.44993377,2,0.00000000,0.00000000
1624631778.54971957,2,0.00000000,0.00000000
1624631778.55000186,2,0.00000000,0.00000000
1624631778.64969826,2,0.00000000,0.00000000
1624631778.64997888,2,0.00000000,0.00000000
1624631778.74971700,2,0.00000000,0.00000000
1624631778.74997044,2,0.00000000,0.00000000
1624631778.84969664,2,0.00000000,0.00000000
1624631778.84994936,2,0.00000000,0.00000000
1624631778.94971704,2,0.00000000,0.00000000
1624631778.94994783,2,0.00000000,0.00000000
1624631779.04971886,2,0.00000000,0.00000000
1624631779.04995108,2,0.00000000,0.00000000
1624631779.14971757,2,0.00000000,0.00000000
1624631779.14995813,2,0.00000000,0.00000000
1624631779.24971986,2,0.00000000,0.00000000
1624631779.24996209,2,0.00000000,0.00000000
1624631779.34971714,2,0.00000000,0.00000000
1624631779.34994769,2,0.00000000,0.00000000
1624631779.44968009,2,0.00000000,0.00000000
1624631779.44980764,2,0.00000000,0.00000000
1624631779.54971719,2,0.00000000,0.00000000
1624631779.54995084,2,0.00000000,0.00000000
1624631779.64972138,2,0.00000000,0.00000000
1624631779.65008402,2,0.00000000,0.00000000
1624631779.74972582,2,0.00000000,0.00000000
1624631779.74996328,2,0.00000000,0.00000000
1624631779.84971929,2,0.00000000,0.00000000
1624631779.84995079,2,0.00000000,0.00000000
1624631779.94971967,2,0.00000000,0.00000000
1624631779.94995499,2,0.00000000,0.00000000
1624631780.04969740,2,0.00000000,0.00000000
1624631780.04992938,2,0.00000000,0.00000000
1624631780.14972162,2,0.00000000,0.00000000
1624631780.14995193,2,0.00000000,0.00000000
1624631780.24971700,2,0.00000000,0.00000000
1624631780.24995255,2,0.00000000,0.00000000
1624631780.34969735,2,0.00000000,0.00000000
1624631780.34997106,2,0.00000000,0.00000000
1624631780.44971728,2,0.00000000,0.00000000
1624631780.44997764,2,0.00000000,0.00000000
1624631780.54969859,2,0.00000000,0.00000000
1624631780.54996443,2,0.00000000,0.00000000
1624631780.64972210,2,0.00000000,0.00000000
1624631780.64999056,2,0.00000000,0.00000000
1624631780.74969959,2,0.00000000,0.00000000
1624631780.75000310,2,0.00000000,0.00000000
1624631780.84972143,2,0.00000000,0.00000000
1624631780.84998059,2,0.00000000,0.00000000
1624631780.94971991,2,0.00000000,0.00000000
1624631780.95008421,2,0.00000000,0.00000000
1624631781.04971933,2,0.00000000,0.00000000
1624631781.05003333,2,0.00000000,0.00000000
1624631781.14970994,2,0.00000000,0.00000000
1624631781.14994860,2,0.00000000,0.00000000
1624631781.24970412,2,0.00000000,0.00000000
1624631781.24997449,2,0.00000000,0.00000000
1624631781.34968281,2,0.00000000,0.00000000
1624631781.34991956,2,0.00000000,0.00000000
1624631781.44971681,2,0.00000000,0.00000000
1624631781.44995308,2,0.00000000,0.00000000
1624631781.54972172,2,0.00000000,0.00000000
1624631781.54995537,2,0.00000000,0.00000000
1624631781.64971900,2,0.00000000,0.00000000
1624631781.64995503,2,0.00000000,0.00000000
1624631781.74971986,2,0.00000000,0.00000000
1624631781.74999714,2,0.00000000,0.00000000
1624631781.84969640,2,0.00000000,0.00000000
1624631781.84993100,2,0.00000000,0.00000000
1624631781.94969821,2,0.00000000,0.00000000
1624631781.94992900,2,0.00000000,0.00000000
1624631782.04972315,2,0.00000000,0.00000000
1624631782.04996037,2,0.00000000,0.00000000
1624631782.14972305,2,0.00000000,0.00000000
1624631782.14995694,2,0.00000000,0.00000000
1624631782.24972248,2,0.00000000,0.00000000
1624631782.24996233,2,0.00000000,0.00000000
1624631782.34972620,2,0.00000000,0.00000000
1624631782.34996724,2,0.00000000,0.00000000
1624631782.44972205,2,0.00000000,0.00000000
1624631782.44995952,2,0.00000000,0.00000000
1624631782.54972434,2,0.00000000,0.00000000
1624631782.54995275,2,0.00000000,0.00000000
1624631782.64972663,2,0.00000000,0.00000000
1624631782.64996433,2,0.00000000,0.00000000
1624631782.74972153,2,0.00000000,0.00000000
1624631782.75008178,2,0.00000000,0.00000000
1624631782.84972143,2,0.00000000,0.00000000
1624631782.84995365,2,0.00000000,0.00000000
1624631782.94972181,2,0.00000000,0.00000000
1624631782.94995642,2,0.00000000,0.00000000
1624631783.04969549,2,0.00000000,0.00000000
1624631783.04992700,2,0.00000000,0.00000000
1624631783.14971781,2,0.00000000,0.00000000
1624631783.14995122,2,0.00000000,0.00000000
1624631783.24970484,2,0.00000000,0.00000000
1624631783.25000501,2,0.00000000,0.00000000
1624631783.34971857,2,0.00000000,0.00000000
1624631783.34995222,2,0.00000000,0.00000000
1624631783.44969821,2,0.00000000,0.00000000
1624631783.44993305,2,0.00000000,0.00000000
1624631783.54969811,2,0.00000000,0.00000000
1624631783.54993010,2,0.00000000,0.00000000
1624631783.64971757,2,0.00000000,0.00000000
1624631783.65001607,2,0.00000000,0.00000000
1624631783.74971700,2,0.00000000,0.00000000
1624631783.75008368,2,0.00000000,0.00000000
1624631783.84972453,2,0.00000000,0.00000000
1624631783.84999800,2,0.00000000,0.00000000
1624631783.94969416,2,0.00000000,0.00000000
1624631783.94996619,2,0.00000000,0.00000000
1624631784.04971933,2,0.00000000,0.00000000
1624631784.04995894,2,0.00000000,0.00000000
1624631784.14971709,2,0.00000000,0.00000000
1624631784.14995337,2,0.00000000,0.00000000
1624631784.24969816,2,0.00000000,0.00000000
1624631784.24992585,2,0.00000000,0.00000000
1624631784.34969831,2,0.00000000,0.00000000
1624631784.34993243,2,0.00000000,0.00000000
1624631784.44971704,2,0.00000000,0.00000000
1624631784.44994950,2,0.00000000,0.00000000
1624631784.54969764,2,0.00000000,0.00000000
1624631784.54992461,2,0.00000000,0.00000000
1624631784.64971876,2,0.00000000,0.00000000
1624631784.64997435,2,0.00000000,0.00000000
1624631784.74971700,2,0.00000000,0.00000000
1624631784.75000477,2,0.00000000,0.00000000
1624631784.84971714,2,0.00000000,0.00000000
1624631784.84999204,2,0.00000000,0.00000000
1624631784.94969773,2,0.00000000,0.00000000
1624631784.94992971,2,0.00000000,0.00000000
1624631785.04971623,2,0.00000000,0.00000000
1624631785.04994845,2,0.00000000,0.00000000
1624631785.14969659,2,0.00000000,0.00000000
1624631785.14993358,2,0.00000000,0.00000000
1624631785.24971986,2,0.00000000,0.00000000
1624631785.24995685,2,0.00000000,0.00000000
1624631785.34971952,2,0.00000000,0.00000000
1624631785.34995341,2,0.00000000,0.00000000
1624631785.44969893,2,0.00000000,0.00000000
1624631785.44993544,2,0.00000000,0.00000000
1624631785.54969358,2,0.00000000,0.00000000
1624631785.54992414,2,0.00000000,0.00000000
1624631785.64971709,2,0.00000000,0.00000000
1624631785.64994597,2,0.00000000,0.00000000
1624631785.74972010,2,0.00000000,0.00000000
1624631785.74995613,2,0.00000000,0.00000000
1624631785.84971929,2,0.00000000,0.00000000
1624631785.84994960,2,0.00000000,0.00000000
1624631785.94972038,2,0.00000000,0.00000000
1624631785.95007491,2,0.00000000,0.00000000
1624631786.04971576,2,0.00000000,0.00000000
1624631786.04995060,2,0.00000000,0.00000000
1624631786.14971638,2,0.00000000,0.00000000
1624631786.14994955,2,0.00000000,0.00000000
1624631786.24971652,2,0.00000000,0.00000000
1624631786.25001717,2,0.00000000,0.00000000
1624631786.34971929,2,0.00000000,0.00000000
1624631786.34994745,2,0.00000000,0.00000000
1624631786.44971776,2,0.00000000,0.00000000
1624631786.44994545,2,0.00000000,0.00000000
1624631786.54971981,2,0.00000000,0.00000000
1624631786.54995060,2,0.00000000,0.00000000
1624631786.64971304,2,0.00000000,0.00000000
1624631786.64994788,2,0.00000000,0.00000000
1624631786.74972534,2,0.00000000,0.00000000
1624631786.74979591,2,0.00000000,0.00000000
1624631786.84968948,2,0.00000000,0.00000000
1624631786.84992099,2,0.00000000,0.00000000
1624631786.94969559,2,0.00000000,0.00000000
1624631786.94992852,2,0.00000000,0.00000000
1624631787.04971910,2,0.00000000,0.00000000
1624631787.04995155,2,0.00000000,0.00000000
1624631787.14970469,2,0.00000000,0.00000000
1624631787.14995837,2,0.00000000,0.00000000
1624631787.24971938,2,0.00000000,0.00000000
1624631787.24995065,2,0.00000000,0.00000000
1624631787.34970284,2,0.00000000,0.00000000
1624631787.34995985,2,0.00000000,0.00000000
1624631787.44971848,2,0.00000000,0.00000000
1624631787.44995475,2,0.00000000,0.00000000
1624631787.54971886,2,0.00000000,0.00000000
1624631787.54995203,2,0.00000000,0.00000000
1624631787.64971781,2,0.00000000,0.00000000
1624631787.64995790,2,0.00000000,0.00000000
1624631787.74972057,2,0.00000000,0.00000000
1624631787.74996543,2,0.00000000,0.00000000
1624631787.84971571,2,0.00000000,0.00000000
1624631787.84994531,2,0.00000000,0.00000000
1624631787.94973588,2,0.00000000,0.00000000
1624631787.95003796,2,0.00000000,0.00000000
1624631788.04971981,2,0.00000000,0.00000000
1624631788.04995298,2,0.00000000,0.00000000
1624631788.14969850,2,0.00000000,0.00000000
1624631788.15000796,2,0.00000000,0.00000000
1624631788.24966335,2,0.00000000,0.00000000
1624631788.24972749,2,0.00000000,0.00000000
1624631788.34968925,2,0.00000000,0.00000000
1624631788.34994435,2,0.00000000,0.00000000
1624631788.44973421,2,0.00000000,0.00000000
1624631788.44992161,2,0.00000000,0.00000000
1624631788.54972053,2,0.00000000,0.00000000
1624631788.54995966,2,0.00000000,0.00000000
1624631788.64971614,2,0.00000000,0.00000000
1624631788.65003967,2,0.00000000,0.00000000
1624631788.74971747,2,0.00000000,0.00000000
1624631788.74995160,2,0.00000000,0.00000000
1624631788.84969592,2,0.00000000,0.00000000
1624631788.84993339,2,0.00000000,0.00000000
1624631788.94971967,2,0.00000000,0.00000000
1624631788.94995546,2,0.00000000,0.00000000
1624631789.04971480,2,0.00000000,0.00000000
1624631789.04995203,2,0.00000000,0.00000000
1624631789.14971399,2,0.00000000,0.00000000
1624631789.14994812,2,0.00000000,0.00000000
1624631789.24972916,2,0.00000000,0.00000000
1624631789.25004125,2,0.00000000,0.00000000
1624631789.34971547,2,0.00000000,0.00000000
1624631789.34994602,2,0.00000000,0.00000000
1624631789.44968581,2,0.00000000,0.00000000
1624631789.44985247,2,0.00000000,0.00000000
1624631789.54969668,2,0.00000000,0.00000000
1624631789.54993153,2,0.00000000,0.00000000
1624631789.64969707,2,0.00000000,0.00000000
1624631789.64996195,2,0.00000000,0.00000000
1624631789.74969935,2,0.00000000,0.00000000
1624631789.74993348,2,0.00000000,0.00000000
1624631789.84970093,2,0.00000000,0.00000000
1624631789.84994888,2,0.00000000,0.00000000
1624631789.94970250,2,0.00000000,0.00000000
1624631789.94994020,2,0.00000000,0.00000000
1624631790.04971623,2,0.00000000,0.00000000
1624631790.04995537,2,0.00000000,0.00000000
1624631790.14971232,2,0.00000000,0.00000000
1624631790.14995861,2,0.00000000,0.00000000
1624631790.24971414,2,0.00000000,0.00000000
1624631790.24997115,2,0.00000000,0.00000000
1624631790.34971714,2,0.00000000,0.00000000
1624631790.34997272,2,0.00000000,0.00000000
1624631790.44970369,2,0.00000000,0.00000000
1624631790.54970217,2,0.00000000,0.00000000
1624631790.64969659,2,0.00000000,0.00000000
1624631790.74971914,2,0.00000000,0.00000000
1624631790.84972262,2,0.00000000,0.00000000
1624631790.94971967,2,0.00000000,0.00000000
1624631791.04972100,2,0.00000000,0.00000000
1624631791.14970326,2,0.00000000,0.00000000
1624631791.24972534,2,0.00000000,0.00000000
1624631791.34969759,2,0.00000000,0.00000000
1624631791.44969988,2,0.00000000,0.00000000
1624631791.54972076,2,0.00000000,0.00000000
1624631791.64972258,2,0.00000000,0.00000000
1624631791.74972701,2,0.00000000,0.00000000
1624631791.84972048,2,0.00000000,0.00000000
1624631791.94972253,2,0.00000000,0.00000000
1624631792.04971814,2,0.00000000,0.00000000
1624631792.14971924,2,0.00000000,0.00000000
1624631792.24970388,2,0.00000000,0.00000000
1624631792.34968066,2,0.00000000,0.00000000
1624631792.44969535,2,0.00000000,0.00000000
1624631792.54967499,2,0.00000000,0.00000000
1624631792.64968109,2,0.00000000,0.00000000
1624631792.74972391,2,0.00000000,0.00000000
