Seconds,Detected,Distance,Angle,Child.X,Child.Y,Child.Angle
1624632806.62998271,1,4.24264050,-135.00000000,-2.99999986,-2.99999986,-135.00000000
1624632806.72997880,1,4.24264050,-135.00000000,-2.99999986,-2.99999986,-135.00000000
1624632806.82995772,1,4.24264050,-135.00000000,-2.99999986,-2.99999986,-135.00000000
1624632806.92997622,1,4.24264050,-135.00000000,-2.99999986,-2.99999986,-135.00000000
1624632807.02998710,1,4.24264050,-135.00000000,-2.99999986,-2.99999986,-135.00000000
1624632807.12998533,1,4.24264050,-135.00000000,-2.99999986,-2.99999986,-135.00000000
1624632807.22998023,1,4.24264050,-135.00000000,-2.99999986,-2.99999986,-135.00000000
1624632807.32998204,1,4.24264050,-135.00000000,-2.99999986,-2.99999986,-135.00000000
1624632807.42998457,1,4.24264050,-135.00000000,-2.99999986,-2.99999986,-135.00000000
1624632807.52999115,1,4.24264050,-135.00000000,-2.99999986,-2.99999986,-135.00000000
1624632807.62999249,1,4.24264050,-135.00000000,-2.99999986,-2.99999986,-135.00000000
1624632807.72999287,1,4.24264050,-135.00000000,-2.99999986,-2.99999986,-135.00000000
1624632807.82998180,1,4.24264050,-135.00000000,-2.99999986,-2.99999986,-135.00000000
1624632807.92998385,1,4.24264050,-135.00000000,-2.99999986,-2.99999986,-135.00000000
1624632808.02997804,1,4.24264050,-135.00000000,-2.99999986,-2.99999986,-135.00000000
1624632808.12992334,1,4.24264050,-135.00000000,-2.99999986,-2.99999986,-135.00000000
1624632808.22991252,1,4.24264050,-135.00000000,-2.99999986,-2.99999986,-135.00000000
1624632808.32989526,1,4.24264050,-135.00000000,-2.99999986,-2.99999986,-135.00000000
1624632808.42991209,1,4.24264050,-135.00000000,-2.99999986,-2.99999986,-135.00000000
1624632808.52988410,1,4.24264050,-135.00000000,-2.99999986,-2.99999986,-135.00000000
1624632808.62995887,1,4.24264050,-135.00000000,-2.99999986,-2.99999986,-135.00000000
1624632808.72997189,1,4.24264050,-135.00000000,-2.99999986,-2.99999986,-135.00000000
1624632808.82998133,1,4.24264050,-135.00000000,-2.99999986,-2.99999986,-135.00000000
1624632808.92999220,1,4.24264050,-135.00000000,-2.99999986,-2.99999986,-135.00000000
1624632809.02998924,1,4.24264050,-135.00000000,-2.99999986,-2.99999986,-135.00000000
1624632809.12999082,1,4.24264050,-135.00000000,-2.99999986,-2.99999986,-135.00000000
1624632809.22999454,1,4.24264050,-135.00000000,-2.99999986,-2.99999986,-135.00000000
1624632809.33001137,1,4.24264050,-135.00000000,-3.05006262,-2.94908739,-135.96428797
1624632809.42999458,1,4.24264050,-134.00000000,-3.10479722,-2.89452829,-136.98052645
1624632809.52999234,1,4.24058342,-132.00000000,-3.15816809,-2.83964566,-137.96105290
1624632809.62999535,1,4.23647213,-129.00000000,-3.11515920,-2.88952482,-136.97729138
1624632809.72999573,1,4.23065853,-127.00000000,-3.17149201,-2.83026700,-137.95781783
1624632809.82999110,1,4.22384119,-124.00000000,-3.12802405,-2.88095222,-136.88639377
1624632809.92999148,1,4.21535587,-122.00000000,-3.19197807,-2.81340591,-137.95458276
1624632810.02999163,1,4.20624733,-118.00000000,-3.10172129,-2.91351908,-135.88315870
1624632810.13004160,1,4.19552612,-116.00000000,-3.16635734,-2.84583902,-136.86368515
1624632810.22999907,1,4.18565464,-113.00000000,-3.13333283,-2.88237869,-135.87992363
1624632810.32993650,1,4.17558527,-111.00000000,-3.19771972,-2.81443178,-136.86045008
1624632810.42991567,1,4.16699409,-107.00000000,-3.11088151,-2.90288940,-134.87668856
1624632810.52989650,1,4.16017437,-105.00000000,-3.17306289,-2.83769368,-135.85721501
1624632810.62989879,1,4.15578508,-102.00000000,-3.13578634,-2.87619695,-134.87345350
1624632810.72991228,1,4.15177774,-99.00000000,-3.14602382,-2.86562250,-134.85397995
1624632810.82996774,1,4.14878941,-96.00000000,-3.10511391,-2.90409473,-133.87021843
1624632810.92995977,1,4.14752150,-94.00000000,-3.16468086,-2.84676539,-134.85074488
1624632811.02999520,1,4.14611340,-91.00000000,-3.12103560,-2.88826279,-133.86698336
1624632811.12996078,1,4.14606667,-89.00000000,-3.17755386,-2.83280408,-134.84750981
1624632811.22997713,1,4.14656448,-86.00000000,-3.18224057,-2.82930075,-134.82803626
1624632811.32999611,1,4.14667082,-83.00000000,-3.13430178,-2.87573835,-133.84427474
1624632811.42998910,1,4.14729738,-80.00000000,-3.13565901,-2.87522648,-133.82480119
1624632811.52997327,1,4.14747429,-77.00000000,-3.08398434,-2.92325152,-132.84103967
1624632811.62997913,1,4.14820337,-75.00000000,-3.13611739,-2.87555730,-133.82156612
1624632811.72997403,1,4.14783907,-72.00000000,-3.13436283,-2.87724042,-133.80209257
1624632811.82998490,1,4.14742994,-69.00000000,-3.08129366,-2.92773149,-132.81833105
1624632811.92998528,1,4.14661264,-67.00000000,-3.13043496,-2.88185232,-133.79885750
1624632812.02998471,1,4.14534521,-65.00000000,-3.12798059,-2.88400425,-133.81509598
1624632812.12995315,1,4.14403820,-63.00000000,-3.17588641,-2.83837633,-134.79562243
1624632812.22999191,1,4.14168787,-60.00000000,-3.17129133,-2.84594512,-134.77614888
1624632812.32998395,1,4.13680315,-57.00000000,-3.11409333,-2.90274039,-133.79238737
1624632812.42998362,1,4.13076448,-55.00000000,-3.15761200,-2.86212027,-134.77291382
1624632812.52996778,1,4.12294054,-52.00000000,-3.09395460,-2.92732649,-133.70148975
1624632812.62998652,1,4.11226368,-50.00000000,-3.13811207,-2.88504001,-134.76967875
1624632812.72998977,1,4.10052156,-47.00000000,-3.07296292,-2.95153367,-133.69825469
1624632812.82998443,1,4.08606482,-46.00000000,-3.16241483,-2.86358294,-135.67878114
1624632812.92998505,1,4.07065582,-43.00000000,-3.10213122,-2.92664889,-134.69501962
1624632813.02998376,1,4.05286932,-41.00000000,-3.09092280,-2.93793217,-134.71125810
1624632813.12998605,1,4.03446436,-39.00000000,-3.12856277,-2.90302057,-135.69178455
1624632813.22999263,1,4.01336670,-37.00000000,-3.11765485,-2.91414441,-135.70802303
1624632813.32998466,1,3.99168897,-35.00000000,-3.10680803,-2.92632664,-135.72426151
1624632813.42998743,1,3.96869063,-33.00000000,-3.09270551,-2.94388128,-135.65283745
1624632813.52996039,1,3.94301891,-31.00000000,-3.08240324,-2.95423738,-135.66907593
1624632813.62999582,1,3.91709495,-30.00000000,-3.11972634,-2.91703620,-136.68531441
1624632813.72999120,1,3.88950706,-28.00000000,-3.11059457,-2.92834860,-136.70155289
1624632813.82996416,1,3.86027813,-26.00000000,-3.09571965,-2.94284364,-136.63012883
1624632813.92998362,1,3.83144784,-24.00000000,-3.08763246,-2.95281125,-136.64636731
1624632814.02996349,1,3.80129671,-23.00000000,-3.08116865,-2.96064527,-136.69831782
1624632814.13001275,1,3.77015972,-22.00000000,-3.11411756,-2.92552561,-137.62689376
1624632814.22996640,1,3.73837399,-20.00000000,-3.06360490,-2.98049490,-136.67884427
1624632814.32998443,1,3.70593357,-19.00000000,-3.09686004,-2.94525042,-137.60742021
1624632814.42998767,1,3.67283320,-17.00000000,-3.04804609,-2.99851624,-136.65937072
1624632814.52999234,1,3.63906765,-16.00000000,-3.03987661,-3.00706093,-136.62365869
1624632814.62998891,1,3.60530233,-16.00000000,-3.11877176,-2.92021048,-138.63989717
1624632814.73000717,1,3.57156110,-14.00000000,-3.06926427,-2.97508452,-137.60418514
1624632814.82998276,1,3.53780746,-13.00000000,-3.06541381,-2.97857126,-137.65613566
1624632814.92999291,1,3.50440502,-12.00000000,-3.05962376,-2.98678606,-137.62042362
1624632815.02998447,1,3.46962738,-11.00000000,-3.05333050,-2.99307161,-137.58471159
1624632815.12998652,1,3.43517375,-10.00000000,-3.04987905,-2.99566220,-137.63666211
1624632815.22996068,1,3.40144086,-9.00000000,-3.00542571,-3.04312067,-136.63666211
1624632815.32994771,1,3.36800194,-9.00000000,-3.04199668,-3.00578551,-137.60095007
1624632815.42998695,1,3.33317447,-9.00000000,-3.07798018,-2.96389343,-138.65290059
1624632815.52997684,1,3.29942274,-8.00000000,-3.07310799,-2.96884484,-138.61718856
1624632815.62997556,1,3.26595259,-7.00000000,-3.03225069,-3.01534601,-137.61718856
1624632815.72995806,1,3.23180270,-7.00000000,-3.06517490,-2.97657810,-138.58147653
1624632815.82998466,1,3.19899869,-6.00000000,-3.02558517,-3.02164107,-137.58147653
1624632815.92999768,1,3.16551328,-6.00000000,-3.06246746,-2.97955583,-138.63342704
1624632816.02998304,1,3.13265443,-5.00000000,-3.02314237,-3.02280638,-137.63342704
1624632816.12998557,1,3.10018730,-5.00000000,-3.05629805,-2.98584839,-138.59771501
1624632816.22997141,1,3.06769133,-4.00000000,-3.01799055,-3.02748693,-137.59771501
1624632816.32997704,1,3.03588223,-4.00000000,-3.01632681,-3.02883204,-137.59771501
1624632816.42998075,1,3.00440121,-4.00000000,-3.04917148,-2.99229028,-138.56200298
1624632816.52997398,1,2.97288799,-3.00000000,-3.01269512,-3.03185592,-137.56200298
1624632816.62997556,1,2.94206071,-3.00000000,-3.01225434,-3.03287892,-137.56200298
1624632816.72998857,1,2.91087437,-3.00000000,-3.04676282,-2.99437395,-138.61395349
1624632816.82995868,1,2.87972355,-2.00000000,-3.01069007,-3.03205152,-137.61395349
1624632816.92998290,1,2.85026860,-2.00000000,-3.01124407,-3.03305028,-137.61395349
1624632817.02998233,1,2.81973386,-2.00000000,-3.00954551,-3.03283612,-137.61395349
1624632817.12996960,1,2.79060459,-2.00000000,-3.00888506,-3.03405442,-137.61395349
1624632817.22994876,1,2.76115155,-2.00000000,-3.03902176,-2.99949870,-138.57824146
1624632817.32998919,1,2.73234797,-1.00000000,-3.00690212,-3.03580987,-137.57824146
1624632817.42998600,1,2.70318389,-1.00000000,-3.00622823,-3.03505129,-137.57824146
1624632817.52999187,1,2.67502904,-1.00000000,-3.00629934,-3.03642851,-137.57824146
1624632817.62995148,1,2.64590168,-1.00000000,-3.00516754,-3.03569469,-137.57824146
1624632817.72997236,1,2.61810780,-2.00000000,-3.03506399,-3.00186142,-138.57824146
1624632817.82996798,1,2.59067488,-2.00000000,-3.03437814,-3.00165689,-138.57824146
1624632817.92998385,1,2.56388998,-2.00000000,-3.03417823,-3.00285109,-138.57824146
1624632818.02998304,1,2.53645754,-2.00000000,-3.03397774,-3.00264688,-138.57824146
1624632818.12996769,1,2.50931144,-2.00000000,-3.06269852,-2.96829249,-139.63019197
1624632818.22998047,1,2.48292518,-1.00000000,-3.03412465,-3.00191623,-138.63019197
1624632818.32997942,1,2.45614028,-1.00000000,-3.03293867,-3.00118864,-138.63019197
1624632818.42999363,1,2.43072510,-1.00000000,-3.03278060,-3.00136633,-138.63019197
1624632818.52998233,1,2.40531015,-1.00000000,-3.03262272,-3.00154418,-138.63019197
1624632818.62997317,1,2.37989497,-1.00000000,-3.03197966,-3.00172186,-138.63019197
1624632818.72998571,1,2.35484123,-1.00000000,-3.03209284,-3.00116843,-138.63019197
1624632818.82991266,1,2.33007336,0.00000000,-3.00430780,-3.03205711,-137.63019197
1624632818.92997909,1,2.30538058,-1.00000000,-3.03086463,-3.00145907,-138.63019197
1624632819.02999640,1,2.28133535,-1.00000000,-3.03076466,-3.00157218,-138.63019197
1624632819.12998891,1,2.25728989,-1.00000000,-3.05553176,-2.97296511,-139.59447994
1624632819.22998500,1,2.23324442,0.00000000,-3.02867407,-3.00187242,-138.59447994
1624632819.32998252,1,2.21056890,0.00000000,-3.02961136,-3.00288019,-138.59447994
1624632819.42999625,1,2.18652344,0.00000000,-3.02855112,-3.00201190,-138.59447994
1624632819.52998495,1,2.16384792,0.00000000,-3.02851841,-3.00204968,-138.59447994
1624632819.62998271,1,2.14117217,0.00000000,-3.02897052,-3.00208729,-138.59447994
1624632819.72997069,1,2.11813545,0.00000000,-3.02866689,-3.00043117,-138.59447994
1624632819.82998800,1,2.09643149,1.00000000,-3.00492483,-3.02834291,-137.59447994
1624632819.92999530,1,2.07375598,1.00000000,-3.00418645,-3.02711614,-137.59447994
1624632820.02997804,1,2.05245042,1.00000000,-3.00445963,-3.02778323,-137.59447994
1624632820.12997365,1,2.03049660,1.00000000,-3.00522414,-3.02704316,-137.59447994
1624632820.22997069,1,2.00846934,1.00000000,-3.00399443,-3.02625356,-137.59447994
1624632820.32997751,1,1.98788524,1.00000000,-3.00480032,-3.02546718,-137.59447994
1624632820.42998600,1,1.96722794,1.00000000,-3.00555217,-3.02560145,-137.59447994
1624632820.52998567,1,1.94592237,1.00000000,-3.00437035,-3.02384354,-137.59447994
1624632820.62997150,1,1.92667162,1.00000000,-3.00519078,-3.02492634,-137.59447994
1624632820.72997355,1,1.90608740,1.00000000,-2.98319475,-3.04764388,-136.63019197
1624632820.82997370,1,1.88615179,0.00000000,-3.00613386,-3.02292252,-137.63019197
1624632820.92998362,1,1.86621618,0.00000000,-3.00644023,-3.02258266,-137.63019197
1624632821.02999091,1,1.84628057,0.00000000,-3.00577659,-3.02175779,-137.63019197
1624632821.12999249,1,1.82739055,0.00000000,-3.00685544,-3.02212255,-137.63019197
1624632821.22998285,1,1.80745506,0.00000000,-3.00619189,-3.02178276,-137.63019197
1624632821.32996297,1,1.78824043,0.00000000,-3.00606092,-3.02192877,-137.63019197
1624632821.42999244,1,1.76902592,0.00000000,-3.00593003,-3.02207486,-137.63019197
1624632821.52998543,1,1.74981153,0.00000000,-3.00531424,-3.02076603,-137.63019197
1624632821.62999249,1,1.73193073,0.00000000,-3.00519872,-3.02084092,-137.63019197
1624632821.72999644,1,1.71408617,0.00000000,-3.00607997,-3.02094024,-137.63019197
1624632821.82998729,1,1.69552052,0.00000000,-3.00545847,-3.02055360,-137.63019197
1624632821.92998767,1,1.67767584,0.00000000,-3.00536963,-3.02016784,-137.63019197
1624632822.02998304,1,1.66015565,0.00000000,-3.00552053,-3.02048575,-137.63019197
1624632822.12999034,1,1.64231110,0.00000000,-3.00494678,-3.02058507,-137.63019197
1624632822.22998357,1,1.62482715,0.00000000,-3.00512446,-3.01995741,-137.63019197
1624632822.32997394,1,1.60763121,0.00000000,-3.00454491,-3.01903884,-137.63019197
1624632822.42998314,1,1.59148085,0.00000000,-3.00570786,-3.02027990,-137.63019197
1624632822.52998424,1,1.57363629,0.00000000,-3.00416411,-3.01940922,-137.63019197
1624632822.62999701,1,1.55752242,0.00000000,-3.00535401,-3.01921986,-137.63019197
1624632822.72999072,1,1.54065073,0.00000000,-3.00501403,-3.01900481,-137.63019197
1624632822.82998753,1,1.52417600,0.00000000,-3.00399733,-3.01905727,-137.63019197
1624632822.92997956,1,1.50842273,0.00000000,-3.00399865,-3.01814094,-137.63019197
1624632823.02998948,1,1.49328148,0.00000000,-3.00493713,-3.01909205,-137.63019197
1624632823.12998652,1,1.47680688,0.00000000,-3.00392052,-3.01817460,-137.63019197
1624632823.22996783,1,1.46170211,0.00000000,-3.00488596,-3.01866529,-137.63019197
1624632823.32996941,1,1.44555163,0.00000000,-3.00362381,-3.01796628,-137.63019197
1624632823.42998171,1,1.43080759,0.00000000,-3.00388576,-3.01821507,-137.63019197
1624632823.52998066,1,1.41570282,0.00000000,-3.00388119,-3.01773577,-137.63019197
1624632823.62998438,1,1.40092230,0.00000000,-3.00460119,-3.01795998,-137.63019197
1624632823.72998190,1,1.38545668,0.00000000,-3.00336003,-3.01723750,-137.63019197
1624632823.82998538,1,1.37139761,0.00000000,-3.00412804,-3.01697791,-137.63019197
1624632823.92998052,1,1.35694122,0.00000000,-3.00411751,-3.01742056,-137.63019197
1624632824.02998185,1,1.34219718,0.00000000,-3.00340945,-3.01718435,-137.63019197
1624632824.12998486,1,1.32813823,0.00000000,-3.00417755,-3.01692484,-137.63019197
1624632824.22998261,1,1.31368172,0.00000000,-3.00319693,-3.01591241,-137.63019197
1624632824.32998133,1,1.30063164,0.00000000,-3.00374039,-3.01633279,-137.63019197
1624632824.42999268,1,1.28689671,0.00000000,-3.00329288,-3.01580663,-137.63019197
1624632824.52997589,1,1.27384675,0.00000000,-3.00383643,-3.01622709,-137.63019197
1624632824.62996984,1,1.26011181,0.00000000,-3.00387391,-3.01618594,-137.63019197
1624632824.72997546,1,1.24637687,0.00000000,-3.00342640,-3.01565978,-137.63019197
1624632824.82997203,1,1.23332679,0.00000000,-3.00299986,-3.01608016,-137.63019197
1624632824.92996836,1,1.22031367,0.00000000,-3.00357063,-3.01604045,-137.63019197
1624632825.02998495,1,1.20690274,0.00000000,-3.00336249,-3.01524765,-137.63019197
1624632825.12999249,1,1.19417679,0.00000000,-3.00317543,-3.01540146,-137.63019197
1624632825.22998309,1,1.18148768,0.00000000,-3.00253058,-3.01509510,-137.63019197
1624632825.32998824,1,1.16948342,0.00000000,-3.00287670,-3.01476528,-137.63019197
1624632825.42996931,1,1.15744233,0.00000000,-3.00271062,-3.01489563,-137.63019197
1624632825.53000307,1,1.14543808,0.00000000,-3.00305675,-3.01456580,-137.63019197
1624632825.62999415,1,1.13339698,0.00000000,-3.00289066,-3.01469615,-137.63019197
1624632825.72998261,1,1.12139285,0.00000000,-3.00323688,-3.01436640,-137.63019197
1624632825.82996273,1,1.10935175,0.00000000,-3.00355579,-3.01449675,-137.63019197
1624632825.92998290,1,1.09698665,0.00000000,-3.00218032,-3.01392375,-137.63019197
1624632826.02996302,1,1.08602822,0.00000000,-3.00329912,-3.01478371,-137.63019197
1624632826.12998796,1,1.07366312,0.00000000,-3.00192365,-3.01324071,-137.63019197
1624632826.22998381,1,1.06335270,0.00000000,-3.00255121,-3.01453739,-137.63019197
1624632826.32998896,1,1.05170965,0.00000000,-3.00267920,-3.01348098,-137.63019197
1624632826.42998147,1,1.04067719,0.00000000,-3.00277330,-3.01429106,-137.63019197
1624632826.52997780,1,1.02903402,0.00000000,-3.00193120,-3.01323457,-137.63019197
1624632826.62999654,1,1.01872349,0.00000000,-3.00255867,-3.01307617,-137.63019197
1624632826.72998595,1,1.00805211,0.00000000,-3.00243455,-3.01315959,-137.63019197
1624632826.82998252,1,0.99741775,0.00000000,-3.00282277,-3.01278295,-137.63019197
1624632826.92998099,1,0.98674649,0.00000000,-3.00172873,-3.01286645,-137.63019197
1624632827.02998734,1,0.97683400,0.00000000,-3.00265028,-3.01297629,-137.63019197
1624632827.12994623,1,0.96616256,0.00000000,-3.00155610,-3.01305967,-137.63019197
1624632827.23001194,1,0.95625049,-1.00000000,-3.01361721,-3.00074173,-138.63019197
1624632827.32999396,1,0.94557881,0.00000000,-3.00138361,-3.01179801,-137.63019197
1624632827.42999077,1,0.93663812,0.00000000,-3.00253813,-3.01304776,-137.63019197
1624632827.52999091,1,0.92600381,0.00000000,-3.00195640,-3.01267116,-137.63019197
1624632827.62991595,1,0.91605443,-1.00000000,-3.01206670,-3.00036549,-138.63019197
1624632827.72991657,1,0.90679002,-1.00000000,-3.01238913,-3.00103249,-138.63019197
1624632827.82997918,1,0.89684075,-1.00000000,-3.01171261,-3.00027685,-138.63019197
1624632827.92992640,1,0.88789988,-1.00000000,-3.00500285,-2.99436768,-138.63019197
1624632828.03000116,1,0.88789988,-1.00000000,-3.01906785,-3.00746268,-138.63019197
1624632828.12996864,1,0.86868626,-1.00000000,-3.00464881,-2.99476408,-138.63019197
1624632828.22999620,1,0.86868626,-1.00000000,-3.01871381,-3.00688908,-138.63019197
1624632828.32998443,1,0.85942191,-1.00000000,-3.01855129,-3.00658612,-138.63019197
1624632828.43000293,1,0.85011965,-1.00000000,-3.01157032,-3.00043811,-138.63019197
1624632828.52992558,1,0.84117889,-1.00000000,-3.01116564,-3.00083401,-138.63019197
1624632828.62993383,1,0.83227575,-1.00000000,-3.02044289,-2.99018054,-139.59447994
1624632828.72997069,1,0.82333487,0.00000000,-3.01053014,-3.00009562,-138.59447994
1624632828.82996893,1,0.81540269,0.00000000,-3.01137063,-3.00115440,-138.59447994
1624632828.92996311,1,0.80613816,0.00000000,-3.01024179,-3.00084698,-138.59447994
1624632829.02996063,1,0.79791975,0.00000000,-3.01135260,-3.00026146,-138.59447994
1624632829.12993383,1,0.78926569,1.00000000,-3.00148119,-3.01109489,-137.59447994
1624632829.22995877,1,0.78072304,0.00000000,-3.01009425,-3.00004283,-138.59447994
1624632829.32998681,1,0.77315211,0.00000000,-3.01169070,-3.00134054,-138.59447994
1624632829.42996168,1,0.76352656,1.00000000,-3.00139066,-3.00974210,-137.59447994
1624632829.52993059,1,0.75595576,1.00000000,-3.00210545,-3.00948655,-137.59447994
1624632829.62996650,1,0.74802446,1.00000000,-3.00206906,-3.00898790,-137.59447994
1624632829.72998500,1,0.74045402,1.00000000,-3.00229912,-3.01018759,-137.59447994
1624632829.82991648,1,0.73191047,1.00000000,-3.00229564,-3.00927605,-137.59447994
1624632829.92997408,1,0.72397929,1.00000000,-3.00128934,-3.00877747,-137.59447994
1624632830.02996492,1,0.71712995,1.00000000,-3.00205185,-3.00949345,-137.59447994
1624632830.12994528,1,0.70923507,1.00000000,-3.00252735,-3.00901936,-137.59447994
1624632830.22996163,1,0.70130402,1.00000000,-3.00249114,-3.00852087,-137.59447994
1624632830.32996869,1,0.69373369,1.00000000,-3.00223628,-3.00875064,-137.59447994
1624632830.42996478,1,0.68619913,1.00000000,-3.00249283,-3.00754953,-137.59447994
1624632830.52996469,1,0.67927837,1.00000000,-2.99445233,-3.01610855,-136.63019197
1624632830.62997746,1,0.67242849,0.00000000,-3.00279227,-3.00813841,-137.63019197
1624632830.72991490,1,0.66489381,0.00000000,-3.00304557,-3.00791069,-137.63019197
1624632830.82993698,1,0.65732354,0.00000000,-3.00230257,-3.00668899,-137.63019197
1624632830.92992187,1,0.65112340,0.00000000,-3.00257185,-3.00736063,-137.63019197
1624632831.02996397,1,0.64427352,0.00000000,-3.00284608,-3.00807941,-137.63019197
1624632831.12996650,1,0.63673890,0.00000000,-3.00212942,-3.00688173,-137.63019197
1624632831.22997165,1,0.63053852,0.00000000,-3.00239852,-3.00755321,-137.63019197
1624632831.32996631,1,0.62368888,0.00000000,-3.00267293,-3.00730215,-137.63019197
1624632831.42997122,1,0.61680353,0.00000000,-3.00243596,-3.00654202,-137.63019197
1624632831.52994299,1,0.61060339,0.00000000,-3.00270523,-3.00721366,-137.63019197
1624632831.62996101,1,0.60375351,0.00000000,-3.00200947,-3.00647744,-137.63019197
1624632831.72996593,1,0.59791350,0.00000000,-3.00254481,-3.00690678,-137.63019197
1624632831.82996678,1,0.59138852,0.00000000,-3.00257409,-3.00735951,-137.63019197
1624632831.92997026,1,0.58453882,0.00000000,-3.00139345,-3.00662340,-137.63019197
1624632832.02996016,1,0.57905924,0.00000000,-3.00268008,-3.00681065,-137.63019197
1624632832.12996960,1,0.57249850,0.00000000,-3.00268294,-3.00675428,-137.63019197
1624632832.22996664,1,0.56597346,0.00000000,-3.00174217,-3.00623697,-137.63019197
1624632832.32996249,1,0.56049365,0.00000000,-3.00302863,-3.00642405,-137.63019197
1624632832.42996049,1,0.55393344,0.00000000,-3.00206188,-3.00588304,-137.63019197
1624632832.52994418,1,0.54845339,0.00000000,-3.00189316,-3.00655496,-137.63019197
1624632832.62996936,1,0.54264897,0.00000000,-3.00148479,-3.00652329,-137.63019197
1624632832.72996187,1,0.53716946,0.00000000,-3.00277147,-3.00671057,-137.63019197
1624632832.82996750,1,0.53060853,0.00000000,-3.00180419,-3.00519908,-137.63019197
1624632832.92997813,1,0.52577841,0.00000000,-3.00211564,-3.00630899,-137.63019197
1624632833.02996612,1,0.51997370,0.00000000,-3.00170706,-3.00627712,-137.63019197
1624632833.12996912,1,0.51449406,0.00000000,-3.00202365,-3.00646432,-137.63019197
1624632833.22996426,1,0.50865400,0.00000000,-3.00158895,-3.00543863,-137.63019197
1624632833.32992435,1,0.50382352,0.00000000,-3.00190014,-3.00606330,-137.63019197
1624632833.42996335,1,0.49834380,0.00000000,-3.00173166,-3.00576544,-137.63019197
1624632833.52996063,1,0.49318871,0.00000000,-3.00228803,-3.00617136,-137.63019197
1624632833.62996984,1,0.48734868,0.00000000,-3.00088335,-3.00514569,-137.63019197
1624632833.72993827,1,0.48323894,0.00000000,-3.00172703,-3.00625608,-137.63019197
1624632833.82994008,1,0.47775945,0.00000000,-3.00155873,-3.00595838,-137.63019197
1624632833.92993975,1,0.47260430,0.00000000,-3.00211505,-3.00539426,-137.63019197
1624632834.02994037,1,0.46741343,0.00000000,-3.00118998,-3.00577606,-137.63019197
1624632834.12997127,1,0.46265468,0.00000000,-3.00155416,-3.00547908,-137.63019197
1624632834.22997046,1,0.45782384,0.00000000,-3.00089509,-3.00513352,-137.63019197
1624632834.32990551,1,0.45371422,0.00000000,-3.00173886,-3.00575899,-137.63019197
1624632834.42996645,1,0.44855908,0.00000000,-3.00132518,-3.00519487,-137.63019197
1624632834.52996373,1,0.44408891,0.00000000,-3.00190257,-3.00606236,-137.63019197
1624632834.62997818,1,0.43860942,0.00000000,-3.00076427,-3.00527966,-137.63019197
1624632834.72997546,1,0.43449992,0.00000000,-3.00160813,-3.00542022,-137.63019197
1624632834.82994223,1,0.42966899,0.00000000,-3.00143399,-3.00507459,-137.63019197
1624632834.92996526,1,0.42519882,0.00000000,-3.00104138,-3.00545708,-137.63019197
1624632835.02996492,1,0.42076501,0.00000000,-3.00164564,-3.00537908,-137.63019197
1624632835.12996459,1,0.41593403,0.00000000,-3.00098645,-3.00503342,-137.63019197
1624632835.22997189,1,0.41182446,0.00000000,-3.00086026,-3.00517393,-137.63019197
1624632835.32996750,1,0.40771502,0.00000000,-3.00121916,-3.00531452,-137.63019197
1624632835.42996931,1,0.40324470,0.00000000,-3.00082645,-3.00472691,-137.63019197
1624632835.52996516,1,0.39945936,0.00000000,-3.00190980,-3.00508592,-137.63019197
1624632835.62996006,1,0.39462864,0.00000000,-3.00125081,-3.00474044,-137.63019197
1624632835.72996497,1,0.39051893,0.00000000,-3.00112451,-3.00488085,-137.63019197
1624632835.82996464,1,0.38640937,0.00000000,-3.00099833,-3.00502136,-137.63019197
1624632835.92994022,1,0.38229990,0.00000000,-3.00135720,-3.00419194,-137.63019197
1624632836.02996516,1,0.37847847,0.00000000,-3.00144389,-3.00501162,-137.63019197
1624632836.12997246,1,0.37404427,0.00000000,-3.00107786,-3.00493336,-137.63019197
1624632836.22996569,1,0.36993480,0.00000000,-2.99998174,-3.00410393,-137.63019197
1624632836.32991982,1,0.36719522,0.00000000,-3.00086771,-3.00516769,-137.63019197
1624632836.42996454,1,0.36308596,-1.00000000,-3.00545628,-2.99961950,-138.63019197
1624632836.52997088,1,0.35926381,0.00000000,-3.00131290,-3.00467261,-137.63019197
1624632836.62992382,1,0.35515419,0.00000000,-3.00118666,-3.00432808,-137.63019197
1624632836.72995687,1,0.35136890,0.00000000,-3.00033006,-3.00468713,-137.63019197
1624632836.82993245,1,0.34798142,-1.00000000,-3.00479095,-2.99982167,-138.63019197
1624632836.92992854,1,0.34451967,0.00000000,-3.00108977,-3.00492134,-137.63019197
1624632837.02991199,1,0.34041035,0.00000000,-3.00144876,-3.00409202,-137.63019197
1624632837.12992191,1,0.33658856,0.00000000,-3.00056518,-3.00442646,-137.63019197
1624632837.22997856,1,0.33320048,0.00000000,-3.00097204,-3.00408319,-137.63019197
1624632837.32996011,1,0.32973906,0.00000000,-3.00035470,-3.00417550,-137.63019197
1624632837.42993832,1,0.32667547,0.00000000,-3.00100129,-3.00502090,-137.63019197
1624632837.52996778,1,0.32256633,-1.00000000,-3.00366295,-2.99999941,-138.63019197
1624632837.62994671,1,0.31982699,-1.00000000,-3.00500219,-3.00012894,-138.63019197
1624632837.72996664,1,0.31600413,0.00000000,-3.00039219,-3.00364934,-137.63019197
1624632837.82993770,1,0.31326449,0.00000000,-3.00127811,-3.00471306,-137.63019197
1624632837.92992210,1,0.30915511,0.00000000,-3.00018206,-3.00388370,-137.63019197
1624632838.02996159,1,0.30641565,-1.00000000,-3.00463752,-3.00048016,-138.63019197
1624632838.12996435,1,0.30263013,0.00000000,-3.00021133,-3.00385143,-137.63019197
1624632838.22996664,1,0.29989064,-1.00000000,-3.00362076,-3.00004767,-138.63019197
1624632838.33000302,1,0.29715124,-1.00000000,-3.00495995,-3.00017716,-138.63019197
1624632838.42996573,1,0.29332876,0.00000000,-3.00061439,-3.00340311,-137.63019197
1624632838.52996111,1,0.29058903,0.00000000,-3.00053025,-3.00349678,-137.63019197
1624632838.62992907,1,0.28784937,0.00000000,-3.00141615,-3.00359048,-137.63019197
1624632838.72994614,1,0.28438851,0.00000000,-3.00079924,-3.00319816,-137.63019197
1624632838.82994843,1,0.28164867,0.00000000,-3.00387984,-3.00024796,-138.59447994
1624632838.92991471,1,0.27858478,0.00000000,-3.00352178,-3.00016155,-138.59447994
1624632839.02994967,1,0.27584526,0.00000000,-3.00389201,-3.00028968,-138.59447994
1624632839.12995839,1,0.27274466,0.00000000,-3.00447641,-3.00017899,-138.59447994
1624632839.22994828,1,0.26928359,1.00000000,-3.00068141,-3.00332773,-137.59447994
1624632839.32996678,1,0.26654381,1.00000000,-3.00059838,-3.00342009,-137.59447994
1624632839.42996025,1,0.26380408,1.00000000,-3.00051539,-3.00351249,-137.59447994
1624632839.52996063,1,0.26106444,1.00000000,-3.00043247,-3.00360495,-137.59447994
1624632839.62996411,1,0.25832489,0.00000000,-3.00336090,-2.99937198,-138.59447994
1624632839.72997451,1,0.25623357,1.00000000,-2.99781057,-3.00690176,-136.63019197
1624632839.82997751,1,0.25316966,0.00000000,-3.00101442,-3.00349936,-137.63019197
1624632839.92995811,1,0.25006917,0.00000000,-3.00066374,-3.00334991,-137.63019197
1624632840.02996063,1,0.24732955,0.00000000,-3.00057968,-3.00247364,-137.63019197
1624632840.12995028,1,0.24523847,0.00000000,-3.00097477,-3.00300443,-137.63019197
1624632840.22996306,1,0.24249861,0.00000000,-3.00089053,-3.00309800,-137.63019197
1624632840.32991791,1,0.23975883,0.00000000,-3.00080636,-3.00319163,-137.63019197
1624632840.42996716,1,0.23701915,0.00000000,-3.00072225,-3.00231533,-137.63019197
1624632840.52996445,1,0.23492840,0.00000000,-3.00014758,-3.00284634,-137.63019197
1624632840.62996602,1,0.23290980,0.00000000,-3.00059622,-3.00391098,-137.63019197
1624632840.72996807,1,0.22984710,-1.00000000,-3.00343593,-2.99982974,-138.63019197
1624632840.82996726,1,0.22739376,0.00000000,-3.00088591,-3.00310365,-137.63019197
1624632840.92996669,1,0.22465405,0.00000000,-3.00080178,-3.00222732,-137.63019197
1624632841.02992225,1,0.22256340,0.00000000,-3.00022719,-3.00275841,-137.63019197
1624632841.12996936,1,0.22054468,0.00000000,-3.00067574,-3.00236796,-137.63019197
1624632841.22996235,1,0.21845347,0.00000000,-3.00107073,-3.00289867,-137.63019197
1624632841.32996607,1,0.21571362,0.00000000,-3.00098650,-3.00202225,-137.63019197
1624632841.42996502,1,0.21362357,0.00000000,-3.00041235,-3.00255374,-137.63019197
1624632841.52996159,1,0.21160404,0.00000000,-3.00086030,-3.00216275,-137.63019197
1624632841.62995958,1,0.20951341,0.00000000,-3.00077072,-3.00317885,-137.63019197
1624632841.72996211,1,0.20680982,-1.00000000,-3.00312238,-2.99963902,-138.63019197
1624632841.82994199,1,0.20471849,0.00000000,-3.00110818,-3.00285748,-137.63019197
1624632841.92999864,1,0.20197867,0.00000000,-3.00005397,-3.00198108,-137.63019197
1624632842.02996969,1,0.20060879,0.00000000,-3.00098189,-3.00299790,-137.63019197
1624632842.12996602,1,0.19786912,0.00000000,-2.99992780,-3.00212161,-137.63019197
1624632842.22997093,1,0.19649933,0.00000000,-3.00085578,-3.00216849,-137.63019197
1624632842.32995725,1,0.19440840,0.00000000,-3.00028098,-3.00269938,-137.63019197
1624632842.42997408,1,0.19239013,-1.00000000,-3.00297099,-2.99980881,-138.63019197
1624632842.52997231,1,0.19029854,0.00000000,-3.00015457,-3.00186969,-137.63019197
1624632842.62996840,1,0.18892865,0.00000000,-3.00156748,-3.00288650,-137.63019197
1624632842.72996569,1,0.18582845,0.00000000,-3.00024702,-3.00176724,-137.63019197
1624632842.82996917,1,0.18445849,0.00000000,-3.00117488,-3.00229901,-137.63019197
1624632842.92996955,1,0.18204340,0.00000000,-3.00036059,-3.00261145,-137.63019197
1624632843.02997208,1,0.18002501,-1.00000000,-3.00290647,-2.99988150,-138.63019197
1624632843.12996626,1,0.17793350,0.00000000,-3.00023415,-3.00178173,-137.63019197
1624632843.22993970,1,0.17656358,0.00000000,-3.00116203,-3.00182852,-137.63019197
1624632843.32993555,1,0.17447372,0.00000000,-3.00058803,-3.00236014,-137.63019197
1624632843.42994046,1,0.17245401,0.00000000,-3.00006585,-3.00196903,-137.63019197
1624632843.52996564,1,0.17108423,0.00000000,-3.00099383,-3.00201591,-137.63019197
1624632843.62996483,1,0.16899341,0.00000000,-3.00041912,-3.00157689,-137.63019197
1624632843.72997403,1,0.16762340,0.00000000,-3.00037694,-3.00162362,-137.63019197
1624632843.82996941,1,0.16625343,0.00000000,-3.00178979,-3.00264038,-137.63019197
1624632843.92997122,1,0.16315342,0.00000000,-3.00046947,-3.00152124,-137.63019197
1624632844.02996707,1,0.16178340,0.00000000,-3.00042728,-3.00156796,-137.63019197
1624632844.12996554,1,0.16041341,0.00000000,-3.00038512,-3.00209971,-137.63019197
1624632844.22996163,1,0.15871911,0.00000000,-3.00107335,-3.00192790,-137.63019197
1624632844.32997632,1,0.15662843,0.00000000,-3.00049874,-3.00148896,-137.63019197
1624632844.42998457,1,0.15525840,0.00000000,-3.00045655,-3.00153568,-137.63019197
1624632844.52993870,1,0.15388840,0.00000000,-3.00041438,-3.00158242,-137.63019197
1624632844.63002110,1,0.15251844,0.00000000,-3.00037223,-3.00162918,-137.63019197
1624632844.72996950,1,0.15114850,0.00000000,-3.00130011,-3.00167596,-137.63019197
1624632844.82996368,1,0.14905895,0.00000000,-3.00072633,-3.00220779,-137.63019197
1624632844.92993736,1,0.14703891,0.00000000,-3.00020390,-3.00181646,-137.63019197
1624632845.02993679,1,0.14566912,0.00000000,-3.00016188,-3.00186334,-137.63019197
1624632845.12994051,1,0.14429936,-1.00000000,-3.00228582,-3.00003483,-138.63019197
1624632845.22996640,1,0.14256866,0.00000000,-3.00029623,-3.00171390,-137.63019197
1624632845.32996130,1,0.14119881,0.00000000,-3.00122417,-3.00176074,-137.63019197
1624632845.42993569,1,0.13910861,0.00000000,-3.00064991,-3.00132213,-137.63019197
1624632845.52996087,1,0.13773851,0.00000000,-3.00060767,-3.00136880,-137.63019197
1624632845.62995696,1,0.13636844,0.00000000,-3.00209779,-2.99970692,-138.59447994
1624632845.72996283,1,0.13499841,1.00000000,-3.00046653,-3.00055435,-137.59447994
1624632845.82996702,1,0.13428013,1.00000000,-3.00090616,-3.00152497,-137.59447994
1624632845.92997122,1,0.13258363,1.00000000,-3.00062348,-3.00135089,-137.59447994
1624632846.02995539,1,0.13121353,1.00000000,-3.00058181,-3.00139693,-137.59447994
1624632846.12996459,1,0.12984344,1.00000000,-3.00054015,-3.00144298,-137.59447994
1624632846.22996330,1,0.12847340,1.00000000,-2.99902702,-3.00307327,-136.63019197
1624632846.32996249,1,0.12710340,0.00000000,-3.00051034,-3.00147666,-137.63019197
1624632846.42995715,1,0.12573344,0.00000000,-3.00046819,-3.00152342,-137.63019197
1624632846.52996492,1,0.12436352,0.00000000,-3.00042608,-3.00157021,-137.63019197
1624632846.62996483,1,0.12299363,0.00000000,-3.00038400,-3.00064703,-137.63019197
1624632846.72996593,1,0.12227409,0.00000000,-3.00130739,-3.00113212,-137.63019197
1624632846.82996368,1,0.12054524,0.00000000,-3.00100010,-3.00093702,-137.63019197
1624632846.92996836,1,0.11917489,0.00000000,-3.00095767,-3.00098353,-137.63019197
1624632847.02995849,1,0.11780457,0.00000000,-3.00091526,-3.00103005,-137.63019197
1624632847.12992263,1,0.11643429,0.00000000,-3.00087288,-3.00107660,-137.63019197
1624632847.22993803,1,0.11506405,0.00000000,-3.00083053,-3.00112318,-137.63019197
1624632847.32993937,1,0.11369384,0.00000000,-2.99981821,-3.00019978,-137.63019197
1624632847.42995882,1,0.11369384,0.00000000,-3.00078821,-3.00116978,-137.63019197
1624632847.52996159,1,0.11232367,0.00000000,-3.00074591,-3.00121640,-137.63019197
1624632847.62995338,1,0.11095354,0.00000000,-3.00070365,-3.00174805,-137.63019197
1624632847.72995472,1,0.10925870,0.00000000,-3.00042148,-3.00060587,-137.63019197
1624632847.82996368,1,0.10853912,0.00000000,-3.00085985,-3.00109094,-137.63019197
1624632847.92995596,1,0.10716890,0.00000000,-3.00081751,-3.00113753,-137.63019197
1624632848.02993608,1,0.10579871,0.00000000,-2.99980520,-3.00118414,-137.63019197
1624632848.12993693,1,0.10514943,-1.00000000,-3.00152038,-2.99938000,-138.63019197
1624632848.22994018,1,0.10442857,0.00000000,-3.00073293,-3.00123079,-137.63019197
1624632848.32993650,1,0.10305846,0.00000000,-3.00069068,-3.00127746,-137.63019197
1624632848.42995763,1,0.10168841,0.00000000,-3.00064847,-3.00132416,-137.63019197
1624632848.52995539,1,0.10031840,0.00000000,-2.99963629,-3.00040089,-137.63019197
1624632848.62995386,1,0.10031840,0.00000000,-3.00109129,-3.00137089,-137.63019197
1624632848.72996140,1,0.09858867,0.00000000,-3.00078335,-3.00117520,-137.63019197
1624632848.82996583,1,0.09721854,0.00000000,-3.00074108,-3.00025185,-137.63019197
1624632848.92996836,1,0.09650180,0.00000000,-3.00118155,-3.00073883,-137.63019197
1624632849.02996397,1,0.09513128,0.00000000,-3.00016899,-3.00078522,-137.63019197
1624632849.12996292,1,0.09447841,0.00000000,-3.00065664,-3.00034524,-137.63019197
1624632849.22995639,1,0.09376080,0.00000000,-3.00109647,-3.00083163,-137.63019197
1624632849.32996726,1,0.09239035,0.00000000,-3.00008397,-3.00087807,-137.63019197
1624632849.42996502,1,0.09173848,0.00000000,-3.00057236,-3.00043877,-137.63019197
1624632849.52993846,1,0.09101994,0.00000000,-3.00101150,-3.00092454,-137.63019197
1624632849.62992597,1,0.08964958,0.00000000,-3.00096906,-3.00097103,-137.63019197
1624632849.72993755,1,0.08827926,0.00000000,-2.99995665,-3.00004756,-137.63019197
1624632849.82996345,1,0.08827926,0.00000000,-3.00092665,-3.00101756,-137.63019197
1624632849.92992330,1,0.08690899,0.00000000,-3.00088428,-3.00154911,-137.63019197
1624632850.02996564,1,0.08521347,0.00000000,-2.99963162,-3.00040648,-137.63019197
1624632850.12996030,1,0.08521347,0.00000000,-3.00060162,-3.00137648,-137.63019197
1624632850.22995543,1,0.08384360,0.00000000,-3.00055953,-3.00045330,-137.63019197
1624632850.32992244,1,0.08312473,0.00000000,-3.00002843,-3.00093885,-137.63019197
1624632850.42992568,1,0.08247378,0.00000000,-3.00051750,-3.00147017,-137.63019197
1624632850.52992368,1,0.08110403,-1.00000000,-3.00142029,-2.99949299,-138.63019197
1624632850.62995601,1,0.08038408,0.00000000,-2.99994360,-3.00103189,-137.63019197
1624632850.72996163,1,0.07973436,-1.00000000,-3.00136240,-2.99955775,-138.63019197
1624632850.82996774,1,0.07901383,0.00000000,-3.00135625,-3.00107846,-137.63019197
1624632850.92992902,1,0.07728512,0.00000000,-3.00007906,-2.99991346,-137.63019197
1624632851.02996492,1,0.07728512,0.00000000,-3.00104906,-3.00088346,-137.63019197
1624632851.12996602,1,0.07591470,0.00000000,-3.00003658,-2.99995992,-137.63019197
1624632851.22995687,1,0.07591470,0.00000000,-3.00100658,-3.00092992,-137.63019197
1624632851.32993197,1,0.07454435,0.00000000,-3.00096415,-3.00097642,-137.63019197
1624632851.42996812,1,0.07317404,0.00000000,-2.99995175,-3.00005295,-137.63019197
1624632851.52996850,1,0.07317404,0.00000000,-3.00092175,-3.00102295,-137.63019197
1624632851.62996888,1,0.07180379,0.00000000,-2.99990940,-3.00009952,-137.63019197
1624632851.72998452,1,0.07180379,0.00000000,-3.00087940,-3.00106952,-137.63019197
1624632851.82994890,1,0.07043359,0.00000000,-2.99986708,-3.00014613,-137.63019197
1624632851.92999697,1,0.07043359,0.00000000,-3.00083708,-3.00111613,-137.63019197
1624632852.02998805,1,0.06906347,0.00000000,-2.99982482,-3.00019278,-137.63019197
1624632852.12999177,1,0.06906347,0.00000000,-3.00079482,-3.00116278,-137.63019197
1624632852.22994804,1,0.06769340,0.00000000,-3.00075260,-3.00023948,-137.63019197
1624632852.32999110,1,0.06697680,0.00000000,-3.00022317,-2.99975655,-137.63019197
1624632852.42999339,1,0.06697680,0.00000000,-3.00119317,-3.00072655,-137.63019197
1624632852.52999258,1,0.06560619,0.00000000,-3.00018055,-2.99980288,-137.63019197
1624632852.62999225,1,0.06560619,0.00000000,-3.00115055,-3.00077288,-137.63019197
1624632852.72994757,1,0.06423563,0.00000000,-3.00013796,-2.99984924,-137.63019197
1624632852.82997489,1,0.06423563,0.00000000,-3.00110796,-3.00081924,-137.63019197
1624632852.92997265,1,0.06286512,0.00000000,-3.00009542,-2.99989563,-137.63019197
1624632853.02999187,1,0.06286512,0.00000000,-3.00106542,-3.00135063,-137.63019197
1624632853.12998366,1,0.06116841,0.00000000,-2.99981187,-3.00020720,-137.63019197
1624632853.23000050,1,0.06116841,0.00000000,-3.00078187,-3.00117720,-137.63019197
1624632853.32999372,1,0.05979841,0.00000000,-2.99976970,-3.00025394,-137.63019197
1624632853.42999363,1,0.05979841,0.00000000,-3.00073970,-3.00025394,-137.63019197
1624632853.52995515,1,0.05908160,0.00000000,-3.00021011,-3.00074087,-137.63019197
1624632853.62994599,1,0.05842850,0.00000000,-2.99972759,-3.00030073,-137.63019197
1624632853.72999597,1,0.05842850,0.00000000,-3.00069759,-3.00127073,-137.63019197
1624632853.82999182,1,0.05705867,0.00000000,-2.99968555,-3.00034759,-137.63019197
1624632853.93000340,1,0.05705867,0.00000000,-3.00114055,-3.00034759,-137.63019197
1624632854.02998948,1,0.05598412,1.00000000,-2.99968191,-3.00130955,-136.63019197
1624632854.12995505,1,0.05532846,0.00000000,-3.00083225,-3.00015158,-137.63019197
1624632854.22997808,1,0.05461328,0.00000000,-3.00030387,-3.00063961,-137.63019197
1624632854.32999039,1,0.05395840,0.00000000,-3.00079004,-3.00019828,-137.63019197
1624632854.42996860,1,0.05324249,0.00000000,-3.00026111,-2.99971581,-137.63019197
1624632854.52997780,1,0.05324249,0.00000000,-3.00026111,-3.00068581,-137.63019197
1624632854.62997961,1,0.05258844,0.00000000,-3.00074789,-3.00024504,-137.63019197
1624632854.72997713,1,0.05187175,0.00000000,-3.00021840,-3.00073206,-137.63019197
1624632854.82998347,1,0.05121857,0.00000000,-3.00070582,-3.00029187,-137.63019197
1624632854.92999172,1,0.05050108,0.00000000,-3.00017573,-2.99980834,-137.63019197
1624632855.02999258,1,0.05050108,0.00000000,-3.00017573,-3.00077834,-137.63019197
1624632855.12999225,1,0.04984880,-1.00000000,-3.00124450,-2.99969090,-138.63019197
1624632855.22999716,1,0.04913046,0.00000000,-3.00013310,-2.99985467,-137.63019197
1624632855.32995486,1,0.04913046,0.00000000,-3.00110310,-3.00082467,-137.63019197
1624632855.42999482,1,0.04775991,0.00000000,-3.00009053,-2.99990103,-137.63019197
1624632855.52999163,1,0.04775991,0.00000000,-3.00009053,-2.99990103,-137.63019197
1624632855.62998939,1,0.04775991,0.00000000,-3.00106053,-3.00087103,-137.63019197
1624632855.72999382,1,0.04638944,0.00000000,-3.00004801,-2.99994745,-137.63019197
1624632855.82999372,1,0.04638944,0.00000000,-3.00004801,-2.99994745,-137.63019197
1624632855.92998886,1,0.04638944,0.00000000,-3.00101801,-3.00091745,-137.63019197
1624632856.03000164,1,0.04501904,0.00000000,-3.00000554,-2.99999392,-137.63019197
1624632856.12999129,1,0.04501904,0.00000000,-3.00097554,-2.99999392,-137.63019197
1624632856.22998548,1,0.04430734,1.00000000,-2.99992363,-3.00105105,-136.63019197
1624632856.32998538,1,0.04364873,0.00000000,-2.99996314,-3.00004045,-137.63019197
1624632856.42996144,1,0.04364873,0.00000000,-3.00093314,-3.00004045,-137.63019197
1624632856.52997637,1,0.04293623,1.00000000,-2.99989692,-3.00010950,-136.63019197
1624632856.62998652,1,0.04293623,1.00000000,-2.99989692,-3.00107950,-136.63019197
1624632856.72994757,1,0.04227852,0.00000000,-3.00089082,-3.00008705,-137.63019197
1624632856.82998562,1,0.04156516,1.00000000,-2.99987024,-3.00013799,-136.63019197
1624632856.92999291,1,0.04156516,1.00000000,-2.99987024,-3.00110799,-136.63019197
1624632857.02999210,1,0.04090841,0.00000000,-2.99987857,-3.00013372,-137.63019197
1624632857.12995338,1,0.04090841,0.00000000,-3.00084857,-3.00013372,-137.63019197
1624632857.22999096,1,0.04019415,1.00000000,-2.99984360,-3.00016651,-136.63019197
1624632857.32997942,1,0.04019415,1.00000000,-2.99984360,-3.00113651,-136.63019197
1624632857.42999029,1,0.03953842,0.00000000,-3.00080640,-3.00018046,-137.63019197
1624632857.52999210,1,0.03882319,1.00000000,-2.99981700,-3.00019506,-136.63019197
1624632857.62999415,1,0.03882319,1.00000000,-2.99981700,-3.00019506,-136.63019197
1624632857.72996640,1,0.03882319,1.00000000,-2.99981700,-3.00165006,-136.63019197
1624632857.82996655,1,0.03784632,-1.00000000,-3.00096713,-3.00000326,-138.63019197
1624632857.92999840,1,0.03712384,0.00000000,-2.99999248,-3.00000824,-137.63019197
1624632858.02991247,1,0.03712384,0.00000000,-2.99952855,-3.00050757,-136.57824146
1624632858.12999058,1,0.03712384,-1.00000000,-3.00093979,-3.00100310,-137.57824146
1624632858.22999215,1,0.03575357,-1.00000000,-2.99992826,-3.00007874,-137.57824146
1624632858.32999110,1,0.03575357,-1.00000000,-2.99992826,-3.00007874,-137.57824146
1624632858.42999291,1,0.03575357,-1.00000000,-3.00138326,-3.00104874,-137.57824146
1624632858.52999258,1,0.03402536,-1.00000000,-3.00010749,-2.99988292,-137.57824146
1624632858.62999511,1,0.03402536,-1.00000000,-3.00010749,-2.99988292,-137.57824146
1624632858.72997546,1,0.03402536,-1.00000000,-3.00052465,-2.99941792,-138.63019197
1624632858.82997417,1,0.03402536,0.00000000,-3.00109830,-3.00083014,-137.63019197
1624632858.92999506,1,0.03265473,0.00000000,-3.00008566,-2.99990645,-137.63019197
1624632859.02998590,1,0.03265473,0.00000000,-3.00008566,-2.99990645,-137.63019197
1624632859.12996125,1,0.03265473,0.00000000,-3.00008566,-2.99990645,-137.63019197
1624632859.22998405,1,0.03265473,0.00000000,-3.00105566,-3.00087645,-137.63019197
1624632859.32998991,1,0.03128421,0.00000000,-3.00004310,-2.99995284,-137.63019197
1624632859.42996097,1,0.03128421,0.00000000,-3.00004310,-2.99995284,-137.63019197
1624632859.52999568,1,0.03128421,0.00000000,-3.00004310,-2.99995284,-137.63019197
1624632859.62998652,1,0.03128421,0.00000000,-3.00101310,-2.99995284,-137.63019197
1624632859.72999144,1,0.03057592,1.00000000,-3.00012676,-3.00083662,-136.63019197
1624632859.82996511,1,0.02991380,0.00000000,-3.00000063,-2.99999931,-137.63019197
1624632859.92999077,1,0.02991380,0.00000000,-3.00000063,-2.99999931,-137.63019197
1624632860.02997708,1,0.02991380,0.00000000,-3.00000063,-2.99999931,-137.63019197
1624632860.12998438,1,0.02991380,0.00000000,-3.00097063,-2.99999931,-137.63019197
1624632860.22999573,1,0.02920450,1.00000000,-3.00009982,-3.00086486,-136.63019197
1624632860.32999182,1,0.02854353,0.00000000,-2.99995826,-3.00004586,-137.63019197
1624632860.43000007,1,0.02854353,0.00000000,-2.99995826,-3.00004586,-137.63019197
1624632860.52991772,1,0.02854353,0.00000000,-3.00092826,-3.00004586,-137.63019197
1624632860.62998986,1,0.02783310,1.00000000,-3.00007290,-2.99992312,-136.63019197
1624632860.72999907,1,0.02783310,1.00000000,-3.00007290,-3.00089312,-136.63019197
1624632860.82999158,1,0.02717341,0.00000000,-2.99991600,-3.00009252,-137.63019197
1624632860.92994380,1,0.02717341,0.00000000,-2.99991600,-3.00009252,-137.63019197
1624632861.02998924,1,0.02717341,0.00000000,-3.00088600,-3.00009252,-137.63019197
1624632861.13001919,1,0.02646176,1.00000000,-3.00004602,-2.99995141,-136.63019197
1624632861.22995186,1,0.02646176,1.00000000,-3.00004602,-3.00092141,-136.63019197
1624632861.32999778,1,0.02580346,0.00000000,-2.99987387,-3.00013929,-137.63019197
1624632861.42998719,1,0.02580346,0.00000000,-3.00084387,-3.00013929,-137.63019197
1624632861.52998948,1,0.02509045,1.00000000,-3.00001917,-2.99997973,-136.63019197
1624632861.62999201,1,0.02509045,1.00000000,-3.00001917,-2.99997973,-136.63019197
1624632861.72994804,1,0.02509045,1.00000000,-2.99969978,-3.00128168,-135.57824146
1624632861.82998896,1,0.02443372,-2.00000000,-3.00010187,-2.99988527,-138.57824146
1624632861.92998838,1,0.02443372,-2.00000000,-3.00107187,-2.99988527,-138.57824146
1624632862.03000331,1,0.02371921,0.00000000,-2.99997759,-3.00002372,-136.57824146
1624632862.12998939,1,0.02371921,0.00000000,-2.99997759,-3.00002372,-136.57824146
1624632862.22999454,1,0.02371921,0.00000000,-2.99997759,-3.00002372,-136.57824146
1624632862.32994938,1,0.02371921,0.00000000,-2.99997759,-3.00099372,-136.57824146
1624632862.42999530,1,0.02306423,-2.00000000,-3.00004494,-2.99994922,-138.57824146
1624632862.52999020,1,0.02306423,-2.00000000,-3.00101494,-2.99994922,-138.57824146
1624632862.62999630,1,0.02234803,0.00000000,-2.99995168,-3.00005122,-136.57824146
1624632862.72999024,1,0.02234803,0.00000000,-2.99995168,-3.00005122,-136.57824146
1624632862.82994294,1,0.02234803,0.00000000,-2.99995168,-3.00005122,-136.57824146
1624632862.93002915,1,0.02234803,0.00000000,-2.99995168,-3.00005122,-136.57824146
1624632863.02999187,1,0.02234803,0.00000000,-3.00023096,-2.99975063,-137.63019197
1624632863.12999105,1,0.02234803,1.00000000,-2.99996560,-3.00100649,-136.63019197
1624632863.22999287,1,0.02169502,-1.00000000,-3.00097123,-2.99999860,-138.63019197
1624632863.32998562,1,0.02097693,1.00000000,-2.99993890,-3.00006496,-136.63019197
1624632863.42997503,1,0.02097693,1.00000000,-2.99993890,-3.00006496,-136.63019197
1624632863.52998519,1,0.02097693,1.00000000,-2.99993890,-3.00006496,-136.63019197
1624632863.62998462,1,0.02097693,1.00000000,-2.99967187,-3.00034248,-135.57824146
1624632863.72999430,1,0.02097693,0.00000000,-3.00018798,-2.99979663,-137.63019197
1624632863.83000159,1,0.02097693,1.00000000,-2.99967187,-3.00131248,-135.57824146
1624632863.92997599,1,0.02032617,-2.00000000,-3.00090178,-3.00007772,-138.57824146
1624632864.02995896,1,0.01960593,0.00000000,-2.99990006,-3.00010640,-136.57824146
1624632864.12994981,1,0.01960593,0.00000000,-2.99990006,-3.00010640,-136.57824146
1624632864.22997713,1,0.01960593,0.00000000,-2.99990006,-3.00010640,-136.57824146
1624632864.32997227,1,0.01960593,0.00000000,-2.99990006,-3.00010640,-136.57824146
1624632864.42997479,1,0.01960593,0.00000000,-2.99990006,-3.00010640,-136.57824146
1624632864.52997255,1,0.01960593,0.00000000,-3.00087006,-3.00010640,-136.57824146
1624632864.62997580,1,0.01890804,2.00000000,-2.99990122,-3.00106805,-134.57824146
1624632864.72999620,1,0.01823505,-1.00000000,-3.00009110,-2.99990105,-137.57824146
1624632864.82996392,1,0.01823505,-1.00000000,-3.00009110,-2.99990105,-137.57824146
1624632864.92998219,1,0.01823505,-1.00000000,-3.00009110,-2.99990105,-137.57824146
1624632865.03001428,1,0.01823505,-1.00000000,-3.00009110,-2.99990105,-137.57824146
1624632865.12999129,1,0.01823505,-1.00000000,-3.00009110,-2.99990105,-137.57824146
1624632865.22998643,1,0.01823505,-1.00000000,-3.00106110,-2.99990105,-137.57824146
1624632865.32998586,1,0.01753625,2.00000000,-2.99990839,-3.00106094,-134.57824146
1624632865.43000126,1,0.01686431,-1.00000000,-3.00004922,-2.99994637,-137.57824146
1624632865.52999187,1,0.01686431,-1.00000000,-3.00004922,-2.99994637,-137.57824146
1624632865.62998104,1,0.01686431,-1.00000000,-3.00025598,-2.99971590,-138.63019197
1624632865.72999287,1,0.01686431,0.00000000,-3.00005953,-2.99993508,-137.63019197
1624632865.82998776,1,0.01686431,0.00000000,-3.00005953,-2.99993508,-137.63019197
1624632865.92998433,1,0.01686431,0.00000000,-3.00102953,-2.99993508,-137.63019197
1624632866.02999115,1,0.01616446,3.00000000,-2.99992599,-3.00104353,-134.63019197
1624632866.12994480,1,0.01549376,0.00000000,-3.00001695,-2.99998145,-137.63019197
1624632866.22999024,1,0.01549376,0.00000000,-3.00001695,-2.99998145,-137.63019197
1624632866.32998896,1,0.01549376,0.00000000,-3.00001695,-2.99998145,-137.63019197
1624632866.42996883,1,0.01549376,0.00000000,-3.00001695,-2.99998145,-137.63019197
1624632866.52999115,1,0.01549376,0.00000000,-3.00001695,-2.99998145,-137.63019197
1624632866.62999296,1,0.01549376,0.00000000,-3.00098695,-2.99998145,-137.63019197
1624632866.72995043,1,0.01479267,3.00000000,-2.99993227,-3.00006729,-134.63019197
1624632866.82999182,1,0.01479267,3.00000000,-2.99993227,-3.00152229,-134.63019197
1624632866.92999053,1,0.01380223,-2.00000000,-3.00005564,-2.99993496,-139.63019197
1624632867.02999163,1,0.01380223,-2.00000000,-3.00005564,-2.99993496,-139.63019197
1624632867.12999487,1,0.01380223,-2.00000000,-3.00005564,-2.99993496,-139.63019197
1624632867.22999287,1,0.01380223,-2.00000000,-2.99988974,-3.00012651,-138.57824146
1624632867.32999587,1,0.01380223,-3.00000000,-3.00004753,-2.99994449,-139.57824146
1624632867.42995763,1,0.01380223,-3.00000000,-3.00150253,-2.99994449,-139.57824146
1624632867.52997589,1,0.01273499,2.00000000,-2.99993347,-3.00006604,-134.57824146
1624632867.62998843,1,0.01273499,2.00000000,-3.00009850,-2.99990041,-135.63019197
1624632867.72999167,1,0.01273499,3.00000000,-2.99994169,-3.00005793,-134.63019197
1624632867.82996988,1,0.01273499,3.00000000,-2.99994169,-3.00005793,-134.63019197
1624632867.92999291,1,0.01273499,3.00000000,-2.99994169,-3.00102793,-134.63019197
1624632868.02999282,1,0.01206861,-1.00000000,-3.00005200,-2.99994134,-138.63019197
1624632868.12999368,1,0.01206861,-1.00000000,-3.00005200,-2.99994134,-138.63019197
1624632868.23000121,1,0.01206861,-1.00000000,-3.00005200,-2.99994134,-138.63019197
1624632868.32999754,1,0.01206861,-1.00000000,-2.99990404,-3.00010627,-137.57824146
1624632868.42998767,1,0.01206861,-2.00000000,-3.00004476,-2.99994955,-138.57824146
1624632868.52999401,1,0.01206861,-2.00000000,-3.00004476,-2.99994955,-138.57824146
1624632868.62997890,1,0.01206861,-2.00000000,-3.00004476,-2.99994955,-138.57824146
1624632868.72999144,1,0.01206861,-2.00000000,-3.00115983,-2.99978206,-139.63019197
1624632868.82999754,1,0.01136321,3.00000000,-2.99994797,-3.00005169,-134.63019197
1624632868.92998791,1,0.01136321,3.00000000,-2.99994797,-3.00005169,-134.63019197
1624632869.02998948,1,0.01136321,3.00000000,-2.99994797,-3.00005169,-134.63019197
1624632869.12999988,1,0.01136321,3.00000000,-2.99994797,-3.00005169,-134.63019197
1624632869.22998214,1,0.01136321,3.00000000,-2.99994797,-3.00005169,-134.63019197
1624632869.32998466,1,0.01136321,3.00000000,-2.99994797,-3.00005169,-134.63019197
1624632869.42999029,1,0.01136321,3.00000000,-2.99994797,-3.00102169,-134.63019197
1624632869.52999353,1,0.01069932,-1.00000000,-2.99986323,-3.00015258,-137.57824146
1624632869.62999368,1,0.01069932,-2.00000000,-2.99998799,-3.00001363,-138.57824146
1624632869.72999573,1,0.01069932,-2.00000000,-2.99998799,-3.00001363,-138.57824146
1624632869.83000159,1,0.01069932,-2.00000000,-2.99998799,-3.00001363,-138.57824146
1624632869.92998862,1,0.01069932,-2.00000000,-2.99998799,-3.00001363,-138.57824146
1624632870.02998924,1,0.01069932,-2.00000000,-2.99998799,-3.00001363,-138.57824146
1624632870.13000846,1,0.01069932,-2.00000000,-3.00095799,-3.00001363,-138.57824146
1624632870.22999644,1,0.00999142,2.00000000,-2.99994780,-3.00005181,-134.57824146
1624632870.32999706,1,0.00999142,2.00000000,-2.99994780,-3.00005181,-134.57824146
1624632870.42999315,1,0.00999142,2.00000000,-2.99994780,-3.00005181,-134.57824146
1624632870.53003287,1,0.00999142,2.00000000,-2.99994780,-3.00005181,-134.57824146
1624632870.62998319,1,0.00999142,2.00000000,-2.99994780,-3.00005181,-134.57824146
1624632870.72999144,1,0.00999142,2.00000000,-2.99994780,-3.00005181,-134.57824146
1624632870.82997894,1,0.00999142,2.00000000,-2.99994780,-3.00102181,-134.57824146
1624632870.93000078,1,0.00933077,-3.00000000,-3.00003844,-2.99995516,-139.57824146
1624632871.02993894,1,0.00933077,-3.00000000,-3.00003844,-2.99995516,-139.57824146
1624632871.12994027,1,0.00933077,-3.00000000,-3.00003844,-2.99995516,-139.57824146
1624632871.22997522,1,0.00933077,-3.00000000,-3.00003844,-2.99995516,-139.57824146
1624632871.32993841,1,0.00933077,-3.00000000,-3.00003844,-2.99995516,-139.57824146
1624632871.43001413,1,0.00933077,-3.00000000,-3.00100844,-2.99995516,-139.57824146
1624632871.52998781,1,0.00861963,2.00000000,-2.99995497,-3.00004470,-134.57824146
1624632871.63001299,1,0.00861963,2.00000000,-2.99995497,-3.00004470,-134.57824146
1624632871.73000145,1,0.00861963,2.00000000,-2.99995497,-3.00004470,-134.57824146
1624632871.82999492,1,0.00861963,2.00000000,-3.00006667,-2.99993259,-135.63019197
1624632871.92999554,1,0.00861963,3.00000000,-2.99996053,-3.00003921,-134.63019197
1624632872.02997637,1,0.00861963,3.00000000,-2.99996053,-3.00003921,-134.63019197
1624632872.12999845,1,0.00861963,3.00000000,-2.99996053,-3.00003921,-134.63019197
1624632872.22999072,1,0.00861963,3.00000000,-2.99996053,-3.00003921,-134.63019197
1624632872.32998633,1,0.00861963,3.00000000,-2.99984690,-3.00111935,-133.57824146
1624632872.42997384,1,0.00796333,-3.00000000,-2.99996742,-3.00003850,-139.57824146
1624632872.52999043,1,0.00796333,-3.00000000,-2.99996742,-3.00003850,-139.57824146
1624632872.62999082,1,0.00796333,-3.00000000,-2.99996742,-3.00003850,-139.57824146
1624632872.72998571,1,0.00796333,-3.00000000,-2.99996742,-3.00003850,-139.57824146
1624632872.82996035,1,0.00796333,-3.00000000,-3.00084967,-3.00013979,-138.61395349
1624632872.92998338,1,0.00724784,1.00000000,-3.00005146,-2.99994802,-135.57824146
1624632873.02998948,1,0.00724784,2.00000000,-2.99996214,-3.00003759,-134.57824146
1624632873.12998962,1,0.00724784,2.00000000,-2.99996214,-3.00003759,-134.57824146
1624632873.22998500,1,0.00724784,2.00000000,-2.99996214,-3.00003759,-134.57824146
1624632873.32999277,1,0.00724784,2.00000000,-2.99996214,-3.00003759,-134.57824146
1624632873.42998648,1,0.00724784,2.00000000,-2.99996214,-3.00003759,-134.57824146
1624632873.52998352,1,0.00724784,2.00000000,-2.99996214,-3.00003759,-134.57824146
1624632873.62994814,1,0.00724784,2.00000000,-2.99996214,-3.00003759,-134.57824146
1624632873.72998548,1,0.00724784,2.00000000,-2.99996214,-3.00003759,-134.57824146
1624632873.82998705,1,0.00724784,2.00000000,-2.99996214,-3.00100759,-134.57824146
1624632873.92999768,1,0.00659770,-4.00000000,-2.99997167,-3.00003470,-140.57824146
1624632874.02997041,1,0.00659770,-4.00000000,-2.99997167,-3.00003470,-140.57824146
1624632874.12998891,1,0.00659770,-4.00000000,-2.99997167,-3.00003470,-140.57824146
1624632874.23000121,1,0.00659770,-4.00000000,-3.00094167,-3.00003470,-140.57824146
1624632874.32999110,1,0.00587606,2.00000000,-2.99989828,-3.00009929,-133.61395349
1624632874.42997456,1,0.00587606,1.00000000,-3.00004172,-2.99995786,-135.57824146
1624632874.52998018,1,0.00587606,2.00000000,-2.99996930,-3.00003047,-134.57824146
1624632874.62998700,1,0.00587606,2.00000000,-2.99996930,-3.00003047,-134.57824146
1624632874.72998857,1,0.00587606,2.00000000,-2.99996930,-3.00003047,-134.57824146
1624632874.83001447,1,0.00587606,2.00000000,-2.99996930,-3.00003047,-134.57824146
1624632874.93001199,1,0.00587606,2.00000000,-2.99996930,-3.00003047,-134.57824146
1624632875.02998900,1,0.00587606,2.00000000,-2.99996930,-3.00003047,-134.57824146
1624632875.13001299,1,0.00587606,2.00000000,-2.99996930,-3.00003047,-134.57824146
1624632875.22998667,1,0.00587606,2.00000000,-2.99996930,-3.00100047,-134.57824146
1624632875.32998872,1,0.00523529,-6.00000000,-3.00000278,-2.99999637,-142.57824146
1624632875.43000054,1,0.00523529,-6.00000000,-3.00000278,-2.99999637,-142.57824146
1624632875.52998567,1,0.00523529,-6.00000000,-3.00091865,-3.00006589,-141.61395349
1624632875.62999058,1,0.00450427,1.00000000,-2.99997847,-3.00002139,-134.61395349
1624632875.72999310,1,0.00450427,1.00000000,-2.99997847,-3.00002139,-134.61395349
1624632875.82998991,1,0.00450427,1.00000000,-3.00003198,-2.99996769,-135.57824146
1624632875.92999053,1,0.00450427,2.00000000,-2.99997647,-3.00002336,-134.57824146
1624632876.02998710,1,0.00450427,2.00000000,-2.99997647,-3.00002336,-134.57824146
1624632876.12998986,1,0.00450427,2.00000000,-2.99997647,-3.00002336,-134.57824146
1624632876.22994757,1,0.00450427,2.00000000,-2.99997647,-3.00002336,-134.57824146
1624632876.32999563,1,0.00450427,2.00000000,-2.99997647,-3.00002336,-134.57824146
1624632876.42998862,1,0.00450427,2.00000000,-2.99997647,-3.00002336,-134.57824146
1624632876.52997422,1,0.00450427,2.00000000,-2.99997647,-3.00002336,-134.57824146
1624632876.62998509,1,0.00450427,2.00000000,-2.99997647,-3.00002336,-134.57824146
1624632876.72998667,1,0.00450427,2.00000000,-2.99997647,-3.00002336,-134.57824146
1624632876.82999039,1,0.00450427,2.00000000,-2.99997647,-3.00002336,-134.57824146
1624632876.92998767,1,0.00450427,2.00000000,-2.99997647,-3.00002336,-134.57824146
1624632877.02998972,1,0.00450427,2.00000000,-2.99992203,-3.00007611,-133.61395349
1624632877.12999296,1,0.00450427,1.00000000,-2.99997847,-3.00002139,-134.61395349
1624632877.22998953,1,0.00450427,1.00000000,-2.99997847,-3.00002139,-134.61395349
1624632877.32998180,1,0.00450427,1.00000000,-2.99997847,-3.00002139,-134.61395349
1624632877.42999697,1,0.00450427,1.00000000,-2.99997847,-3.00002139,-134.61395349
1624632877.52996206,1,0.00450427,1.00000000,-2.99997847,-3.00002139,-134.61395349
1624632877.62997818,1,0.00450427,1.00000000,-2.99997847,-3.00002139,-134.61395349
1624632877.72994757,1,0.00450427,1.00000000,-2.99997847,-3.00002139,-134.61395349
1624632877.82998967,1,0.00450427,1.00000000,-2.99997847,-3.00002139,-134.61395349
1624632877.92996001,1,0.00450427,1.00000000,-2.99997847,-3.00002139,-134.61395349
1624632878.02994657,1,0.00450427,1.00000000,-2.99991907,-3.00007893,-133.56200298
1624632878.13000202,1,0.00450427,0.00000000,-2.99997556,-3.00002425,-134.56200298
1624632878.22998738,1,0.00450427,0.00000000,-2.99997556,-3.00002425,-134.56200298
1624632878.32998443,1,0.00450427,0.00000000,-2.99997556,-3.00002425,-134.56200298
1624632878.42999530,1,0.00450427,0.00000000,-2.99997556,-3.00002425,-134.56200298
1624632878.52998924,1,0.00450427,0.00000000,-2.99997556,-3.00002425,-134.56200298
1624632878.62998724,1,0.00450427,0.00000000,-2.99997556,-3.00002425,-134.56200298
1624632878.72998595,1,0.00450427,0.00000000,-2.99997556,-3.00002425,-134.56200298
1624632878.82994580,1,0.00450427,0.00000000,-2.99997556,-3.00002425,-134.56200298
1624632878.92999053,1,0.00450427,0.00000000,-2.99997556,-3.00002425,-134.56200298
1624632879.02998781,1,0.00450427,0.00000000,-2.99997556,-3.00002425,-134.56200298
1624632879.12995982,1,0.00450427,0.00000000,-2.99997556,-3.00002425,-134.56200298
1624632879.22998571,1,0.00450427,0.00000000,-2.99997556,-3.00002425,-134.56200298
1624632879.32999110,1,0.00450427,0.00000000,-2.99997556,-3.00002425,-134.56200298
1624632879.42999077,1,0.00450427,0.00000000,-2.99997556,-3.00002425,-134.56200298
1624632879.52998328,1,0.00450427,0.00000000,-2.99997556,-3.00002425,-134.56200298
1624632879.62998486,1,0.00450427,0.00000000,-2.99997556,-3.00002425,-134.56200298
1624632879.72998023,1,0.00450427,0.00000000,-2.99997556,-3.00002425,-134.56200298
1624632879.82996750,1,0.00450427,0.00000000,-2.99997556,-3.00002425,-134.56200298
1624632879.92999744,1,0.00450427,0.00000000,-2.99997556,-3.00002425,-134.56200298
1624632880.02998209,1,0.00450427,0.00000000,-2.99997556,-3.00002425,-134.56200298
1624632880.12998033,1,0.00450427,0.00000000,-2.99997556,-3.00002425,-134.56200298
1624632880.22998810,1,0.00450427,0.00000000,-2.99997556,-3.00002425,-134.56200298
1624632880.32994485,1,0.00450427,0.00000000,-2.99997556,-3.00002425,-134.56200298
1624632880.42998576,1,0.00450427,0.00000000,-2.99997556,-3.00002425,-134.56200298
1624632880.52996850,1,0.00450427,0.00000000,-2.99997556,-3.00002425,-134.56200298
1624632880.62998414,1,0.00450427,0.00000000,-2.99997556,-3.00002425,-134.56200298
1624632880.72994280,1,0.00450427,0.00000000,-2.99997556,-3.00002425,-134.56200298
1624632880.82995725,1,0.00450427,0.00000000,-2.99997556,-3.00002425,-134.56200298
1624632880.92995191,1,0.00450427,0.00000000,-2.99997556,-3.00002425,-134.56200298
1624632881.02997971,1,0.00450427,0.00000000,-2.99997556,-3.00002425,-134.56200298
1624632881.12998796,1,0.00450427,0.00000000,-2.99997556,-3.00002425,-134.56200298
1624632881.22999048,1,0.00450427,0.00000000,-2.99997556,-3.00002425,-134.56200298
1624632881.32995105,1,0.00450427,0.00000000,-2.99997556,-3.00002425,-134.56200298
1624632881.42999315,1,0.00450427,0.00000000,-2.99997556,-3.00002425,-134.56200298
1624632881.53001380,1,0.00450427,0.00000000,-2.99997556,-3.00002425,-134.56200298
1624632881.62999153,1,0.00450427,0.00000000,-2.99997556,-3.00002425,-134.56200298
1624632881.72998595,1,0.00450427,0.00000000,-2.99997556,-3.00002425,-134.56200298
1624632881.82998323,1,0.00450427,0.00000000,-2.99997556,-3.00002425,-134.56200298
1624632881.92998600,1,0.00450427,0.00000000,-2.99997556,-3.00002425,-134.56200298
1624632882.02999449,1,0.00450427,0.00000000,-2.99997556,-3.00002425,-134.56200298
1624632882.12999320,1,0.00450427,0.00000000,-2.99997556,-3.00002425,-134.56200298
1624632882.22998166,1,0.00450427,0.00000000,-2.99997556,-3.00002425,-134.56200298
1624632882.32998204,1,0.00450427,0.00000000,-2.99997556,-3.00002425,-134.56200298
1624632882.42998242,1,0.00450427,0.00000000,-2.99997556,-3.00002425,-134.56200298
1624632882.52996469,1,0.00450427,0.00000000,-2.99997556,-3.00002425,-134.56200298
1624632882.62998080,1,0.00450427,0.00000000,-2.99997556,-3.00002425,-134.56200298
1624632882.72997975,1,0.00450427,0.00000000,-2.99997556,-3.00002425,-134.56200298
1624632882.82998371,1,0.00450427,0.00000000,-2.99997556,-3.00002425,-134.56200298
1624632882.92994618,1,0.00450427,0.00000000,-2.99997556,-3.00002425,-134.56200298
1624632883.02998614,1,0.00450427,0.00000000,-2.99997556,-3.00002425,-134.56200298
1624632883.12997055,1,0.00450427,0.00000000,-2.99997556,-3.00002425,-134.56200298
1624632883.22996974,1,0.00450427,0.00000000,-2.99997556,-3.00002425,-134.56200298
1624632883.32997894,1,0.00450427,0.00000000,-2.99997556,-3.00002425,-134.56200298
1624632883.42998743,1,0.00450427,0.00000000,-2.99997556,-3.00002425,-134.56200298
1624632883.52998829,1,0.00450427,0.00000000,-2.99997556,-3.00002425,-134.56200298
1624632883.62998676,1,0.00450427,0.00000000,-2.99997556,-3.00002425,-134.56200298
1624632883.72996712,1,0.00450427,0.00000000,-2.99997556,-3.00002425,-134.56200298
1624632883.82998729,1,0.00450427,0.00000000,-2.99997556,-3.00002425,-134.56200298
1624632883.92998409,1,0.00450427,0.00000000,-2.99997556,-3.00002425,-134.56200298
1624632884.02996469,1,0.00450427,0.00000000,-2.99997556,-3.00002425,-134.56200298
1624632884.12999129,1,0.00450427,0.00000000,-2.99997556,-3.00002425,-134.56200298
1624632884.22990727,1,0.00450427,0.00000000,-2.99997556,-3.00002425,-134.56200298
1624632884.32998157,1,0.00450427,0.00000000,-2.99997556,-3.00002425,-134.56200298
1624632884.42994547,1,0.00450427,0.00000000,-2.99997556,-3.00002425,-134.56200298
1624632884.52994490,1,0.00450427,0.00000000,-2.99997556,-3.00002425,-134.56200298
1624632884.62998509,1,0.00450427,0.00000000,-2.99997556,-3.00002425,-134.56200298
1624632884.72999048,1,0.00450427,0.00000000,-2.99997556,-3.00002425,-134.56200298
1624632884.82998109,1,0.00450427,0.00000000,-2.99997556,-3.00002425,-134.56200298
1624632884.92998028,1,0.00450427,0.00000000,-2.99997556,-3.00002425,-134.56200298
1624632885.02998042,1,0.00450427,0.00000000,-2.99997556,-3.00002425,-134.56200298
1624632885.12999225,1,0.00450427,0.00000000,-2.99997556,-3.00002425,-134.56200298
1624632885.22998595,1,0.00450427,0.00000000,-2.99997556,-3.00002425,-134.56200298
1624632885.32998490,1,0.00450427,0.00000000,-2.99997556,-3.00002425,-134.56200298
1624632885.42998624,1,0.00450427,0.00000000,-2.99997556,-3.00002425,-134.56200298
1624632885.52999043,1,0.00450427,0.00000000,-2.99997556,-3.00002425,-134.56200298
1624632885.62997079,1,0.00450427,0.00000000,-2.99997556,-3.00002425,-134.56200298
1624632885.72998905,1,0.00450427,0.00000000,-2.99997556,-3.00002425,-134.56200298
1624632885.82997823,1,0.00450427,0.00000000,-2.99997556,-3.00002425,-134.56200298
1624632885.92997813,1,0.00450427,0.00000000,-2.99997556,-3.00002425,-134.56200298
1624632886.02993965,1,0.00450427,0.00000000,-2.99997556,-3.00002425,-134.56200298
1624632886.12999034,1,0.00450427,0.00000000,-2.99997556,-3.00002425,-134.56200298
1624632886.22998619,1,0.00450427,0.00000000,-2.99997556,-3.00002425,-134.56200298
1624632886.32999563,1,0.00450427,0.00000000,-2.99997556,-3.00002425,-134.56200298
1624632886.42999268,1,0.00450427,0.00000000,-2.99997556,-3.00002425,-134.56200298
1624632886.52998924,1,0.00450427,0.00000000,-2.99997556,-3.00002425,-134.56200298
1624632886.62998629,1,0.00450427,0.00000000,-2.99997556,-3.00002425,-134.56200298
1624632886.72998333,1,0.00450427,0.00000000,-2.99997556,-3.00002425,-134.56200298
1624632886.82998395,1,0.00450427,0.00000000,-2.99997556,-3.00002425,-134.56200298
1624632886.92998433,1,0.00450427,0.00000000,-2.99997556,-3.00002425,-134.56200298
1624632887.02994084,1,0.00450427,0.00000000,-2.99997556,-3.00002425,-134.56200298
1624632887.12999129,1,0.00450427,0.00000000,-2.99997556,-3.00002425,-134.56200298
1624632887.22998333,1,0.00450427,0.00000000,-2.99997556,-3.00002425,-134.56200298
1624632887.32998347,1,0.00450427,0.00000000,-2.99997556,-3.00002425,-134.56200298
1624632887.42999244,1,0.00450427,0.00000000,-2.99997556,-3.00002425,-134.56200298
1624632887.52996159,1,0.00450427,0.00000000,-2.99997556,-3.00002425,-134.56200298
1624632887.62994480,1,0.00450427,0.00000000,-2.99997556,-3.00002425,-134.56200298
1624632887.72999167,1,0.00450427,0.00000000,-2.99997556,-3.00002425,-134.56200298
1624632887.82994390,1,0.00450427,0.00000000,-2.99997556,-3.00002425,-134.56200298
1624632887.92994881,1,0.00450427,0.00000000,-2.99997556,-3.00002425,-134.56200298
1624632888.02997279,1,0.00450427,0.00000000,-2.99997556,-3.00002425,-134.56200298
1624632888.12995362,1,0.00450427,0.00000000,-2.99997556,-3.00002425,-134.56200298
1624632888.22998786,1,0.00450427,0.00000000,-2.99997556,-3.00002425,-134.56200298
1624632888.32999063,1,0.00450427,0.00000000,-2.99997556,-3.00002425,-134.56200298
1624632888.42999196,1,0.00450427,0.00000000,-2.99997556,-3.00002425,-134.56200298
1624632888.52998281,1,0.00450427,0.00000000,-2.99997556,-3.00002425,-134.56200298
1624632888.62998962,1,0.00450427,0.00000000,-2.99997556,-3.00002425,-134.56200298
1624632888.72999549,1,0.00450427,0.00000000,-2.99997556,-3.00002425,-134.56200298
1624632888.82999516,1,0.00450427,0.00000000,-2.99997556,-3.00002425,-134.56200298
1624632888.92999196,1,0.00450427,0.00000000,-2.99997556,-3.00002425,-134.56200298
1624632889.02998662,1,0.00450427,0.00000000,-2.99997556,-3.00002425,-134.56200298
1624632889.12999678,1,0.00450427,0.00000000,-2.99997556,-3.00002425,-134.56200298
1624632889.22998595,1,0.00450427,0.00000000,-2.99997556,-3.00002425,-134.56200298
1624632889.32998371,1,0.00450427,0.00000000,-2.99997556,-3.00002425,-134.56200298
1624632889.43000174,1,0.00450427,0.00000000,-2.99997556,-3.00002425,-134.56200298
1624632889.52999806,1,0.00450427,0.00000000,-2.99997556,-3.00002425,-134.56200298
1624632889.62999320,1,0.00450427,0.00000000,-2.99997556,-3.00002425,-134.56200298
1624632889.72998857,1,0.00450427,0.00000000,-2.99997556,-3.00002425,-134.56200298
1624632889.82996845,1,0.00450427,0.00000000,-2.99997556,-3.00002425,-134.56200298
1624632889.92998171,1,0.00450427,0.00000000,-2.99997556,-3.00002425,-134.56200298
1624632890.02999878,1,0.00450427,0.00000000,-2.99997556,-3.00002425,-134.56200298
1624632890.12999701,1,0.00450427,0.00000000,-2.99997556,-3.00002425,-134.56200298
1624632890.22998548,1,0.00450427,0.00000000,-2.99997556,-3.00002425,-134.56200298
1624632890.32999086,1,0.00450427,0.00000000,-2.99997556,-3.00002425,-134.56200298
1624632890.43000531,1,0.00450427,0.00000000,-2.99997556,-3.00002425,-134.56200298
1624632890.52996016,1,0.00450427,0.00000000,-2.99997556,-3.00002425,-134.56200298
1624632890.62997293,1,0.00450427,0.00000000,-2.99997556,-3.00002425,-134.56200298
1624632890.72998285,1,0.00450427,0.00000000,-2.99997556,-3.00002425,-134.56200298
1624632890.82998443,1,0.00450427,0.00000000,-2.99997556,-3.00002425,-134.56200298
