Seconds, Linear Velocity, Angular Velocitiy,X,Y
1624632800.26633048,0.00000000,0.00000000,0.00000000,0.00000000
1624632800.36660051,0.00000000,0.00000000,0.00000000,0.00000000
1624632800.46757388,0.00000000,0.00000000,0.00000000,0.00000000
1624632800.56804419,0.00000000,0.00000000,0.00000000,0.00000000
1624632800.66821718,0.00000000,0.00000000,0.00000000,0.00000000
1624632800.76803756,0.00000000,0.00000000,0.00000000,0.00000000
1624632800.86784768,0.00000000,0.00000000,0.00000000,0.00000000
1624632800.96851969,0.00000000,0.00000000,0.00000000,0.00000000
1624632801.06930065,0.00000000,0.00000000,0.00000000,0.00000000
1624632801.16905332,0.00000000,0.00000000,0.00000000,0.00000000
1624632801.26868510,0.00000000,0.00000000,0.00000000,0.00000000
1624632801.36934233,0.00000000,0.00000000,0.00000000,0.00000000
1624632801.46906233,0.00000000,0.00000000,0.00000000,0.00000000
1624632801.56881237,0.00000000,0.00000000,0.00000000,0.00000000
1624632801.66955543,0.00000000,0.00000000,0.00000000,0.00000000
1624632801.77025199,0.00000000,0.00000000,0.00000000,0.00000000
1624632801.86992979,0.00000000,0.00000000,0.00000000,0.00000000
1624632801.97057915,0.00000000,0.00000000,0.00000000,0.00000000
1624632802.07136321,0.00000000,0.00000000,0.00000000,0.00000000
1624632802.17100477,0.00000000,0.00000000,0.00000000,0.00000000
1624632802.27066660,0.00000000,0.00000000,0.00000000,0.00000000
1624632802.37106967,0.00000000,0.00000000,0.00000000,0.00000000
1624632802.47091913,0.00000000,0.00000000,0.00000000,0.00000000
1624632802.57045841,0.00000000,0.00000000,0.00000000,0.00000000
1624632802.67098951,0.00000000,0.00000000,0.00000000,0.00000000
1624632802.77057409,0.00000000,0.00000000,0.00000000,0.00000000
1624632802.87134957,0.00000000,0.00000000,0.00000000,0.00000000
1624632802.97100234,0.00000000,0.00000000,0.00000000,0.00000000
1624632803.07072020,0.00000000,0.00000000,0.00000000,0.00000000
1624632803.17144823,0.00000000,0.00000000,0.00000000,0.00000000
1624632803.27112556,0.00000000,0.00000000,0.00000000,0.00000000
1624632803.37083530,0.00000000,0.00000000,0.00000000,0.00000000
1624632803.47161007,0.00000000,0.00000000,0.00000000,0.00000000
1624632803.57216191,0.00000000,0.00000000,0.00000000,0.00000000
1624632803.67174649,0.00000000,0.00000000,0.00000000,0.00000000
1624632803.77138519,0.00000000,0.00000000,0.00000000,0.00000000
1624632803.87191081,0.00000000,0.00000000,0.00000000,0.00000000
1624632803.97149181,0.00000000,0.00000000,0.00000000,0.00000000
1624632804.07228780,0.00000000,0.00000000,0.00000000,0.00000000
1624632804.17197990,0.00000000,0.00000000,0.00000000,0.00000000
1624632804.27169704,0.00000000,0.00000000,0.00000000,0.00000000
1624632804.37247682,0.00000000,0.00000000,0.00000000,0.00000000
1624632804.47199035,0.00000000,0.00000000,0.00000000,0.00000000
1624632804.57202339,0.00000000,0.00000000,0.00000000,0.00000000
1624632804.67174602,0.00000000,0.00000000,0.00000000,0.00000000
1624632804.77228808,0.00000000,0.00000000,0.00000000,0.00000000
1624632804.87281203,0.00000000,0.00000000,0.00000000,0.00000000
1624632804.97334385,0.00000000,0.00000000,0.00000000,0.00000000
1624632805.07389617,0.00000000,0.00000000,0.00000000,0.00000000
1624632805.17367053,0.00000000,0.00000000,0.00000000,0.00000000
1624632805.27427220,0.00000000,0.00000000,0.00000000,0.00000000
1624632805.37384605,0.00000000,0.00000000,0.00000000,0.00000000
1624632805.47433496,0.00000000,0.00000000,0.00000000,0.00000000
1624632805.57522511,0.00000000,0.00000000,0.00000000,0.00000000
1624632805.67489004,0.00000000,0.00000000,0.00000000,0.00000000
1624632805.77553487,0.00000000,0.00000000,0.00000000,0.00000000
1624632805.87618065,0.00000000,0.00000000,0.00000000,0.00000000
1624632805.97558689,0.00000000,0.00000000,0.00000000,0.00000000
1624632806.07614088,0.00000000,0.00000000,0.00000000,0.00000000
1624632806.17573571,0.00000000,0.00000000,0.00000000,0.00000000
1624632806.27633023,0.00000000,0.00000000,0.00000000,0.00000000
1624632806.37711644,0.00000000,0.00000000,0.00000000,0.00000000
1624632806.47687387,0.00000000,0.00000000,0.00000000,0.00000000
1624632806.57712770,0.00000000,0.00000000,0.00000000,0.00000000
1624632806.67673421,0.00000000,0.00000000,0.00000000,0.00000000
1624632806.77679086,0.00000000,0.00000000,0.00000000,0.00000000
1624632806.87746882,0.00000000,0.00000000,0.00000000,0.00000000
1624632806.97706914,0.00000000,0.00000000,0.00000000,0.00000000
1624632807.07680345,0.00000000,0.00000000,0.00000000,0.00000000
1624632807.17756891,0.00000000,0.00000000,0.00000000,0.00000000
1624632807.27815676,0.00000000,0.00000000,0.00000000,0.00000000
1624632807.37772584,0.00000000,0.00000000,0.00000000,0.00000000
1624632807.47838926,0.00000000,0.00000000,0.00000000,0.00000000
1624632807.57824159,0.00000000,0.00000000,0.00000000,0.00000000
1624632807.67785764,0.00000000,0.00000000,0.00000000,0.00000000
1624632807.77851081,0.00000000,0.00000000,0.00000000,0.00000000
1624632807.87915111,0.00000000,0.00000000,0.00000000,0.00000000
1624632807.97881389,0.00000000,0.00000000,0.00000000,0.00000000
1624632808.07866430,0.00000000,0.00000000,0.00000000,0.00000000
1624632808.17897916,0.00000000,0.00000000,0.00000000,0.00000000
1624632808.27863669,0.00000000,0.00000000,0.00000000,0.00000000
1624632808.37911963,0.00000000,0.00000000,0.00000000,0.00000000
1624632808.47863746,0.00000000,0.00000000,0.00000000,0.00000000
1624632808.57945013,0.00000000,0.00000000,0.00000000,0.00000000
1624632808.67910647,0.00000000,0.00000000,0.00000000,0.00000000
1624632808.77889228,0.00000000,0.00000000,0.00000000,0.00000000
1624632808.87945199,0.00000000,0.00000000,0.00000000,0.00000000
1624632808.97908664,0.00000000,0.00000000,0.00000000,0.00000000
1624632809.07890344,0.00000000,0.00000000,0.00000000,0.00000000
1624632809.17866492,0.00000000,0.00000000,0.00000000,0.00000000
1624632809.27889514,0.00000000,-0.17453293,0.00000000,0.00000000
1624632809.37926507,-0.03000000,-0.34906585,-0.00291000,0.00000000
1624632809.47864485,-0.06000000,-0.43633231,-0.00873000,0.00000000
1624632809.57898784,-0.08950000,-0.43633231,-0.01794500,0.00097000
1624632809.67878556,-0.11950000,-0.43633231,-0.02958500,0.00291000
1624632809.77905083,-0.14950000,-0.43633231,-0.04462000,0.00582000
1624632809.87936974,-0.17950000,-0.43633231,-0.06159500,0.00970000
1624632809.97865748,-0.20950000,-0.43633231,-0.08196500,0.01455000
1624632810.07895446,-0.23950000,-0.43633231,-0.10476000,0.02279500
1624632810.17934108,-0.25450000,-0.43633231,-0.12852500,0.03152500
1624632810.27864361,-0.23550000,-0.43633231,-0.15083500,0.04074000
1624632810.37874818,-0.22250000,-0.43633231,-0.17072000,0.04995500
1624632810.47867918,-0.19650000,-0.43633231,-0.18769500,0.05965500
1624632810.57870626,-0.18350000,-0.43633231,-0.20370000,0.06887000
1624632810.67847943,-0.16350000,-0.45378561,-0.21776500,0.07760000
1624632810.77915597,-0.14950000,-0.45378561,-0.22989000,0.08681500
1624632810.87929273,-0.12150000,-0.45378561,-0.23959000,0.09360500
1624632810.97911382,-0.10750000,-0.45378561,-0.24783500,0.10088000
1624632811.07949448,-0.08550000,-0.45378561,-0.25365500,0.10670000
1624632811.17981219,-0.06500000,-0.45378561,-0.25899000,0.11155000
1624632811.28016281,-0.04300000,-0.45378561,-0.26190000,0.11494500
1624632811.38049459,-0.02900000,-0.45378561,-0.26384000,0.11688500
1624632811.48101425,-0.00700000,-0.45378561,-0.26384000,0.11785500
1624632811.58139062,0.00700000,-0.45378561,-0.26384000,0.11737000
1624632811.68084478,0.01400000,-0.45378561,-0.26335500,0.11640000
1624632811.78140497,0.02500000,-0.45378561,-0.26238500,0.11446000
1624632811.88070130,0.03500000,-0.45378561,-0.26044500,0.11106500
1624632811.98105621,0.04600000,-0.45378561,-0.25802000,0.10718500
1624632812.08142519,0.05200000,-0.43633231,-0.25608000,0.10233500
1624632812.18075991,0.08150000,-0.45378561,-0.25414000,0.09409000
1624632812.28107142,0.11150000,-0.45378561,-0.25123000,0.08342000
1624632812.38138413,0.14150000,-0.45378561,-0.24832000,0.07032500
1624632812.48063350,0.17150000,-0.43633231,-0.24541000,0.05335000
1624632812.58128333,0.18750000,-0.43633231,-0.24201500,0.03443500
1624632812.68113685,0.20650000,-0.43633231,-0.24007500,0.01309500
1624632812.78109407,0.22450000,-0.41887902,-0.23910500,-0.00873000
1624632812.88137603,0.23650000,-0.41887902,-0.23910500,-0.03298000
1624632812.98061275,0.25350000,-0.40142573,-0.23959000,-0.05771500
1624632813.08090663,0.26350000,-0.40142573,-0.24153000,-0.08487500
1624632813.18122506,0.27950000,-0.38397244,-0.24492500,-0.11155000
1624632813.28067207,0.28350000,-0.38397244,-0.24880500,-0.13968000
1624632813.38092947,0.29750000,-0.36651914,-0.25462500,-0.16975000
1624632813.48117590,0.30550000,-0.34906585,-0.26190000,-0.19885000
1624632813.58150578,0.31350000,-0.34906585,-0.26966000,-0.22989000
1624632813.68081069,0.32050000,-0.33161256,-0.27984500,-0.26093000
1624632813.78110456,0.32650000,-0.31415927,-0.28954500,-0.29197000
1624632813.88140583,0.33250000,-0.31415927,-0.30167000,-0.32252500
1624632813.98065758,0.33750000,-0.29670597,-0.31476500,-0.35356500
1624632814.08116364,0.33850000,-0.27925268,-0.32883000,-0.38460500
1624632814.18062258,0.34250000,-0.26179939,-0.34386500,-0.41564500
1624632814.28095102,0.34650000,-0.24434610,-0.35987000,-0.44668500
1624632814.38128114,0.34950000,-0.22689280,-0.37684500,-0.47772500
1624632814.48079515,0.34950000,-0.22689280,-0.39479000,-0.50779500
1624632814.58126688,0.34950000,-0.20943951,-0.41273500,-0.53786500
1624632814.68153644,0.35050000,-0.19198622,-0.43165000,-0.56696500
1624632814.78184581,0.34950000,-0.19198622,-0.45056500,-0.59558000
1624632814.88216066,0.35050000,-0.17453293,-0.47093500,-0.62468000
1624632814.98166537,0.34950000,-0.15707963,-0.49179000,-0.65281000
1624632815.08201003,0.34650000,-0.15707963,-0.51167500,-0.68094000
1624632815.18248081,0.34650000,-0.13962634,-0.53253000,-0.70761500
1624632815.28348780,0.34450000,-0.13962634,-0.55484000,-0.73477500
1624632815.38368773,0.34250000,-0.12217305,-0.57569500,-0.76193500
1624632815.48431802,0.34050000,-0.12217305,-0.59752000,-0.78764000
1624632815.58463526,0.33750000,-0.10471976,-0.61983000,-0.81383000
1624632815.68466234,0.33550000,-0.08726646,-0.64165500,-0.83856500
1624632815.78477693,0.33250000,-0.08726646,-0.66396500,-0.86378500
1624632815.88513422,0.32850000,-0.08726646,-0.68676000,-0.88755000
1624632815.98467970,0.32650000,-0.08726646,-0.70858500,-0.91180000
1624632816.08465576,0.32350000,-0.06981317,-0.73089500,-0.93556500
1624632816.18498325,0.32050000,-0.06981317,-0.75272000,-0.95884500
1624632816.28533912,0.31750000,-0.06981317,-0.77454500,-0.98164000
1624632816.38463879,0.31450000,-0.06981317,-0.79685500,-1.00395000
1624632816.48495746,0.31150000,-0.05235988,-0.81868000,-1.02577500
1624632816.58529520,0.30850000,-0.05235988,-0.84099000,-1.04760000
1624632816.68556833,0.30550000,-0.03490659,-0.86281500,-1.06991000
1624632816.78591299,0.30250000,-0.03490659,-0.88367000,-1.09076500
1624632816.88624406,0.29950000,-0.03490659,-0.90598000,-1.11162000
1624632816.98657703,0.29650000,-0.03490659,-0.92683500,-1.13199000
1624632817.08753657,0.29350000,-0.03490659,-0.94769000,-1.15284500
1624632817.18786144,0.29050000,-0.03490659,-0.96854500,-1.17273000
1624632817.28817225,0.28750000,-0.01745329,-0.98988500,-1.19261500
1624632817.38851333,0.28450000,-0.01745329,-1.01074000,-1.21153000
1624632817.48769307,0.28150000,-0.01745329,-1.03159500,-1.23190000
1624632817.58808661,0.27850000,-0.01745329,-1.05196500,-1.25081500
1624632817.68845224,0.27550000,-0.01745329,-1.07185000,-1.26973000
1624632817.78783751,0.27250000,-0.01745329,-1.09173500,-1.28767500
1624632817.88818026,0.26950000,-0.01745329,-1.11162000,-1.30659000
1624632817.98838520,0.26650000,-0.01745329,-1.13199000,-1.32453500
1624632818.08806229,0.26450000,-0.01745329,-1.15090500,-1.34296500
1624632818.18836784,0.26150000,-0.01745329,-1.17079000,-1.36091000
1624632818.28767610,0.25850000,-0.01745329,-1.18970500,-1.37788500
1624632818.38824344,0.25550000,-0.01745329,-1.20862000,-1.39486000
1624632818.48760748,0.25250000,-0.01745329,-1.22753500,-1.41183500
1624632818.58793211,0.25050000,-0.01745329,-1.24596500,-1.42881000
1624632818.68823814,0.24750000,-0.01745329,-1.26488000,-1.44481500
1624632818.78831148,0.24550000,-0.01745329,-1.28282500,-1.46179000
1624632818.88818073,0.24250000,-0.01745329,-1.30077000,-1.47779500
1624632818.98779011,0.23950000,-0.01745329,-1.31871500,-1.49380000
1624632819.08837509,0.23750000,-0.01745329,-1.33666000,-1.50980500
1624632819.18772912,0.23450000,-0.01745329,-1.35363500,-1.52484000
1624632819.28807497,0.23300000,0.00000000,-1.37158000,-1.54084500
1624632819.38843083,0.22950000,-0.01745329,-1.38855500,-1.55588000
1624632819.48824143,0.22750000,-0.01745329,-1.40553000,-1.57091500
1624632819.58763576,0.22550000,-0.01745329,-1.42299000,-1.58595000
1624632819.68820930,0.22300000,0.00000000,-1.43996500,-1.59953000
1624632819.78762984,0.22100000,0.00000000,-1.45694000,-1.61456500
1624632819.88820243,0.21900000,0.00000000,-1.47294500,-1.62863000
1624632819.98860502,0.21600000,0.00000000,-1.48895000,-1.64366500
1624632820.08912897,0.21400000,0.00000000,-1.50592500,-1.65773000
1624632820.18916345,0.21200000,0.00000000,-1.52096000,-1.67179500
1624632820.28954864,0.20950000,0.01745329,-1.53696500,-1.68489000
1624632820.39027476,0.20650000,0.01745329,-1.55297000,-1.69895500
1624632820.49054337,0.20450000,0.01745329,-1.56752000,-1.71156500
1624632820.59096932,0.20250000,0.01745329,-1.58255500,-1.72563000
1624632820.69143772,0.20050000,0.01745329,-1.59759000,-1.73872500
1624632820.79093957,0.19850000,0.01745329,-1.61262500,-1.75182000
1624632820.89131212,0.19650000,0.01745329,-1.62766000,-1.76491500
1624632820.99068856,0.19450000,0.01745329,-1.64172500,-1.77752500
1624632821.09093046,0.19250000,0.01745329,-1.65676000,-1.79062000
1624632821.19123793,0.19050000,0.01745329,-1.67082500,-1.80371500
1624632821.29087687,0.18900000,0.00000000,-1.68489000,-1.81681000
1624632821.39115381,0.18700000,0.00000000,-1.69895500,-1.82990500
1624632821.49150991,0.18500000,0.00000000,-1.71253500,-1.84154500
1624632821.59178066,0.18300000,0.00000000,-1.72563000,-1.85367000
1624632821.69181013,0.18100000,0.00000000,-1.73969500,-1.86579500
1624632821.79219890,0.17900000,0.00000000,-1.75279000,-1.87792000
1624632821.89252138,0.17700000,0.00000000,-1.76588500,-1.88956000
1624632821.99283957,0.17500000,0.00000000,-1.77898000,-1.90168500
1624632822.09309626,0.17300000,0.00000000,-1.79159000,-1.91381000
1624632822.19338655,0.17100000,0.00000000,-1.80468500,-1.92496500
1624632822.29260182,0.17000000,0.00000000,-1.81681000,-1.93563500
1624632822.39293647,0.16800000,0.00000000,-1.82990500,-1.94776000
1624632822.49329090,0.16600000,0.00000000,-1.84154500,-1.95891500
1624632822.59265757,0.16400000,0.00000000,-1.85464000,-1.96958500
1624632822.69324541,0.16200000,0.00000000,-1.86676500,-1.98074000
1624632822.79288769,0.16100000,0.00000000,-1.87792000,-1.99189500
1624632822.89318585,0.15900000,0.00000000,-1.88956000,-2.00159500
1624632822.99347472,0.15700000,0.00000000,-1.90168500,-2.01275000
1624632823.09269595,0.15600000,0.00000000,-1.91284000,-2.02293500
1624632823.19295526,0.15400000,0.00000000,-1.92496500,-2.03360500
1624632823.29325199,0.15200000,0.00000000,-1.93563500,-2.04379000
1624632823.39349675,0.15100000,0.00000000,-1.94679000,-2.05397500
1624632823.49378657,0.14900000,0.00000000,-1.95794500,-2.06367500
1624632823.59387398,0.14800000,0.00000000,-1.96958500,-2.07386000
1624632823.69385839,0.14600000,0.00000000,-1.97977000,-2.08356000
1624632823.79413223,0.14500000,0.00000000,-1.99092500,-2.09277500
1624632823.89448643,0.14300000,0.00000000,-2.00159500,-2.10296000
1624632823.99470973,0.14200000,0.00000000,-2.01178000,-2.11266000
1624632824.09492087,0.14000000,0.00000000,-2.02293500,-2.12187500
1624632824.19514060,0.13900000,0.00000000,-2.03263500,-2.13060500
1624632824.29535246,0.13700000,0.00000000,-2.04282000,-2.13982000
1624632824.39555264,0.13600000,0.00000000,-2.05252000,-2.14855000
1624632824.49580503,0.13400000,0.00000000,-2.06270500,-2.15776500
1624632824.59604716,0.13300000,0.00000000,-2.07289000,-2.16698000
1624632824.69629264,0.13100000,0.00000000,-2.08259000,-2.17571000
1624632824.79654884,0.13000000,0.00000000,-2.09180500,-2.18492500
1624632824.89681506,0.12900000,0.00000000,-2.10199000,-2.19365500
1624632824.99713683,0.12700000,0.00000000,-2.11169000,-2.20190000
1624632825.09737420,0.12600000,0.00000000,-2.12090500,-2.21063000
1624632825.19759059,0.12500000,0.00000000,-2.12963500,-2.21887500
1624632825.29782796,0.12300000,0.00000000,-2.13885000,-2.22663500
1624632825.39800406,0.12200000,0.00000000,-2.14758000,-2.23488000
1624632825.49806738,0.12100000,0.00000000,-2.15679500,-2.24264000
1624632825.59833288,0.11900000,0.00000000,-2.16552500,-2.25088500
1624632825.69855404,0.11800000,0.00000000,-2.17474000,-2.25864500
1624632825.79877663,0.11700000,0.00000000,-2.18395500,-2.26689000
1624632825.89900112,0.11600000,0.00000000,-2.19171500,-2.27465000
1624632825.99922824,0.11500000,0.00000000,-2.20093000,-2.28289500
1624632826.09942746,0.11300000,0.00000000,-2.20869000,-2.28968500
1624632826.19863296,0.11200000,0.00000000,-2.21693500,-2.29793000
1624632826.29900599,0.11100000,0.00000000,-2.22566500,-2.30472000
1624632826.39936876,0.11000000,0.00000000,-2.23391000,-2.31296500
1624632826.49941850,0.10900000,0.00000000,-2.24167000,-2.31975500
1624632826.59875250,0.10700000,0.00000000,-2.24991500,-2.32654500
1624632826.69907427,0.10600000,0.00000000,-2.25767500,-2.33382000
1624632826.79940319,0.10500000,0.00000000,-2.26592000,-2.34061000
1624632826.89862299,0.10400000,0.00000000,-2.27271000,-2.34788500
1624632826.99899983,0.10300000,0.00000000,-2.28095500,-2.35467500
1624632827.09901524,0.10200000,0.00000000,-2.28774500,-2.36195000
1624632827.19871068,0.10100000,0.00000000,-2.29599000,-2.36874000
1624632827.29911327,0.10000000,0.00000000,-2.30278000,-2.37456000
1624632827.39936686,0.09900000,0.00000000,-2.31054000,-2.38183500
1624632827.49928117,0.09800000,0.00000000,-2.31781500,-2.38862500
1624632827.59852672,0.09700000,0.00000000,-2.32460500,-2.39493000
1624632827.69866633,0.09550000,-0.01745329,-2.33188000,-2.40172000
1624632827.79928017,0.09500000,0.00000000,-2.33867000,-2.40754000
1624632827.90030694,0.09400000,0.00000000,-2.34594500,-2.41384500
1624632827.99974799,0.09300000,0.00000000,-2.35273500,-2.42063500
1624632828.10007286,0.09150000,-0.01745329,-2.35952500,-2.42694000
1624632828.19998264,0.09050000,-0.01745329,-2.36680000,-2.43276000
1624632828.29992843,0.08950000,-0.01745329,-2.37359000,-2.43858000
1624632828.40025210,0.08850000,-0.01745329,-2.37989500,-2.44488500
1624632828.50057411,0.08850000,-0.01745329,-2.38668500,-2.45070500
1624632828.60121775,0.08650000,-0.01745329,-2.39299000,-2.45555500
1624632828.70139456,0.08650000,-0.01745329,-2.39978000,-2.46186000
1624632828.80154657,0.08550000,-0.01745329,-2.40560000,-2.46768000
1624632828.90171123,0.08450000,-0.01745329,-2.41287500,-2.47253000
1624632829.00193048,0.08350000,-0.01745329,-2.41869500,-2.47883500
1624632829.10220838,0.08250000,-0.01745329,-2.42451500,-2.48368500
1624632829.20249009,0.08200000,0.00000000,-2.43179000,-2.48999000
1624632829.30176497,0.08200000,0.00000000,-2.43761000,-2.49484000
1624632829.40183234,0.08100000,0.00000000,-2.44391500,-2.49969000
1624632829.50207567,0.08000000,0.00000000,-2.44973500,-2.50454000
1624632829.60239220,0.07850000,0.01745329,-2.45555500,-2.51084500
1624632829.70166755,0.07800000,0.00000000,-2.46186000,-2.51569500
1624632829.80172729,0.07700000,0.00000000,-2.46671000,-2.52054500
1624632829.90178823,0.07550000,0.01745329,-2.47253000,-2.52588000
1624632830.00209856,0.07550000,0.01745329,-2.47883500,-2.53073000
1624632830.10238028,0.07450000,0.01745329,-2.48465500,-2.53558000
1624632830.20244646,0.07350000,0.01745329,-2.48999000,-2.54091500
1624632830.30171680,0.07250000,0.01745329,-2.49581000,-2.54479500
1624632830.40203905,0.07150000,0.01745329,-2.50066000,-2.54964500
1624632830.50243235,0.07150000,0.01745329,-2.50599500,-2.55498000
1624632830.60170913,0.07050000,0.01745329,-2.51181500,-2.55983000
1624632830.70173836,0.06950000,0.01745329,-2.51666500,-2.56371000
1624632830.80166864,0.06850000,0.01745329,-2.52151500,-2.56856000
1624632830.90218949,0.06850000,0.01745329,-2.52685000,-2.57389500
1624632831.00170135,0.06750000,0.01745329,-2.53170000,-2.57777500
1624632831.10196424,0.06700000,0.00000000,-2.53655000,-2.58262500
1624632831.20229936,0.06600000,0.00000000,-2.54188500,-2.58699000
1624632831.30261421,0.06600000,0.00000000,-2.54673500,-2.59087000
1624632831.40288806,0.06500000,0.00000000,-2.55158500,-2.59572000
1624632831.50303769,0.06400000,0.00000000,-2.55595000,-2.59960000
1624632831.60282969,0.06400000,0.00000000,-2.56080000,-2.60396500
1624632831.70324421,0.06300000,0.00000000,-2.56565000,-2.60881500
1624632831.80347800,0.06200000,0.00000000,-2.56953000,-2.61269500
1624632831.90318775,0.06200000,0.00000000,-2.57486500,-2.61657500
1624632832.00346112,0.06100000,0.00000000,-2.57971500,-2.62094000
1624632832.10273242,0.06000000,0.00000000,-2.58359500,-2.62482000
1624632832.20301557,0.06000000,0.00000000,-2.58893000,-2.62870000
1624632832.30331445,0.05900000,0.00000000,-2.59281000,-2.63258000
1624632832.40359521,0.05800000,0.00000000,-2.59669000,-2.63694500
1624632832.50406790,0.05800000,0.00000000,-2.60057000,-2.64082500
1624632832.60440040,0.05700000,0.00000000,-2.60590500,-2.64470500
1624632832.70429945,0.05600000,0.00000000,-2.60978500,-2.64761500
1624632832.80373573,0.05500000,0.00000000,-2.61366500,-2.65198000
1624632832.90434408,0.05500000,0.00000000,-2.61754500,-2.65586000
1624632833.00428128,0.05500000,0.00000000,-2.62191000,-2.65974000
1624632833.10452795,0.05400000,0.00000000,-2.62579000,-2.66265000
1624632833.20501232,0.05300000,0.00000000,-2.62967000,-2.66653000
1624632833.30543661,0.05300000,0.00000000,-2.63355000,-2.66992500
1624632833.40476847,0.05200000,0.00000000,-2.63791500,-2.67380500
1624632833.50506139,0.05100000,0.00000000,-2.64082500,-2.67671500
1624632833.60551238,0.05100000,0.00000000,-2.64470500,-2.68059500
1624632833.70585465,0.05000000,0.00000000,-2.64858500,-2.68399000
1624632833.80636501,0.05000000,0.00000000,-2.65295000,-2.68690000
1624632833.90662122,0.04900000,0.00000000,-2.65586000,-2.69078000
1624632834.00685215,0.04900000,0.00000000,-2.65974000,-2.69369000
1624632834.10729074,0.04800000,0.00000000,-2.66265000,-2.69660000
1624632834.20754552,0.04800000,0.00000000,-2.66653000,-2.69999500
1624632834.30773306,0.04700000,0.00000000,-2.66992500,-2.70290500
1624632834.40811968,0.04700000,0.00000000,-2.67380500,-2.70678500
1624632834.50806499,0.04600000,0.00000000,-2.67671500,-2.70969500
1624632834.60836053,0.04600000,0.00000000,-2.68059500,-2.71260500
1624632834.70769238,0.04500000,0.00000000,-2.68399000,-2.71551500
1624632834.80806303,0.04500000,0.00000000,-2.68690000,-2.71891000
1624632834.90834427,0.04400000,0.00000000,-2.69078000,-2.72182000
1624632835.00766945,0.04400000,0.00000000,-2.69369000,-2.72473000
1624632835.10800457,0.04300000,0.00000000,-2.69660000,-2.72764000
1624632835.20836401,0.04300000,0.00000000,-2.69999500,-2.73055000
1624632835.30788684,0.04300000,0.00000000,-2.70290500,-2.73297500
1624632835.40839696,0.04200000,0.00000000,-2.70678500,-2.73588500
1624632835.50750828,0.04200000,0.00000000,-2.70969500,-2.73879500
1624632835.60849190,0.04100000,0.00000000,-2.71260500,-2.74170500
1624632835.70777392,0.04100000,0.00000000,-2.71551500,-2.74461500
1624632835.80801535,0.04000000,0.00000000,-2.71891000,-2.74655500
1624632835.90826964,0.04000000,0.00000000,-2.72182000,-2.74995000
1624632836.00855684,0.03900000,0.00000000,-2.72473000,-2.75286000
1624632836.10880375,0.03900000,0.00000000,-2.72667000,-2.75480000
1624632836.20903826,0.03900000,0.00000000,-2.72958000,-2.75771000
1624632836.30950356,0.03800000,0.00000000,-2.73297500,-2.75965000
1624632836.40878463,0.03800000,0.00000000,-2.73588500,-2.76256000
1624632836.50905633,0.03700000,0.00000000,-2.73879500,-2.76498500
1624632836.60934639,0.03700000,0.00000000,-2.74073500,-2.76789500
1624632836.70868659,0.03700000,0.00000000,-2.74364500,-2.76983500
1624632836.80898833,0.03550000,-0.01745329,-2.74655500,-2.77274500
1624632836.90926075,0.03600000,0.00000000,-2.74995000,-2.77468500
1624632837.00886774,0.03600000,0.00000000,-2.75189000,-2.77759500
1624632837.10894966,0.03500000,0.00000000,-2.75480000,-2.77953500
1624632837.20913458,0.03450000,-0.01745329,-2.75674000,-2.78196000
1624632837.30944037,0.03400000,0.00000000,-2.75965000,-2.78487000
1624632837.40867972,0.03400000,0.00000000,-2.76159000,-2.78681000
1624632837.50930643,0.03400000,0.00000000,-2.76498500,-2.78875000
1624632837.60957670,0.03300000,0.00000000,-2.76692500,-2.79069000
1624632837.70986724,0.03300000,0.00000000,-2.76983500,-2.79360000
1624632837.81017637,0.03300000,0.00000000,-2.77177500,-2.79554000
1624632837.91049647,0.03150000,-0.01745329,-2.77468500,-2.79796500
1624632838.00978708,0.03150000,-0.01745329,-2.77662500,-2.79990500
1624632838.10984874,0.03200000,0.00000000,-2.77856500,-2.80184500
1624632838.21040058,0.03100000,0.00000000,-2.78196000,-2.80378500
1624632838.30964994,0.03100000,0.00000000,-2.78390000,-2.80572500
1624632838.40997171,0.03050000,-0.01745329,-2.78584000,-2.80766500
1624632838.51031971,0.03000000,0.00000000,-2.78875000,-2.80960500
1624632838.61041284,0.02950000,-0.01745329,-2.79069000,-2.81154500
1624632838.70970631,0.02950000,-0.01745329,-2.79263000,-2.81397000
1624632838.80993438,0.02900000,0.00000000,-2.79457000,-2.81591000
1624632838.91018581,0.02900000,0.00000000,-2.79699500,-2.81785000
1624632839.00977349,0.02900000,0.00000000,-2.79990500,-2.81979000
1624632839.10969067,0.02800000,0.00000000,-2.80184500,-2.82173000
1624632839.20986199,0.02800000,0.00000000,-2.80378500,-2.82367000
1624632839.31009197,0.02800000,0.00000000,-2.80572500,-2.82561000
1624632839.41047955,0.02800000,0.00000000,-2.80766500,-2.82755000
1624632839.51084423,0.02700000,0.00000000,-2.80960500,-2.82852000
1624632839.61121368,0.02650000,0.01745329,-2.81154500,-2.83094500
1624632839.71151829,0.02650000,0.01745329,-2.81397000,-2.83288500
1624632839.81178164,0.02550000,0.01745329,-2.81591000,-2.83482500
1624632839.91213441,0.02550000,0.01745329,-2.81785000,-2.83579500
1624632840.01227331,0.02600000,0.00000000,-2.81979000,-2.83773500
1624632840.11205816,0.02550000,0.01745329,-2.82173000,-2.83967500
1624632840.21200299,0.02500000,0.00000000,-2.82367000,-2.84161500
1624632840.31189728,0.02500000,0.00000000,-2.82561000,-2.84258500
1624632840.41217852,0.02500000,0.00000000,-2.82658000,-2.84452500
1624632840.51241684,0.02500000,0.00000000,-2.82852000,-2.84695000
1624632840.61174226,0.02400000,0.00000000,-2.83094500,-2.84792000
1624632840.71198750,0.02400000,0.00000000,-2.83288500,-2.84986000
1624632840.81224394,0.02400000,0.00000000,-2.83482500,-2.85083000
1624632840.91251540,0.02300000,0.00000000,-2.83579500,-2.85277000
1624632841.01277041,0.02300000,0.00000000,-2.83773500,-2.85374000
1624632841.11303329,0.02250000,-0.01745329,-2.83967500,-2.85568000
1624632841.21334291,0.02300000,0.00000000,-2.84161500,-2.85665000
1624632841.31358814,0.02200000,0.00000000,-2.84258500,-2.85859000
1624632841.41390657,0.02200000,0.00000000,-2.84452500,-2.85956000
1624632841.51415968,0.02200000,0.00000000,-2.84598000,-2.86198500
1624632841.61452365,0.02200000,0.00000000,-2.84792000,-2.86295500
1624632841.71377993,0.02200000,0.00000000,-2.84986000,-2.86489500
1624632841.81401491,0.02100000,0.00000000,-2.85083000,-2.86586500
1624632841.91428256,0.02100000,0.00000000,-2.85277000,-2.86780500
1624632842.01403213,0.02100000,0.00000000,-2.85374000,-2.86877500
1624632842.11376357,0.02050000,-0.01745329,-2.85568000,-2.86974500
1624632842.21401072,0.02000000,0.00000000,-2.85665000,-2.87168500
1624632842.31428194,0.02000000,0.00000000,-2.85859000,-2.87265500
1624632842.41431141,0.02000000,0.00000000,-2.85956000,-2.87362500
1624632842.51458430,0.02000000,0.00000000,-2.86198500,-2.87556500
1624632842.61489463,0.02000000,0.00000000,-2.86295500,-2.87653500
1624632842.71518826,0.01900000,0.00000000,-2.86489500,-2.87799000
1624632842.81544161,0.01850000,-0.01745329,-2.86586500,-2.87993000
1624632842.91473126,0.01900000,0.00000000,-2.86780500,-2.88090000
1624632843.01499677,0.01900000,0.00000000,-2.86877500,-2.88187000
1624632843.11529970,0.01900000,0.00000000,-2.87071500,-2.88284000
1624632843.21553040,0.01800000,0.00000000,-2.87168500,-2.88478000
1624632843.31582093,0.01800000,0.00000000,-2.87265500,-2.88575000
1624632843.41589308,0.01750000,-0.01745329,-2.87459500,-2.88672000
1624632843.51615286,0.01800000,0.00000000,-2.87556500,-2.88769000
1624632843.61622190,0.01800000,0.00000000,-2.87653500,-2.88866000
1624632843.71643281,0.01700000,0.00000000,-2.87896000,-2.89060000
1624632843.81622243,0.01700000,0.00000000,-2.87993000,-2.89157000
1624632843.91648054,0.01700000,0.00000000,-2.88090000,-2.89254000
1624632844.01572847,0.01700000,0.00000000,-2.88187000,-2.89399500
1624632844.11600375,0.01700000,0.00000000,-2.88381000,-2.89496500
1624632844.21624875,0.01700000,0.00000000,-2.88478000,-2.89593500
1624632844.31651449,0.01600000,0.00000000,-2.88575000,-2.89690500
1624632844.41684103,0.01600000,0.00000000,-2.88672000,-2.89787500
1624632844.51708674,0.01600000,0.00000000,-2.88769000,-2.89884500
1624632844.61700368,0.01600000,0.00000000,-2.88963000,-2.89981500
1624632844.71728921,0.01600000,0.00000000,-2.89060000,-2.90175500
1624632844.81753707,0.01600000,0.00000000,-2.89157000,-2.90272500
1624632844.91778421,0.01500000,0.00000000,-2.89254000,-2.90369500
1624632845.01769257,0.01500000,0.00000000,-2.89399500,-2.90466500
1624632845.11859035,0.01500000,0.00000000,-2.89496500,-2.90563500
1624632845.21950793,0.01500000,0.00000000,-2.89690500,-2.90660500
1624632845.31977654,0.01500000,0.00000000,-2.89787500,-2.90757500
1624632845.42056394,0.01500000,0.00000000,-2.89884500,-2.90854500
1624632845.52155375,0.01350000,-0.01745329,-2.89981500,-2.90951500
1624632845.62241888,0.01400000,0.00000000,-2.90078500,-2.90951500
1624632845.72163033,0.01400000,0.00000000,-2.90175500,-2.91097000
1624632845.82177544,0.01400000,0.00000000,-2.90272500,-2.91194000
1624632845.92245555,0.01400000,0.00000000,-2.90369500,-2.91291000
1624632846.02326846,0.01400000,0.00000000,-2.90466500,-2.91388000
1624632846.12350965,0.01250000,0.01745329,-2.90563500,-2.91485000
1624632846.22376704,0.01250000,0.01745329,-2.90660500,-2.91582000
1624632846.32402015,0.01250000,0.01745329,-2.90757500,-2.91679000
1624632846.42428851,0.01250000,0.01745329,-2.90854500,-2.91776000
1624632846.52456808,0.01250000,0.01745329,-2.90951500,-2.91776000
1624632846.62483001,0.01250000,0.01745329,-2.91097000,-2.91873000
1624632846.72509861,0.01300000,0.00000000,-2.91194000,-2.91970000
1624632846.82537556,0.01300000,0.00000000,-2.91291000,-2.92067000
1624632846.92464900,0.01200000,0.00000000,-2.91388000,-2.92164000
1624632847.02492428,0.01200000,0.00000000,-2.91485000,-2.92261000
1624632847.12522101,0.01200000,0.00000000,-2.91582000,-2.92358000
1624632847.22556901,0.01200000,0.00000000,-2.91582000,-2.92358000
1624632847.32596278,0.01200000,0.00000000,-2.91679000,-2.92455000
1624632847.42580962,0.01200000,0.00000000,-2.91776000,-2.92552000
1624632847.52579522,0.01200000,0.00000000,-2.91873000,-2.92697500
1624632847.62578344,0.01100000,0.00000000,-2.91970000,-2.92697500
1624632847.72642541,0.01100000,0.00000000,-2.92067000,-2.92794500
1624632847.82654452,0.01100000,0.00000000,-2.92164000,-2.92891500
1624632847.92682314,0.01100000,0.00000000,-2.92164000,-2.92988500
1624632848.02692533,0.01100000,0.00000000,-2.92261000,-2.92988500
1624632848.12690735,0.01100000,0.00000000,-2.92358000,-2.93085500
1624632848.22688794,0.01100000,0.00000000,-2.92455000,-2.93182500
1624632848.32683825,0.01100000,0.00000000,-2.92552000,-2.93279500
1624632848.42681694,0.01100000,0.00000000,-2.92552000,-2.93279500
1624632848.52695441,0.01050000,-0.01745329,-2.92697500,-2.93376500
1624632848.62706828,0.01000000,0.00000000,-2.92794500,-2.93473500
1624632848.72718453,0.01000000,0.00000000,-2.92891500,-2.93473500
1624632848.82730770,0.01000000,0.00000000,-2.92988500,-2.93570500
1624632848.92740226,0.01000000,0.00000000,-2.92988500,-2.93667500
1624632849.02748990,0.01000000,0.00000000,-2.93085500,-2.93667500
1624632849.12860179,0.01000000,0.00000000,-2.93182500,-2.93764500
1624632849.22900844,0.01000000,0.00000000,-2.93182500,-2.93861500
1624632849.32915759,0.01000000,0.00000000,-2.93279500,-2.93861500
1624632849.42936087,0.01000000,0.00000000,-2.93376500,-2.93958500
1624632849.52867842,0.00900000,0.00000000,-2.93473500,-2.94055500
1624632849.62860417,0.00900000,0.00000000,-2.93473500,-2.94055500
1624632849.72873735,0.00900000,0.00000000,-2.93570500,-2.94152500
1624632849.82891369,0.00900000,0.00000000,-2.93667500,-2.94298000
1624632849.92931128,0.00900000,0.00000000,-2.93667500,-2.94298000
1624632850.02862144,0.00900000,0.00000000,-2.93764500,-2.94395000
1624632850.12879133,0.00900000,0.00000000,-2.93861500,-2.94395000
1624632850.22909260,0.00900000,0.00000000,-2.93861500,-2.94492000
1624632850.32948279,0.00900000,0.00000000,-2.93958500,-2.94589000
1624632850.42884851,0.00900000,0.00000000,-2.94055500,-2.94589000
1624632850.52941298,0.00900000,0.00000000,-2.94055500,-2.94686000
1624632850.62879705,0.00800000,0.00000000,-2.94152500,-2.94686000
1624632850.72904181,0.00800000,0.00000000,-2.94298000,-2.94783000
1624632850.82925296,0.00800000,0.00000000,-2.94298000,-2.94783000
1624632850.92943501,0.00750000,-0.01745329,-2.94395000,-2.94880000
1624632851.02880168,0.00800000,0.00000000,-2.94395000,-2.94880000
1624632851.12904882,0.00750000,-0.01745329,-2.94492000,-2.94977000
1624632851.22936106,0.00800000,0.00000000,-2.94589000,-2.95074000
1624632851.32947302,0.00800000,0.00000000,-2.94589000,-2.95074000
1624632851.42987919,0.00800000,0.00000000,-2.94686000,-2.95171000
1624632851.53017664,0.00800000,0.00000000,-2.94686000,-2.95171000
1624632851.63046026,0.00800000,0.00000000,-2.94783000,-2.95268000
1624632851.72985792,0.00700000,0.00000000,-2.94783000,-2.95268000
1624632851.83016491,0.00700000,0.00000000,-2.94880000,-2.95365000
1624632851.93035197,0.00700000,0.00000000,-2.94880000,-2.95365000
1624632852.03062773,0.00700000,0.00000000,-2.94977000,-2.95462000
1624632852.13081193,0.00700000,0.00000000,-2.95074000,-2.95462000
1624632852.23097563,0.00700000,0.00000000,-2.95074000,-2.95462000
1624632852.33119631,0.00700000,0.00000000,-2.95171000,-2.95559000
1624632852.43070149,0.00700000,0.00000000,-2.95171000,-2.95559000
1624632852.53084517,0.00700000,0.00000000,-2.95268000,-2.95656000
1624632852.63102865,0.00700000,0.00000000,-2.95268000,-2.95656000
1624632852.73124528,0.00700000,0.00000000,-2.95365000,-2.95753000
1624632852.83145380,0.00700000,0.00000000,-2.95365000,-2.95753000
1624632852.93174839,0.00700000,0.00000000,-2.95462000,-2.95898500
1624632853.03172445,0.00700000,0.00000000,-2.95462000,-2.95898500
1624632853.13193679,0.00600000,0.00000000,-2.95559000,-2.95995500
1624632853.23191977,0.00600000,0.00000000,-2.95559000,-2.95995500
1624632853.33174944,0.00600000,0.00000000,-2.95656000,-2.95995500
1624632853.43166542,0.00600000,0.00000000,-2.95656000,-2.96092500
1624632853.53163671,0.00600000,0.00000000,-2.95656000,-2.96092500
1624632853.63261056,0.00600000,0.00000000,-2.95753000,-2.96189500
1624632853.73330879,0.00600000,0.00000000,-2.95753000,-2.96189500
1624632853.83345795,0.00600000,0.00000000,-2.95898500,-2.96189500
1624632853.93359923,0.00600000,0.00000000,-2.95898500,-2.96286500
1624632854.03391242,0.00600000,0.00000000,-2.95995500,-2.96286500
1624632854.13409567,0.00600000,0.00000000,-2.95995500,-2.96383500
1624632854.23443246,0.00600000,0.00000000,-2.96092500,-2.96383500
1624632854.33371735,0.00600000,0.00000000,-2.96092500,-2.96383500
1624632854.43406963,0.00550000,0.01745329,-2.96092500,-2.96480500
1624632854.53425026,0.00600000,0.00000000,-2.96189500,-2.96480500
1624632854.63444448,0.00500000,0.00000000,-2.96189500,-2.96577500
1624632854.73367405,0.00500000,0.00000000,-2.96286500,-2.96577500
1624632854.83393788,0.00500000,0.00000000,-2.96286500,-2.96577500
1624632854.93416333,0.00500000,0.00000000,-2.96286500,-2.96674500
1624632855.03445339,0.00500000,0.00000000,-2.96383500,-2.96674500
1624632855.13372827,0.00500000,0.00000000,-2.96383500,-2.96674500
1624632855.23462915,0.00500000,0.00000000,-2.96480500,-2.96771500
1624632855.33480740,0.00500000,0.00000000,-2.96480500,-2.96771500
1624632855.43499398,0.00500000,0.00000000,-2.96480500,-2.96771500
1624632855.53511930,0.00450000,-0.01745329,-2.96577500,-2.96868500
1624632855.63526225,0.00500000,0.00000000,-2.96577500,-2.96868500
1624632855.73540998,0.00500000,0.00000000,-2.96577500,-2.96868500
1624632855.83466721,0.00500000,0.00000000,-2.96674500,-2.96965500
1624632855.93498731,0.00500000,0.00000000,-2.96674500,-2.96965500
1624632856.03533173,0.00500000,0.00000000,-2.96771500,-2.96965500
1624632856.13464594,0.00500000,0.00000000,-2.96771500,-2.97062500
1624632856.23497534,0.00500000,0.00000000,-2.96771500,-2.97062500
1624632856.33545947,0.00500000,0.00000000,-2.96868500,-2.97062500
1624632856.43479037,0.00400000,0.00000000,-2.96868500,-2.97062500
1624632856.53507066,0.00400000,0.00000000,-2.96868500,-2.97159500
1624632856.63549590,0.00350000,0.01745329,-2.96965500,-2.97159500
1624632856.73545551,0.00400000,0.00000000,-2.96965500,-2.97159500
1624632856.83554316,0.00400000,0.00000000,-2.96965500,-2.97256500
1624632856.93649197,0.00350000,0.01745329,-2.96965500,-2.97256500
1624632857.03746581,0.00350000,0.01745329,-2.97062500,-2.97256500
1624632857.13669205,0.00400000,0.00000000,-2.97062500,-2.97256500
1624632857.23701382,0.00350000,0.01745329,-2.97062500,-2.97353500
1624632857.33738327,0.00350000,0.01745329,-2.97159500,-2.97353500
1624632857.43678832,0.00400000,0.00000000,-2.97159500,-2.97353500
1624632857.53719330,0.00400000,0.00000000,-2.97159500,-2.97353500
1624632857.63753629,0.00350000,0.01745329,-2.97159500,-2.97499000
1624632857.73794866,0.00350000,0.01745329,-2.97256500,-2.97499000
1624632857.83861995,0.00400000,0.00000000,-2.97256500,-2.97499000
1624632857.93883252,0.00350000,0.01745329,-2.97256500,-2.97499000
1624632858.03862333,0.00350000,0.01745329,-2.97353500,-2.97596000
1624632858.13877559,0.00350000,0.01745329,-2.97353500,-2.97596000
1624632858.23890233,0.00350000,-0.01745329,-2.97353500,-2.97596000
1624632858.33896422,0.00400000,0.00000000,-2.97499000,-2.97693000
1624632858.43909144,0.00400000,0.00000000,-2.97499000,-2.97693000
1624632858.53925228,0.00350000,-0.01745329,-2.97499000,-2.97693000
1624632858.63939762,0.00350000,-0.01745329,-2.97499000,-2.97693000
1624632858.73947692,0.00350000,-0.01745329,-2.97596000,-2.97790000
1624632858.83871055,0.00350000,-0.01745329,-2.97596000,-2.97790000
1624632858.93890548,0.00300000,-0.01745329,-2.97596000,-2.97790000
1624632859.03897929,0.00300000,-0.01745329,-2.97596000,-2.97790000
1624632859.13911200,0.00300000,-0.01745329,-2.97693000,-2.97887000
1624632859.23916268,0.00300000,0.00000000,-2.97693000,-2.97887000
1624632859.33939862,0.00300000,0.00000000,-2.97693000,-2.97887000
1624632859.43932033,0.00300000,0.00000000,-2.97693000,-2.97887000
1624632859.53890157,0.00300000,0.00000000,-2.97790000,-2.97887000
1624632859.63921475,0.00300000,0.00000000,-2.97790000,-2.97984000
1624632859.73875761,0.00300000,0.00000000,-2.97790000,-2.97984000
1624632859.83931041,0.00300000,0.00000000,-2.97790000,-2.97984000
1624632859.93930221,0.00300000,0.00000000,-2.97790000,-2.97984000
1624632860.03846669,0.00300000,0.00000000,-2.97887000,-2.97984000
1624632860.13863444,0.00300000,0.01745329,-2.97887000,-2.98081000
1624632860.23907661,0.00300000,0.00000000,-2.97887000,-2.98081000
1624632860.33943009,0.00300000,0.00000000,-2.97887000,-2.98081000
1624632860.43910646,0.00300000,0.00000000,-2.97984000,-2.98081000
1624632860.53934073,0.00300000,0.00000000,-2.97984000,-2.98081000
1624632860.64050722,0.00300000,0.01745329,-2.97984000,-2.98178000
1624632860.74149895,0.00300000,0.00000000,-2.97984000,-2.98178000
1624632860.84110951,0.00300000,0.00000000,-2.97984000,-2.98178000
1624632860.94158125,0.00300000,0.00000000,-2.98081000,-2.98178000
1624632861.04181290,0.00300000,0.01745329,-2.98081000,-2.98178000
1624632861.14222455,0.00300000,0.01745329,-2.98081000,-2.98275000
1624632861.24256968,0.00300000,0.00000000,-2.98081000,-2.98275000
1624632861.34305072,0.00300000,0.00000000,-2.98178000,-2.98275000
1624632861.44357276,0.00300000,0.00000000,-2.98178000,-2.98275000
1624632861.54420447,0.00300000,0.01745329,-2.98178000,-2.98275000
1624632861.64376640,0.00300000,0.01745329,-2.98178000,-2.98372000
1624632861.74375105,0.00300000,0.00000000,-2.98178000,-2.98372000
1624632861.84435916,0.00300000,0.00000000,-2.98275000,-2.98372000
1624632861.94382429,0.00200000,0.01745329,-2.98275000,-2.98372000
1624632862.04404664,0.00200000,0.01745329,-2.98275000,-2.98372000
1624632862.14400268,0.00200000,0.01745329,-2.98275000,-2.98372000
1624632862.24449754,0.00200000,-0.01745329,-2.98275000,-2.98469000
1624632862.34386301,0.00200000,-0.01745329,-2.98275000,-2.98469000
1624632862.44424176,0.00200000,0.00000000,-2.98372000,-2.98469000
1624632862.54457450,0.00200000,0.00000000,-2.98372000,-2.98469000
1624632862.64535952,0.00200000,0.00000000,-2.98372000,-2.98469000
1624632862.74488831,0.00200000,0.00000000,-2.98372000,-2.98469000
1624632862.84498549,0.00200000,-0.01745329,-2.98372000,-2.98469000
1624632862.94490957,0.00200000,-0.01745329,-2.98372000,-2.98469000
1624632863.04524755,0.00200000,0.00000000,-2.98372000,-2.98566000
1624632863.14463687,0.00200000,0.00000000,-2.98469000,-2.98566000
1624632863.24556160,0.00200000,0.00000000,-2.98469000,-2.98566000
1624632863.34643292,0.00200000,0.00000000,-2.98469000,-2.98566000
1624632863.44566441,0.00200000,0.00000000,-2.98469000,-2.98566000
1624632863.54611707,0.00200000,0.01745329,-2.98469000,-2.98566000
1624632863.64643812,0.00200000,-0.01745329,-2.98469000,-2.98566000
1624632863.74582481,0.00200000,0.01745329,-2.98469000,-2.98663000
1624632863.84630513,0.00200000,0.01745329,-2.98566000,-2.98663000
1624632863.94565439,0.00200000,0.01745329,-2.98566000,-2.98663000
1624632864.04611492,0.00200000,0.01745329,-2.98566000,-2.98663000
1624632864.14606619,0.00200000,0.00000000,-2.98566000,-2.98663000
1624632864.24555087,0.00200000,0.01745329,-2.98566000,-2.98663000
1624632864.34656668,0.00200000,-0.01745329,-2.98566000,-2.98663000
1624632864.44729614,0.00200000,0.00000000,-2.98663000,-2.98663000
1624632864.54660702,0.00200000,0.00000000,-2.98663000,-2.98760000
1624632864.64723730,0.00200000,0.00000000,-2.98663000,-2.98760000
1624632864.74759698,0.00200000,0.00000000,-2.98663000,-2.98760000
1624632864.84806609,0.00200000,0.00000000,-2.98663000,-2.98760000
1624632864.94782233,0.00200000,0.00000000,-2.98663000,-2.98760000
1624632865.04804420,0.00200000,0.01745329,-2.98663000,-2.98760000
1624632865.14842200,0.00200000,-0.01745329,-2.98760000,-2.98760000
1624632865.24844694,0.00200000,-0.01745329,-2.98760000,-2.98857000
1624632865.34788799,0.00200000,-0.01745329,-2.98760000,-2.98857000
1624632865.44803119,0.00200000,-0.01745329,-2.98760000,-2.98857000
1624632865.54852057,0.00200000,-0.01745329,-2.98760000,-2.98857000
1624632865.64803481,0.00200000,-0.01745329,-2.98760000,-2.98857000
1624632865.74843669,0.00200000,0.01745329,-2.98760000,-2.98857000
1624632865.84774470,0.00200000,-0.01745329,-2.98857000,-2.98857000
1624632865.94830966,0.00200000,-0.01745329,-2.98857000,-2.98954000
1624632866.04795504,0.00200000,-0.01745329,-2.98857000,-2.98954000
1624632866.14829063,0.00200000,0.00000000,-2.98857000,-2.98954000
1624632866.24854732,0.00200000,0.00000000,-2.98857000,-2.98954000
1624632866.34962010,0.00200000,0.00000000,-2.98857000,-2.98954000
1624632866.44999981,0.00200000,0.03490659,-2.98857000,-2.98954000
1624632866.55017877,0.00200000,0.00000000,-2.98954000,-2.98954000
1624632866.65001273,0.00200000,0.00000000,-2.98954000,-2.98954000
1624632866.74984241,0.00200000,0.00000000,-2.98954000,-2.99099500
1624632866.84998417,0.00200000,0.00000000,-2.98954000,-2.99099500
1624632866.95027900,0.00200000,0.00000000,-2.98954000,-2.99099500
1624632867.05063224,0.00200000,0.00000000,-2.98954000,-2.99099500
1624632867.15097594,0.00100000,0.03490659,-2.98954000,-2.99099500
1624632867.25153756,0.00100000,0.03490659,-2.98954000,-2.99099500
1624632867.35221863,0.00100000,-0.01745329,-2.99099500,-2.99099500
1624632867.45196414,0.00100000,-0.01745329,-2.99099500,-2.99099500
1624632867.55172658,0.00100000,-0.01745329,-2.99099500,-2.99099500
1624632867.65224838,0.00100000,-0.01745329,-2.99099500,-2.99099500
1624632867.75196028,0.00100000,-0.03490659,-2.99099500,-2.99099500
1624632867.85236645,0.00100000,-0.03490659,-2.99099500,-2.99196500
1624632867.95247889,0.00100000,0.01745329,-2.99099500,-2.99196500
1624632868.05250216,0.00100000,0.01745329,-2.99099500,-2.99196500
1624632868.15177512,0.00100000,0.03490659,-2.99099500,-2.99196500
1624632868.25209379,0.00100000,0.03490659,-2.99099500,-2.99196500
1624632868.35242939,0.00100000,0.03490659,-2.99099500,-2.99196500
1624632868.45168257,0.00100000,-0.01745329,-2.99099500,-2.99196500
1624632868.55213833,0.00100000,-0.01745329,-2.99099500,-2.99196500
1624632868.65240073,0.00100000,-0.01745329,-2.99196500,-2.99196500
1624632868.75259948,0.00100000,-0.01745329,-2.99196500,-2.99196500
1624632868.85291839,0.00100000,-0.01745329,-2.99196500,-2.99196500
1624632868.95308232,0.00100000,-0.01745329,-2.99196500,-2.99196500
1624632869.05338335,0.00100000,-0.01745329,-2.99196500,-2.99196500
1624632869.15267587,0.00100000,-0.01745329,-2.99196500,-2.99196500
1624632869.25301313,0.00100000,0.03490659,-2.99196500,-2.99196500
1624632869.35335755,0.00100000,0.03490659,-2.99196500,-2.99293500
1624632869.45260239,0.00100000,0.03490659,-2.99196500,-2.99293500
1624632869.55312395,0.00100000,0.03490659,-2.99196500,-2.99293500
1624632869.65269876,0.00100000,0.03490659,-2.99196500,-2.99293500
1624632869.75317335,0.00100000,0.03490659,-2.99196500,-2.99293500
1624632869.85348296,0.00100000,0.03490659,-2.99196500,-2.99293500
1624632869.95271325,0.00100000,-0.01745329,-2.99196500,-2.99293500
1624632870.05292749,0.00100000,-0.01745329,-2.99293500,-2.99293500
1624632870.15331006,0.00100000,-0.01745329,-2.99293500,-2.99293500
1624632870.25281882,0.00100000,-0.01745329,-2.99293500,-2.99293500
1624632870.35300088,0.00100000,-0.01745329,-2.99293500,-2.99293500
1624632870.45328259,0.00100000,-0.01745329,-2.99293500,-2.99293500
1624632870.55260897,0.00100000,-0.01745329,-2.99293500,-2.99293500
1624632870.65286660,0.00100000,0.01745329,-2.99293500,-2.99293500
1624632870.75342345,0.00100000,0.01745329,-2.99293500,-2.99390500
1624632870.85268950,0.00100000,0.01745329,-2.99293500,-2.99390500
1624632870.95262027,0.00100000,0.01745329,-2.99293500,-2.99390500
1624632871.05267334,0.00100000,0.01745329,-2.99293500,-2.99390500
1624632871.15267277,0.00100000,0.01745329,-2.99293500,-2.99390500
1624632871.25282955,0.00100000,0.01745329,-2.99293500,-2.99390500
1624632871.35291004,0.00100000,-0.03490659,-2.99390500,-2.99390500
1624632871.45279741,0.00100000,-0.03490659,-2.99390500,-2.99390500
1624632871.55272031,0.00100000,-0.03490659,-2.99390500,-2.99390500
1624632871.65299726,0.00100000,-0.03490659,-2.99390500,-2.99390500
1624632871.75330734,0.00100000,-0.03490659,-2.99390500,-2.99390500
1624632871.85361767,0.00100000,-0.03490659,-2.99390500,-2.99390500
1624632871.95391202,0.00100000,0.01745329,-2.99390500,-2.99390500
1624632872.05370927,0.00100000,0.01745329,-2.99390500,-2.99390500
1624632872.15385580,0.00100000,0.01745329,-2.99390500,-2.99390500
1624632872.25423932,0.00100000,0.01745329,-2.99390500,-2.99487500
1624632872.35365558,0.00100000,0.03490659,-2.99390500,-2.99487500
1624632872.45406055,0.00100000,0.03490659,-2.99390500,-2.99487500
1624632872.55432343,0.00100000,0.03490659,-2.99390500,-2.99487500
1624632872.65446758,0.00100000,0.03490659,-2.99390500,-2.99487500
1624632872.75393128,0.00100000,0.03490659,-2.99487500,-2.99487500
1624632872.85399151,0.00100000,-0.03490659,-2.99487500,-2.99487500
1624632872.95406508,0.00100000,-0.03490659,-2.99487500,-2.99487500
1624632873.05435681,0.00100000,-0.03490659,-2.99487500,-2.99487500
1624632873.15369010,0.00100000,-0.03490659,-2.99487500,-2.99487500
1624632873.25393319,0.00100000,-0.03490659,-2.99487500,-2.99487500
1624632873.35430622,0.00100000,0.01745329,-2.99487500,-2.99487500
1624632873.45459175,0.00100000,0.01745329,-2.99487500,-2.99487500
1624632873.55480170,0.00100000,0.01745329,-2.99487500,-2.99487500
1624632873.65469313,0.00100000,0.01745329,-2.99487500,-2.99487500
1624632873.75548434,0.00100000,0.01745329,-2.99487500,-2.99584500
1624632873.85473204,0.00100000,0.01745329,-2.99487500,-2.99584500
1624632873.95555210,0.00100000,0.01745329,-2.99487500,-2.99584500
1624632874.05582070,0.00100000,0.01745329,-2.99487500,-2.99584500
1624632874.15612841,0.00100000,0.01745329,-2.99584500,-2.99584500
1624632874.25655174,0.00100000,0.01745329,-2.99584500,-2.99584500
1624632874.35701346,0.00100000,-0.03490659,-2.99584500,-2.99584500
1624632874.45739079,0.00100000,-0.03490659,-2.99584500,-2.99584500
1624632874.55664086,0.00100000,-0.03490659,-2.99584500,-2.99584500
1624632874.65703225,0.00100000,-0.03490659,-2.99584500,-2.99584500
1624632874.75736213,0.00100000,0.01745329,-2.99584500,-2.99584500
1624632874.85659790,0.00100000,0.01745329,-2.99584500,-2.99584500
1624632874.95690489,0.00100000,0.01745329,-2.99584500,-2.99584500
1624632875.05735493,0.00100000,0.01745329,-2.99584500,-2.99584500
1624632875.15667129,0.00100000,0.01745329,-2.99584500,-2.99681500
1624632875.25733495,0.00100000,0.01745329,-2.99584500,-2.99681500
1624632875.35661721,0.00100000,0.01745329,-2.99584500,-2.99681500
1624632875.45680213,0.00100000,0.01745329,-2.99681500,-2.99681500
1624632875.55701423,0.00100000,0.01745329,-2.99681500,-2.99681500
1624632875.65741324,0.00100000,0.01745329,-2.99681500,-2.99681500
1624632875.75695086,0.00100000,-0.06981317,-2.99681500,-2.99681500
1624632875.85701919,0.00100000,-0.06981317,-2.99681500,-2.99681500
1624632875.95734239,0.00100000,-0.06981317,-2.99681500,-2.99681500
1624632876.05662274,0.00000000,0.01745329,-2.99681500,-2.99681500
1624632876.15706372,0.00000000,0.01745329,-2.99681500,-2.99681500
1624632876.25737906,0.00000000,0.01745329,-2.99681500,-2.99681500
1624632876.35716152,0.00000000,0.01745329,-2.99681500,-2.99681500
1624632876.45748615,0.00000000,0.01745329,-2.99681500,-2.99681500
1624632876.55796003,0.00000000,0.01745329,-2.99681500,-2.99681500
1624632876.65833664,0.00000000,0.01745329,-2.99681500,-2.99681500
1624632876.75769591,0.00000000,0.01745329,-2.99681500,-2.99681500
1624632876.85795903,0.00000000,0.01745329,-2.99681500,-2.99681500
1624632876.95800805,0.00000000,0.01745329,-2.99681500,-2.99681500
1624632877.05825639,0.00000000,0.01745329,-2.99681500,-2.99681500
1624632877.15855122,0.00000000,0.01745329,-2.99681500,-2.99681500
1624632877.25888848,0.00000000,0.01745329,-2.99681500,-2.99681500
1624632877.35930181,0.00000000,0.01745329,-2.99681500,-2.99681500
1624632877.45868492,0.00000000,0.01745329,-2.99681500,-2.99681500
1624632877.55888772,0.00000000,0.01745329,-2.99681500,-2.99681500
1624632877.65909314,0.00000000,0.01745329,-2.99681500,-2.99681500
1624632877.75935245,0.00000000,0.01745329,-2.99681500,-2.99681500
1624632877.85961246,0.00000000,0.01745329,-2.99681500,-2.99681500
1624632877.95980740,0.00000000,0.01745329,-2.99681500,-2.99681500
1624632878.06012750,0.00000000,0.01745329,-2.99681500,-2.99681500
1624632878.16040993,0.00000000,0.01745329,-2.99681500,-2.99681500
1624632878.25961208,0.00000000,0.01745329,-2.99681500,-2.99681500
1624632878.35992670,0.00000000,0.01745329,-2.99681500,-2.99681500
1624632878.46039295,0.00000000,0.01745329,-2.99681500,-2.99681500
1624632878.55970120,0.00000000,0.00000000,-2.99681500,-2.99681500
1624632878.65966392,0.00000000,0.00000000,-2.99681500,-2.99681500
1624632878.76037884,0.00000000,0.00000000,-2.99681500,-2.99681500
1624632878.86009955,0.00000000,0.00000000,-2.99681500,-2.99681500
1624632878.96037626,0.00000000,0.00000000,-2.99681500,-2.99681500
1624632879.06003761,0.00000000,0.00000000,-2.99681500,-2.99681500
1624632879.15968180,0.00000000,0.00000000,-2.99681500,-2.99681500
1624632879.25965881,0.00000000,0.00000000,-2.99681500,-2.99681500
1624632879.36006641,0.00000000,0.00000000,-2.99681500,-2.99681500
1624632879.45978975,0.00000000,0.00000000,-2.99681500,-2.99681500
1624632879.56056404,0.00000000,0.00000000,-2.99681500,-2.99681500
1624632879.66130352,0.00000000,0.00000000,-2.99681500,-2.99681500
1624632879.76101232,0.00000000,0.00000000,-2.99681500,-2.99681500
1624632879.86075258,0.00000000,0.00000000,-2.99681500,-2.99681500
1624632879.96155429,0.00000000,0.00000000,-2.99681500,-2.99681500
1624632880.06228113,0.00000000,0.00000000,-2.99681500,-2.99681500
1624632880.16192412,0.00000000,0.00000000,-2.99681500,-2.99681500
1624632880.26165318,0.00000000,0.00000000,-2.99681500,-2.99681500
1624632880.36245942,0.00000000,0.00000000,-2.99681500,-2.99681500
1624632880.46217299,0.00000000,0.00000000,-2.99681500,-2.99681500
1624632880.56183267,0.00000000,0.00000000,-2.99681500,-2.99681500
1624632880.66252589,0.00000000,0.00000000,-2.99681500,-2.99681500
1624632880.76328087,0.00000000,0.00000000,-2.99681500,-2.99681500
1624632880.86302066,0.00000000,0.00000000,-2.99681500,-2.99681500
1624632880.96280813,0.00000000,0.00000000,-2.99681500,-2.99681500
1624632881.06357837,0.00000000,0.00000000,-2.99681500,-2.99681500
1624632881.16428709,0.00000000,0.00000000,-2.99681500,-2.99681500
1624632881.26399922,0.00000000,0.00000000,-2.99681500,-2.99681500
1624632881.36379075,0.00000000,0.00000000,-2.99681500,-2.99681500
1624632881.46455073,0.00000000,0.00000000,-2.99681500,-2.99681500
1624632881.56537104,0.00000000,0.00000000,-2.99681500,-2.99681500
1624632881.66509414,0.00000000,0.00000000,-2.99681500,-2.99681500
1624632881.76488471,0.00000000,0.00000000,-2.99681500,-2.99681500
1624632881.86563849,0.00000000,0.00000000,-2.99681500,-2.99681500
1624632881.96640921,0.00000000,0.00000000,-2.99681500,-2.99681500
1624632882.06614590,0.00000000,0.00000000,-2.99681500,-2.99681500
1624632882.16592550,0.00000000,0.00000000,-2.99681500,-2.99681500
1624632882.26574373,0.00000000,0.00000000,-2.99681500,-2.99681500
1624632882.36651087,0.00000000,0.00000000,-2.99681500,-2.99681500
1624632882.46623468,0.00000000,0.00000000,-2.99681500,-2.99681500
1624632882.56602764,0.00000000,0.00000000,-2.99681500,-2.99681500
1624632882.66570210,0.00000000,0.00000000,-2.99681500,-2.99681500
1624632882.76573396,0.00000000,0.00000000,-2.99681500,-2.99681500
1624632882.86648297,0.00000000,0.00000000,-2.99681500,-2.99681500
1624632882.96624184,0.00000000,0.00000000,-2.99681500,-2.99681500
1624632883.06604409,0.00000000,0.00000000,-2.99681500,-2.99681500
1624632883.16579103,0.00000000,0.00000000,-2.99681500,-2.99681500
1624632883.26657367,0.00000000,0.00000000,-2.99681500,-2.99681500
1624632883.36735082,0.00000000,0.00000000,-2.99681500,-2.99681500
1624632883.46713948,0.00000000,0.00000000,-2.99681500,-2.99681500
1624632883.56733060,0.00000000,0.00000000,-2.99681500,-2.99681500
1624632883.66708803,0.00000000,0.00000000,-2.99681500,-2.99681500
1624632883.76677179,0.00000000,0.00000000,-2.99681500,-2.99681500
1624632883.86748910,0.00000000,0.00000000,-2.99681500,-2.99681500
1624632883.96678233,0.00000000,0.00000000,-2.99681500,-2.99681500
1624632884.06697679,0.00000000,0.00000000,-2.99681500,-2.99681500
1624632884.16673660,0.00000000,0.00000000,-2.99681500,-2.99681500
1624632884.26727819,0.00000000,0.00000000,-2.99681500,-2.99681500
1624632884.36758971,0.00000000,0.00000000,-2.99681500,-2.99681500
1624632884.46838498,0.00000000,0.00000000,-2.99681500,-2.99681500
1624632884.56814861,0.00000000,0.00000000,-2.99681500,-2.99681500
1624632884.66852522,0.00000000,0.00000000,-2.99681500,-2.99681500
1624632884.76878142,0.00000000,0.00000000,-2.99681500,-2.99681500
1624632884.86959291,0.00000000,0.00000000,-2.99681500,-2.99681500
1624632884.97040606,0.00000000,0.00000000,-2.99681500,-2.99681500
1624632885.07014179,0.00000000,0.00000000,-2.99681500,-2.99681500
1624632885.16980553,0.00000000,0.00000000,-2.99681500,-2.99681500
1624632885.27051139,0.00000000,0.00000000,-2.99681500,-2.99681500
1624632885.37125659,0.00000000,0.00000000,-2.99681500,-2.99681500
1624632885.47081232,0.00000000,0.00000000,-2.99681500,-2.99681500
1624632885.57081556,0.00000000,0.00000000,-2.99681500,-2.99681500
1624632885.67071390,0.00000000,0.00000000,-2.99681500,-2.99681500
1624632885.77110171,0.00000000,0.00000000,-2.99681500,-2.99681500
1624632885.87079096,0.00000000,0.00000000,-2.99681500,-2.99681500
1624632885.97149205,0.00000000,0.00000000,-2.99681500,-2.99681500
1624632886.07122397,0.00000000,0.00000000,-2.99681500,-2.99681500
1624632886.17093515,0.00000000,0.00000000,-2.99681500,-2.99681500
1624632886.27063370,0.00000000,0.00000000,-2.99681500,-2.99681500
1624632886.37131882,0.00000000,0.00000000,-2.99681500,-2.99681500
1624632886.47105813,0.00000000,0.00000000,-2.99681500,-2.99681500
1624632886.57079268,0.00000000,0.00000000,-2.99681500,-2.99681500
1624632886.67153955,0.00000000,0.00000000,-2.99681500,-2.99681500
1624632886.77227497,0.00000000,0.00000000,-2.99681500,-2.99681500
1624632886.87215161,0.00000000,0.00000000,-2.99681500,-2.99681500
1624632886.97186756,0.00000000,0.00000000,-2.99681500,-2.99681500
1624632887.07259083,0.00000000,0.00000000,-2.99681500,-2.99681500
1624632887.17331219,0.00000000,0.00000000,-2.99681500,-2.99681500
1624632887.27303028,0.00000000,0.00000000,-2.99681500,-2.99681500
1624632887.37279034,0.00000000,0.00000000,-2.99681500,-2.99681500
1624632887.47352147,0.00000000,0.00000000,-2.99681500,-2.99681500
1624632887.57328868,0.00000000,0.00000000,-2.99681500,-2.99681500
1624632887.67342734,0.00000000,0.00000000,-2.99681500,-2.99681500
1624632887.77316356,0.00000000,0.00000000,-2.99681500,-2.99681500
1624632887.87288499,0.00000000,0.00000000,-2.99681500,-2.99681500
1624632887.97269702,0.00000000,0.00000000,-2.99681500,-2.99681500
1624632888.07349539,0.00000000,0.00000000,-2.99681500,-2.99681500
1624632888.17328119,0.00000000,0.00000000,-2.99681500,-2.99681500
1624632888.27299690,0.00000000,0.00000000,-2.99681500,-2.99681500
1624632888.37275600,0.00000000,0.00000000,-2.99681500,-2.99681500
1624632888.47355986,0.00000000,0.00000000,-2.99681500,-2.99681500
1624632888.57428813,0.00000000,0.00000000,-2.99681500,-2.99681500
1624632888.67403102,0.00000000,0.00000000,-2.99681500,-2.99681500
1624632888.77380395,0.00000000,0.00000000,-2.99681500,-2.99681500
1624632888.87455177,0.00000000,0.00000000,-2.99681500,-2.99681500
1624632888.97534561,0.00000000,0.00000000,-2.99681500,-2.99681500
1624632889.07507873,0.00000000,0.00000000,-2.99681500,-2.99681500
1624632889.17482615,0.00000000,0.00000000,-2.99681500,-2.99681500
1624632889.27564740,0.00000000,0.00000000,-2.99681500,-2.99681500
1624632889.37620974,0.00000000,0.00000000,-2.99681500,-2.99681500
1624632889.47592425,0.00000000,0.00000000,-2.99681500,-2.99681500
1624632889.57562971,0.00000000,0.00000000,-2.99681500,-2.99681500
1624632889.67636085,0.00000000,0.00000000,-2.99681500,-2.99681500
1624632889.77577257,0.00000000,0.00000000,-2.99681500,-2.99681500
1624632889.87618947,0.00000000,0.00000000,-2.99681500,-2.99681500
1624632889.97634292,0.00000000,0.00000000,-2.99681500,-2.99681500
1624632890.07606363,0.00000000,0.00000000,-2.99681500,-2.99681500
1624632890.17579103,0.00000000,0.00000000,-2.99681500,-2.99681500
1624632890.27646422,0.00000000,0.00000000,-2.99681500,-2.99681500
1624632890.37735963,0.00000000,0.00000000,-2.99681500,-2.99681500
1624632890.47701144,0.00000000,0.00000000,-2.99681500,-2.99681500
1624632890.57650471,0.00000000,0.00000000,-2.99681500,-2.99681500
1624632890.67678642,0.00000000,0.00000000,-2.99681500,-2.99681500
1624632890.77732277,0.00000000,0.00000000,-2.99681500,-2.99681500
1624632890.87747216,0.00000000,0.00000000,-2.99681500,-2.99681500
1624632890.97711563,0.00000000,0.00000000,-2.99681500,-2.99681500
1624632891.07681155,0.00000000,0.00000000,-2.99681500,-2.99681500
1624632891.17729092,0.00000000,0.00000000,-2.99681500,-2.99681500
1624632891.27767491,0.00000000,0.00000000,-2.99681500,-2.99681500
1624632891.37835693,0.00000000,0.00000000,-2.99681500,-2.99681500
1624632891.47807050,0.00000000,0.00000000,-2.99681500,-2.99681500
1624632891.57774639,0.00000000,0.00000000,-2.99681500,-2.99681500
1624632891.67809725,0.00000000,0.00000000,-2.99681500,-2.99681500
1624632891.77783084,0.00000000,0.00000000,-2.99681500,-2.99681500
1624632891.87855458,0.00000000,0.00000000,-2.99681500,-2.99681500
1624632891.97925425,0.00000000,0.00000000,-2.99681500,-2.99681500
1624632892.07900381,0.00000000,0.00000000,-2.99681500,-2.99681500
1624632892.17932153,0.00000000,0.00000000,-2.99681500,-2.99681500
1624632892.28003263,0.00000000,0.00000000,-2.99681500,-2.99681500
1624632892.37968040,0.00000000,0.00000000,-2.99681500,-2.99681500
1624632892.48029566,0.00000000,0.00000000,-2.99681500,-2.99681500
1624632892.57994080,0.00000000,0.00000000,-2.99681500,-2.99681500
1624632892.67957449,0.00000000,0.00000000,-2.99681500,-2.99681500
1624632892.77977777,0.00000000,0.00000000,-2.99681500,-2.99681500
1624632892.88052988,0.00000000,0.00000000,-2.99681500,-2.99681500
1624632892.98128653,0.00000000,0.00000000,-2.99681500,-2.99681500
1624632893.08081174,0.00000000,0.00000000,-2.99681500,-2.99681500
1624632893.18140793,0.00000000,0.00000000,-2.99681500,-2.99681500
1624632893.28154850,0.00000000,0.00000000,-2.99681500,-2.99681500
1624632893.38227797,0.00000000,0.00000000,-2.99681500,-2.99681500
1624632893.48212743,0.00000000,0.00000000,-2.99681500,-2.99681500
1624632893.58212161,0.00000000,0.00000000,-2.99681500,-2.99681500
1624632893.68193889,0.00000000,0.00000000,-2.99681500,-2.99681500
1624632893.78171802,0.00000000,0.00000000,-2.99681500,-2.99681500
1624632893.88228464,0.00000000,0.00000000,-2.99681500,-2.99681500
1624632893.98259664,0.00000000,0.00000000,-2.99681500,-2.99681500
1624632894.08280349,0.00000000,0.00000000,-2.99681500,-2.99681500
1624632894.18289757,0.00000000,0.00000000,-2.99681500,-2.99681500
1624632894.28261518,0.00000000,0.00000000,-2.99681500,-2.99681500
1624632894.38258433,0.00000000,0.00000000,-2.99681500,-2.99681500
1624632894.48324132,0.00000000,0.00000000,-2.99681500,-2.99681500
1624632894.58261800,0.00000000,0.00000000,-2.99681500,-2.99681500
1624632894.68332767,0.00000000,0.00000000,-2.99681500,-2.99681500
