Seconds,x,y,z,w
1624632811.01262474,0.00000000,0.00000000,0.00000000,0.00000000
1624632811.11260462,0.00000000,0.00000000,0.00000000,0.00000000
1624632811.21262956,0.00000000,0.00000000,0.00000000,0.00000000
1624632811.31262755,0.00000000,0.00000000,0.00000000,0.00000000
1624632811.41259027,0.00000000,0.00000000,0.00000000,0.00000000
1624632811.51263356,0.00000000,0.00000000,0.00000000,0.00000000
1624632811.61263084,0.00000000,0.00000000,0.00000000,0.00000000
1624632811.71264005,0.00000000,0.00000000,0.00000000,0.00000000
1624632811.81262779,0.00000000,0.00000000,0.00000000,0.00000000
1624632811.91258979,0.00000000,0.00000000,0.00000000,0.00000000
1624632812.01260948,0.00000000,0.00000000,0.00000000,0.00000000
1624632812.11262488,0.00000000,0.00000000,0.00000000,0.00000000
1624632812.21262646,0.00000000,0.00000000,0.00000000,0.00000000
1624632812.31263447,0.00000000,0.00000000,0.00000000,0.00000000
1624632812.41263366,0.00000000,0.00000000,0.00000000,0.00000000
1624632812.51260066,0.00000000,0.00000000,0.00000000,0.00000000
1624632812.61262608,0.00000000,0.00000000,0.00000000,0.00000000
1624632812.71263266,0.00000000,0.00000000,0.00000000,0.00000000
1624632812.81262803,0.00000000,0.00000000,0.00000000,0.00000000
1624632812.91264248,0.00000000,0.00000000,0.00000000,0.00000000
1624632813.01258969,0.00000000,0.00000000,0.00000000,0.00000000
1624632813.11262631,0.00000000,0.00000000,0.00000000,0.00000000
1624632813.21264052,0.00000000,0.00000000,0.00000000,0.00000000
1624632813.31263351,0.00000000,0.00000000,0.00000000,0.00000000
1624632813.41262627,0.00000000,0.00000000,0.00000000,0.00000000
1624632813.51260757,0.00000000,0.00000000,0.00000000,0.00000000
1624632813.61258054,0.00000000,0.00000000,0.00000000,0.00000000
1624632813.71259189,0.00000000,0.00000000,0.00000000,0.00000000
1624632813.81262350,0.00000000,0.00000000,0.00000000,0.00000000
1624632813.91264129,0.00000000,0.00000000,0.00000000,0.00000000
1624632814.01260042,0.00000000,0.00000000,0.00000000,0.00000000
1624632814.11263442,0.00000000,0.00000000,0.00000000,0.00000000
1624632814.21263623,0.00000000,0.00000000,0.00000000,0.00000000
1624632814.31263757,0.00000000,0.00000000,0.00000000,0.00000000
1624632814.41259122,0.00000000,0.00000000,0.00000000,0.00000000
1624632814.51259351,0.00000000,0.00000000,0.00000000,0.00000000
1624632814.61259174,0.00000000,0.00000000,0.00000000,0.00000000
1624632814.71263123,0.00000000,0.00000000,0.00000000,0.00000000
1624632814.81263280,0.00000000,0.00000000,0.00000000,0.00000000
1624632814.91259193,0.00000000,0.00000000,0.00000000,0.00000000
1624632815.01263285,0.00000000,0.00000000,0.00000000,0.00000000
1624632815.11263180,0.00000000,0.00000000,0.00000000,0.00000000
1624632815.21258569,50.00000000,0.00000000,0.00000000,0.00000000
1624632815.31261635,45.24000000,0.00000000,0.00000000,0.00000000
1624632815.41263628,40.94000000,0.00000000,0.00000000,0.00000000
1624632815.51264405,37.04000000,0.00000000,0.00000000,0.00000000
1624632815.61262941,33.52000000,0.00000000,0.00000000,0.00000000
1624632815.71265602,30.33000000,0.00000000,0.00000000,0.00000000
1624632815.81263351,27.44000000,0.00000000,0.00000000,0.00000000
1624632815.91264987,24.83000000,0.00000000,0.00000000,0.00000000
1624632816.01260495,22.47000000,0.00000000,0.00000000,0.00000000
1624632816.11260724,20.33000000,0.00000000,0.00000000,0.00000000
1624632816.21259189,18.39000000,0.00000000,0.00000000,0.00000000
1624632816.31263471,16.64000000,0.00000000,0.00000000,0.00000000
1624632816.41259861,15.06000000,0.00000000,0.00000000,0.00000000
1624632816.51259303,13.63000000,0.00000000,0.00000000,0.00000000
1624632816.61262894,12.33000000,0.00000000,0.00000000,0.00000000
1624632816.71259308,11.16000000,0.00000000,0.00000000,0.00000000
1624632816.81258869,10.09000000,0.00000000,0.00000000,0.00000000
1624632816.91259122,9.13000000,0.00000000,0.00000000,0.00000000
1624632817.01259160,8.26000000,0.00000000,0.00000000,0.00000000
1624632817.11262989,7.48000000,0.00000000,0.00000000,0.00000000
1624632817.21263647,6.77000000,0.00000000,0.00000000,0.00000000
1624632817.31264114,6.12000000,0.00000000,0.00000000,0.00000000
1624632817.41263485,5.54000000,0.00000000,0.00000000,0.00000000
1624632817.51263285,5.01000000,0.00000000,0.00000000,0.00000000
1624632817.61262798,4.54000000,0.00000000,0.00000000,0.00000000
1624632817.71267605,4.10000000,0.00000000,0.00000000,0.00000000
1624632817.81263399,3.71000000,0.00000000,0.00000000,0.00000000
1624632817.91263938,3.36000000,0.00000000,0.00000000,0.00000000
1624632818.01259279,3.04000000,0.00000000,0.00000000,0.00000000
1624632818.11262608,2.75000000,0.00000000,0.00000000,0.00000000
1624632818.21264315,2.49000000,0.00000000,0.00000000,0.00000000
1624632818.31258917,2.25000000,0.00000000,0.00000000,0.00000000
1624632818.41258931,2.04000000,0.00000000,0.00000000,0.00000000
1624632818.51264310,1.84000000,0.00000000,0.00000000,0.00000000
1624632818.61262846,1.67000000,0.00000000,0.00000000,0.00000000
1624632818.71259046,1.51000000,0.00000000,0.00000000,0.00000000
1624632818.81260276,1.37000000,0.00000000,0.00000000,0.00000000
1624632818.91260266,1.24000000,0.00000000,0.00000000,0.00000000
1624632819.01263833,1.12000000,0.00000000,0.00000000,0.00000000
1624632819.11262846,1.01000000,0.00000000,0.00000000,0.00000000
1624632819.21258998,0.92000000,0.00000000,0.00000000,0.00000000
1624632819.31263661,0.83000000,0.00000000,0.00000000,0.00000000
1624632819.41263747,0.75000000,0.00000000,0.00000000,0.00000000
1624632819.51261902,0.68000000,0.00000000,0.00000000,0.00000000
1624632819.61263156,0.61000000,0.00000000,0.00000000,0.00000000
1624632819.71263218,0.56000000,0.00000000,0.00000000,0.00000000
1624632819.81263304,0.50000000,0.00000000,0.00000000,0.00000000
1624632819.91263270,0.45000000,0.00000000,0.00000000,0.00000000
1624632820.01261330,0.41000000,0.00000000,0.00000000,0.00000000
1624632820.11263227,0.37000000,0.00000000,0.00000000,0.00000000
1624632820.21262860,0.34000000,0.00000000,0.00000000,0.00000000
1624632820.31262851,0.30000000,0.00000000,0.00000000,0.00000000
1624632820.41262794,0.28000000,0.00000000,0.00000000,0.00000000
1624632820.51261187,0.25000000,0.00000000,0.00000000,0.00000000
1624632820.61262751,0.23000000,0.00000000,0.00000000,0.00000000
1624632820.71263433,0.20000000,0.00000000,0.00000000,0.00000000
1624632820.81262589,0.18000000,0.00000000,0.00000000,0.00000000
1624632820.91263652,0.17000000,0.00000000,0.00000000,0.00000000
1624632821.01263595,0.15000000,0.00000000,0.00000000,0.00000000
1624632821.11263013,0.14000000,0.00000000,0.00000000,0.00000000
1624632821.21259141,0.12000000,0.00000000,0.00000000,0.00000000
1624632821.31263113,0.11000000,0.00000000,0.00000000,0.00000000
1624632821.41263580,0.10000000,0.00000000,0.00000000,0.00000000
1624632821.51262784,0.09000000,0.00000000,0.00000000,0.00000000
1624632821.61262751,0.08000000,0.00000000,0.00000000,0.00000000
1624632821.71259308,0.08000000,0.00000000,0.00000000,0.00000000
1624632821.81260252,0.07000000,0.00000000,0.00000000,0.00000000
1624632821.91262698,0.06000000,0.00000000,0.00000000,0.00000000
1624632822.01263762,0.06000000,0.00000000,0.00000000,0.00000000
1624632822.11262703,0.00000000,0.00000000,0.00000000,0.00000000
1624632822.21262646,0.00000000,0.00000000,0.00000000,0.00000000
1624632822.31263447,0.00000000,0.00000000,0.00000000,0.00000000
1624632822.41262603,0.00000000,0.00000000,0.00000000,0.00000000
1624632822.51259446,0.00000000,0.00000000,0.00000000,0.00000000
1624632822.61263394,0.00000000,0.00000000,0.00000000,0.00000000
1624632822.71263933,0.00000000,0.00000000,0.00000000,0.00000000
1624632822.81262541,0.00000000,0.00000000,0.00000000,0.00000000
1624632822.91263127,0.00000000,0.00000000,0.00000000,0.00000000
1624632823.01263714,0.00000000,0.00000000,0.00000000,0.00000000
1624632823.11262584,0.00000000,0.00000000,0.00000000,0.00000000
1624632823.21263528,100.00000000,0.00000000,0.00000000,0.00000000
1624632823.31262660,90.48000000,0.00000000,0.00000000,0.00000000
1624632823.41263342,81.87000000,0.00000000,0.00000000,0.00000000
1624632823.51262665,74.08000000,0.00000000,0.00000000,0.00000000
1624632823.61262727,67.03000000,0.00000000,0.00000000,0.00000000
1624632823.71262765,60.65000000,0.00000000,0.00000000,0.00000000
1624632823.81269264,54.88000000,0.00000000,0.00000000,0.00000000
1624632823.91262865,49.66000000,0.00000000,0.00000000,0.00000000
1624632824.01262784,44.93000000,0.00000000,0.00000000,0.00000000
1624632824.11262822,40.66000000,0.00000000,0.00000000,0.00000000
1624632824.21262383,36.79000000,0.00000000,0.00000000,0.00000000
1624632824.31262779,33.29000000,0.00000000,0.00000000,0.00000000
1624632824.41263485,30.12000000,0.00000000,0.00000000,0.00000000
1624632824.51263309,27.25000000,0.00000000,0.00000000,0.00000000
1624632824.61262918,24.66000000,0.00000000,0.00000000,0.00000000
1624632824.71259403,22.31000000,0.00000000,0.00000000,0.00000000
1624632824.81263804,20.19000000,0.00000000,0.00000000,0.00000000
1624632824.91263676,18.27000000,0.00000000,0.00000000,0.00000000
1624632825.01263785,16.53000000,0.00000000,0.00000000,0.00000000
1624632825.11262774,14.96000000,0.00000000,0.00000000,0.00000000
1624632825.21263766,13.53000000,0.00000000,0.00000000,0.00000000
1624632825.31263447,12.25000000,0.00000000,0.00000000,0.00000000
1624632825.41259193,11.08000000,0.00000000,0.00000000,0.00000000
1624632825.51258087,10.03000000,0.00000000,0.00000000,0.00000000
1624632825.61259508,9.07000000,0.00000000,0.00000000,0.00000000
1624632825.71263313,8.21000000,0.00000000,0.00000000,0.00000000
1624632825.81264782,7.43000000,0.00000000,0.00000000,0.00000000
1624632825.91263103,6.72000000,0.00000000,0.00000000,0.00000000
1624632826.01263571,6.08000000,0.00000000,0.00000000,0.00000000
1624632826.11262798,5.50000000,0.00000000,0.00000000,0.00000000
1624632826.21261168,4.98000000,0.00000000,0.00000000,0.00000000
1624632826.31258798,4.50000000,0.00000000,0.00000000,0.00000000
1624632826.41261482,4.08000000,0.00000000,0.00000000,0.00000000
1624632826.51259780,3.69000000,0.00000000,0.00000000,0.00000000
1624632826.61264205,3.34000000,0.00000000,0.00000000,0.00000000
1624632826.71263623,3.02000000,0.00000000,0.00000000,0.00000000
1624632826.81261444,2.73000000,0.00000000,0.00000000,0.00000000
1624632826.91257310,2.47000000,0.00000000,0.00000000,0.00000000
1624632827.01263595,2.24000000,0.00000000,0.00000000,0.00000000
1624632827.11264110,2.02000000,0.00000000,0.00000000,0.00000000
1624632827.21263838,1.83000000,0.00000000,0.00000000,0.00000000
1624632827.31263995,1.66000000,0.00000000,0.00000000,0.00000000
1624632827.41264224,1.50000000,0.00000000,0.00000000,0.00000000
1624632827.51264596,1.36000000,0.00000000,0.00000000,0.00000000
1624632827.61259985,1.23000000,0.00000000,0.00000000,0.00000000
1624632827.71261930,1.11000000,0.00000000,0.00000000,0.00000000
1624632827.81259513,1.01000000,0.00000000,0.00000000,0.00000000
1624632827.91259050,0.91000000,0.00000000,0.00000000,0.00000000
1624632828.01263642,0.82000000,0.00000000,0.00000000,0.00000000
1624632828.11263657,0.74000000,0.00000000,0.00000000,0.00000000
1624632828.21262813,0.67000000,0.00000000,0.00000000,0.00000000
1624632828.31263804,0.61000000,0.00000000,0.00000000,0.00000000
1624632828.41263723,0.55000000,0.00000000,0.00000000,0.00000000
1624632828.51259685,0.50000000,0.00000000,0.00000000,0.00000000
1624632828.61263061,0.45000000,0.00000000,0.00000000,0.00000000
1624632828.71262836,0.41000000,0.00000000,0.00000000,0.00000000
1624632828.81263208,0.37000000,0.00000000,0.00000000,0.00000000
1624632828.91263485,0.33000000,0.00000000,0.00000000,0.00000000
1624632829.01263142,0.30000000,0.00000000,0.00000000,0.00000000
1624632829.11262751,0.27000000,0.00000000,0.00000000,0.00000000
1624632829.21261883,0.25000000,0.00000000,0.00000000,0.00000000
1624632829.31259751,0.22000000,0.00000000,0.00000000,0.00000000
1624632829.41259527,0.20000000,0.00000000,0.00000000,0.00000000
1624632829.51264215,0.18000000,0.00000000,0.00000000,0.00000000
1624632829.61263251,0.17000000,0.00000000,0.00000000,0.00000000
1624632829.71262789,0.15000000,0.00000000,0.00000000,0.00000000
1624632829.81265688,0.14000000,0.00000000,0.00000000,0.00000000
1624632829.91262484,0.12000000,0.00000000,0.00000000,0.00000000
1624632830.01263332,0.11000000,0.00000000,0.00000000,0.00000000
1624632830.11263394,0.10000000,0.00000000,0.00000000,0.00000000
1624632830.21264863,0.09000000,0.00000000,0.00000000,0.00000000
1624632830.31259060,0.08000000,0.00000000,0.00000000,0.00000000
1624632830.41264248,0.07000000,0.00000000,0.00000000,0.00000000
1624632830.51262951,0.07000000,0.00000000,0.00000000,0.00000000
1624632830.61263895,0.06000000,0.00000000,0.00000000,0.00000000
1624632830.71261787,0.06000000,0.00000000,0.00000000,0.00000000
1624632830.81258035,0.00000000,0.00000000,0.00000000,0.00000000
1624632830.91260958,0.00000000,0.00000000,0.00000000,0.00000000
1624632831.01263309,0.00000000,0.00000000,0.00000000,0.00000000
1624632831.11263490,0.00000000,0.00000000,0.00000000,0.00000000
1624632831.21260047,0.00000000,0.00000000,0.00000000,0.00000000
1624632831.31261158,0.00000000,0.00000000,0.00000000,0.00000000
1624632831.41263747,0.00000000,0.00000000,0.00000000,0.00000000
1624632831.51264668,0.00000000,0.00000000,0.00000000,0.00000000
1624632831.61262679,0.00000000,0.00000000,0.00000000,0.00000000
1624632831.71262813,0.00000000,0.00000000,0.00000000,0.00000000
1624632831.81264663,0.00000000,0.00000000,0.00000000,0.00000000
1624632831.91263676,0.00000000,0.00000000,0.00000000,0.00000000
1624632832.01260972,0.00000000,0.00000000,0.00000000,0.00000000
1624632832.11260581,0.00000000,0.00000000,0.00000000,0.00000000
1624632832.21260977,0.00000000,0.00000000,0.00000000,0.00000000
1624632832.31264186,0.00000000,0.00000000,0.00000000,0.00000000
1624632832.41263795,0.00000000,0.00000000,0.00000000,0.00000000
1624632832.51261044,0.00000000,0.00000000,0.00000000,0.00000000
1624632832.61263061,0.00000000,0.00000000,0.00000000,0.00000000
1624632832.71263099,0.00000000,0.00000000,0.00000000,0.00000000
1624632832.81263494,0.00000000,0.00000000,0.00000000,0.00000000
1624632832.91263890,0.00000000,0.00000000,0.00000000,0.00000000
1624632833.01262808,0.00000000,0.00000000,0.00000000,0.00000000
1624632833.11263895,0.00000000,0.00000000,0.00000000,0.00000000
1624632833.21263003,0.00000000,0.00000000,0.00000000,0.00000000
1624632833.31263995,0.00000000,0.00000000,0.00000000,0.00000000
1624632833.41263700,0.00000000,0.00000000,0.00000000,0.00000000
1624632833.51262832,0.00000000,0.00000000,0.00000000,0.00000000
1624632833.61263442,0.00000000,0.00000000,0.00000000,0.00000000
1624632833.71262908,0.00000000,0.00000000,0.00000000,0.00000000
1624632833.81260920,0.00000000,0.00000000,0.00000000,0.00000000
1624632833.91261172,0.00000000,0.00000000,0.00000000,0.00000000
1624632834.01263332,0.00000000,0.00000000,0.00000000,0.00000000
1624632834.11264300,0.00000000,0.00000000,0.00000000,0.00000000
1624632834.21262860,0.00000000,0.00000000,0.00000000,0.00000000
1624632834.31262898,0.00000000,0.00000000,0.00000000,0.00000000
1624632834.41263700,0.00000000,0.00000000,0.00000000,0.00000000
1624632834.51262879,0.00000000,0.00000000,0.00000000,0.00000000
1624632834.61263323,0.00000000,0.00000000,0.00000000,0.00000000
1624632834.71262789,0.00000000,0.00000000,0.00000000,0.00000000
1624632834.81262803,0.00000000,0.00000000,0.00000000,0.00000000
1624632834.91262794,0.00000000,0.00000000,0.00000000,0.00000000
1624632835.01262760,0.00000000,0.00000000,0.00000000,0.00000000
1624632835.11260533,0.00000000,0.00000000,0.00000000,0.00000000
1624632835.21262884,0.00000000,0.00000000,0.00000000,0.00000000
1624632835.31262660,0.00000000,0.00000000,0.00000000,0.00000000
1624632835.41260910,0.00000000,0.00000000,0.00000000,0.00000000
1624632835.51264524,0.00000000,0.00000000,0.00000000,0.00000000
1624632835.61262631,0.00000000,0.00000000,0.00000000,0.00000000
1624632835.71262717,0.00000000,0.00000000,0.00000000,0.00000000
1624632835.81262851,0.00000000,0.00000000,0.00000000,0.00000000
1624632835.91262770,0.00000000,0.00000000,0.00000000,0.00000000
1624632836.01263189,0.00000000,0.00000000,0.00000000,0.00000000
1624632836.11260629,0.00000000,0.00000000,0.00000000,0.00000000
1624632836.21263528,0.00000000,0.00000000,0.00000000,0.00000000
1624632836.31262779,0.00000000,0.00000000,0.00000000,0.00000000
1624632836.41262817,0.00000000,0.00000000,0.00000000,0.00000000
1624632836.51259565,0.00000000,0.00000000,0.00000000,0.00000000
1624632836.61260605,0.00000000,0.00000000,0.00000000,0.00000000
1624632836.71262741,0.00000000,0.00000000,0.00000000,0.00000000
1624632836.81259155,0.00000000,0.00000000,0.00000000,0.00000000
1624632836.91259456,0.00000000,0.00000000,0.00000000,0.00000000
1624632837.01262784,0.00000000,0.00000000,0.00000000,0.00000000
1624632837.11262798,0.00000000,0.00000000,0.00000000,0.00000000
1624632837.21260905,0.00000000,0.00000000,0.00000000,0.00000000
1624632837.31262732,0.00000000,0.00000000,0.00000000,0.00000000
1624632837.41263270,0.00000000,0.00000000,0.00000000,0.00000000
1624632837.51262879,0.00000000,0.00000000,0.00000000,0.00000000
1624632837.61262846,0.00000000,0.00000000,0.00000000,0.00000000
1624632837.71262717,0.00000000,0.00000000,0.00000000,0.00000000
1624632837.81262779,0.00000000,0.00000000,0.00000000,0.00000000
1624632837.91262937,0.00000000,0.00000000,0.00000000,0.00000000
1624632838.01262712,0.00000000,0.00000000,0.00000000,0.00000000
1624632838.11262727,0.00000000,0.00000000,0.00000000,0.00000000
1624632838.21262789,0.00000000,0.00000000,0.00000000,0.00000000
1624632838.31262875,0.00000000,0.00000000,0.00000000,0.00000000
1624632838.41263533,0.00000000,0.00000000,0.00000000,0.00000000
1624632838.51262927,0.00000000,0.00000000,0.00000000,0.00000000
1624632838.61262727,0.00000000,0.00000000,0.00000000,0.00000000
1624632838.71262717,0.00000000,0.00000000,0.00000000,0.00000000
1624632838.81262422,0.00000000,0.00000000,0.00000000,0.00000000
1624632838.91263390,0.00000000,0.00000000,0.00000000,0.00000000
1624632839.01262784,0.00000000,0.00000000,0.00000000,0.00000000
1624632839.11262822,0.00000000,0.00000000,0.00000000,0.00000000
1624632839.21261001,0.00000000,0.00000000,0.00000000,0.00000000
1624632839.31260943,0.00000000,0.00000000,0.00000000,0.00000000
1624632839.41263604,0.00000000,0.00000000,0.00000000,0.00000000
1624632839.51263714,0.00000000,0.00000000,0.00000000,0.00000000
1624632839.61263299,0.00000000,0.00000000,0.00000000,0.00000000
1624632839.71262956,0.00000000,0.00000000,0.00000000,0.00000000
1624632839.81263041,0.00000000,0.00000000,0.00000000,0.00000000
1624632839.91262865,0.00000000,0.00000000,0.00000000,0.00000000
1624632840.01263165,0.00000000,0.00000000,0.00000000,0.00000000
1624632840.11262703,0.00000000,0.00000000,0.00000000,0.00000000
1624632840.21262813,0.00000000,0.00000000,0.00000000,0.00000000
1624632840.31262755,0.00000000,0.00000000,0.00000000,0.00000000
1624632840.41259599,0.00000000,0.00000000,0.00000000,0.00000000
1624632840.51259375,0.00000000,0.00000000,0.00000000,0.00000000
1624632840.61262870,0.00000000,0.00000000,0.00000000,0.00000000
1624632840.71259332,0.00000000,0.00000000,0.00000000,0.00000000
1624632840.81260395,0.00000000,0.00000000,0.00000000,0.00000000
1624632840.91264510,0.00000000,0.00000000,0.00000000,0.00000000
1624632841.01263690,0.00000000,0.00000000,0.00000000,0.00000000
1624632841.11263418,0.00000000,0.00000000,0.00000000,0.00000000
1624632841.21263647,0.00000000,0.00000000,0.00000000,0.00000000
1624632841.31262898,0.00000000,0.00000000,0.00000000,0.00000000
1624632841.41263008,0.00000000,0.00000000,0.00000000,0.00000000
1624632841.51263118,0.00000000,0.00000000,0.00000000,0.00000000
1624632841.61262846,0.00000000,0.00000000,0.00000000,0.00000000
1624632841.71262741,0.00000000,0.00000000,0.00000000,0.00000000
1624632841.81261015,0.00000000,0.00000000,0.00000000,0.00000000
1624632841.91262794,0.00000000,0.00000000,0.00000000,0.00000000
1624632842.01263094,0.00000000,0.00000000,0.00000000,0.00000000
1624632842.11262918,0.00000000,0.00000000,0.00000000,0.00000000
1624632842.21262789,0.00000000,0.00000000,0.00000000,0.00000000
1624632842.31262875,0.00000000,0.00000000,0.00000000,0.00000000
1624632842.41262841,0.00000000,0.00000000,0.00000000,0.00000000
1624632842.51262999,0.00000000,0.00000000,0.00000000,0.00000000
1624632842.61262941,0.00000000,0.00000000,0.00000000,0.00000000
1624632842.71263170,0.00000000,0.00000000,0.00000000,0.00000000
1624632842.81262875,0.00000000,0.00000000,0.00000000,0.00000000
1624632842.91262794,0.00000000,0.00000000,0.00000000,0.00000000
1624632843.01263070,0.00000000,0.00000000,0.00000000,0.00000000
1624632843.11263561,0.00000000,0.00000000,0.00000000,0.00000000
1624632843.21262908,0.00000000,0.00000000,0.00000000,0.00000000
1624632843.31262875,0.00000000,0.00000000,0.00000000,0.00000000
1624632843.41263556,0.00000000,0.00000000,0.00000000,0.00000000
1624632843.51262856,0.00000000,0.00000000,0.00000000,0.00000000
1624632843.61264157,0.00000000,0.00000000,0.00000000,0.00000000
1624632843.71262836,0.00000000,0.00000000,0.00000000,0.00000000
1624632843.81262970,0.00000000,0.00000000,0.00000000,0.00000000
1624632843.91262865,0.00000000,0.00000000,0.00000000,0.00000000
1624632844.01263547,0.00000000,0.00000000,0.00000000,0.00000000
1624632844.11263824,0.00000000,0.00000000,0.00000000,0.00000000
1624632844.21263075,0.00000000,0.00000000,0.00000000,0.00000000
1624632844.31262851,0.00000000,0.00000000,0.00000000,0.00000000
1624632844.41263843,0.00000000,0.00000000,0.00000000,0.00000000
1624632844.51259303,0.00000000,0.00000000,0.00000000,0.00000000
1624632844.61262965,0.00000000,0.00000000,0.00000000,0.00000000
1624632844.71263576,0.00000000,0.00000000,0.00000000,0.00000000
1624632844.81263041,0.00000000,0.00000000,0.00000000,0.00000000
1624632844.91262889,0.00000000,0.00000000,0.00000000,0.00000000
1624632845.01262927,0.00000000,0.00000000,0.00000000,0.00000000
1624632845.11263633,0.00000000,0.00000000,0.00000000,0.00000000
1624632845.21263218,0.00000000,0.00000000,0.00000000,0.00000000
1624632845.31262922,0.00000000,0.00000000,0.00000000,0.00000000
1624632845.41263032,0.00000000,0.00000000,0.00000000,0.00000000
1624632845.51263809,0.00000000,0.00000000,0.00000000,0.00000000
1624632845.61262918,0.00000000,0.00000000,0.00000000,0.00000000
1624632845.71263051,0.00000000,0.00000000,0.00000000,0.00000000
1624632845.81262875,0.00000000,0.00000000,0.00000000,0.00000000
1624632845.91262889,0.00000000,0.00000000,0.00000000,0.00000000
1624632846.01262975,0.00000000,0.00000000,0.00000000,0.00000000
1624632846.11264062,0.00000000,0.00000000,0.00000000,0.00000000
1624632846.21263051,0.00000000,0.00000000,0.00000000,0.00000000
1624632846.31263232,0.00000000,0.00000000,0.00000000,0.00000000
1624632846.41263103,0.00000000,0.00000000,0.00000000,0.00000000
1624632846.51263428,0.00000000,0.00000000,0.00000000,0.00000000
1624632846.61259317,0.00000000,0.00000000,0.00000000,0.00000000
1624632846.71263051,0.00000000,0.00000000,0.00000000,0.00000000
1624632846.81260371,0.00000000,0.00000000,0.00000000,0.00000000
1624632846.91262889,0.00000000,0.00000000,0.00000000,0.00000000
1624632847.01262927,0.00000000,0.00000000,0.00000000,0.00000000
1624632847.11263990,0.00000000,0.00000000,0.00000000,0.00000000
1624632847.21263385,0.00000000,0.00000000,0.00000000,0.00000000
1624632847.31260490,0.00000000,0.00000000,0.00000000,0.00000000
1624632847.41263056,0.00000000,0.00000000,0.00000000,0.00000000
1624632847.51264405,0.00000000,0.00000000,0.00000000,0.00000000
1624632847.61264229,0.00000000,0.00000000,0.00000000,0.00000000
1624632847.71263170,0.00000000,0.00000000,0.00000000,0.00000000
1624632847.81263447,0.00000000,0.00000000,0.00000000,0.00000000
1624632847.91263199,0.00000000,0.00000000,0.00000000,0.00000000
1624632848.01263428,0.00000000,0.00000000,0.00000000,0.00000000
1624632848.11263943,0.00000000,0.00000000,0.00000000,0.00000000
1624632848.21263313,0.00000000,0.00000000,0.00000000,0.00000000
1624632848.31263709,0.00000000,0.00000000,0.00000000,0.00000000
1624632848.41263103,0.00000000,0.00000000,0.00000000,0.00000000
1624632848.51263809,0.00000000,0.00000000,0.00000000,0.00000000
1624632848.61263800,0.00000000,0.00000000,0.00000000,0.00000000
1624632848.71262932,0.00000000,0.00000000,0.00000000,0.00000000
1624632848.81263423,0.00000000,0.00000000,0.00000000,0.00000000
1624632848.91263080,0.00000000,0.00000000,0.00000000,0.00000000
1624632849.01262808,0.00000000,0.00000000,0.00000000,0.00000000
1624632849.11263871,0.00000000,0.00000000,0.00000000,0.00000000
1624632849.21262860,0.00000000,0.00000000,0.00000000,0.00000000
1624632849.31262779,0.00000000,0.00000000,0.00000000,0.00000000
1624632849.41263890,0.00000000,0.00000000,0.00000000,0.00000000
1624632849.51264286,0.00000000,0.00000000,0.00000000,0.00000000
1624632849.61259103,0.00000000,0.00000000,0.00000000,0.00000000
1624632849.71263027,0.00000000,0.00000000,0.00000000,0.00000000
1624632849.81262946,0.00000000,0.00000000,0.00000000,0.00000000
1624632849.91263056,0.00000000,0.00000000,0.00000000,0.00000000
1624632850.01264811,0.00000000,0.00000000,0.00000000,0.00000000
1624632850.11264157,0.00000000,0.00000000,0.00000000,0.00000000
1624632850.21263337,0.00000000,0.00000000,0.00000000,0.00000000
1624632850.31262875,0.00000000,0.00000000,0.00000000,0.00000000
1624632850.41263509,0.00000000,0.00000000,0.00000000,0.00000000
1624632850.51262903,0.00000000,0.00000000,0.00000000,0.00000000
1624632850.61262751,0.00000000,0.00000000,0.00000000,0.00000000
1624632850.71263862,0.00000000,0.00000000,0.00000000,0.00000000
1624632850.81262851,0.00000000,0.00000000,0.00000000,0.00000000
1624632850.91262960,0.00000000,0.00000000,0.00000000,0.00000000
1624632851.01263499,0.00000000,0.00000000,0.00000000,0.00000000
1624632851.11263061,0.00000000,0.00000000,0.00000000,0.00000000
1624632851.21262860,0.00000000,0.00000000,0.00000000,0.00000000
1624632851.31263065,0.00000000,0.00000000,0.00000000,0.00000000
1624632851.41263223,0.00000000,0.00000000,0.00000000,0.00000000
1624632851.51262951,0.00000000,0.00000000,0.00000000,0.00000000
1624632851.61264658,0.00000000,0.00000000,0.00000000,0.00000000
1624632851.71262908,0.00000000,0.00000000,0.00000000,0.00000000
1624632851.81263971,0.00000000,0.00000000,0.00000000,0.00000000
1624632851.91262913,0.00000000,0.00000000,0.00000000,0.00000000
1624632852.01263213,0.00000000,0.00000000,0.00000000,0.00000000
1624632852.11263084,0.00000000,0.00000000,0.00000000,0.00000000
1624632852.21263027,0.00000000,0.00000000,0.00000000,0.00000000
1624632852.31262970,0.00000000,0.00000000,0.00000000,0.00000000
1624632852.41263056,0.00000000,0.00000000,0.00000000,0.00000000
1624632852.51263404,0.00000000,0.00000000,0.00000000,0.00000000
1624632852.61263633,0.00000000,0.00000000,0.00000000,0.00000000
1624632852.71262932,0.00000000,0.00000000,0.00000000,0.00000000
1624632852.81263494,0.00000000,0.00000000,0.00000000,0.00000000
1624632852.91262984,0.00000000,0.00000000,0.00000000,0.00000000
1624632853.01262808,0.00000000,0.00000000,0.00000000,0.00000000
1624632853.11263633,0.00000000,0.00000000,0.00000000,0.00000000
1624632853.21262956,0.00000000,0.00000000,0.00000000,0.00000000
1624632853.31263137,0.00000000,0.00000000,0.00000000,0.00000000
1624632853.41262841,0.00000000,0.00000000,0.00000000,0.00000000
1624632853.51263928,0.00000000,0.00000000,0.00000000,0.00000000
1624632853.61263466,0.00000000,0.00000000,0.00000000,0.00000000
1624632853.71263027,0.00000000,0.00000000,0.00000000,0.00000000
1624632853.81262898,0.00000000,0.00000000,0.00000000,0.00000000
1624632853.91263461,0.00000000,0.00000000,0.00000000,0.00000000
1624632854.01262760,0.00000000,0.00000000,0.00000000,0.00000000
1624632854.11265063,0.00000000,0.00000000,0.00000000,0.00000000
1624632854.21263123,0.00000000,0.00000000,0.00000000,0.00000000
1624632854.31262827,0.00000000,0.00000000,0.00000000,0.00000000
1624632854.41262913,0.00000000,0.00000000,0.00000000,0.00000000
1624632854.51263261,0.00000000,0.00000000,0.00000000,0.00000000
1624632854.61264515,0.00000000,0.00000000,0.00000000,0.00000000
1624632854.71263361,0.00000000,0.00000000,0.00000000,0.00000000
1624632854.81264758,0.00000000,0.00000000,0.00000000,0.00000000
1624632854.91263151,0.00000000,0.00000000,0.00000000,0.00000000
1624632855.01262927,0.00000000,0.00000000,0.00000000,0.00000000
1624632855.11263871,0.00000000,0.00000000,0.00000000,0.00000000
1624632855.21263289,0.00000000,0.00000000,0.00000000,0.00000000
1624632855.31263304,0.00000000,0.00000000,0.00000000,0.00000000
1624632855.41263056,0.00000000,0.00000000,0.00000000,0.00000000
1624632855.51263189,0.00000000,0.00000000,0.00000000,0.00000000
1624632855.61263919,0.00000000,0.00000000,0.00000000,0.00000000
1624632855.71263599,0.00000000,0.00000000,0.00000000,0.00000000
1624632855.81262946,0.00000000,0.00000000,0.00000000,0.00000000
1624632855.91263175,0.00000000,0.00000000,0.00000000,0.00000000
1624632856.01263523,0.00000000,0.00000000,0.00000000,0.00000000
1624632856.11265373,0.00000000,0.00000000,0.00000000,0.00000000
1624632856.21263456,0.00000000,0.00000000,0.00000000,0.00000000
1624632856.31262994,0.00000000,0.00000000,0.00000000,0.00000000
1624632856.41263866,0.00000000,0.00000000,0.00000000,0.00000000
1624632856.51263022,0.00000000,0.00000000,0.00000000,0.00000000
1624632856.61259294,0.00000000,0.00000000,0.00000000,0.00000000
1624632856.71263528,0.00000000,0.00000000,0.00000000,0.00000000
1624632856.81264186,0.00000000,0.00000000,0.00000000,0.00000000
1624632856.91263008,0.00000000,0.00000000,0.00000000,0.00000000
1624632857.01263046,0.00000000,0.00000000,0.00000000,0.00000000
1624632857.11263537,0.00000000,0.00000000,0.00000000,0.00000000
1624632857.21263576,0.00000000,0.00000000,0.00000000,0.00000000
1624632857.31263399,0.00000000,0.00000000,0.00000000,0.00000000
1624632857.41263604,0.00000000,0.00000000,0.00000000,0.00000000
1624632857.51263261,0.00000000,0.00000000,0.00000000,0.00000000
1624632857.61262774,0.00000000,0.00000000,0.00000000,0.00000000
1624632857.71263003,0.00000000,0.00000000,0.00000000,0.00000000
1624632857.81262970,0.00000000,0.00000000,0.00000000,0.00000000
1624632857.91263390,0.00000000,0.00000000,0.00000000,0.00000000
1624632858.01263046,0.00000000,0.00000000,0.00000000,0.00000000
1624632858.11259437,0.00000000,0.00000000,0.00000000,0.00000000
1624632858.21263361,0.00000000,0.00000000,0.00000000,0.00000000
1624632858.31262922,0.00000000,0.00000000,0.00000000,0.00000000
1624632858.41263676,0.00000000,0.00000000,0.00000000,0.00000000
1624632858.51263142,0.00000000,0.00000000,0.00000000,0.00000000
1624632858.61259413,0.00000000,0.00000000,0.00000000,0.00000000
1624632858.71262813,0.00000000,0.00000000,0.00000000,0.00000000
1624632858.81263304,0.00000000,0.00000000,0.00000000,0.00000000
1624632858.91263700,0.00000000,0.00000000,0.00000000,0.00000000
1624632859.01262951,0.00000000,0.00000000,0.00000000,0.00000000
1624632859.11261415,0.00000000,0.00000000,0.00000000,0.00000000
1624632859.21263647,0.00000000,0.00000000,0.00000000,0.00000000
1624632859.31263137,0.00000000,0.00000000,0.00000000,0.00000000
1624632859.41263032,0.00000000,0.00000000,0.00000000,0.00000000
1624632859.51263070,0.00000000,0.00000000,0.00000000,0.00000000
1624632859.61262703,0.00000000,0.00000000,0.00000000,0.00000000
1624632859.71262980,0.00000000,0.00000000,0.00000000,0.00000000
1624632859.81262922,0.00000000,0.00000000,0.00000000,0.00000000
1624632859.91263008,0.00000000,0.00000000,0.00000000,0.00000000
1624632860.01262975,0.00000000,0.00000000,0.00000000,0.00000000
1624632860.11263919,0.00000000,0.00000000,0.00000000,0.00000000
1624632860.21262860,0.00000000,0.00000000,0.00000000,0.00000000
1624632860.31262851,0.00000000,0.00000000,0.00000000,0.00000000
1624632860.41259289,0.00000000,0.00000000,0.00000000,0.00000000
1624632860.51260018,0.00000000,0.00000000,0.00000000,0.00000000
1624632860.61262536,0.00000000,0.00000000,0.00000000,0.00000000
1624632860.71260095,0.00000000,0.00000000,0.00000000,0.00000000
1624632860.81262755,0.00000000,0.00000000,0.00000000,0.00000000
1624632860.91263127,0.00000000,0.00000000,0.00000000,0.00000000
1624632861.01262832,0.00000000,0.00000000,0.00000000,0.00000000
1624632861.11263418,0.00000000,0.00000000,0.00000000,0.00000000
1624632861.21262240,0.00000000,0.00000000,0.00000000,0.00000000
1624632861.31262875,0.00000000,0.00000000,0.00000000,0.00000000
1624632861.41259646,0.00000000,0.00000000,0.00000000,0.00000000
1624632861.51262975,0.00000000,0.00000000,0.00000000,0.00000000
1624632861.61262774,0.00000000,0.00000000,0.00000000,0.00000000
1624632861.71262956,0.00000000,0.00000000,0.00000000,0.00000000
1624632861.81262922,0.00000000,0.00000000,0.00000000,0.00000000
1624632861.91262960,0.00000000,0.00000000,0.00000000,0.00000000
1624632862.01262879,0.00000000,0.00000000,0.00000000,0.00000000
1624632862.11260748,0.00000000,0.00000000,0.00000000,0.00000000
1624632862.21262860,0.00000000,0.00000000,0.00000000,0.00000000
1624632862.31263328,0.00000000,0.00000000,0.00000000,0.00000000
1624632862.41260123,0.00000000,0.00000000,0.00000000,0.00000000
1624632862.51263309,0.00000000,0.00000000,0.00000000,0.00000000
1624632862.61263776,0.00000000,0.00000000,0.00000000,0.00000000
1624632862.71262860,0.00000000,0.00000000,0.00000000,0.00000000
1624632862.81262875,0.00000000,0.00000000,0.00000000,0.00000000
1624632862.91263008,0.00000000,0.00000000,0.00000000,0.00000000
1624632863.01262665,0.00000000,0.00000000,0.00000000,0.00000000
1624632863.11262727,0.00000000,0.00000000,0.00000000,0.00000000
1624632863.21262932,0.00000000,0.00000000,0.00000000,0.00000000
1624632863.31262851,0.00000000,0.00000000,0.00000000,0.00000000
1624632863.41260147,0.00000000,0.00000000,0.00000000,0.00000000
1624632863.51263261,0.00000000,0.00000000,0.00000000,0.00000000
1624632863.61263609,0.00000000,0.00000000,0.00000000,0.00000000
1624632863.71262908,0.00000000,0.00000000,0.00000000,0.00000000
1624632863.81262946,0.00000000,0.00000000,0.00000000,0.00000000
1624632863.91262960,0.00000000,0.00000000,0.00000000,0.00000000
1624632864.01262975,0.00000000,0.00000000,0.00000000,0.00000000
1624632864.11262703,0.00000000,0.00000000,0.00000000,0.00000000
1624632864.21262789,0.00000000,0.00000000,0.00000000,0.00000000
1624632864.31262851,0.00000000,0.00000000,0.00000000,0.00000000
1624632864.41260481,0.00000000,0.00000000,0.00000000,0.00000000
1624632864.51262999,0.00000000,0.00000000,0.00000000,0.00000000
1624632864.61259222,0.00000000,0.00000000,0.00000000,0.00000000
1624632864.71262956,0.00000000,0.00000000,0.00000000,0.00000000
1624632864.81263208,0.00000000,0.00000000,0.00000000,0.00000000
1624632864.91262960,0.00000000,0.00000000,0.00000000,0.00000000
1624632865.01262999,0.00000000,0.00000000,0.00000000,0.00000000
1624632865.11261368,0.00000000,0.00000000,0.00000000,0.00000000
1624632865.21263099,0.00000000,0.00000000,0.00000000,0.00000000
1624632865.31262994,0.00000000,0.00000000,0.00000000,0.00000000
1624632865.41260242,0.00000000,0.00000000,0.00000000,0.00000000
1624632865.51263022,0.00000000,0.00000000,0.00000000,0.00000000
1624632865.61262918,0.00000000,0.00000000,0.00000000,0.00000000
1624632865.71263027,0.00000000,0.00000000,0.00000000,0.00000000
1624632865.81263256,0.00000000,0.00000000,0.00000000,0.00000000
1624632865.91262913,0.00000000,0.00000000,0.00000000,0.00000000
1624632866.01262593,0.00000000,0.00000000,0.00000000,0.00000000
1624632866.11265469,0.00000000,0.00000000,0.00000000,0.00000000
1624632866.21258688,0.00000000,0.00000000,0.00000000,0.00000000
1624632866.31262875,0.00000000,0.00000000,0.00000000,0.00000000
1624632866.41260028,0.00000000,0.00000000,0.00000000,0.00000000
1624632866.51263332,0.00000000,0.00000000,0.00000000,0.00000000
1624632866.61263299,0.00000000,0.00000000,0.00000000,0.00000000
1624632866.71262860,0.00000000,0.00000000,0.00000000,0.00000000
1624632866.81263161,0.00000000,0.00000000,0.00000000,0.00000000
1624632866.91262865,0.00000000,0.00000000,0.00000000,0.00000000
1624632867.01263118,0.00000000,0.00000000,0.00000000,0.00000000
1624632867.11263943,0.00000000,0.00000000,0.00000000,0.00000000
1624632867.21262789,0.00000000,0.00000000,0.00000000,0.00000000
1624632867.31262922,0.00000000,0.00000000,0.00000000,0.00000000
1624632867.41260314,0.00000000,0.00000000,0.00000000,0.00000000
1624632867.51263022,0.00000000,0.00000000,0.00000000,0.00000000
1624632867.61258793,0.00000000,0.00000000,0.00000000,0.00000000
1624632867.71262908,0.00000000,0.00000000,0.00000000,0.00000000
1624632867.81262636,0.00000000,0.00000000,0.00000000,0.00000000
1624632867.91262770,0.00000000,0.00000000,0.00000000,0.00000000
1624632868.01262856,0.00000000,0.00000000,0.00000000,0.00000000
1624632868.11260319,0.00000000,0.00000000,0.00000000,0.00000000
1624632868.21262860,0.00000000,0.00000000,0.00000000,0.00000000
1624632868.31262827,0.00000000,0.00000000,0.00000000,0.00000000
1624632868.41262770,0.00000000,0.00000000,0.00000000,0.00000000
1624632868.51259851,0.00000000,0.00000000,0.00000000,0.00000000
1624632868.61264277,0.00000000,0.00000000,0.00000000,0.00000000
1624632868.71262598,0.00000000,0.00000000,0.00000000,0.00000000
1624632868.81259179,0.00000000,0.00000000,0.00000000,0.00000000
1624632868.91262627,0.00000000,0.00000000,0.00000000,0.00000000
1624632869.01262999,0.00000000,0.00000000,0.00000000,0.00000000
1624632869.11260247,0.00000000,0.00000000,0.00000000,0.00000000
1624632869.21263051,0.00000000,0.00000000,0.00000000,0.00000000
1624632869.31262875,0.00000000,0.00000000,0.00000000,0.00000000
1624632869.41263366,0.00000000,0.00000000,0.00000000,0.00000000
1624632869.51263142,0.00000000,0.00000000,0.00000000,0.00000000
1624632869.61259532,0.00000000,0.00000000,0.00000000,0.00000000
1624632869.71262908,0.00000000,0.00000000,0.00000000,0.00000000
1624632869.81262875,0.00000000,0.00000000,0.00000000,0.00000000
1624632869.91263056,0.00000000,0.00000000,0.00000000,0.00000000
1624632870.01263022,0.00000000,0.00000000,0.00000000,0.00000000
1624632870.11259437,0.00000000,0.00000000,0.00000000,0.00000000
1624632870.21258330,0.00000000,0.00000000,0.00000000,0.00000000
1624632870.31258368,0.00000000,0.00000000,0.00000000,0.00000000
1624632870.41263485,0.00000000,0.00000000,0.00000000,0.00000000
1624632870.51263165,0.00000000,0.00000000,0.00000000,0.00000000
1624632870.61262774,0.00000000,0.00000000,0.00000000,0.00000000
1624632870.71262860,0.00000000,0.00000000,0.00000000,0.00000000
1624632870.81263304,0.00000000,0.00000000,0.00000000,0.00000000
1624632870.91262913,0.00000000,0.00000000,0.00000000,0.00000000
1624632871.01263213,0.00000000,0.00000000,0.00000000,0.00000000
1624632871.11262965,0.00000000,0.00000000,0.00000000,0.00000000
1624632871.21262908,0.00000000,0.00000000,0.00000000,0.00000000
1624632871.31262779,0.00000000,0.00000000,0.00000000,0.00000000
1624632871.41262698,0.00000000,0.00000000,0.00000000,0.00000000
1624632871.51262808,0.00000000,0.00000000,0.00000000,0.00000000
1624632871.61262631,0.00000000,0.00000000,0.00000000,0.00000000
1624632871.71262860,0.00000000,0.00000000,0.00000000,0.00000000
1624632871.81262803,0.00000000,0.00000000,0.00000000,0.00000000
1624632871.91262865,0.00000000,0.00000000,0.00000000,0.00000000
1624632872.01262712,0.00000000,0.00000000,0.00000000,0.00000000
1624632872.11260843,0.00000000,0.00000000,0.00000000,0.00000000
1624632872.21262860,0.00000000,0.00000000,0.00000000,0.00000000
1624632872.31262827,0.00000000,0.00000000,0.00000000,0.00000000
1624632872.41263008,0.00000000,0.00000000,0.00000000,0.00000000
1624632872.51262903,0.00000000,0.00000000,0.00000000,0.00000000
1624632872.61262679,0.00000000,0.00000000,0.00000000,0.00000000
1624632872.71262717,0.00000000,0.00000000,0.00000000,0.00000000
1624632872.81262851,0.00000000,0.00000000,0.00000000,0.00000000
1624632872.91262770,0.00000000,0.00000000,0.00000000,0.00000000
1624632873.01262808,0.00000000,0.00000000,0.00000000,0.00000000
1624632873.11262727,0.00000000,0.00000000,0.00000000,0.00000000
1624632873.21262789,0.00000000,0.00000000,0.00000000,0.00000000
1624632873.31263494,0.00000000,0.00000000,0.00000000,0.00000000
1624632873.41264272,0.00000000,0.00000000,0.00000000,0.00000000
1624632873.51262832,0.00000000,0.00000000,0.00000000,0.00000000
1624632873.61263347,0.00000000,0.00000000,0.00000000,0.00000000
1624632873.71259356,0.00000000,0.00000000,0.00000000,0.00000000
1624632873.81262922,0.00000000,0.00000000,0.00000000,0.00000000
1624632873.91262770,0.00000000,0.00000000,0.00000000,0.00000000
1624632874.01258802,0.00000000,0.00000000,0.00000000,0.00000000
1624632874.11262703,0.00000000,0.00000000,0.00000000,0.00000000
1624632874.21263170,0.00000000,0.00000000,0.00000000,0.00000000
1624632874.31263113,0.00000000,0.00000000,0.00000000,0.00000000
1624632874.41263270,0.00000000,0.00000000,0.00000000,0.00000000
1624632874.51262760,0.00000000,0.00000000,0.00000000,0.00000000
1624632874.61262131,0.00000000,0.00000000,0.00000000,0.00000000
1624632874.71262860,0.00000000,0.00000000,0.00000000,0.00000000
1624632874.81263542,0.00000000,0.00000000,0.00000000,0.00000000
1624632874.91264224,0.00000000,0.00000000,0.00000000,0.00000000
1624632875.01262808,0.00000000,0.00000000,0.00000000,0.00000000
1624632875.11263776,0.00000000,0.00000000,0.00000000,0.00000000
1624632875.21262884,0.00000000,0.00000000,0.00000000,0.00000000
1624632875.31262779,0.00000000,0.00000000,0.00000000,0.00000000
1624632875.41263509,0.00000000,0.00000000,0.00000000,0.00000000
1624632875.51262856,0.00000000,0.00000000,0.00000000,0.00000000
1624632875.61262751,0.00000000,0.00000000,0.00000000,0.00000000
1624632875.71262836,0.00000000,0.00000000,0.00000000,0.00000000
1624632875.81262755,0.00000000,0.00000000,0.00000000,0.00000000
1624632875.91262770,0.00000000,0.00000000,0.00000000,0.00000000
1624632876.01262712,0.00000000,0.00000000,0.00000000,0.00000000
1624632876.11265230,0.00000000,0.00000000,0.00000000,0.00000000
1624632876.21262980,0.00000000,0.00000000,0.00000000,0.00000000
1624632876.31262946,0.00000000,0.00000000,0.00000000,0.00000000
1624632876.41261601,0.00000000,0.00000000,0.00000000,0.00000000
1624632876.51262808,0.00000000,0.00000000,0.00000000,0.00000000
1624632876.61261368,0.00000000,0.00000000,0.00000000,0.00000000
1624632876.71258831,0.00000000,0.00000000,0.00000000,0.00000000
1624632876.81263471,0.00000000,0.00000000,0.00000000,0.00000000
1624632876.91262841,0.00000000,0.00000000,0.00000000,0.00000000
1624632877.01262832,0.00000000,0.00000000,0.00000000,0.00000000
1624632877.11262465,0.00000000,0.00000000,0.00000000,0.00000000
1624632877.21262813,0.00000000,0.00000000,0.00000000,0.00000000
1624632877.31263304,0.00000000,0.00000000,0.00000000,0.00000000
1624632877.41260862,0.00000000,0.00000000,0.00000000,0.00000000
1624632877.51262784,0.00000000,0.00000000,0.00000000,0.00000000
1624632877.61262870,0.00000000,0.00000000,0.00000000,0.00000000
1624632877.71262789,0.00000000,0.00000000,0.00000000,0.00000000
1624632877.81262803,0.00000000,0.00000000,0.00000000,0.00000000
1624632877.91262674,0.00000000,0.00000000,0.00000000,0.00000000
1624632878.01263094,0.00000000,0.00000000,0.00000000,0.00000000
1624632878.11259770,0.00000000,0.00000000,0.00000000,0.00000000
1624632878.21262527,0.00000000,0.00000000,0.00000000,0.00000000
1624632878.31262875,0.00000000,0.00000000,0.00000000,0.00000000
1624632878.41263270,0.00000000,0.00000000,0.00000000,0.00000000
1624632878.51260448,0.00000000,0.00000000,0.00000000,0.00000000
1624632878.61258411,0.00000000,0.00000000,0.00000000,0.00000000
1624632878.71258926,0.00000000,0.00000000,0.00000000,0.00000000
1624632878.81263971,0.00000000,0.00000000,0.00000000,0.00000000
1624632878.91263223,0.00000000,0.00000000,0.00000000,0.00000000
1624632879.01262903,0.00000000,0.00000000,0.00000000,0.00000000
1624632879.11262774,0.00000000,0.00000000,0.00000000,0.00000000
1624632879.21262813,0.00000000,0.00000000,0.00000000,0.00000000
1624632879.31262755,0.00000000,0.00000000,0.00000000,0.00000000
1624632879.41263461,0.00000000,0.00000000,0.00000000,0.00000000
1624632879.51262879,0.00000000,0.00000000,0.00000000,0.00000000
1624632879.61259246,0.00000000,0.00000000,0.00000000,0.00000000
1624632879.71262932,0.00000000,0.00000000,0.00000000,0.00000000
1624632879.81262946,0.00000000,0.00000000,0.00000000,0.00000000
1624632879.91263294,0.00000000,0.00000000,0.00000000,0.00000000
1624632880.01262712,0.00000000,0.00000000,0.00000000,0.00000000
1624632880.11260509,0.00000000,0.00000000,0.00000000,0.00000000
1624632880.21262813,0.00000000,0.00000000,0.00000000,0.00000000
1624632880.31262779,0.00000000,0.00000000,0.00000000,0.00000000
1624632880.41264033,0.00000000,0.00000000,0.00000000,0.00000000
1624632880.51263452,0.00000000,0.00000000,0.00000000,0.00000000
1624632880.61263347,0.00000000,0.00000000,0.00000000,0.00000000
1624632880.71262693,0.00000000,0.00000000,0.00000000,0.00000000
1624632880.81262851,0.00000000,0.00000000,0.00000000,0.00000000
1624632880.91262794,0.00000000,0.00000000,0.00000000,0.00000000
1624632881.01262999,0.00000000,0.00000000,0.00000000,0.00000000
1624632881.11264181,0.00000000,0.00000000,0.00000000,0.00000000
1624632881.21262860,0.00000000,0.00000000,0.00000000,0.00000000
1624632881.31262946,0.00000000,0.00000000,0.00000000,0.00000000
1624632881.41264105,0.00000000,0.00000000,0.00000000,0.00000000
1624632881.51262975,0.00000000,0.00000000,0.00000000,0.00000000
1624632881.61262798,0.00000000,0.00000000,0.00000000,0.00000000
1624632881.71262932,0.00000000,0.00000000,0.00000000,0.00000000
1624632881.81263161,0.00000000,0.00000000,0.00000000,0.00000000
1624632881.91262794,0.00000000,0.00000000,0.00000000,0.00000000
1624632882.01262856,0.00000000,0.00000000,0.00000000,0.00000000
1624632882.11259151,0.00000000,0.00000000,0.00000000,0.00000000
1624632882.21262717,0.00000000,0.00000000,0.00000000,0.00000000
1624632882.31262851,0.00000000,0.00000000,0.00000000,0.00000000
1624632882.41260338,0.00000000,0.00000000,0.00000000,0.00000000
1624632882.51258802,0.00000000,0.00000000,0.00000000,0.00000000
1624632882.61262679,0.00000000,0.00000000,0.00000000,0.00000000
1624632882.71263051,0.00000000,0.00000000,0.00000000,0.00000000
1624632882.81262827,0.00000000,0.00000000,0.00000000,0.00000000
1624632882.91262722,0.00000000,0.00000000,0.00000000,0.00000000
1624632883.01262975,0.00000000,0.00000000,0.00000000,0.00000000
1624632883.11262798,0.00000000,0.00000000,0.00000000,0.00000000
1624632883.21262789,0.00000000,0.00000000,0.00000000,0.00000000
1624632883.31262946,0.00000000,0.00000000,0.00000000,0.00000000
1624632883.41260958,0.00000000,0.00000000,0.00000000,0.00000000
1624632883.51262736,0.00000000,0.00000000,0.00000000,0.00000000
1624632883.61260748,0.00000000,0.00000000,0.00000000,0.00000000
1624632883.71262789,0.00000000,0.00000000,0.00000000,0.00000000
1624632883.81262851,0.00000000,0.00000000,0.00000000,0.00000000
1624632883.91263103,0.00000000,0.00000000,0.00000000,0.00000000
1624632884.01263046,0.00000000,0.00000000,0.00000000,0.00000000
1624632884.11261082,0.00000000,0.00000000,0.00000000,0.00000000
1624632884.21262717,0.00000000,0.00000000,0.00000000,0.00000000
1624632884.31262589,0.00000000,0.00000000,0.00000000,0.00000000
1624632884.41260123,0.00000000,0.00000000,0.00000000,0.00000000
1624632884.51262951,0.00000000,0.00000000,0.00000000,0.00000000
1624632884.61262608,0.00000000,0.00000000,0.00000000,0.00000000
1624632884.71262836,0.00000000,0.00000000,0.00000000,0.00000000
1624632884.81262684,0.00000000,0.00000000,0.00000000,0.00000000
1624632884.91262484,0.00000000,0.00000000,0.00000000,0.00000000
1624632885.01262736,0.00000000,0.00000000,0.00000000,0.00000000
1624632885.11262560,0.00000000,0.00000000,0.00000000,0.00000000
1624632885.21262789,0.00000000,0.00000000,0.00000000,0.00000000
1624632885.31262660,0.00000000,0.00000000,0.00000000,0.00000000
1624632885.41259623,0.00000000,0.00000000,0.00000000,0.00000000
1624632885.51260567,0.00000000,0.00000000,0.00000000,0.00000000
1624632885.61262393,0.00000000,0.00000000,0.00000000,0.00000000
1624632885.71262765,0.00000000,0.00000000,0.00000000,0.00000000
1624632885.81262708,0.00000000,0.00000000,0.00000000,0.00000000
1624632885.91262674,0.00000000,0.00000000,0.00000000,0.00000000
1624632886.01262832,0.00000000,0.00000000,0.00000000,0.00000000
1624632886.11264205,0.00000000,0.00000000,0.00000000,0.00000000
1624632886.21262717,0.00000000,0.00000000,0.00000000,0.00000000
1624632886.31262946,0.00000000,0.00000000,0.00000000,0.00000000
1624632886.41259503,0.00000000,0.00000000,0.00000000,0.00000000
1624632886.51262856,0.00000000,0.00000000,0.00000000,0.00000000
1624632886.61262608,0.00000000,0.00000000,0.00000000,0.00000000
1624632886.71262813,0.00000000,0.00000000,0.00000000,0.00000000
1624632886.81262803,0.00000000,0.00000000,0.00000000,0.00000000
1624632886.91262746,0.00000000,0.00000000,0.00000000,0.00000000
1624632887.01262593,0.00000000,0.00000000,0.00000000,0.00000000
1624632887.11263609,0.00000000,0.00000000,0.00000000,0.00000000
1624632887.21262574,0.00000000,0.00000000,0.00000000,0.00000000
1624632887.31263661,0.00000000,0.00000000,0.00000000,0.00000000
1624632887.41263247,0.00000000,0.00000000,0.00000000,0.00000000
1624632887.51260304,0.00000000,0.00000000,0.00000000,0.00000000
1624632887.61258435,0.00000000,0.00000000,0.00000000,0.00000000
1624632887.71263814,0.00000000,0.00000000,0.00000000,0.00000000
1624632887.81258726,0.00000000,0.00000000,0.00000000,0.00000000
1624632887.91262889,0.00000000,0.00000000,0.00000000,0.00000000
1624632888.01264119,0.00000000,0.00000000,0.00000000,0.00000000
1624632888.11263108,0.00000000,0.00000000,0.00000000,0.00000000
1624632888.21263885,0.00000000,0.00000000,0.00000000,0.00000000
1624632888.31262779,0.00000000,0.00000000,0.00000000,0.00000000
1624632888.41263056,0.00000000,0.00000000,0.00000000,0.00000000
1624632888.51258636,0.00000000,0.00000000,0.00000000,0.00000000
1624632888.61262822,0.00000000,0.00000000,0.00000000,0.00000000
1624632888.71262693,0.00000000,0.00000000,0.00000000,0.00000000
1624632888.81262851,0.00000000,0.00000000,0.00000000,0.00000000
1624632888.91262579,0.00000000,0.00000000,0.00000000,0.00000000
1624632889.01259065,0.00000000,0.00000000,0.00000000,0.00000000
1624632889.11263227,0.00000000,0.00000000,0.00000000,0.00000000
1624632889.21262741,0.00000000,0.00000000,0.00000000,0.00000000
1624632889.31262589,0.00000000,0.00000000,0.00000000,0.00000000
1624632889.41262579,0.00000000,0.00000000,0.00000000,0.00000000
1624632889.51262832,0.00000000,0.00000000,0.00000000,0.00000000
1624632889.61262941,0.00000000,0.00000000,0.00000000,0.00000000
1624632889.71265912,0.00000000,0.00000000,0.00000000,0.00000000
1624632889.81266427,0.00000000,0.00000000,0.00000000,0.00000000
1624632889.91262603,0.00000000,0.00000000,0.00000000,0.00000000
1624632890.01262760,0.00000000,0.00000000,0.00000000,0.00000000
1624632890.11263442,0.00000000,0.00000000,0.00000000,0.00000000
1624632890.21262956,0.00000000,0.00000000,0.00000000,0.00000000
1624632890.31262779,0.00000000,0.00000000,0.00000000,0.00000000
1624632890.41260767,0.00000000,0.00000000,0.00000000,0.00000000
1624632890.51262712,0.00000000,0.00000000,0.00000000,0.00000000
1624632890.61267805,0.00000000,0.00000000,0.00000000,0.00000000
1624632890.71260595,0.00000000,0.00000000,0.00000000,0.00000000
1624632890.81258965,0.00000000,0.00000000,0.00000000,0.00000000
1624632890.91263413,0.00000000,0.00000000,0.00000000,0.00000000
1624632891.01262736,0.00000000,0.00000000,0.00000000,0.00000000
1624632891.11262918,0.00000000,0.00000000,0.00000000,0.00000000
1624632891.21266460,0.00000000,0.00000000,0.00000000,0.00000000
1624632891.31262541,0.00000000,0.00000000,0.00000000,0.00000000
1624632891.41260505,0.00000000,0.00000000,0.00000000,0.00000000
1624632891.51263165,0.00000000,0.00000000,0.00000000,0.00000000
1624632891.61257362,0.00000000,0.00000000,0.00000000,0.00000000
1624632891.71262741,0.00000000,0.00000000,0.00000000,0.00000000
1624632891.81262708,0.00000000,0.00000000,0.00000000,0.00000000
1624632891.91263199,0.00000000,0.00000000,0.00000000,0.00000000
1624632892.01262903,0.00000000,0.00000000,0.00000000,0.00000000
1624632892.11259127,0.00000000,0.00000000,0.00000000,0.00000000
1624632892.21264577,0.00000000,0.00000000,0.00000000,0.00000000
1624632892.31266212,0.00000000,0.00000000,0.00000000,0.00000000
1624632892.41263056,0.00000000,0.00000000,0.00000000,0.00000000
1624632892.51262999,0.00000000,0.00000000,0.00000000,0.00000000
1624632892.61262894,0.00000000,0.00000000,0.00000000,0.00000000
1624632892.71262646,0.00000000,0.00000000,0.00000000,0.00000000
1624632892.81263566,0.00000000,0.00000000,0.00000000,0.00000000
1624632892.91260386,0.00000000,0.00000000,0.00000000,0.00000000
1624632893.01262951,0.00000000,0.00000000,0.00000000,0.00000000
1624632893.11260080,0.00000000,0.00000000,0.00000000,0.00000000
1624632893.21262860,0.00000000,0.00000000,0.00000000,0.00000000
1624632893.31262803,0.00000000,0.00000000,0.00000000,0.00000000
1624632893.41260242,0.00000000,0.00000000,0.00000000,0.00000000
1624632893.51260567,0.00000000,0.00000000,0.00000000,0.00000000
1624632893.61263037,0.00000000,0.00000000,0.00000000,0.00000000
1624632893.71263814,0.00000000,0.00000000,0.00000000,0.00000000
1624632893.81262803,0.00000000,0.00000000,0.00000000,0.00000000
1624632893.91262746,0.00000000,0.00000000,0.00000000,0.00000000
1624632894.01263118,0.00000000,0.00000000,0.00000000,0.00000000
1624632894.11263227,0.00000000,0.00000000,0.00000000,0.00000000
1624632894.21263027,0.00000000,0.00000000,0.00000000,0.00000000
1624632894.31259632,0.00000000,0.00000000,0.00000000,0.00000000
1624632894.41259909,0.00000000,0.00000000,0.00000000,0.00000000
1624632894.51264572,0.00000000,0.00000000,0.00000000,0.00000000
1624632894.61263394,0.00000000,0.00000000,0.00000000,0.00000000
1624632894.71263337,0.00000000,0.00000000,0.00000000,0.00000000
1624632894.81258392,0.00000000,0.00000000,0.00000000,0.00000000
1624632894.91262984,0.00000000,0.00000000,0.00000000,0.00000000
1624632895.01259398,0.00000000,0.00000000,0.00000000,0.00000000
1624632895.11262703,0.00000000,0.00000000,0.00000000,0.00000000
1624632895.21263146,0.00000000,0.00000000,0.00000000,0.00000000
1624632895.31263065,0.00000000,0.00000000,0.00000000,0.00000000
1624632895.41258669,0.00000000,0.00000000,0.00000000,0.00000000
1624632895.51264691,0.00000000,0.00000000,0.00000000,0.00000000
1624632895.61262488,0.00000000,0.00000000,0.00000000,0.00000000
1624632895.71263266,0.00000000,0.00000000,0.00000000,0.00000000
1624632895.81263256,0.00000000,0.00000000,0.00000000,0.00000000
1624632895.91263008,0.00000000,0.00000000,0.00000000,0.00000000
1624632896.01263165,0.00000000,0.00000000,0.00000000,0.00000000
1624632896.11261177,0.00000000,0.00000000,0.00000000,0.00000000
1624632896.21263623,0.00000000,0.00000000,0.00000000,0.00000000
1624632896.31263304,0.00000000,0.00000000,0.00000000,0.00000000
1624632896.41260004,0.00000000,0.00000000,0.00000000,0.00000000
1624632896.51263881,0.00000000,0.00000000,0.00000000,0.00000000
1624632896.61262751,0.00000000,0.00000000,0.00000000,0.00000000
1624632896.71262288,0.00000000,0.00000000,0.00000000,0.00000000
1624632896.81262970,0.00000000,0.00000000,0.00000000,0.00000000
1624632896.91263223,0.00000000,0.00000000,0.00000000,0.00000000
1624632897.01263237,0.00000000,0.00000000,0.00000000,0.00000000
