Seconds,Desired Distance
1623615959.02649784,3.50000000
1623615959.12625980,3.50000000
1623615959.22628975,3.50000000
1623615959.32625389,3.50000000
1623615959.42617130,3.50000000
1623615959.52627540,3.50000000
1623615959.62636375,3.50000000
1623615959.72633719,3.50000000
1623615959.82633042,3.50000000
1623615959.92624617,3.50000000
1623615960.02626801,3.50000000
1623615960.12625456,3.50000000
1623615960.22624230,3.50000000
1623615960.32630920,3.50000000
1623615960.42622399,3.50000000
1623615960.52631736,3.50000000
1623615960.62627673,3.50000000
1623615960.72602677,3.50000000
1623615960.82603574,3.50000000
1623615960.92598844,3.50000000
1623615961.02606392,3.50000000
1623615961.12624598,3.50000000
1623615961.22622085,3.50000000
1623615961.32625723,3.50000000
1623615961.42631531,3.50000000
1623615961.52624393,3.50000000
1623615961.62627482,3.50000000
1623615961.72625828,3.50000000
1623615961.82634258,3.50000000
1623615961.92624664,3.50000000
1623615962.02628994,3.50000000
1623615962.12634134,3.50000000
1623615962.22627807,3.50000000
1623615962.32631564,3.50000000
1623615962.42623496,3.50000000
1623615962.52624512,3.50000000
1623615962.62629461,3.50000000
1623615962.72640753,3.50000000
1623615962.82604265,3.50000000
1623615962.92599797,3.50000000
1623615963.02602887,3.50000000
1623615963.12599850,3.50000000
1623615963.22601771,3.50000000
1623615963.32630038,3.50000000
1623615963.42606997,3.50000000
1623615963.52627516,3.50000000
1623615963.62626958,3.50000000
1623615963.72625494,3.50000000
1623615963.82627177,3.50000000
1623615963.92629457,3.50000000
1623615964.02624989,3.50000000
1623615964.12621689,3.50000000
1623615964.22630000,3.50000000
1623615964.32622075,3.50000000
1623615964.42627668,3.50000000
1623615964.52621937,3.50000000
1623615964.62624407,3.50000000
1623615964.72607136,3.50000000
1623615964.82599163,3.50000000
1623615964.92606091,3.50000000
1623615965.02606249,3.50000000
1623615965.12627268,3.50000000
1623615965.22625089,3.50000000
1623615965.32630229,3.50000000
1623615965.42628837,3.50000000
1623615965.52640176,3.50000000
1623615965.62649274,3.50000000
1623615965.72616434,3.50000000
1623615965.82631278,3.50000000
1623615965.92636824,3.50000000
1623615966.02637029,3.50000000
1623615966.12634778,3.50000000
1623615966.22626495,3.50000000
1623615966.32637191,3.50000000
1623615966.42625690,3.50000000
1623615966.52604532,3.50000000
1623615966.62625909,3.50000000
1623615966.72611880,3.50000000
1623615966.82612610,3.50000000
1623615966.92627764,3.50000000
1623615967.02622914,3.50000000
1623615967.12627459,3.50000000
1623615967.22610402,3.50000000
1623615967.32626677,3.50000000
1623615967.42630577,3.50000000
1623615967.52626562,3.50000000
1623615967.62628198,3.50000000
1623615967.72630668,3.50000000
1623615967.82626295,3.50000000
1623615967.92626619,3.50000000
1623615968.02628064,3.50000000
1623615968.12629223,3.50000000
1623615968.22621322,3.50000000
1623615968.32626915,3.50000000
1623615968.42633080,3.50000000
1623615968.52624846,3.50000000
1623615968.62624907,3.50000000
1623615968.72630072,3.50000000
1623615968.82628989,3.50000000
1623615968.92609787,3.50000000
1623615969.02635646,3.50000000
1623615969.12622094,3.50000000
1623615969.22627807,3.50000000
1623615969.32628155,3.50000000
1623615969.42599750,3.50000000
1623615969.52621531,3.50000000
1623615969.62621522,3.50000000
1623615969.72609544,3.50000000
1623615969.82605648,3.50000000
1623615969.92623687,3.50000000
1623615970.02607083,3.50000000
1623615970.12631893,3.50000000
1623615970.22629738,3.50000000
1623615970.32634091,3.50000000
1623615970.42627120,3.50000000
1623615970.52630234,3.50000000
1623615970.62604475,3.50000000
1623615970.72625327,3.50000000
1623615970.82604218,3.50000000
1623615970.92627501,3.50000000
1623615971.02625465,3.50000000
1623615971.12630987,3.50000000
1623615971.22627854,3.50000000
1623615971.32629275,3.50000000
1623615971.42601752,3.50000000
1623615971.52603316,3.50000000
1623615971.62627983,3.50000000
1623615971.72600293,3.50000000
1623615971.82640004,3.50000000
1623615971.92636061,3.50000000
1623615972.02624631,3.50000000
1623615972.12601018,3.50000000
1623615972.22621465,3.50000000
1623615972.32628012,3.50000000
1623615972.42627978,3.50000000
1623615972.52625632,3.50000000
1623615972.62624478,3.50000000
1623615972.72626734,3.50000000
1623615972.82625508,3.50000000
1623615972.92599535,3.50000000
1623615973.02614999,3.50000000
1623615973.12613130,3.50000000
1623615973.22608900,3.50000000
1623615973.32624221,3.50000000
1623615973.42630839,3.50000000
1623615973.52641034,3.50000000
1623615973.62627578,3.50000000
1623615973.72624683,3.50000000
1623615973.82625389,3.50000000
1623615973.92624807,3.50000000
1623615974.02627301,3.50000000
1623615974.12625861,3.50000000
1623615974.22631693,3.50000000
1623615974.32628250,3.50000000
1623615974.42627454,3.50000000
1623615974.52626681,3.50000000
1623615974.62638664,3.50000000
1623615974.72635174,3.50000000
1623615974.82627940,3.50000000
1623615974.92621255,3.50000000
1623615975.02626681,3.50000000
1623615975.12637544,3.50000000
1623615975.22627163,3.50000000
1623615975.32606053,3.50000000
1623615975.42615080,3.50000000
1623615975.52625203,3.50000000
1623615975.62632704,3.50000000
1623615975.72605205,3.50000000
1623615975.82627320,3.50000000
1623615975.92621517,3.50000000
1623615976.02638626,3.50000000
1623615976.12612200,3.50000000
1623615976.22608423,3.50000000
1623615976.32607961,3.50000000
1623615976.42639136,3.50000000
1623615976.52628827,3.50000000
1623615976.62624407,3.50000000
1623615976.72624493,3.50000000
1623615976.82628179,3.50000000
1623615976.92620373,3.50000000
1623615977.02629495,3.50000000
1623615977.12625384,3.50000000
1623615977.22625756,3.50000000
1623615977.32625365,3.50000000
1623615977.42625856,3.50000000
1623615977.52624154,3.50000000
1623615977.62622523,3.50000000
1623615977.72624731,3.50000000
1623615977.82626605,3.50000000
1623615977.92620111,3.50000000
1623615978.02625227,3.50000000
1623615978.12627077,3.50000000
1623615978.22625995,3.50000000
1623615978.32638907,3.50000000
1623615978.42631507,3.50000000
1623615978.52638006,3.50000000
1623615978.62633252,3.50000000
1623615978.72625279,3.50000000
1623615978.82627010,3.50000000
1623615978.92625284,3.50000000
1623615979.02628040,3.50000000
1623615979.12623787,3.50000000
1623615979.22626328,3.50000000
1623615979.32627177,3.50000000
1623615979.42615891,3.50000000
1623615979.52636051,3.50000000
1623615979.62626839,3.50000000
1623615979.72624207,3.50000000
1623615979.82625532,3.50000000
1623615979.92626739,3.50000000
1623615980.02626371,3.50000000
1623615980.12626457,3.50000000
1623615980.22624159,3.50000000
1623615980.32623959,3.50000000
1623615980.42625499,3.50000000
1623615980.52622414,3.50000000
1623615980.62625504,3.50000000
1623615980.72623825,3.50000000
1623615980.82627845,3.50000000
1623615980.92624998,3.50000000
1623615981.02632618,3.50000000
1623615981.12624240,3.50000000
1623615981.22631216,3.50000000
1623615981.32629418,3.50000000
1623615981.42626834,3.50000000
1623615981.52626133,3.50000000
1623615981.62624669,3.50000000
1623615981.72630048,3.50000000
1623615981.82626748,3.50000000
1623615981.92624497,3.50000000
1623615982.02627945,3.50000000
1623615982.12627625,3.50000000
1623615982.22624445,3.50000000
1623615982.32619715,3.50000000
1623615982.42626357,3.50000000
1623615982.52625632,3.50000000
1623615982.62622166,3.50000000
1623615982.72624922,3.50000000
1623615982.82624817,3.50000000
1623615982.92629600,3.50000000
1623615983.02633333,3.50000000
1623615983.12635636,3.50000000
1623615983.22632360,3.50000000
1623615983.32620025,3.50000000
1623615983.42635322,3.50000000
1623615983.52632213,3.50000000
1623615983.62631941,3.50000000
1623615983.72624159,3.50000000
1623615983.82618165,3.50000000
1623615983.92627597,3.50000000
1623615984.02626777,3.50000000
1623615984.12622023,3.50000000
1623615984.22620726,3.50000000
1623615984.32627344,3.50000000
1623615984.42626643,3.50000000
1623615984.52626967,3.50000000
1623615984.62625337,3.50000000
1623615984.72621751,3.50000000
1623615984.82626200,3.50000000
1623615984.92605853,3.50000000
1623615985.02626467,3.50000000
1623615985.12624955,3.50000000
1623615985.22626758,3.50000000
1623615985.32624459,3.50000000
1623615985.42625546,3.50000000
1623615985.52625537,3.50000000
1623615985.62626553,3.50000000
1623615985.72624207,3.50000000
1623615985.82626367,3.50000000
1623615985.92621851,3.50000000
1623615986.02629662,3.50000000
1623615986.12624669,3.50000000
1623615986.22624803,3.50000000
1623615986.32626557,3.50000000
1623615986.42626071,3.50000000
1623615986.52627063,3.50000000
1623615986.62628198,3.50000000
1623615986.72624421,3.50000000
1623615986.82614779,3.50000000
1623615986.92626929,3.50000000
1623615987.02622700,3.50000000
1623615987.12625289,3.50000000
1623615987.22627544,3.50000000
1623615987.32625604,3.50000000
1623615987.42625523,3.50000000
1623615987.52628708,3.50000000
1623615987.62628722,3.50000000
1623615987.72626400,3.50000000
1623615987.82631373,3.50000000
1623615987.92623639,3.50000000
1623615988.02621675,3.50000000
1623615988.12624002,3.50000000
1623615988.22627521,3.50000000
1623615988.32621932,3.50000000
1623615988.42626357,3.50000000
1623615988.52627325,3.50000000
1623615988.62622118,3.50000000
1623615988.72625256,3.50000000
1623615988.82625008,3.50000000
1623615988.92625523,3.50000000
1623615989.02624536,3.50000000
1623615989.12627172,3.50000000
1623615989.22629046,3.50000000
1623615989.32620907,3.50000000
1623615989.42624450,3.50000000
1623615989.52622819,3.50000000
1623615989.62623572,3.50000000
1623615989.72627568,3.50000000
1623615989.82630038,3.50000000
1623615989.92629790,3.50000000
1623615990.02624583,3.50000000
1623615990.12625885,3.50000000
1623615990.22625208,3.50000000
1623615990.32627511,3.50000000
1623615990.42631721,3.50000000
1623615990.52625895,3.50000000
1623615990.62625456,3.50000000
1623615990.72623491,3.50000000
1623615990.82620764,3.50000000
1623615990.92620063,3.50000000
1623615991.02631831,3.50000000
1623615991.12633061,3.50000000
1623615991.22632647,3.50000000
1623615991.32629323,3.50000000
1623615991.42620802,3.50000000
1623615991.52632880,3.50000000
1623615991.62634420,3.50000000
1623615991.72625566,3.50000000
1623615991.82626843,3.50000000
1623615991.92627716,3.50000000
1623615992.02625346,3.50000000
1623615992.12627053,3.50000000
1623615992.22621703,3.50000000
1623615992.32630205,3.50000000
1623615992.42629409,3.50000000
1623615992.52627230,3.50000000
1623615992.62626600,3.50000000
1623615992.72626948,3.50000000
1623615992.82626176,3.50000000
1623615992.92627835,3.50000000
1623615993.02626276,3.50000000
1623615993.12630796,3.50000000
1623615993.22625303,3.50000000
1623615993.32621050,3.50000000
1623615993.42628431,3.50000000
1623615993.52622247,3.50000000
1623615993.62626815,3.50000000
1623615993.72627497,3.50000000
1623615993.82624984,3.50000000
1623615993.92625999,3.50000000
1623615994.02625728,3.50000000
1623615994.12621069,3.50000000
1623615994.22621155,3.50000000
1623615994.32625794,3.50000000
1623615994.42625618,3.50000000
1623615994.52626562,3.50000000
1623615994.62627482,3.50000000
1623615994.72635102,3.50000000
1623615994.82631207,3.50000000
1623615994.92629361,3.50000000
1623615995.02630091,3.50000000
1623615995.12625289,3.50000000
1623615995.22626424,3.50000000
1623615995.32625389,3.50000000
1623615995.42628503,3.50000000
1623615995.52626467,3.50000000
1623615995.62626100,3.50000000
1623615995.72630572,3.50000000
1623615995.82633710,3.50000000
1623615995.92632914,3.50000000
1623615996.02627134,3.50000000
1623615996.12633944,3.50000000
1623615996.22622085,3.50000000
1623615996.32626724,3.50000000
1623615996.42625666,3.50000000
1623615996.52627397,3.50000000
1623615996.62621760,3.50000000
1623615996.72630787,3.50000000
1623615996.82621098,3.50000000
1623615996.92631650,3.50000000
1623615997.02628040,3.50000000
1623615997.12626529,3.50000000
1623615997.22622490,3.50000000
1623615997.32621408,3.50000000
1623615997.42619824,3.50000000
1623615997.52620912,3.50000000
1623615997.62626553,3.50000000
1623615997.72631311,3.50000000
1623615997.82627583,3.50000000
1623615997.92624187,3.50000000
1623615998.02622581,3.50000000
1623615998.12632608,3.50000000
1623615998.22632265,3.50000000
1623615998.32628727,3.50000000
1623615998.42621326,3.50000000
1623615998.52630305,3.50000000
1623615998.62635612,3.50000000
1623615998.72628808,3.50000000
1623615998.82623529,3.50000000
1623615998.92631769,3.50000000
1623615999.02633643,3.50000000
1623615999.12627172,3.50000000
1623615999.22634315,3.50000000
1623615999.32624030,3.50000000
1623615999.42625666,3.50000000
1623615999.52626729,3.50000000
1623615999.62626863,3.50000000
1623615999.72639346,3.50000000
1623615999.82627916,3.50000000
1623615999.92628384,3.50000000
1623616000.02627158,3.50000000
1623616000.12624741,3.50000000
1623616000.22625399,3.50000000
1623616000.32626176,3.50000000
1623616000.42624092,3.50000000
1623616000.52625680,3.50000000
1623616000.62626290,3.50000000
1623616000.72637606,3.50000000
1623616000.82633233,3.50000000
1623616000.92607403,3.50000000
1623616001.02627778,3.50000000
1623616001.12625194,3.50000000
1623616001.22624063,3.50000000
1623616001.32628465,3.50000000
1623616001.42634654,3.50000000
1623616001.52635407,3.50000000
1623616001.62630868,3.50000000
1623616001.72636652,3.50000000
1623616001.82635307,3.50000000
1623616001.92634010,3.50000000
1623616002.02627563,3.50000000
1623616002.12629294,3.50000000
1623616002.22630191,3.50000000
1623616002.32636833,3.50000000
1623616002.42633891,3.50000000
1623616002.52628493,3.50000000
1623616002.62634540,3.50000000
1623616002.72631407,3.50000000
1623616002.82627082,3.50000000
1623616002.92621279,3.50000000
1623616003.02626038,3.50000000
1623616003.12623692,3.50000000
1623616003.22625065,3.50000000
1623616003.32626843,3.50000000
1623616003.42628455,3.50000000
1623616003.52625155,3.50000000
1623616003.62626791,3.50000000
1623616003.72631145,3.50000000
1623616003.82629037,3.50000000
1623616003.92633581,3.50000000
1623616004.02632356,3.50000000
1623616004.12626505,3.50000000
1623616004.22620368,3.50000000
1623616004.32624102,3.50000000
1623616004.42625022,3.50000000
1623616004.52625346,3.50000000
1623616004.62624240,3.50000000
1623616004.72629714,3.50000000
1623616004.82625246,3.50000000
1623616004.92620945,3.50000000
1623616005.02605414,3.50000000
1623616005.12626123,3.50000000
1623616005.22625041,3.50000000
1623616005.32625413,3.50000000
1623616005.42635822,3.50000000
1623616005.52637959,3.50000000
1623616005.62637591,3.50000000
1623616005.72638297,3.50000000
1623616005.82631159,3.50000000
1623616005.92626119,3.50000000
1623616006.02625918,3.50000000
1623616006.12628341,3.50000000
1623616006.22625422,3.50000000
1623616006.32626629,3.50000000
1623616006.42625904,3.50000000
1623616006.52624941,3.50000000
1623616006.62630224,3.50000000
1623616006.72628188,3.50000000
1623616006.82628012,3.50000000
1623616006.92626071,3.50000000
1623616007.02626657,3.50000000
1623616007.12621784,3.50000000
1623616007.22628260,3.50000000
1623616007.32625651,3.50000000
1623616007.42624116,3.50000000
1623616007.52624702,3.50000000
1623616007.62626767,3.50000000
1623616007.72627664,3.50000000
1623616007.82623863,3.50000000
1623616007.92624974,3.50000000
1623616008.02634573,3.50000000
1623616008.12624192,3.50000000
1623616008.22626114,3.50000000
1623616008.32632446,3.50000000
1623616008.42625117,3.50000000
1623616008.52637339,3.50000000
1623616008.62633443,3.50000000
1623616008.72633958,3.50000000
1623616008.82637858,3.50000000
1623616008.92632437,3.50000000
1623616009.02635574,3.50000000
1623616009.12638187,3.50000000
1623616009.22635984,3.50000000
1623616009.32636118,3.50000000
1623616009.42636204,3.50000000
1623616009.52626610,3.50000000
1623616009.62625790,3.50000000
1623616009.72630000,3.50000000
1623616009.82621264,3.50000000
1623616009.92632508,3.50000000
1623616010.02612615,3.50000000
1623616010.12624931,3.50000000
1623616010.22625685,3.50000000
1623616010.32624984,3.50000000
1623616010.42625856,3.50000000
1623616010.52624488,3.50000000
1623616010.62628341,3.50000000
1623616010.72626448,3.50000000
1623616010.82625055,3.50000000
1623616010.92624712,3.50000000
1623616011.02637100,3.50000000
1623616011.12632918,3.50000000
1623616011.22636032,3.50000000
1623616011.32625270,3.50000000
1623616011.42626977,3.50000000
1623616011.52626657,3.50000000
1623616011.62625933,3.50000000
1623616011.72630668,3.50000000
1623616011.82628226,3.50000000
1623616011.92625499,3.50000000
1623616012.02628517,3.50000000
1623616012.12603402,3.50000000
1623616012.22610450,3.50000000
1623616012.32601810,3.50000000
1623616012.42604971,3.50000000
1623616012.52605629,3.50000000
1623616012.62605214,3.50000000
1623616012.72604752,3.50000000
1623616012.82602572,3.50000000
1623616012.92603588,3.50000000
1623616013.02599645,3.50000000
1623616013.12604713,3.50000000
1623616013.22611642,3.50000000
1623616013.32612276,3.50000000
1623616013.42604685,3.50000000
1623616013.52603006,3.50000000
1623616013.62615061,3.50000000
1623616013.72602773,3.50000000
1623616013.82602358,3.50000000
1623616013.92606592,3.50000000
1623616014.02612042,3.50000000
1623616014.12620354,3.50000000
1623616014.22602463,3.50000000
1623616014.32607961,3.50000000
1623616014.42620897,3.50000000
1623616014.52603316,3.50000000
1623616014.62615538,3.50000000
1623616014.72629285,3.50000000
1623616014.82627010,3.50000000
1623616014.92601538,3.50000000
1623616015.02631187,3.50000000
1623616015.12602878,3.50000000
1623616015.22604537,3.50000000
1623616015.32604384,3.50000000
1623616015.42616773,3.50000000
1623616015.52628398,3.50000000
1623616015.62651873,3.50000000
1623616015.72599769,3.50000000
1623616015.82600737,3.50000000
1623616015.92638612,3.50000000
1623616016.02627659,3.50000000
1623616016.12606430,3.50000000
1623616016.22604251,3.50000000
1623616016.32613993,3.50000000
1623616016.42627311,3.50000000
1623616016.52622795,3.50000000
1623616016.62622499,3.50000000
1623616016.72620201,3.50000000
1623616016.82636523,3.50000000
1623616016.92627883,3.50000000
1623616017.02616978,3.50000000
1623616017.12629223,3.50000000
1623616017.22631335,3.50000000
1623616017.32643604,3.50000000
1623616017.42607617,3.50000000
1623616017.52609539,3.50000000
1623616017.62633586,3.50000000
1623616017.72626376,3.50000000
1623616017.82603931,3.50000000
1623616017.92629671,3.50000000
1623616018.02634931,3.50000000
1623616018.12625694,3.50000000
1623616018.22637057,3.50000000
1623616018.32622910,3.50000000
1623616018.42623186,3.50000000
1623616018.52625132,3.50000000
1623616018.62623262,3.50000000
1623616018.72626233,3.50000000
1623616018.82622838,3.50000000
1623616018.92626834,3.50000000
1623616019.02626920,3.50000000
1623616019.12625527,3.50000000
1623616019.22600389,3.50000000
1623616019.32620215,3.50000000
