Seconds,Detected,Distance,Angle,Child.X,Child.Y,Child.Angle
1623615959.02337599,1,1.41421354,45.00000000,0.99999998,0.99999998,45.00000000
1623615959.12338877,1,1.41421354,45.00000000,0.99999998,0.99999998,45.00000000
1623615959.22337985,1,1.41421354,45.00000000,0.99999998,0.99999998,45.00000000
1623615959.32337999,1,1.41421354,45.00000000,0.99999998,0.99999998,45.00000000
1623615959.42335820,1,1.41421354,45.00000000,0.99999998,0.99999998,45.00000000
1623615959.52338314,1,1.41421354,45.00000000,0.99999998,0.99999998,45.00000000
1623615959.62338710,1,1.41421354,45.00000000,0.99999998,0.99999998,45.00000000
1623615959.72339082,1,1.41421354,45.00000000,0.99999998,0.99999998,45.00000000
1623615959.82337952,1,1.37931144,46.00000000,0.95815024,0.99219362,46.00000000
1623615959.92338014,1,1.34536242,48.00000000,0.90022318,0.99979912,48.00000000
1623615960.02338052,1,1.31244051,50.00000000,0.84362050,1.00538776,50.00000000
1623615960.12338066,1,1.28062487,51.00000000,0.80592334,0.99523244,51.00000000
1623615960.22338080,1,1.25000000,53.00000000,0.75226878,0.99829439,53.00000000
1623615960.32338858,1,1.22065556,55.00000000,0.70013927,0.99990250,55.00000000
1623615960.42338967,1,1.19268608,57.00000000,0.64958340,1.00027071,57.00000000
1623615960.52339315,1,1.16619039,59.00000000,0.60063245,0.99962027,59.00000000
1623615960.62338758,1,1.14127123,61.00000000,0.55329927,0.99817831,61.00000000
1623615960.72330904,1,1.11803401,63.00000000,0.50757682,0.99617559,63.00000000
1623615960.82328200,1,1.09658563,66.00000000,0.44602156,1.00178082,66.00000000
1623615960.92328143,1,1.07703292,68.00000000,0.40346363,0.99860754,68.00000000
1623615961.02331161,1,1.05948102,71.00000000,0.34493328,1.00175899,71.00000000
1623615961.12338281,1,1.04403067,73.00000000,0.30524503,0.99841149,73.00000000
1623615961.22338104,1,1.03077638,76.00000000,0.24936738,1.00015792,76.00000000
1623615961.32336330,1,1.01980388,79.00000000,0.19458775,1.00106721,79.00000000
1623615961.42339444,1,1.01118743,81.00000000,0.15818457,0.99873804,81.00000000
1623615961.52338743,1,1.00498760,84.00000000,0.10504981,0.99948217,84.00000000
1623615961.62334466,1,1.00124919,87.00000000,0.05240133,0.99987702,87.00000000
1623615961.72339654,1,1.00000000,90.00000000,0.00000000,1.00000000,90.00000000
1623615961.82339835,1,1.00124919,93.00000000,-0.05240133,0.99987702,93.00000000
1623615961.92334485,1,1.00498760,96.00000000,-0.10504981,0.99948217,96.00000000
1623615962.02334762,1,1.01118743,99.00000000,-0.15818457,0.99873804,99.00000000
1623615962.12341142,1,1.01980388,101.00000000,-0.19458775,1.00106721,101.00000000
1623615962.22340393,1,1.03077638,104.00000000,-0.24936738,1.00015792,104.00000000
1623615962.32340074,1,1.04403067,107.00000000,-0.30524503,0.99841149,107.00000000
1623615962.42340684,1,1.05948102,109.00000000,-0.34493328,1.00175899,109.00000000
1623615962.52335525,1,1.07703292,112.00000000,-0.40346363,0.99860754,112.00000000
1623615962.62339544,1,1.09658563,114.00000000,-0.44602156,1.00178082,114.00000000
1623615962.72337317,1,1.11803401,117.00000000,-0.50757682,0.99617559,117.00000000
1623615962.82329178,1,1.14127123,119.00000000,-0.55329927,0.99817831,119.00000000
1623615962.92331052,1,1.16619039,121.00000000,-0.60063245,0.99962027,121.00000000
1623615963.02327943,1,1.19268608,123.00000000,-0.64958340,1.00027071,123.00000000
1623615963.12330770,1,1.22065556,125.00000000,-0.70013927,0.99990250,125.00000000
1623615963.22331715,1,1.25000000,127.00000000,-0.75226878,0.99829439,127.00000000
1623615963.32336831,1,1.28062487,129.00000000,-0.80592334,0.99523244,129.00000000
1623615963.42329979,1,1.31244051,130.00000000,-0.84362050,1.00538776,130.00000000
1623615963.52333903,1,1.34536242,132.00000000,-0.90022318,0.99979912,132.00000000
1623615963.62337708,1,1.37931144,134.00000000,-0.95815024,0.99219362,134.00000000
1623615963.72338772,1,1.41421354,135.00000000,-0.99999998,0.99999998,135.00000000
1623615963.82338881,1,1.41421354,135.00000000,-0.99999998,0.99999998,135.00000000
1623615963.92335081,1,1.41421354,135.00000000,-0.99999998,0.99999998,135.00000000
1623615964.02336240,1,1.41421354,135.00000000,-0.99999998,0.99999998,135.00000000
1623615964.12338257,1,1.41421354,135.00000000,-0.99999998,0.99999998,135.00000000
1623615964.22339559,1,1.41421354,135.00000000,-0.99999998,0.99999998,135.00000000
1623615964.32334614,1,1.41421354,135.00000000,-0.99999998,0.99999998,135.00000000
1623615964.42339420,1,1.41421354,135.00000000,-0.99999998,0.99999998,135.00000000
1623615964.52338886,1,1.41421354,135.00000000,-0.99999998,0.99999998,135.00000000
1623615964.62334418,1,1.41421354,135.00000000,-0.99999998,0.99999998,135.00000000
1623615964.72328901,1,1.41421354,135.00000000,-0.99999998,0.99999998,135.00000000
1623615964.82337475,1,1.37931144,136.00000000,-0.99219362,0.95815024,136.00000000
1623615964.92328763,1,1.34536242,138.00000000,-0.99979912,0.90022318,138.00000000
1623615965.02328658,1,1.31244051,140.00000000,-1.00538776,0.84362050,140.00000000
1623615965.12335563,1,1.28062487,141.00000000,-0.99523244,0.80592334,141.00000000
1623615965.22336459,1,1.25000000,143.00000000,-0.99829439,0.75226878,143.00000000
1623615965.32335329,1,1.22065556,145.00000000,-0.99990250,0.70013927,145.00000000
1623615965.42339468,1,1.19268608,147.00000000,-1.00027071,0.64958340,147.00000000
1623615965.52339458,1,1.16619039,149.00000000,-0.99962027,0.60063245,149.00000000
1623615965.62335920,1,1.14127123,151.00000000,-0.99817831,0.55329927,151.00000000
1623615965.72333574,1,1.11803401,153.00000000,-0.99617559,0.50757682,153.00000000
1623615965.82338452,1,1.09658563,156.00000000,-1.00178082,0.44602156,156.00000000
1623615965.92334342,1,1.07703292,158.00000000,-0.99860754,0.40346363,158.00000000
1623615966.02334642,1,1.05948102,161.00000000,-1.00175899,0.34493328,161.00000000
1623615966.12336206,1,1.04403067,163.00000000,-0.99841149,0.30524503,163.00000000
1623615966.22336912,1,1.03077638,166.00000000,-1.00015792,0.24936738,166.00000000
1623615966.32335162,1,1.01980388,169.00000000,-1.00106721,0.19458775,169.00000000
1623615966.42337155,1,1.01118743,171.00000000,-0.99873804,0.15818457,171.00000000
1623615966.52328658,1,1.00498760,174.00000000,-0.99948217,0.10504981,174.00000000
1623615966.62333941,1,1.00124919,177.00000000,-0.99987702,0.05240133,177.00000000
1623615966.72328305,1,1.00000000,180.00000000,-1.00000000,0.00000000,180.00000000
1623615966.82328653,1,1.00124919,-177.00000000,-0.99987702,-0.05240133,-177.00000000
1623615966.92336917,1,1.00498760,-174.00000000,-0.99948217,-0.10504981,-174.00000000
1623615967.02334499,1,1.01118743,-171.00000000,-0.99873804,-0.15818457,-171.00000000
1623615967.12334514,1,1.01980388,-169.00000000,-1.00106721,-0.19458775,-169.00000000
1623615967.22330523,1,1.03077638,-166.00000000,-1.00015792,-0.24936738,-166.00000000
1623615967.32336831,1,1.04403067,-163.00000000,-0.99841149,-0.30524503,-163.00000000
1623615967.42337251,1,1.05948102,-161.00000000,-1.00175899,-0.34493328,-161.00000000
1623615967.52334571,1,1.07703292,-158.00000000,-0.99860754,-0.40346363,-158.00000000
1623615967.62335277,1,1.09658563,-156.00000000,-1.00178082,-0.44602156,-156.00000000
1623615967.72334504,1,1.11803401,-153.00000000,-0.99617559,-0.50757682,-153.00000000
1623615967.82334566,1,1.14127123,-151.00000000,-0.99817831,-0.55329927,-151.00000000
1623615967.92337942,1,1.16619039,-149.00000000,-0.99962027,-0.60063245,-149.00000000
1623615968.02337170,1,1.19268608,-147.00000000,-1.00027071,-0.64958340,-147.00000000
1623615968.12334752,1,1.22065556,-145.00000000,-0.99990250,-0.70013927,-145.00000000
1623615968.22339129,1,1.25000000,-143.00000000,-0.99829439,-0.75226878,-143.00000000
1623615968.32337499,1,1.28062487,-141.00000000,-0.99523244,-0.80592334,-141.00000000
1623615968.42340875,1,1.31244051,-140.00000000,-1.00538776,-0.84362050,-140.00000000
1623615968.52336359,1,1.34536242,-138.00000000,-0.99979912,-0.90022318,-138.00000000
1623615968.62336159,1,1.37931144,-136.00000000,-0.99219362,-0.95815024,-136.00000000
1623615968.72336674,1,1.41421354,-135.00000000,-0.99999998,-0.99999998,-135.00000000
1623615968.82336760,1,1.41421354,-135.00000000,-0.99999998,-0.99999998,-135.00000000
1623615968.92332339,1,1.41421354,-135.00000000,-0.99999998,-0.99999998,-135.00000000
1623615969.02336597,1,1.41421354,-135.00000000,-0.99999998,-0.99999998,-135.00000000
1623615969.12336278,1,1.41421354,-135.00000000,-0.99999998,-0.99999998,-135.00000000
1623615969.22333622,1,1.41421354,-135.00000000,-0.99999998,-0.99999998,-135.00000000
1623615969.32335210,1,1.41421354,-135.00000000,-0.99999998,-0.99999998,-135.00000000
1623615969.42337346,1,1.41421354,-135.00000000,-0.99999998,-0.99999998,-135.00000000
1623615969.52336168,1,1.41421354,-135.00000000,-0.99999998,-0.99999998,-135.00000000
1623615969.62335157,1,1.41421354,-135.00000000,-0.99999998,-0.99999998,-135.00000000
1623615969.72329831,1,1.41421354,-135.00000000,-0.99999998,-0.99999998,-135.00000000
1623615969.82331181,1,1.37931144,-134.00000000,-0.95815024,-0.99219362,-134.00000000
1623615969.92338514,1,1.34536242,-132.00000000,-0.90022318,-0.99979912,-132.00000000
1623615970.02340078,1,1.31244051,-130.00000000,-0.84362050,-1.00538776,-130.00000000
1623615970.12334108,1,1.28062487,-129.00000000,-0.80592334,-0.99523244,-129.00000000
1623615970.22334886,1,1.25000000,-127.00000000,-0.75226878,-0.99829439,-127.00000000
1623615970.32335091,1,1.22065556,-125.00000000,-0.70013927,-0.99990250,-125.00000000
1623615970.42334747,1,1.19268608,-123.00000000,-0.64958340,-1.00027071,-123.00000000
1623615970.52334785,1,1.16619039,-121.00000000,-0.60063245,-0.99962027,-121.00000000
1623615970.62331820,1,1.14127123,-119.00000000,-0.55329927,-0.99817831,-119.00000000
1623615970.72339058,1,1.11803401,-117.00000000,-0.50757682,-0.99617559,-117.00000000
1623615970.82331681,1,1.09658563,-114.00000000,-0.44602156,-1.00178082,-114.00000000
1623615970.92340398,1,1.07703292,-112.00000000,-0.40346363,-0.99860754,-112.00000000
1623615971.02338290,1,1.05948102,-109.00000000,-0.34493328,-1.00175899,-109.00000000
1623615971.12338328,1,1.04403067,-107.00000000,-0.30524503,-0.99841149,-107.00000000
1623615971.22335601,1,1.03077638,-104.00000000,-0.24936738,-1.00015792,-104.00000000
1623615971.32334518,1,1.01980388,-101.00000000,-0.19458775,-1.00106721,-101.00000000
1623615971.42337871,1,1.01118743,-99.00000000,-0.15818457,-0.99873804,-99.00000000
1623615971.52331114,1,1.00498760,-96.00000000,-0.10504981,-0.99948217,-96.00000000
1623615971.62338233,1,1.00124919,-93.00000000,-0.05240133,-0.99987702,-93.00000000
1623615971.72328210,1,1.00000000,-90.00000000,0.00000000,-1.00000000,-90.00000000
1623615971.82334948,1,1.00124919,-87.00000000,0.05240133,-0.99987702,-87.00000000
1623615971.92334819,1,1.00498760,-84.00000000,0.10504981,-0.99948217,-84.00000000
1623615972.02334714,1,1.01118743,-81.00000000,0.15818457,-0.99873804,-81.00000000
1623615972.12338686,1,1.01980388,-79.00000000,0.19458775,-1.00106721,-79.00000000
1623615972.22332525,1,1.03077638,-76.00000000,0.24936738,-1.00015792,-76.00000000
1623615972.32339573,1,1.04403067,-73.00000000,0.30524503,-0.99841149,-73.00000000
1623615972.42338228,1,1.05948102,-71.00000000,0.34493328,-1.00175899,-71.00000000
1623615972.52334857,1,1.07703292,-68.00000000,0.40346363,-0.99860754,-68.00000000
1623615972.62336826,1,1.09658563,-66.00000000,0.44602156,-1.00178082,-66.00000000
1623615972.72338605,1,1.11803401,-63.00000000,0.50757682,-0.99617559,-63.00000000
1623615972.82334733,1,1.14127123,-61.00000000,0.55329927,-0.99817831,-61.00000000
1623615972.92331362,1,1.16619039,-59.00000000,0.60063245,-0.99962027,-59.00000000
1623615973.02330852,1,1.19268608,-57.00000000,0.64958340,-1.00027071,-57.00000000
1623615973.12331080,1,1.22065556,-55.00000000,0.70013927,-0.99990250,-55.00000000
1623615973.22331214,1,1.25000000,-53.00000000,0.75226878,-0.99829439,-53.00000000
1623615973.32338071,1,1.28062487,-51.00000000,0.80592334,-0.99523244,-51.00000000
1623615973.42334223,1,1.31244051,-50.00000000,0.84362050,-1.00538776,-50.00000000
1623615973.52338767,1,1.34536242,-48.00000000,0.90022318,-0.99979912,-48.00000000
1623615973.62334085,1,1.37931144,-46.00000000,0.95815024,-0.99219362,-46.00000000
1623615973.72334790,1,1.41421354,-45.00000000,0.99999998,-0.99999998,-45.00000000
1623615973.82339168,1,1.41421354,-45.00000000,0.99999998,-0.99999998,-45.00000000
1623615973.92335248,1,1.41421354,-45.00000000,0.99999998,-0.99999998,-45.00000000
1623615974.02334189,1,1.41421354,-45.00000000,0.99999998,-0.99999998,-45.00000000
1623615974.12336969,1,1.41421354,-45.00000000,0.99999998,-0.99999998,-45.00000000
1623615974.22336245,1,1.41421354,-45.00000000,0.99999998,-0.99999998,-45.00000000
1623615974.32336187,1,1.41421354,-45.00000000,0.99999998,-0.99999998,-45.00000000
1623615974.42338943,1,1.41421354,-45.00000000,0.99999998,-0.99999998,-45.00000000
1623615974.52335620,1,1.41421354,-45.00000000,0.99999998,-0.99999998,-45.00000000
1623615974.62335372,1,1.41421354,-45.00000000,0.99999998,-0.99999998,-45.00000000
1623615974.72339702,1,1.41421354,-45.00000000,0.99999998,-0.99999998,-45.00000000
1623615974.82335663,1,1.37931144,-44.00000000,0.99219362,-0.95815024,-44.00000000
1623615974.92335391,1,1.34536242,-42.00000000,0.99979912,-0.90022318,-42.00000000
1623615975.02334452,1,1.31244051,-40.00000000,1.00538776,-0.84362050,-40.00000000
1623615975.12334681,1,1.28062487,-39.00000000,0.99523244,-0.80592334,-39.00000000
1623615975.22334838,1,1.25000000,-37.00000000,0.99829439,-0.75226878,-37.00000000
1623615975.32330489,1,1.22065556,-35.00000000,0.99990250,-0.70013927,-35.00000000
1623615975.42330027,1,1.19268608,-33.00000000,1.00027071,-0.64958340,-33.00000000
1623615975.52335668,1,1.16619039,-31.00000000,0.99962027,-0.60063245,-31.00000000
1623615975.62335491,1,1.14127123,-29.00000000,0.99817831,-0.55329927,-29.00000000
1623615975.72328997,1,1.11803401,-27.00000000,0.99617559,-0.50757682,-27.00000000
1623615975.82339716,1,1.09658563,-24.00000000,1.00178082,-0.44602156,-24.00000000
1623615975.92339039,1,1.07703292,-22.00000000,0.99860754,-0.40346363,-22.00000000
1623615976.02339149,1,1.05948102,-19.00000000,1.00175899,-0.34493328,-19.00000000
1623615976.12332010,1,1.04403067,-17.00000000,0.99841149,-0.30524503,-17.00000000
1623615976.22336149,1,1.03077638,-14.00000000,1.00015792,-0.24936738,-14.00000000
1623615976.32331777,1,1.01980388,-11.00000000,1.00106721,-0.19458775,-11.00000000
1623615976.42338490,1,1.01118743,-9.00000000,0.99873804,-0.15818457,-9.00000000
1623615976.52334547,1,1.00498760,-6.00000000,0.99948217,-0.10504981,-6.00000000
1623615976.62338018,1,1.00124919,-3.00000000,0.99987702,-0.05240133,-3.00000000
1623615976.72339129,1,1.00000000,0.00000000,1.00000000,0.00000000,0.00000000
1623615976.82341003,1,1.00124919,3.00000000,0.99987702,0.05240133,3.00000000
1623615976.92338753,1,1.00498760,6.00000000,0.99948217,0.10504981,6.00000000
1623615977.02339101,1,1.01118743,9.00000000,0.99873804,0.15818457,9.00000000
1623615977.12334299,1,1.01980388,11.00000000,1.00106721,0.19458775,11.00000000
1623615977.22336245,1,1.03077638,14.00000000,1.00015792,0.24936738,14.00000000
1623615977.32334352,1,1.04403067,17.00000000,0.99841149,0.30524503,17.00000000
1623615977.42338777,1,1.05948102,19.00000000,1.00175899,0.34493328,19.00000000
1623615977.52334499,1,1.07703292,22.00000000,0.99860754,0.40346363,22.00000000
1623615977.62334561,1,1.09658563,24.00000000,1.00178082,0.44602156,24.00000000
1623615977.72334623,1,1.11803401,27.00000000,0.99617559,0.50757682,27.00000000
1623615977.82334566,1,1.14127123,29.00000000,0.99817831,0.55329927,29.00000000
1623615977.92338395,1,1.16619039,31.00000000,0.99962027,0.60063245,31.00000000
1623615978.02339888,1,1.19268608,33.00000000,1.00027071,0.64958340,33.00000000
1623615978.12338781,1,1.22065556,35.00000000,0.99990250,0.70013927,35.00000000
1623615978.22339010,1,1.25000000,37.00000000,0.99829439,0.75226878,37.00000000
1623615978.32338881,1,1.28062487,39.00000000,0.99523244,0.80592334,39.00000000
1623615978.42339230,1,1.31244051,40.00000000,1.00538776,0.84362050,40.00000000
1623615978.52339697,1,1.34536242,42.00000000,0.99979912,0.90022318,42.00000000
1623615978.62337112,1,1.37931144,44.00000000,0.99219362,0.95815024,44.00000000
1623615978.72334027,1,1.41421354,45.00000000,0.99999998,0.99999998,45.00000000
1623615978.82334185,1,1.41421354,45.00000000,0.99999998,0.99999998,45.00000000
1623615978.92335105,1,1.41421354,45.00000000,0.99999998,0.99999998,45.00000000
1623615979.02335167,1,1.41421354,45.00000000,0.99999998,0.99999998,45.00000000
1623615979.12334299,1,1.41421354,45.00000000,0.99999998,0.99999998,45.00000000
1623615979.22334623,1,1.41421354,45.00000000,0.99999998,0.99999998,45.00000000
1623615979.32336640,1,1.41421354,45.00000000,0.99999998,0.99999998,45.00000000
1623615979.42335105,1,1.41421354,45.00000000,0.99999998,0.99999998,45.00000000
1623615979.52334595,1,1.41421354,45.00000000,0.99999998,0.99999998,45.00000000
1623615979.62334514,1,1.41421354,45.00000000,0.99999998,0.99999998,45.00000000
1623615979.72334313,1,1.41421354,45.00000000,0.99999998,0.99999998,45.00000000
1623615979.82334208,1,1.37931144,46.00000000,0.95815024,0.99219362,46.00000000
1623615979.92334318,1,1.34536242,48.00000000,0.90022318,0.99979912,48.00000000
1623615980.02334619,1,1.31244051,50.00000000,0.84362050,1.00538776,50.00000000
1623615980.12334538,1,1.28062487,51.00000000,0.80592334,0.99523244,51.00000000
1623615980.22334647,1,1.25000000,53.00000000,0.75226878,0.99829439,53.00000000
1623615980.32334590,1,1.22065556,55.00000000,0.70013927,0.99990250,55.00000000
1623615980.42334437,1,1.19268608,57.00000000,0.64958340,1.00027071,57.00000000
1623615980.52339363,1,1.16619039,59.00000000,0.60063245,0.99962027,59.00000000
1623615980.62334585,1,1.14127123,61.00000000,0.55329927,0.99817831,61.00000000
1623615980.72334290,1,1.11803401,63.00000000,0.50757682,0.99617559,63.00000000
1623615980.82339597,1,1.09658563,66.00000000,0.44602156,1.00178082,66.00000000
1623615980.92339754,1,1.07703292,68.00000000,0.40346363,0.99860754,68.00000000
1623615981.02338290,1,1.05948102,71.00000000,0.34493328,1.00175899,71.00000000
1623615981.12334275,1,1.04403067,73.00000000,0.30524503,0.99841149,73.00000000
1623615981.22335386,1,1.03077638,76.00000000,0.24936738,1.00015792,76.00000000
1623615981.32339215,1,1.01980388,79.00000000,0.19458775,1.00106721,79.00000000
1623615981.42339087,1,1.01118743,81.00000000,0.15818457,0.99873804,81.00000000
1623615981.52336550,1,1.00498760,84.00000000,0.10504981,0.99948217,84.00000000
1623615981.62335229,1,1.00124919,87.00000000,0.05240133,0.99987702,87.00000000
1623615981.72336602,1,1.00000000,90.00000000,0.00000000,1.00000000,90.00000000
1623615981.82337070,1,1.00124919,93.00000000,-0.05240133,0.99987702,93.00000000
1623615981.92338133,1,1.00498760,96.00000000,-0.10504981,0.99948217,96.00000000
1623615982.02335715,1,1.01118743,99.00000000,-0.15818457,0.99873804,99.00000000
1623615982.12334967,1,1.01980388,101.00000000,-0.19458775,1.00106721,101.00000000
1623615982.22335458,1,1.03077638,104.00000000,-0.24936738,1.00015792,104.00000000
1623615982.32334447,1,1.04403067,107.00000000,-0.30524503,0.99841149,107.00000000
1623615982.42334700,1,1.05948102,109.00000000,-0.34493328,1.00175899,109.00000000
1623615982.52334547,1,1.07703292,112.00000000,-0.40346363,0.99860754,112.00000000
1623615982.62339377,1,1.09658563,114.00000000,-0.44602156,1.00178082,114.00000000
1623615982.72340035,1,1.11803401,117.00000000,-0.50757682,0.99617559,117.00000000
1623615982.82334709,1,1.14127123,119.00000000,-0.55329927,0.99817831,119.00000000
1623615982.92334437,1,1.16619039,121.00000000,-0.60063245,0.99962027,121.00000000
1623615983.02339363,1,1.19268608,123.00000000,-0.64958340,1.00027071,123.00000000
1623615983.12334728,1,1.22065556,125.00000000,-0.70013927,0.99990250,125.00000000
1623615983.22334552,1,1.25000000,127.00000000,-0.75226878,0.99829439,127.00000000
1623615983.32335019,1,1.28062487,129.00000000,-0.80592334,0.99523244,129.00000000
1623615983.42335176,1,1.31244051,130.00000000,-0.84362050,1.00538776,130.00000000
1623615983.52337289,1,1.34536242,132.00000000,-0.90022318,0.99979912,132.00000000
1623615983.62337255,1,1.37931144,134.00000000,-0.95815024,0.99219362,134.00000000
1623615983.72334886,1,1.41421354,135.00000000,-0.99999998,0.99999998,135.00000000
1623615983.82330823,1,1.41421354,135.00000000,-0.99999998,0.99999998,135.00000000
1623615983.92335868,1,1.41421354,135.00000000,-0.99999998,0.99999998,135.00000000
1623615984.02335238,1,1.41421354,135.00000000,-0.99999998,0.99999998,135.00000000
1623615984.12336874,1,1.41421354,135.00000000,-0.99999998,0.99999998,135.00000000
1623615984.22340369,1,1.41421354,135.00000000,-0.99999998,0.99999998,135.00000000
1623615984.32334709,1,1.41421354,135.00000000,-0.99999998,0.99999998,135.00000000
1623615984.42334151,1,1.41421354,135.00000000,-0.99999998,0.99999998,135.00000000
1623615984.52336788,1,1.41421354,135.00000000,-0.99999998,0.99999998,135.00000000
1623615984.62339258,1,1.41421354,135.00000000,-0.99999998,0.99999998,135.00000000
1623615984.72336745,1,1.41421354,135.00000000,-0.99999998,0.99999998,135.00000000
1623615984.82338190,1,1.37931144,136.00000000,-0.99219362,0.95815024,136.00000000
1623615984.92329907,1,1.34536242,138.00000000,-0.99979912,0.90022318,138.00000000
1623615985.02334571,1,1.31244051,140.00000000,-1.00538776,0.84362050,140.00000000
1623615985.12334681,1,1.28062487,141.00000000,-0.99523244,0.80592334,141.00000000
1623615985.22334719,1,1.25000000,143.00000000,-0.99829439,0.75226878,143.00000000
1623615985.32334399,1,1.22065556,145.00000000,-0.99990250,0.70013927,145.00000000
1623615985.42335105,1,1.19268608,147.00000000,-1.00027071,0.64958340,147.00000000
1623615985.52334881,1,1.16619039,149.00000000,-0.99962027,0.60063245,149.00000000
1623615985.62334704,1,1.14127123,151.00000000,-0.99817831,0.55329927,151.00000000
1623615985.72339606,1,1.11803401,153.00000000,-0.99617559,0.50757682,153.00000000
1623615985.82334566,1,1.09658563,156.00000000,-1.00178082,0.44602156,156.00000000
1623615985.92335391,1,1.07703292,158.00000000,-0.99860754,0.40346363,158.00000000
1623615986.02334762,1,1.05948102,161.00000000,-1.00175899,0.34493328,161.00000000
1623615986.12334609,1,1.04403067,163.00000000,-0.99841149,0.30524503,163.00000000
1623615986.22338986,1,1.03077638,166.00000000,-1.00015792,0.24936738,166.00000000
1623615986.32338881,1,1.01980388,169.00000000,-1.00106721,0.19458775,169.00000000
1623615986.42339563,1,1.01118743,171.00000000,-0.99873804,0.15818457,171.00000000
1623615986.52337122,1,1.00498760,174.00000000,-0.99948217,0.10504981,174.00000000
1623615986.62338305,1,1.00124919,177.00000000,-0.99987702,0.05240133,177.00000000
1623615986.72341013,1,1.00000000,180.00000000,-1.00000000,0.00000000,180.00000000
1623615986.82332706,1,1.00124919,-177.00000000,-0.99987702,-0.05240133,-177.00000000
1623615986.92339444,1,1.00498760,-174.00000000,-0.99948217,-0.10504981,-174.00000000
1623615987.02338600,1,1.01118743,-171.00000000,-0.99873804,-0.15818457,-171.00000000
1623615987.12338400,1,1.01980388,-169.00000000,-1.00106721,-0.19458775,-169.00000000
1623615987.22339082,1,1.03077638,-166.00000000,-1.00015792,-0.24936738,-166.00000000
1623615987.32340145,1,1.04403067,-163.00000000,-0.99841149,-0.30524503,-163.00000000
1623615987.42335105,1,1.05948102,-161.00000000,-1.00175899,-0.34493328,-161.00000000
1623615987.52340031,1,1.07703292,-158.00000000,-0.99860754,-0.40346363,-158.00000000
1623615987.62339640,1,1.09658563,-156.00000000,-1.00178082,-0.44602156,-156.00000000
1623615987.72338414,1,1.11803401,-153.00000000,-0.99617559,-0.50757682,-153.00000000
1623615987.82339787,1,1.14127123,-151.00000000,-0.99817831,-0.55329927,-151.00000000
1623615987.92338538,1,1.16619039,-149.00000000,-0.99962027,-0.60063245,-149.00000000
1623615988.02338290,1,1.19268608,-147.00000000,-1.00027071,-0.64958340,-147.00000000
1623615988.12338853,1,1.22065556,-145.00000000,-0.99990250,-0.70013927,-145.00000000
1623615988.22337127,1,1.25000000,-143.00000000,-0.99829439,-0.75226878,-143.00000000
1623615988.32335472,1,1.28062487,-141.00000000,-0.99523244,-0.80592334,-141.00000000
1623615988.42339158,1,1.31244051,-140.00000000,-1.00538776,-0.84362050,-140.00000000
1623615988.52336645,1,1.34536242,-138.00000000,-0.99979912,-0.90022318,-138.00000000
1623615988.62338495,1,1.37931144,-136.00000000,-0.99219362,-0.95815024,-136.00000000
1623615988.72338104,1,1.41421354,-135.00000000,-0.99999998,-0.99999998,-135.00000000
1623615988.82338905,1,1.41421354,-135.00000000,-0.99999998,-0.99999998,-135.00000000
1623615988.92334867,1,1.41421354,-135.00000000,-0.99999998,-0.99999998,-135.00000000
1623615989.02336192,1,1.41421354,-135.00000000,-0.99999998,-0.99999998,-135.00000000
1623615989.12339568,1,1.41421354,-135.00000000,-0.99999998,-0.99999998,-135.00000000
1623615989.22339630,1,1.41421354,-135.00000000,-0.99999998,-0.99999998,-135.00000000
1623615989.32338786,1,1.41421354,-135.00000000,-0.99999998,-0.99999998,-135.00000000
1623615989.42333817,1,1.41421354,-135.00000000,-0.99999998,-0.99999998,-135.00000000
1623615989.52338839,1,1.41421354,-135.00000000,-0.99999998,-0.99999998,-135.00000000
1623615989.62338686,1,1.41421354,-135.00000000,-0.99999998,-0.99999998,-135.00000000
1623615989.72339272,1,1.41421354,-135.00000000,-0.99999998,-0.99999998,-135.00000000
1623615989.82335496,1,1.37931144,-134.00000000,-0.95815024,-0.99219362,-134.00000000
1623615989.92338777,1,1.34536242,-132.00000000,-0.90022318,-0.99979912,-132.00000000
1623615990.02351117,1,1.31244051,-130.00000000,-0.84362050,-1.00538776,-130.00000000
1623615990.12338781,1,1.28062487,-129.00000000,-0.80592334,-0.99523244,-129.00000000
1623615990.22334194,1,1.25000000,-127.00000000,-0.75226878,-0.99829439,-127.00000000
1623615990.32338524,1,1.22065556,-125.00000000,-0.70013927,-0.99990250,-125.00000000
1623615990.42339778,1,1.19268608,-123.00000000,-0.64958340,-1.00027071,-123.00000000
1623615990.52339101,1,1.16619039,-121.00000000,-0.60063245,-0.99962027,-121.00000000
1623615990.62338662,1,1.14127123,-119.00000000,-0.55329927,-0.99817831,-119.00000000
1623615990.72338247,1,1.11803401,-117.00000000,-0.50757682,-0.99617559,-117.00000000
1623615990.82338953,1,1.09658563,-114.00000000,-0.44602156,-1.00178082,-114.00000000
1623615990.92335248,1,1.07703292,-112.00000000,-0.40346363,-0.99860754,-112.00000000
1623615991.02338076,1,1.05948102,-109.00000000,-0.34493328,-1.00175899,-109.00000000
1623615991.12336493,1,1.04403067,-107.00000000,-0.30524503,-0.99841149,-107.00000000
1623615991.22336578,1,1.03077638,-104.00000000,-0.24936738,-1.00015792,-104.00000000
1623615991.32335925,1,1.01980388,-101.00000000,-0.19458775,-1.00106721,-101.00000000
1623615991.42336512,1,1.01118743,-99.00000000,-0.15818457,-0.99873804,-99.00000000
1623615991.52336669,1,1.00498760,-96.00000000,-0.10504981,-0.99948217,-96.00000000
1623615991.62336612,1,1.00124919,-93.00000000,-0.05240133,-0.99987702,-93.00000000
1623615991.72336960,1,1.00000000,-90.00000000,0.00000000,-1.00000000,-90.00000000
1623615991.82336712,1,1.00124919,-87.00000000,0.05240133,-0.99987702,-87.00000000
1623615991.92336869,1,1.00498760,-84.00000000,0.10504981,-0.99948217,-84.00000000
1623615992.02335978,1,1.01118743,-81.00000000,0.15818457,-0.99873804,-81.00000000
1623615992.12336349,1,1.01980388,-79.00000000,0.19458775,-1.00106721,-79.00000000
1623615992.22337508,1,1.03077638,-76.00000000,0.24936738,-1.00015792,-76.00000000
1623615992.32336378,1,1.04403067,-73.00000000,0.30524503,-0.99841149,-73.00000000
1623615992.42336178,1,1.05948102,-71.00000000,0.34493328,-1.00175899,-71.00000000
1623615992.52336502,1,1.07703292,-68.00000000,0.40346363,-0.99860754,-68.00000000
1623615992.62336397,1,1.09658563,-66.00000000,0.44602156,-1.00178082,-66.00000000
1623615992.72336268,1,1.11803401,-63.00000000,0.50757682,-0.99617559,-63.00000000
1623615992.82337022,1,1.14127123,-61.00000000,0.55329927,-0.99817831,-61.00000000
1623615992.92336726,1,1.16619039,-59.00000000,0.60063245,-0.99962027,-59.00000000
1623615993.02336597,1,1.19268608,-57.00000000,0.64958340,-1.00027071,-57.00000000
1623615993.12334657,1,1.22065556,-55.00000000,0.70013927,-0.99990250,-55.00000000
1623615993.22334599,1,1.25000000,-53.00000000,0.75226878,-0.99829439,-53.00000000
1623615993.32335234,1,1.28062487,-51.00000000,0.80592334,-0.99523244,-51.00000000
1623615993.42334580,1,1.31244051,-50.00000000,0.84362050,-1.00538776,-50.00000000
1623615993.52334619,1,1.34536242,-48.00000000,0.90022318,-0.99979912,-48.00000000
1623615993.62334752,1,1.37931144,-46.00000000,0.95815024,-0.99219362,-46.00000000
1623615993.72334504,1,1.41421354,-45.00000000,0.99999998,-0.99999998,-45.00000000
1623615993.82339787,1,1.41421354,-45.00000000,0.99999998,-0.99999998,-45.00000000
1623615993.92339635,1,1.41421354,-45.00000000,0.99999998,-0.99999998,-45.00000000
1623615994.02335072,1,1.41421354,-45.00000000,0.99999998,-0.99999998,-45.00000000
1623615994.12334991,1,1.41421354,-45.00000000,0.99999998,-0.99999998,-45.00000000
1623615994.22334838,1,1.41421354,-45.00000000,0.99999998,-0.99999998,-45.00000000
1623615994.32338047,1,1.41421354,-45.00000000,0.99999998,-0.99999998,-45.00000000
1623615994.42338538,1,1.41421354,-45.00000000,0.99999998,-0.99999998,-45.00000000
1623615994.52336860,1,1.41421354,-45.00000000,0.99999998,-0.99999998,-45.00000000
1623615994.62334681,1,1.41421354,-45.00000000,0.99999998,-0.99999998,-45.00000000
1623615994.72338104,1,1.41421354,-45.00000000,0.99999998,-0.99999998,-45.00000000
1623615994.82338214,1,1.37931144,-44.00000000,0.99219362,-0.95815024,-44.00000000
1623615994.92339110,1,1.34536242,-42.00000000,0.99979912,-0.90022318,-42.00000000
1623615995.02339339,1,1.31244051,-40.00000000,1.00538776,-0.84362050,-40.00000000
1623615995.12338257,1,1.28062487,-39.00000000,0.99523244,-0.80592334,-39.00000000
1623615995.22339153,1,1.25000000,-37.00000000,0.99829439,-0.75226878,-37.00000000
1623615995.32339931,1,1.22065556,-35.00000000,0.99990250,-0.70013927,-35.00000000
1623615995.42338705,1,1.19268608,-33.00000000,1.00027071,-0.64958340,-33.00000000
1623615995.52338719,1,1.16619039,-31.00000000,0.99962027,-0.60063245,-31.00000000
1623615995.62338901,1,1.14127123,-29.00000000,0.99817831,-0.55329927,-29.00000000
1623615995.72338724,1,1.11803401,-27.00000000,0.99617559,-0.50757682,-27.00000000
1623615995.82338572,1,1.09658563,-24.00000000,1.00178082,-0.44602156,-24.00000000
1623615995.92340970,1,1.07703292,-22.00000000,0.99860754,-0.40346363,-22.00000000
1623615996.02334428,1,1.05948102,-19.00000000,1.00175899,-0.34493328,-19.00000000
1623615996.12340093,1,1.04403067,-17.00000000,0.99841149,-0.30524503,-17.00000000
1623615996.22340465,1,1.03077638,-14.00000000,1.00015792,-0.24936738,-14.00000000
1623615996.32338643,1,1.01980388,-11.00000000,1.00106721,-0.19458775,-11.00000000
1623615996.42337966,1,1.01118743,-9.00000000,0.99873804,-0.15818457,-9.00000000
1623615996.52338719,1,1.00498760,-6.00000000,0.99948217,-0.10504981,-6.00000000
1623615996.62340021,1,1.00124919,-3.00000000,0.99987702,-0.05240133,-3.00000000
1623615996.72338843,1,1.00000000,0.00000000,1.00000000,0.00000000,0.00000000
1623615996.82338667,1,1.00124919,3.00000000,0.99987702,0.05240133,3.00000000
1623615996.92337108,1,1.00498760,6.00000000,0.99948217,0.10504981,6.00000000
1623615997.02339363,1,1.01118743,9.00000000,0.99873804,0.15818457,9.00000000
1623615997.12338662,1,1.01980388,11.00000000,1.00106721,0.19458775,11.00000000
1623615997.22338414,1,1.03077638,14.00000000,1.00015792,0.24936738,14.00000000
1623615997.32336593,1,1.04403067,17.00000000,0.99841149,0.30524503,17.00000000
1623615997.42334199,1,1.05948102,19.00000000,1.00175899,0.34493328,19.00000000
1623615997.52337003,1,1.07703292,22.00000000,0.99860754,0.40346363,22.00000000
1623615997.62337542,1,1.09658563,24.00000000,1.00178082,0.44602156,24.00000000
1623615997.72334766,1,1.11803401,27.00000000,0.99617559,0.50757682,27.00000000
1623615997.82338643,1,1.14127123,29.00000000,0.99817831,0.55329927,29.00000000
1623615997.92338705,1,1.16619039,31.00000000,0.99962027,0.60063245,31.00000000
1623615998.02339458,1,1.19268608,33.00000000,1.00027071,0.64958340,33.00000000
1623615998.12334824,1,1.22065556,35.00000000,0.99990250,0.70013927,35.00000000
1623615998.22336149,1,1.25000000,37.00000000,0.99829439,0.75226878,37.00000000
1623615998.32336783,1,1.28062487,39.00000000,0.99523244,0.80592334,39.00000000
1623615998.42336726,1,1.31244051,40.00000000,1.00538776,0.84362050,40.00000000
1623615998.52338910,1,1.34536242,42.00000000,0.99979912,0.90022318,42.00000000
1623615998.62337947,1,1.37931144,44.00000000,0.99219362,0.95815024,44.00000000
1623615998.72336626,1,1.41421354,45.00000000,0.99999998,0.99999998,45.00000000
1623615998.82334614,1,1.41421354,45.00000000,0.99999998,0.99999998,45.00000000
1623615998.92336321,1,1.41421354,45.00000000,0.99999998,0.99999998,45.00000000
1623615999.02338004,1,1.41421354,45.00000000,0.99999998,0.99999998,45.00000000
1623615999.12336850,1,1.41421354,45.00000000,0.99999998,0.99999998,45.00000000
1623615999.22336435,1,1.41421354,45.00000000,0.99999998,0.99999998,45.00000000
1623615999.32336402,1,1.41421354,45.00000000,0.99999998,0.99999998,45.00000000
1623615999.42335296,1,1.41421354,45.00000000,0.99999998,0.99999998,45.00000000
1623615999.52336192,1,1.41421354,45.00000000,0.99999998,0.99999998,45.00000000
1623615999.62338948,1,1.41421354,45.00000000,0.99999998,0.99999998,45.00000000
1623615999.72337222,1,1.41421354,45.00000000,0.99999998,0.99999998,45.00000000
1623615999.82333970,1,1.37931144,46.00000000,0.95815024,0.99219362,46.00000000
1623615999.92334127,1,1.34536242,48.00000000,0.90022318,0.99979912,48.00000000
1623616000.02339435,1,1.31244051,50.00000000,0.84362050,1.00538776,50.00000000
1623616000.12338829,1,1.28062487,51.00000000,0.80592334,0.99523244,51.00000000
1623616000.22334361,1,1.25000000,53.00000000,0.75226878,0.99829439,53.00000000
1623616000.32338667,1,1.22065556,55.00000000,0.70013927,0.99990250,55.00000000
1623616000.42338204,1,1.19268608,57.00000000,0.64958340,1.00027071,57.00000000
1623616000.52339101,1,1.16619039,59.00000000,0.60063245,0.99962027,59.00000000
1623616000.62338686,1,1.14127123,61.00000000,0.55329927,0.99817831,61.00000000
1623616000.72338414,1,1.11803401,63.00000000,0.50757682,0.99617559,63.00000000
1623616000.82338071,1,1.09658563,66.00000000,0.44602156,1.00178082,66.00000000
1623616000.92328000,1,1.07703292,68.00000000,0.40346363,0.99860754,68.00000000
1623616001.02333879,1,1.05948102,71.00000000,0.34493328,1.00175899,71.00000000
1623616001.12336826,1,1.04403067,73.00000000,0.30524503,0.99841149,73.00000000
1623616001.22335410,1,1.03077638,76.00000000,0.24936738,1.00015792,76.00000000
1623616001.32334256,1,1.01980388,79.00000000,0.19458775,1.00106721,79.00000000
1623616001.42334676,1,1.01118743,81.00000000,0.15818457,0.99873804,81.00000000
1623616001.52334905,1,1.00498760,84.00000000,0.10504981,0.99948217,84.00000000
1623616001.62334943,1,1.00124919,87.00000000,0.05240133,0.99987702,87.00000000
1623616001.72334623,1,1.00000000,90.00000000,0.00000000,1.00000000,90.00000000
1623616001.82334614,1,1.00124919,93.00000000,-0.05240133,0.99987702,93.00000000
1623616001.92334533,1,1.00498760,96.00000000,-0.10504981,0.99948217,96.00000000
1623616002.02334547,1,1.01118743,99.00000000,-0.15818457,0.99873804,99.00000000
1623616002.12334323,1,1.01980388,101.00000000,-0.19458775,1.00106721,101.00000000
1623616002.22334480,1,1.03077638,104.00000000,-0.24936738,1.00015792,104.00000000
1623616002.32335281,1,1.04403067,107.00000000,-0.30524503,0.99841149,107.00000000
1623616002.42334867,1,1.05948102,109.00000000,-0.34493328,1.00175899,109.00000000
1623616002.52335095,1,1.07703292,112.00000000,-0.40346363,0.99860754,112.00000000
1623616002.62334871,1,1.09658563,114.00000000,-0.44602156,1.00178082,114.00000000
1623616002.72334766,1,1.11803401,117.00000000,-0.50757682,0.99617559,117.00000000
1623616002.82335353,1,1.14127123,119.00000000,-0.55329927,0.99817831,119.00000000
1623616002.92339063,1,1.16619039,121.00000000,-0.60063245,0.99962027,121.00000000
1623616003.02339435,1,1.19268608,123.00000000,-0.64958340,1.00027071,123.00000000
1623616003.12338829,1,1.22065556,125.00000000,-0.70013927,0.99990250,125.00000000
1623616003.22339153,1,1.25000000,127.00000000,-0.75226878,0.99829439,127.00000000
1623616003.32339334,1,1.28062487,129.00000000,-0.80592334,0.99523244,129.00000000
1623616003.42334104,1,1.31244051,130.00000000,-0.84362050,1.00538776,130.00000000
1623616003.52337337,1,1.34536242,132.00000000,-0.90022318,0.99979912,132.00000000
1623616003.62334943,1,1.37931144,134.00000000,-0.95815024,0.99219362,134.00000000
1623616003.72336698,1,1.41421354,135.00000000,-0.99999998,0.99999998,135.00000000
1623616003.82337284,1,1.41421354,135.00000000,-0.99999998,0.99999998,135.00000000
1623616003.92336822,1,1.41421354,135.00000000,-0.99999998,0.99999998,135.00000000
1623616004.02339172,1,1.41421354,135.00000000,-0.99999998,0.99999998,135.00000000
1623616004.12336445,1,1.41421354,135.00000000,-0.99999998,0.99999998,135.00000000
1623616004.22336507,1,1.41421354,135.00000000,-0.99999998,0.99999998,135.00000000
1623616004.32339239,1,1.41421354,135.00000000,-0.99999998,0.99999998,135.00000000
1623616004.42339325,1,1.41421354,135.00000000,-0.99999998,0.99999998,135.00000000
1623616004.52339005,1,1.41421354,135.00000000,-0.99999998,0.99999998,135.00000000
1623616004.62336659,1,1.41421354,135.00000000,-0.99999998,0.99999998,135.00000000
1623616004.72336483,1,1.41421354,135.00000000,-0.99999998,0.99999998,135.00000000
1623616004.82335234,1,1.37931144,136.00000000,-0.99219362,0.95815024,136.00000000
1623616004.92339134,1,1.34536242,138.00000000,-0.99979912,0.90022318,138.00000000
1623616005.02331114,1,1.31244051,140.00000000,-1.00538776,0.84362050,140.00000000
1623616005.12338495,1,1.28062487,141.00000000,-0.99523244,0.80592334,141.00000000
1623616005.22343016,1,1.25000000,143.00000000,-0.99829439,0.75226878,143.00000000
1623616005.32338881,1,1.22065556,145.00000000,-0.99990250,0.70013927,145.00000000
1623616005.42338824,1,1.19268608,147.00000000,-1.00027071,0.64958340,147.00000000
1623616005.52338886,1,1.16619039,149.00000000,-0.99962027,0.60063245,149.00000000
1623616005.62338948,1,1.14127123,151.00000000,-0.99817831,0.55329927,151.00000000
1623616005.72340345,1,1.11803401,153.00000000,-0.99617559,0.50757682,153.00000000
1623616005.82334423,1,1.09658563,156.00000000,-1.00178082,0.44602156,156.00000000
1623616005.92334318,1,1.07703292,158.00000000,-0.99860754,0.40346363,158.00000000
1623616006.02339482,1,1.05948102,161.00000000,-1.00175899,0.34493328,161.00000000
1623616006.12338996,1,1.04403067,163.00000000,-0.99841149,0.30524503,163.00000000
1623616006.22334695,1,1.03077638,166.00000000,-1.00015792,0.24936738,166.00000000
1623616006.32339191,1,1.01980388,169.00000000,-1.00106721,0.19458775,169.00000000
1623616006.42338943,1,1.01118743,171.00000000,-0.99873804,0.15818457,171.00000000
1623616006.52335048,1,1.00498760,174.00000000,-0.99948217,0.10504981,174.00000000
1623616006.62334633,1,1.00124919,177.00000000,-0.99987702,0.05240133,177.00000000
1623616006.72337675,1,1.00000000,180.00000000,-1.00000000,0.00000000,180.00000000
1623616006.82334638,1,1.00124919,-177.00000000,-0.99987702,-0.05240133,-177.00000000
1623616006.92334509,1,1.00498760,-174.00000000,-0.99948217,-0.10504981,-174.00000000
1623616007.02334523,1,1.01118743,-171.00000000,-0.99873804,-0.15818457,-171.00000000
1623616007.12334490,1,1.01980388,-169.00000000,-1.00106721,-0.19458775,-169.00000000
1623616007.22334266,1,1.03077638,-166.00000000,-1.00015792,-0.24936738,-166.00000000
1623616007.32334328,1,1.04403067,-163.00000000,-0.99841149,-0.30524503,-163.00000000
1623616007.42334366,1,1.05948102,-161.00000000,-1.00175899,-0.34493328,-161.00000000
1623616007.52334619,1,1.07703292,-158.00000000,-0.99860754,-0.40346363,-158.00000000
1623616007.62334800,1,1.09658563,-156.00000000,-1.00178082,-0.44602156,-156.00000000
1623616007.72334146,1,1.11803401,-153.00000000,-0.99617559,-0.50757682,-153.00000000
1623616007.82334304,1,1.14127123,-151.00000000,-0.99817831,-0.55329927,-151.00000000
1623616007.92334151,1,1.16619039,-149.00000000,-0.99962027,-0.60063245,-149.00000000
1623616008.02336597,1,1.19268608,-147.00000000,-1.00027071,-0.64958340,-147.00000000
1623616008.12335825,1,1.22065556,-145.00000000,-0.99990250,-0.70013927,-145.00000000
1623616008.22334671,1,1.25000000,-143.00000000,-0.99829439,-0.75226878,-143.00000000
1623616008.32334805,1,1.28062487,-141.00000000,-0.99523244,-0.80592334,-141.00000000
1623616008.42335129,1,1.31244051,-140.00000000,-1.00538776,-0.84362050,-140.00000000
1623616008.52334809,1,1.34536242,-138.00000000,-0.99979912,-0.90022318,-138.00000000
1623616008.62334728,1,1.37931144,-136.00000000,-0.99219362,-0.95815024,-136.00000000
1623616008.72334290,1,1.41421354,-135.00000000,-0.99999998,-0.99999998,-135.00000000
1623616008.82338452,1,1.41421354,-135.00000000,-0.99999998,-0.99999998,-135.00000000
1623616008.92338061,1,1.41421354,-135.00000000,-0.99999998,-0.99999998,-135.00000000
1623616009.02338052,1,1.41421354,-135.00000000,-0.99999998,-0.99999998,-135.00000000
1623616009.12333989,1,1.41421354,-135.00000000,-0.99999998,-0.99999998,-135.00000000
1623616009.22334290,1,1.41421354,-135.00000000,-0.99999998,-0.99999998,-135.00000000
1623616009.32334471,1,1.41421354,-135.00000000,-0.99999998,-0.99999998,-135.00000000
1623616009.42335081,1,1.41421354,-135.00000000,-0.99999998,-0.99999998,-135.00000000
1623616009.52335882,1,1.41421354,-135.00000000,-0.99999998,-0.99999998,-135.00000000
1623616009.62336254,1,1.41421354,-135.00000000,-0.99999998,-0.99999998,-135.00000000
1623616009.72336626,1,1.41421354,-135.00000000,-0.99999998,-0.99999998,-135.00000000
1623616009.82336521,1,1.37931144,-134.00000000,-0.95815024,-0.99219362,-134.00000000
1623616009.92338419,1,1.34536242,-132.00000000,-0.90022318,-0.99979912,-132.00000000
1623616010.02332163,1,1.31244051,-130.00000000,-0.84362050,-1.00538776,-130.00000000
1623616010.12338805,1,1.28062487,-129.00000000,-0.80592334,-0.99523244,-129.00000000
1623616010.22333908,1,1.25000000,-127.00000000,-0.75226878,-0.99829439,-127.00000000
1623616010.32334065,1,1.22065556,-125.00000000,-0.70013927,-0.99990250,-125.00000000
1623616010.42334104,1,1.19268608,-123.00000000,-0.64958340,-1.00027071,-123.00000000
1623616010.52334380,1,1.16619039,-121.00000000,-0.60063245,-0.99962027,-121.00000000
1623616010.62334609,1,1.14127123,-119.00000000,-0.55329927,-0.99817831,-119.00000000
1623616010.72334886,1,1.11803401,-117.00000000,-0.50757682,-0.99617559,-117.00000000
1623616010.82339096,1,1.09658563,-114.00000000,-0.44602156,-1.00178082,-114.00000000
1623616010.92339444,1,1.07703292,-112.00000000,-0.40346363,-0.99860754,-112.00000000
1623616011.02334714,1,1.05948102,-109.00000000,-0.34493328,-1.00175899,-109.00000000
1623616011.12335396,1,1.04403067,-107.00000000,-0.30524503,-0.99841149,-107.00000000
1623616011.22334886,1,1.03077638,-104.00000000,-0.24936738,-1.00015792,-104.00000000
1623616011.32338333,1,1.01980388,-101.00000000,-0.19458775,-1.00106721,-101.00000000
1623616011.42339945,1,1.01118743,-99.00000000,-0.15818457,-0.99873804,-99.00000000
1623616011.52334476,1,1.00498760,-96.00000000,-0.10504981,-0.99948217,-96.00000000
1623616011.62334514,1,1.00124919,-93.00000000,-0.05240133,-0.99987702,-93.00000000
1623616011.72342181,1,1.00000000,-90.00000000,0.00000000,-1.00000000,-90.00000000
1623616011.82339811,1,1.00124919,-87.00000000,0.05240133,-0.99987702,-87.00000000
1623616011.92332363,1,1.00498760,-84.00000000,0.10504981,-0.99948217,-84.00000000
1623616012.02334213,1,1.01118743,-81.00000000,0.15818457,-0.99873804,-81.00000000
1623616012.12330794,1,1.01980388,-79.00000000,0.19458775,-1.00106721,-79.00000000
1623616012.22338295,1,1.03077638,-76.00000000,0.24936738,-1.00015792,-76.00000000
1623616012.32330608,1,1.04403067,-73.00000000,0.30524503,-0.99841149,-73.00000000
1623616012.42328930,1,1.05948102,-71.00000000,0.34493328,-1.00175899,-71.00000000
1623616012.52327633,1,1.07703292,-68.00000000,0.40346363,-0.99860754,-68.00000000
1623616012.62327695,1,1.09658563,-66.00000000,0.44602156,-1.00178082,-66.00000000
1623616012.72330546,1,1.11803401,-63.00000000,0.50757682,-0.99617559,-63.00000000
1623616012.82327867,1,1.14127123,-61.00000000,0.55329927,-0.99817831,-61.00000000
1623616012.92328024,1,1.16619039,-59.00000000,0.60063245,-0.99962027,-59.00000000
1623616013.02327633,1,1.19268608,-57.00000000,0.64958340,-1.00027071,-57.00000000
1623616013.12328267,1,1.22065556,-55.00000000,0.70013927,-0.99990250,-55.00000000
1623616013.22334242,1,1.25000000,-53.00000000,0.75226878,-0.99829439,-53.00000000
1623616013.32339144,1,1.28062487,-51.00000000,0.80592334,-0.99523244,-51.00000000
1623616013.42329979,1,1.31244051,-50.00000000,0.84362050,-1.00538776,-50.00000000
1623616013.52328014,1,1.34536242,-48.00000000,0.90022318,-0.99979912,-48.00000000
1623616013.62337828,1,1.37931144,-46.00000000,0.95815024,-0.99219362,-46.00000000
1623616013.72328663,1,1.41421354,-45.00000000,0.99999998,-0.99999998,-45.00000000
1623616013.82328439,1,1.41421354,-45.00000000,0.99999998,-0.99999998,-45.00000000
1623616013.92329764,1,1.41421354,-45.00000000,0.99999998,-0.99999998,-45.00000000
1623616014.02331662,1,1.41421354,-45.00000000,0.99999998,-0.99999998,-45.00000000
1623616014.12332034,1,1.41421354,-45.00000000,0.99999998,-0.99999998,-45.00000000
1623616014.22335505,1,1.41421354,-45.00000000,0.99999998,-0.99999998,-45.00000000
1623616014.32335424,1,1.41421354,-45.00000000,0.99999998,-0.99999998,-45.00000000
1623616014.42331481,1,1.41421354,-45.00000000,0.99999998,-0.99999998,-45.00000000
1623616014.52328181,1,1.41421354,-45.00000000,0.99999998,-0.99999998,-45.00000000
1623616014.62334585,1,1.41421354,-45.00000000,0.99999998,-0.99999998,-45.00000000
1623616014.72344398,1,1.41421354,-45.00000000,0.99999998,-0.99999998,-45.00000000
1623616014.82337475,1,1.37931144,-44.00000000,0.99219362,-0.95815024,-44.00000000
1623616014.92329168,1,1.34536242,-42.00000000,0.99979912,-0.90022318,-42.00000000
1623616015.02338171,1,1.31244051,-40.00000000,1.00538776,-0.84362050,-40.00000000
1623616015.12328386,1,1.28062487,-39.00000000,0.99523244,-0.80592334,-39.00000000
1623616015.22336102,1,1.25000000,-37.00000000,0.99829439,-0.75226878,-37.00000000
1623616015.32330179,1,1.22065556,-35.00000000,0.99990250,-0.70013927,-35.00000000
1623616015.42331433,1,1.19268608,-33.00000000,1.00027071,-0.64958340,-33.00000000
1623616015.52334142,1,1.16619039,-31.00000000,0.99962027,-0.60063245,-31.00000000
1623616015.62337065,1,1.14127123,-29.00000000,0.99817831,-0.55329927,-29.00000000
1623616015.72340608,1,1.11803401,-27.00000000,0.99617559,-0.50757682,-27.00000000
1623616015.82330465,1,1.09658563,-24.00000000,1.00178082,-0.44602156,-24.00000000
1623616015.92338777,1,1.07703292,-22.00000000,0.99860754,-0.40346363,-22.00000000
1623616016.02335572,1,1.05948102,-19.00000000,1.00175899,-0.34493328,-19.00000000
1623616016.12328577,1,1.04403067,-17.00000000,0.99841149,-0.30524503,-17.00000000
1623616016.22330904,1,1.03077638,-14.00000000,1.00015792,-0.24936738,-14.00000000
1623616016.32336092,1,1.01980388,-11.00000000,1.00106721,-0.19458775,-11.00000000
1623616016.42339849,1,1.01118743,-9.00000000,0.99873804,-0.15818457,-9.00000000
1623616016.52334523,1,1.00498760,-6.00000000,0.99948217,-0.10504981,-6.00000000
1623616016.62335134,1,1.00124919,-3.00000000,0.99987702,-0.05240133,-3.00000000
1623616016.72335696,1,1.00000000,0.00000000,1.00000000,0.00000000,0.00000000
1623616016.82339120,1,1.00124919,3.00000000,0.99987702,0.05240133,3.00000000
1623616016.92335463,1,1.00498760,6.00000000,0.99948217,0.10504981,6.00000000
1623616017.02331161,1,1.01118743,9.00000000,0.99873804,0.15818457,9.00000000
1623616017.12335229,1,1.01980388,11.00000000,1.00106721,0.19458775,11.00000000
1623616017.22343421,1,1.03077638,14.00000000,1.00015792,0.24936738,14.00000000
1623616017.32335424,1,1.04403067,17.00000000,0.99841149,0.30524503,17.00000000
1623616017.42339158,1,1.05948102,19.00000000,1.00175899,0.34493328,19.00000000
1623616017.52330136,1,1.07703292,22.00000000,0.99860754,0.40346363,22.00000000
1623616017.62337399,1,1.09658563,24.00000000,1.00178082,0.44602156,24.00000000
1623616017.72338295,1,1.11803401,27.00000000,0.99617559,0.50757682,27.00000000
1623616017.82331371,1,1.14127123,29.00000000,0.99817831,0.55329927,29.00000000
1623616017.92330837,1,1.16619039,31.00000000,0.99962027,0.60063245,31.00000000
1623616018.02334237,1,1.19268608,33.00000000,1.00027071,0.64958340,33.00000000
1623616018.12340927,1,1.22065556,35.00000000,0.99990250,0.70013927,35.00000000
1623616018.22334623,1,1.25000000,37.00000000,0.99829439,0.75226878,37.00000000
1623616018.32340646,1,1.28062487,39.00000000,0.99523244,0.80592334,39.00000000
1623616018.42343402,1,1.31244051,40.00000000,1.00538776,0.84362050,40.00000000
1623616018.52334738,1,1.34536242,42.00000000,0.99979912,0.90022318,42.00000000
1623616018.62339830,1,1.37931144,44.00000000,0.99219362,0.95815024,44.00000000
1623616018.72340393,1,1.41421354,45.00000000,0.99999998,0.99999998,45.00000000
1623616018.82340527,1,1.41421354,45.00000000,0.99999998,0.99999998,45.00000000
1623616018.92334962,1,1.41421354,45.00000000,0.99999998,0.99999998,45.00000000
1623616019.02337313,1,1.41421354,45.00000000,0.99999998,0.99999998,45.00000000
1623616019.12335324,1,1.41421354,45.00000000,0.99999998,0.99999998,45.00000000
1623616019.22328091,1,1.41421354,45.00000000,0.99999998,0.99999998,45.00000000
1623616019.32334805,1,1.41421354,45.00000000,0.99999998,0.99999998,45.00000000
