Seconds, Linear Velocity, Angular Velocitiy,X,Y
1623615952.72600579,0.00000000,0.00000000,0.00000000,0.00000000
1623615952.82594800,0.00000000,0.00000000,0.00000000,0.00000000
1623615952.92594028,0.00000000,0.00000000,0.00000000,0.00000000
1623615953.02605391,0.00000000,0.00000000,0.00000000,0.00000000
1623615953.12592340,0.00000000,0.00000000,0.00000000,0.00000000
1623615953.22559881,0.00000000,0.00000000,0.00000000,0.00000000
1623615953.32543874,0.00000000,0.00000000,0.00000000,0.00000000
1623615953.42611027,0.00000000,0.00000000,0.00000000,0.00000000
1623615953.52577376,0.00000000,0.00000000,0.00000000,0.00000000
1623615953.62548971,0.00000000,0.00000000,0.00000000,0.00000000
1623615953.72619867,0.00000000,0.00000000,0.00000000,0.00000000
1623615953.82693648,0.00000000,0.00000000,0.00000000,0.00000000
1623615953.92662907,0.00000000,0.00000000,0.00000000,0.00000000
1623615954.02636790,0.00000000,0.00000000,0.00000000,0.00000000
1623615954.12704992,0.00000000,0.00000000,0.00000000,0.00000000
1623615954.22675681,0.00000000,0.00000000,0.00000000,0.00000000
1623615954.32646441,0.00000000,0.00000000,0.00000000,0.00000000
1623615954.42720509,0.00000000,0.00000000,0.00000000,0.00000000
1623615954.52796102,0.00000000,0.00000000,0.00000000,0.00000000
1623615954.62766242,0.00000000,0.00000000,0.00000000,0.00000000
1623615954.72732496,0.00000000,0.00000000,0.00000000,0.00000000
1623615954.82783246,0.00000000,0.00000000,0.00000000,0.00000000
1623615954.92787719,0.00000000,0.00000000,0.00000000,0.00000000
1623615955.02850819,0.00000000,0.00000000,0.00000000,0.00000000
1623615955.12814069,0.00000000,0.00000000,0.00000000,0.00000000
1623615955.22865391,0.00000000,0.00000000,0.00000000,0.00000000
1623615955.32850718,0.00000000,0.00000000,0.00000000,0.00000000
1623615955.42846465,0.00000000,0.00000000,0.00000000,0.00000000
1623615955.52843451,0.00000000,0.00000000,0.00000000,0.00000000
1623615955.62839389,0.00000000,0.00000000,0.00000000,0.00000000
1623615955.72831869,0.00000000,0.00000000,0.00000000,0.00000000
1623615955.82922530,0.00000000,0.00000000,0.00000000,0.00000000
1623615955.93002963,0.00000000,0.00000000,0.00000000,0.00000000
1623615956.03040385,0.00000000,0.00000000,0.00000000,0.00000000
1623615956.13053155,0.00000000,0.00000000,0.00000000,0.00000000
1623615956.23008418,0.00000000,0.00000000,0.00000000,0.00000000
1623615956.33083391,0.00000000,0.00000000,0.00000000,0.00000000
1623615956.43068981,0.00000000,0.00000000,0.00000000,0.00000000
1623615956.53057003,0.00000000,0.00000000,0.00000000,0.00000000
1623615956.63030291,0.00000000,0.00000000,0.00000000,0.00000000
1623615956.73011088,0.00000000,0.00000000,0.00000000,0.00000000
1623615956.83070016,0.00000000,0.00000000,0.00000000,0.00000000
1623615956.93061495,0.00000000,0.00000000,0.00000000,0.00000000
1623615957.03032851,0.00000000,0.00000000,0.00000000,0.00000000
1623615957.13119483,0.00000000,0.00000000,0.00000000,0.00000000
1623615957.23198962,0.00000000,0.00000000,0.00000000,0.00000000
1623615957.33114886,0.00000000,0.00000000,0.00000000,0.00000000
1623615957.43172216,0.00000000,0.00000000,0.00000000,0.00000000
1623615957.53137112,0.00000000,0.00000000,0.00000000,0.00000000
1623615957.63190818,0.00000000,0.00000000,0.00000000,0.00000000
1623615957.73277521,0.00000000,0.00000000,0.00000000,0.00000000
1623615957.83315349,0.00000000,0.00000000,0.00000000,0.00000000
1623615957.93344474,0.00000000,0.00000000,0.00000000,0.00000000
1623615958.03384995,0.00000000,0.00000000,0.00000000,0.00000000
1623615958.13395786,0.00000000,0.00000000,0.00000000,0.00000000
1623615958.23322201,0.00000000,0.00000000,0.00000000,0.00000000
1623615958.33347368,0.00000000,0.00000000,0.00000000,0.00000000
1623615958.43376803,0.00000000,0.00000000,0.00000000,0.00000000
1623615958.53383946,0.00000000,0.00000000,0.00000000,0.00000000
1623615958.63344955,0.00000000,0.00000000,0.00000000,0.00000000
1623615958.73305559,0.00000000,0.00000000,0.00000000,0.00000000
1623615958.83365345,0.00000000,0.00000000,0.00000000,0.00000000
1623615958.93357873,0.00000000,0.00000000,0.00000000,0.00000000
1623615959.03325248,0.00000000,0.00000000,0.00000000,0.00000000
1623615959.13360214,0.00000000,0.00000000,0.00000000,0.00000000
1623615959.23389721,0.00000000,0.00000000,0.00000000,0.00000000
1623615959.33379221,0.00000000,0.00000000,0.00000000,0.00000000
1623615959.43353677,0.00000000,0.00000000,0.00000000,0.00000000
1623615959.53423238,0.00000000,0.00000000,0.00000000,0.00000000
1623615959.63501930,0.00000000,0.00000000,0.00000000,0.00000000
1623615959.73497248,0.00000000,0.00000000,0.00000000,0.00000000
1623615959.83468938,0.00000000,0.00000000,0.00000000,0.00000000
1623615959.93501711,0.00000000,0.00000000,0.00000000,0.00000000
1623615960.03502464,0.00000000,0.00000000,0.00000000,0.00000000
1623615960.13491297,0.00000000,0.00000000,0.00000000,0.00000000
1623615960.23472095,0.00000000,0.00000000,0.00000000,0.00000000
1623615960.33446336,0.00000000,0.00000000,0.00000000,0.00000000
1623615960.43443298,0.00000000,0.00000000,0.00000000,0.00000000
1623615960.53432894,0.00000000,0.00000000,0.00000000,0.00000000
1623615960.63503003,0.00000000,0.00000000,0.00000000,0.00000000
1623615960.73460674,0.00000000,0.00000000,0.00000000,0.00000000
1623615960.83421016,0.00000000,0.00000000,0.00000000,0.00000000
1623615960.93488216,0.00000000,0.00000000,0.00000000,0.00000000
1623615961.03453922,0.00000000,0.00000000,0.00000000,0.00000000
1623615961.13443899,0.00000000,0.00000000,0.00000000,0.00000000
1623615961.23474431,0.00000000,0.00000000,0.00000000,0.00000000
1623615961.33480024,0.00000000,0.00000000,0.00000000,0.00000000
1623615961.43477798,0.00000000,0.00000000,0.00000000,0.00000000
1623615961.53478575,0.00000000,0.00000000,0.00000000,0.00000000
1623615961.63498068,0.00000000,0.00000000,0.00000000,0.00000000
1623615961.73503137,0.00000000,0.00000000,0.00000000,0.00000000
1623615961.83479571,0.00000000,0.00000000,0.00000000,0.00000000
1623615961.93470025,0.00000000,0.00000000,0.00000000,0.00000000
1623615962.03452349,0.00000000,0.00000000,0.00000000,0.00000000
1623615962.13434315,0.00000000,0.00000000,0.00000000,0.00000000
1623615962.23426080,0.00000000,0.00000000,0.00000000,0.00000000
1623615962.33518553,0.00000000,0.00000000,0.00000000,0.00000000
1623615962.43601680,0.00000000,0.00000000,0.00000000,0.00000000
1623615962.53612018,0.00000000,0.00000000,0.00000000,0.00000000
1623615962.63607454,0.00000000,0.00000000,0.00000000,0.00000000
1623615962.73587799,0.00000000,0.00000000,0.00000000,0.00000000
1623615962.83567691,0.00000000,0.00000000,0.00000000,0.00000000
1623615962.93526173,0.00000000,0.00000000,0.00000000,0.00000000
1623615963.03590441,0.00000000,0.00000000,0.00000000,0.00000000
1623615963.13546467,0.00000000,0.00000000,0.00000000,0.00000000
1623615963.23505354,0.00000000,0.00000000,0.00000000,0.00000000
1623615963.33589673,0.00000000,0.00000000,0.00000000,0.00000000
1623615963.43548441,0.00000000,0.00000000,0.00000000,0.00000000
1623615963.53581166,0.00000000,0.00000000,0.00000000,0.00000000
1623615963.63572001,0.00000000,0.00000000,0.00000000,0.00000000
1623615963.73560929,0.00000000,0.00000000,0.00000000,0.00000000
1623615963.83595967,0.00000000,0.00000000,0.00000000,0.00000000
1623615963.93590140,0.00000000,0.00000000,0.00000000,0.00000000
1623615964.03578305,0.00000000,0.00000000,0.00000000,0.00000000
1623615964.13583565,0.00000000,0.00000000,0.00000000,0.00000000
1623615964.23583484,0.00000000,0.00000000,0.00000000,0.00000000
1623615964.33578157,0.00000000,0.00000000,0.00000000,0.00000000
1623615964.43609071,0.00000000,0.00000000,0.00000000,0.00000000
1623615964.53594136,0.00000000,0.00000000,0.00000000,0.00000000
1623615964.63580680,0.00000000,0.00000000,0.00000000,0.00000000
1623615964.73541307,0.00000000,0.00000000,0.00000000,0.00000000
1623615964.83500361,0.00000000,0.00000000,0.00000000,0.00000000
1623615964.93580842,0.00000000,0.00000000,0.00000000,0.00000000
1623615965.03570175,0.00000000,0.00000000,0.00000000,0.00000000
1623615965.13573647,0.00000000,0.00000000,0.00000000,0.00000000
1623615965.23546386,0.00000000,0.00000000,0.00000000,0.00000000
1623615965.33618927,0.00000000,0.00000000,0.00000000,0.00000000
1623615965.43645120,0.00000000,0.00000000,0.00000000,0.00000000
1623615965.53638053,0.00000000,0.00000000,0.00000000,0.00000000
1623615965.63637996,0.00000000,0.00000000,0.00000000,0.00000000
1623615965.73619246,0.00000000,0.00000000,0.00000000,0.00000000
1623615965.83647037,0.00000000,0.00000000,0.00000000,0.00000000
1623615965.93653774,0.00000000,0.00000000,0.00000000,0.00000000
1623615966.03636360,0.00000000,0.00000000,0.00000000,0.00000000
1623615966.13620782,0.00000000,0.00000000,0.00000000,0.00000000
1623615966.23700356,0.00000000,0.00000000,0.00000000,0.00000000
1623615966.33690333,0.00000000,0.00000000,0.00000000,0.00000000
1623615966.43682933,0.00000000,0.00000000,0.00000000,0.00000000
1623615966.53649592,0.00000000,0.00000000,0.00000000,0.00000000
1623615966.63627076,0.00000000,0.00000000,0.00000000,0.00000000
1623615966.73635674,0.00000000,0.00000000,0.00000000,0.00000000
1623615966.83598828,0.00000000,0.00000000,0.00000000,0.00000000
1623615966.93715930,0.00000000,0.00000000,0.00000000,0.00000000
1623615967.03760767,0.00000000,0.00000000,0.00000000,0.00000000
1623615967.13792515,0.00000000,0.00000000,0.00000000,0.00000000
1623615967.23698187,0.00000000,0.00000000,0.00000000,0.00000000
1623615967.33796406,0.00000000,0.00000000,0.00000000,0.00000000
1623615967.43793750,0.00000000,0.00000000,0.00000000,0.00000000
1623615967.53758335,0.00000000,0.00000000,0.00000000,0.00000000
1623615967.63748670,0.00000000,0.00000000,0.00000000,0.00000000
1623615967.73771572,0.00000000,0.00000000,0.00000000,0.00000000
1623615967.83776617,0.00000000,0.00000000,0.00000000,0.00000000
1623615967.93745589,0.00000000,0.00000000,0.00000000,0.00000000
1623615968.03813767,0.00000000,0.00000000,0.00000000,0.00000000
1623615968.13887596,0.00000000,0.00000000,0.00000000,0.00000000
1623615968.23895407,0.00000000,0.00000000,0.00000000,0.00000000
1623615968.33899379,0.00000000,0.00000000,0.00000000,0.00000000
1623615968.43877697,0.00000000,0.00000000,0.00000000,0.00000000
1623615968.53860950,0.00000000,0.00000000,0.00000000,0.00000000
1623615968.63835335,0.00000000,0.00000000,0.00000000,0.00000000
1623615968.73826385,0.00000000,0.00000000,0.00000000,0.00000000
1623615968.83901596,0.00000000,0.00000000,0.00000000,0.00000000
1623615968.93847036,0.00000000,0.00000000,0.00000000,0.00000000
1623615969.03838491,0.00000000,0.00000000,0.00000000,0.00000000
1623615969.13921762,0.00000000,0.00000000,0.00000000,0.00000000
1623615969.24013352,0.00000000,0.00000000,0.00000000,0.00000000
1623615969.34054208,0.00000000,0.00000000,0.00000000,0.00000000
1623615969.44068646,0.00000000,0.00000000,0.00000000,0.00000000
1623615969.54115963,0.00000000,0.00000000,0.00000000,0.00000000
1623615969.64187884,0.00000000,0.00000000,0.00000000,0.00000000
1623615969.74141431,0.00000000,0.00000000,0.00000000,0.00000000
1623615969.84102392,0.00000000,0.00000000,0.00000000,0.00000000
1623615969.94187832,0.00000000,0.00000000,0.00000000,0.00000000
1623615970.04154730,0.00000000,0.00000000,0.00000000,0.00000000
1623615970.14177394,0.00000000,0.00000000,0.00000000,0.00000000
1623615970.24177504,0.00000000,0.00000000,0.00000000,0.00000000
1623615970.34173393,0.00000000,0.00000000,0.00000000,0.00000000
1623615970.44151402,0.00000000,0.00000000,0.00000000,0.00000000
1623615970.54143596,0.00000000,0.00000000,0.00000000,0.00000000
1623615970.64195347,0.00000000,0.00000000,0.00000000,0.00000000
1623615970.74280024,0.00000000,0.00000000,0.00000000,0.00000000
1623615970.84231353,0.00000000,0.00000000,0.00000000,0.00000000
1623615970.94309592,0.00000000,0.00000000,0.00000000,0.00000000
1623615971.04253650,0.00000000,0.00000000,0.00000000,0.00000000
1623615971.14298582,0.00000000,0.00000000,0.00000000,0.00000000
1623615971.24239874,0.00000000,0.00000000,0.00000000,0.00000000
1623615971.34239030,0.00000000,0.00000000,0.00000000,0.00000000
1623615971.44311666,0.00000000,0.00000000,0.00000000,0.00000000
1623615971.54198670,0.00000000,0.00000000,0.00000000,0.00000000
1623615971.64315510,0.00000000,0.00000000,0.00000000,0.00000000
1623615971.74394035,0.00000000,0.00000000,0.00000000,0.00000000
1623615971.84483838,0.00000000,0.00000000,0.00000000,0.00000000
1623615971.94458985,0.00000000,0.00000000,0.00000000,0.00000000
1623615972.04441166,0.00000000,0.00000000,0.00000000,0.00000000
1623615972.14453650,0.00000000,0.00000000,0.00000000,0.00000000
1623615972.24476004,0.00000000,0.00000000,0.00000000,0.00000000
1623615972.34520721,0.00000000,0.00000000,0.00000000,0.00000000
1623615972.44598198,0.00000000,0.00000000,0.00000000,0.00000000
1623615972.54565287,0.00000000,0.00000000,0.00000000,0.00000000
1623615972.64544630,0.00000000,0.00000000,0.00000000,0.00000000
1623615972.74608946,0.00000000,0.00000000,0.00000000,0.00000000
1623615972.84680653,0.00000000,0.00000000,0.00000000,0.00000000
1623615972.94625521,0.00000000,0.00000000,0.00000000,0.00000000
1623615973.04692435,0.00000000,0.00000000,0.00000000,0.00000000
1623615973.14694595,0.00000000,0.00000000,0.00000000,0.00000000
1623615973.24701142,0.00000000,0.00000000,0.00000000,0.00000000
1623615973.34821272,0.00000000,0.00000000,0.00000000,0.00000000
1623615973.44889688,0.00000000,0.00000000,0.00000000,0.00000000
1623615973.54860640,0.00000000,0.00000000,0.00000000,0.00000000
1623615973.64833117,0.00000000,0.00000000,0.00000000,0.00000000
1623615973.74843860,0.00000000,0.00000000,0.00000000,0.00000000
1623615973.84870744,0.00000000,0.00000000,0.00000000,0.00000000
1623615973.94844365,0.00000000,0.00000000,0.00000000,0.00000000
1623615974.04857135,0.00000000,0.00000000,0.00000000,0.00000000
1623615974.14906907,0.00000000,0.00000000,0.00000000,0.00000000
1623615974.24883628,0.00000000,0.00000000,0.00000000,0.00000000
1623615974.34857297,0.00000000,0.00000000,0.00000000,0.00000000
1623615974.44862795,0.00000000,0.00000000,0.00000000,0.00000000
1623615974.54842210,0.00000000,0.00000000,0.00000000,0.00000000
1623615974.64838648,0.00000000,0.00000000,0.00000000,0.00000000
1623615974.74830484,0.00000000,0.00000000,0.00000000,0.00000000
1623615974.84906292,0.00000000,0.00000000,0.00000000,0.00000000
1623615974.94869137,0.00000000,0.00000000,0.00000000,0.00000000
1623615975.04844522,0.00000000,0.00000000,0.00000000,0.00000000
1623615975.14918089,0.00000000,0.00000000,0.00000000,0.00000000
1623615975.24940944,0.00000000,0.00000000,0.00000000,0.00000000
1623615975.34902263,0.00000000,0.00000000,0.00000000,0.00000000
1623615975.44969273,0.00000000,0.00000000,0.00000000,0.00000000
1623615975.54970551,0.00000000,0.00000000,0.00000000,0.00000000
1623615975.64944458,0.00000000,0.00000000,0.00000000,0.00000000
1623615975.74994826,0.00000000,0.00000000,0.00000000,0.00000000
1623615975.85085130,0.00000000,0.00000000,0.00000000,0.00000000
1623615975.95115280,0.00000000,0.00000000,0.00000000,0.00000000
1623615976.05084252,0.00000000,0.00000000,0.00000000,0.00000000
1623615976.15031576,0.00000000,0.00000000,0.00000000,0.00000000
1623615976.25020719,0.00000000,0.00000000,0.00000000,0.00000000
1623615976.35012746,0.00000000,0.00000000,0.00000000,0.00000000
1623615976.45118189,0.00000000,0.00000000,0.00000000,0.00000000
1623615976.55178285,0.00000000,0.00000000,0.00000000,0.00000000
1623615976.65212536,0.00000000,0.00000000,0.00000000,0.00000000
1623615976.75208187,0.00000000,0.00000000,0.00000000,0.00000000
1623615976.85122275,0.00000000,0.00000000,0.00000000,0.00000000
1623615976.95200944,0.00000000,0.00000000,0.00000000,0.00000000
1623615977.05199504,0.00000000,0.00000000,0.00000000,0.00000000
1623615977.15161657,0.00000000,0.00000000,0.00000000,0.00000000
1623615977.25127840,0.00000000,0.00000000,0.00000000,0.00000000
1623615977.35212779,0.00000000,0.00000000,0.00000000,0.00000000
1623615977.45215678,0.00000000,0.00000000,0.00000000,0.00000000
1623615977.55303907,0.00000000,0.00000000,0.00000000,0.00000000
1623615977.65292192,0.00000000,0.00000000,0.00000000,0.00000000
1623615977.75299788,0.00000000,0.00000000,0.00000000,0.00000000
1623615977.85274100,0.00000000,0.00000000,0.00000000,0.00000000
1623615977.95247984,0.00000000,0.00000000,0.00000000,0.00000000
1623615978.05316615,0.00000000,0.00000000,0.00000000,0.00000000
1623615978.15241909,0.00000000,0.00000000,0.00000000,0.00000000
1623615978.25232649,0.00000000,0.00000000,0.00000000,0.00000000
1623615978.35304785,0.00000000,0.00000000,0.00000000,0.00000000
1623615978.45273709,0.00000000,0.00000000,0.00000000,0.00000000
1623615978.55245900,0.00000000,0.00000000,0.00000000,0.00000000
1623615978.65238237,0.00000000,0.00000000,0.00000000,0.00000000
1623615978.75310087,0.00000000,0.00000000,0.00000000,0.00000000
1623615978.85277891,0.00000000,0.00000000,0.00000000,0.00000000
1623615978.95257545,0.00000000,0.00000000,0.00000000,0.00000000
1623615979.05266070,0.00000000,0.00000000,0.00000000,0.00000000
1623615979.15235996,0.00000000,0.00000000,0.00000000,0.00000000
1623615979.25306487,0.00000000,0.00000000,0.00000000,0.00000000
1623615979.35273695,0.00000000,0.00000000,0.00000000,0.00000000
1623615979.45269608,0.00000000,0.00000000,0.00000000,0.00000000
1623615979.55232787,0.00000000,0.00000000,0.00000000,0.00000000
1623615979.65310287,0.00000000,0.00000000,0.00000000,0.00000000
1623615979.75275159,0.00000000,0.00000000,0.00000000,0.00000000
1623615979.85242295,0.00000000,0.00000000,0.00000000,0.00000000
1623615979.95271778,0.00000000,0.00000000,0.00000000,0.00000000
1623615980.05305147,0.00000000,0.00000000,0.00000000,0.00000000
1623615980.15311837,0.00000000,0.00000000,0.00000000,0.00000000
1623615980.25280762,0.00000000,0.00000000,0.00000000,0.00000000
1623615980.35261822,0.00000000,0.00000000,0.00000000,0.00000000
1623615980.45255852,0.00000000,0.00000000,0.00000000,0.00000000
1623615980.55271554,0.00000000,0.00000000,0.00000000,0.00000000
1623615980.65288448,0.00000000,0.00000000,0.00000000,0.00000000
1623615980.75282502,0.00000000,0.00000000,0.00000000,0.00000000
1623615980.85273409,0.00000000,0.00000000,0.00000000,0.00000000
1623615980.95247126,0.00000000,0.00000000,0.00000000,0.00000000
1623615981.05251956,0.00000000,0.00000000,0.00000000,0.00000000
1623615981.15242910,0.00000000,0.00000000,0.00000000,0.00000000
1623615981.25307107,0.00000000,0.00000000,0.00000000,0.00000000
1623615981.35285449,0.00000000,0.00000000,0.00000000,0.00000000
1623615981.45259833,0.00000000,0.00000000,0.00000000,0.00000000
1623615981.55234885,0.00000000,0.00000000,0.00000000,0.00000000
1623615981.65299129,0.00000000,0.00000000,0.00000000,0.00000000
1623615981.75277925,0.00000000,0.00000000,0.00000000,0.00000000
1623615981.85251188,0.00000000,0.00000000,0.00000000,0.00000000
1623615981.95289683,0.00000000,0.00000000,0.00000000,0.00000000
1623615982.05257845,0.00000000,0.00000000,0.00000000,0.00000000
1623615982.15224838,0.00000000,0.00000000,0.00000000,0.00000000
1623615982.25294781,0.00000000,0.00000000,0.00000000,0.00000000
1623615982.35265923,0.00000000,0.00000000,0.00000000,0.00000000
1623615982.45238876,0.00000000,0.00000000,0.00000000,0.00000000
1623615982.55307198,0.00000000,0.00000000,0.00000000,0.00000000
1623615982.65273714,0.00000000,0.00000000,0.00000000,0.00000000
1623615982.75239778,0.00000000,0.00000000,0.00000000,0.00000000
1623615982.85316133,0.00000000,0.00000000,0.00000000,0.00000000
1623615982.95284104,0.00000000,0.00000000,0.00000000,0.00000000
1623615983.05249095,0.00000000,0.00000000,0.00000000,0.00000000
1623615983.15228939,0.00000000,0.00000000,0.00000000,0.00000000
1623615983.25292850,0.00000000,0.00000000,0.00000000,0.00000000
1623615983.35266256,0.00000000,0.00000000,0.00000000,0.00000000
1623615983.45244932,0.00000000,0.00000000,0.00000000,0.00000000
1623615983.55270076,0.00000000,0.00000000,0.00000000,0.00000000
1623615983.65249038,0.00000000,0.00000000,0.00000000,0.00000000
1623615983.75224733,0.00000000,0.00000000,0.00000000,0.00000000
1623615983.85289288,0.00000000,0.00000000,0.00000000,0.00000000
1623615983.95261836,0.00000000,0.00000000,0.00000000,0.00000000
1623615984.05290747,0.00000000,0.00000000,0.00000000,0.00000000
1623615984.15221763,0.00000000,0.00000000,0.00000000,0.00000000
1623615984.25238895,0.00000000,0.00000000,0.00000000,0.00000000
1623615984.35277510,0.00000000,0.00000000,0.00000000,0.00000000
1623615984.45249891,0.00000000,0.00000000,0.00000000,0.00000000
1623615984.55319881,0.00000000,0.00000000,0.00000000,0.00000000
1623615984.65385127,0.00000000,0.00000000,0.00000000,0.00000000
1623615984.75354290,0.00000000,0.00000000,0.00000000,0.00000000
1623615984.85331106,0.00000000,0.00000000,0.00000000,0.00000000
1623615984.95331669,0.00000000,0.00000000,0.00000000,0.00000000
1623615985.05388832,0.00000000,0.00000000,0.00000000,0.00000000
1623615985.15356445,0.00000000,0.00000000,0.00000000,0.00000000
1623615985.25342965,0.00000000,0.00000000,0.00000000,0.00000000
1623615985.35407710,0.00000000,0.00000000,0.00000000,0.00000000
1623615985.45410204,0.00000000,0.00000000,0.00000000,0.00000000
1623615985.55407286,0.00000000,0.00000000,0.00000000,0.00000000
1623615985.65367699,0.00000000,0.00000000,0.00000000,0.00000000
1623615985.75350237,0.00000000,0.00000000,0.00000000,0.00000000
1623615985.85328412,0.00000000,0.00000000,0.00000000,0.00000000
1623615985.95369530,0.00000000,0.00000000,0.00000000,0.00000000
1623615986.05341816,0.00000000,0.00000000,0.00000000,0.00000000
1623615986.15415764,0.00000000,0.00000000,0.00000000,0.00000000
1623615986.25489163,0.00000000,0.00000000,0.00000000,0.00000000
1623615986.35468912,0.00000000,0.00000000,0.00000000,0.00000000
1623615986.45444965,0.00000000,0.00000000,0.00000000,0.00000000
1623615986.55459356,0.00000000,0.00000000,0.00000000,0.00000000
1623615986.65438724,0.00000000,0.00000000,0.00000000,0.00000000
1623615986.75431538,0.00000000,0.00000000,0.00000000,0.00000000
1623615986.85499907,0.00000000,0.00000000,0.00000000,0.00000000
1623615986.95489359,0.00000000,0.00000000,0.00000000,0.00000000
1623615987.05463171,0.00000000,0.00000000,0.00000000,0.00000000
1623615987.15449905,0.00000000,0.00000000,0.00000000,0.00000000
1623615987.25519657,0.00000000,0.00000000,0.00000000,0.00000000
1623615987.35619187,0.00000000,0.00000000,0.00000000,0.00000000
1623615987.45701551,0.00000000,0.00000000,0.00000000,0.00000000
1623615987.55729127,0.00000000,0.00000000,0.00000000,0.00000000
1623615987.65795422,0.00000000,0.00000000,0.00000000,0.00000000
1623615987.75770736,0.00000000,0.00000000,0.00000000,0.00000000
1623615987.85806680,0.00000000,0.00000000,0.00000000,0.00000000
1623615987.95802307,0.00000000,0.00000000,0.00000000,0.00000000
1623615988.05775976,0.00000000,0.00000000,0.00000000,0.00000000
1623615988.15755963,0.00000000,0.00000000,0.00000000,0.00000000
1623615988.25734496,0.00000000,0.00000000,0.00000000,0.00000000
1623615988.35760188,0.00000000,0.00000000,0.00000000,0.00000000
1623615988.45739985,0.00000000,0.00000000,0.00000000,0.00000000
1623615988.55820870,0.00000000,0.00000000,0.00000000,0.00000000
1623615988.65858340,0.00000000,0.00000000,0.00000000,0.00000000
1623615988.75875235,0.00000000,0.00000000,0.00000000,0.00000000
1623615988.85852504,0.00000000,0.00000000,0.00000000,0.00000000
1623615988.95833755,0.00000000,0.00000000,0.00000000,0.00000000
1623615989.05909467,0.00000000,0.00000000,0.00000000,0.00000000
1623615989.15890098,0.00000000,0.00000000,0.00000000,0.00000000
1623615989.25870109,0.00000000,0.00000000,0.00000000,0.00000000
1623615989.35913873,0.00000000,0.00000000,0.00000000,0.00000000
1623615989.45985723,0.00000000,0.00000000,0.00000000,0.00000000
1623615989.55967450,0.00000000,0.00000000,0.00000000,0.00000000
1623615989.65936327,0.00000000,0.00000000,0.00000000,0.00000000
1623615989.76011062,0.00000000,0.00000000,0.00000000,0.00000000
1623615989.86086130,0.00000000,0.00000000,0.00000000,0.00000000
1623615989.96061492,0.00000000,0.00000000,0.00000000,0.00000000
1623615990.06037259,0.00000000,0.00000000,0.00000000,0.00000000
1623615990.16117859,0.00000000,0.00000000,0.00000000,0.00000000
1623615990.26201463,0.00000000,0.00000000,0.00000000,0.00000000
1623615990.36173153,0.00000000,0.00000000,0.00000000,0.00000000
1623615990.46153355,0.00000000,0.00000000,0.00000000,0.00000000
1623615990.56129432,0.00000000,0.00000000,0.00000000,0.00000000
1623615990.66211247,0.00000000,0.00000000,0.00000000,0.00000000
1623615990.76212430,0.00000000,0.00000000,0.00000000,0.00000000
1623615990.86223745,0.00000000,0.00000000,0.00000000,0.00000000
1623615990.96317720,0.00000000,0.00000000,0.00000000,0.00000000
1623615991.06414723,0.00000000,0.00000000,0.00000000,0.00000000
1623615991.16497159,0.00000000,0.00000000,0.00000000,0.00000000
1623615991.26476932,0.00000000,0.00000000,0.00000000,0.00000000
1623615991.36462831,0.00000000,0.00000000,0.00000000,0.00000000
1623615991.46435928,0.00000000,0.00000000,0.00000000,0.00000000
1623615991.56515574,0.00000000,0.00000000,0.00000000,0.00000000
1623615991.66537619,0.00000000,0.00000000,0.00000000,0.00000000
1623615991.76548219,0.00000000,0.00000000,0.00000000,0.00000000
1623615991.86622810,0.00000000,0.00000000,0.00000000,0.00000000
1623615991.96697783,0.00000000,0.00000000,0.00000000,0.00000000
1623615992.06669044,0.00000000,0.00000000,0.00000000,0.00000000
1623615992.16656661,0.00000000,0.00000000,0.00000000,0.00000000
1623615992.26641583,0.00000000,0.00000000,0.00000000,0.00000000
1623615992.36626005,0.00000000,0.00000000,0.00000000,0.00000000
1623615992.46694469,0.00000000,0.00000000,0.00000000,0.00000000
1623615992.56654906,0.00000000,0.00000000,0.00000000,0.00000000
1623615992.66659045,0.00000000,0.00000000,0.00000000,0.00000000
1623615992.76693892,0.00000000,0.00000000,0.00000000,0.00000000
1623615992.86672950,0.00000000,0.00000000,0.00000000,0.00000000
1623615992.96641207,0.00000000,0.00000000,0.00000000,0.00000000
1623615993.06707382,0.00000000,0.00000000,0.00000000,0.00000000
1623615993.16689110,0.00000000,0.00000000,0.00000000,0.00000000
1623615993.26673293,0.00000000,0.00000000,0.00000000,0.00000000
1623615993.36719561,0.00000000,0.00000000,0.00000000,0.00000000
1623615993.46796560,0.00000000,0.00000000,0.00000000,0.00000000
1623615993.56770658,0.00000000,0.00000000,0.00000000,0.00000000
1623615993.66733551,0.00000000,0.00000000,0.00000000,0.00000000
1623615993.76803112,0.00000000,0.00000000,0.00000000,0.00000000
1623615993.86773205,0.00000000,0.00000000,0.00000000,0.00000000
1623615993.96745253,0.00000000,0.00000000,0.00000000,0.00000000
1623615994.06814814,0.00000000,0.00000000,0.00000000,0.00000000
1623615994.16802812,0.00000000,0.00000000,0.00000000,0.00000000
1623615994.26778412,0.00000000,0.00000000,0.00000000,0.00000000
1623615994.36753869,0.00000000,0.00000000,0.00000000,0.00000000
1623615994.46728730,0.00000000,0.00000000,0.00000000,0.00000000
1623615994.56803370,0.00000000,0.00000000,0.00000000,0.00000000
1623615994.66782928,0.00000000,0.00000000,0.00000000,0.00000000
1623615994.76762819,0.00000000,0.00000000,0.00000000,0.00000000
1623615994.86739182,0.00000000,0.00000000,0.00000000,0.00000000
1623615994.96815777,0.00000000,0.00000000,0.00000000,0.00000000
1623615995.06890512,0.00000000,0.00000000,0.00000000,0.00000000
1623615995.16863298,0.00000000,0.00000000,0.00000000,0.00000000
1623615995.26836920,0.00000000,0.00000000,0.00000000,0.00000000
1623615995.36920857,0.00000000,0.00000000,0.00000000,0.00000000
1623615995.46998048,0.00000000,0.00000000,0.00000000,0.00000000
1623615995.56969929,0.00000000,0.00000000,0.00000000,0.00000000
1623615995.66952252,0.00000000,0.00000000,0.00000000,0.00000000
1623615995.76928377,0.00000000,0.00000000,0.00000000,0.00000000
1623615995.87002277,0.00000000,0.00000000,0.00000000,0.00000000
1623615995.96985936,0.00000000,0.00000000,0.00000000,0.00000000
1623615996.06954145,0.00000000,0.00000000,0.00000000,0.00000000
1623615996.16929817,0.00000000,0.00000000,0.00000000,0.00000000
1623615996.27008700,0.00000000,0.00000000,0.00000000,0.00000000
1623615996.36993074,0.00000000,0.00000000,0.00000000,0.00000000
1623615996.46960974,0.00000000,0.00000000,0.00000000,0.00000000
1623615996.56937408,0.00000000,0.00000000,0.00000000,0.00000000
1623615996.67005277,0.00000000,0.00000000,0.00000000,0.00000000
1623615996.76989532,0.00000000,0.00000000,0.00000000,0.00000000
1623615996.86961794,0.00000000,0.00000000,0.00000000,0.00000000
1623615996.96931243,0.00000000,0.00000000,0.00000000,0.00000000
1623615997.07007837,0.00000000,0.00000000,0.00000000,0.00000000
1623615997.16979814,0.00000000,0.00000000,0.00000000,0.00000000
1623615997.26950955,0.00000000,0.00000000,0.00000000,0.00000000
1623615997.37025189,0.00000000,0.00000000,0.00000000,0.00000000
1623615997.47106504,0.00000000,0.00000000,0.00000000,0.00000000
1623615997.57055092,0.00000000,0.00000000,0.00000000,0.00000000
1623615997.67081928,0.00000000,0.00000000,0.00000000,0.00000000
1623615997.77060461,0.00000000,0.00000000,0.00000000,0.00000000
1623615997.87029290,0.00000000,0.00000000,0.00000000,0.00000000
1623615997.97099733,0.00000000,0.00000000,0.00000000,0.00000000
1623615998.07061911,0.00000000,0.00000000,0.00000000,0.00000000
1623615998.17098188,0.00000000,0.00000000,0.00000000,0.00000000
1623615998.27074170,0.00000000,0.00000000,0.00000000,0.00000000
1623615998.37047744,0.00000000,0.00000000,0.00000000,0.00000000
1623615998.47127295,0.00000000,0.00000000,0.00000000,0.00000000
1623615998.57204103,0.00000000,0.00000000,0.00000000,0.00000000
1623615998.67192078,0.00000000,0.00000000,0.00000000,0.00000000
1623615998.77175188,0.00000000,0.00000000,0.00000000,0.00000000
1623615998.87155652,0.00000000,0.00000000,0.00000000,0.00000000
1623615998.97194338,0.00000000,0.00000000,0.00000000,0.00000000
1623615999.07173538,0.00000000,0.00000000,0.00000000,0.00000000
1623615999.17147732,0.00000000,0.00000000,0.00000000,0.00000000
1623615999.27137136,0.00000000,0.00000000,0.00000000,0.00000000
1623615999.37201047,0.00000000,0.00000000,0.00000000,0.00000000
1623615999.47242379,0.00000000,0.00000000,0.00000000,0.00000000
1623615999.57316804,0.00000000,0.00000000,0.00000000,0.00000000
1623615999.67392707,0.00000000,0.00000000,0.00000000,0.00000000
1623615999.77335477,0.00000000,0.00000000,0.00000000,0.00000000
1623615999.87415409,0.00000000,0.00000000,0.00000000,0.00000000
1623615999.97394371,0.00000000,0.00000000,0.00000000,0.00000000
1623616000.07364368,0.00000000,0.00000000,0.00000000,0.00000000
1623616000.17346692,0.00000000,0.00000000,0.00000000,0.00000000
1623616000.27338195,0.00000000,0.00000000,0.00000000,0.00000000
1623616000.37423038,0.00000000,0.00000000,0.00000000,0.00000000
1623616000.47495437,0.00000000,0.00000000,0.00000000,0.00000000
1623616000.57490873,0.00000000,0.00000000,0.00000000,0.00000000
1623616000.67456055,0.00000000,0.00000000,0.00000000,0.00000000
1623616000.77433991,0.00000000,0.00000000,0.00000000,0.00000000
1623616000.87488103,0.00000000,0.00000000,0.00000000,0.00000000
1623616000.97490859,0.00000000,0.00000000,0.00000000,0.00000000
1623616001.07464218,0.00000000,0.00000000,0.00000000,0.00000000
1623616001.17440462,0.00000000,0.00000000,0.00000000,0.00000000
1623616001.27502418,0.00000000,0.00000000,0.00000000,0.00000000
1623616001.37477374,0.00000000,0.00000000,0.00000000,0.00000000
1623616001.47449470,0.00000000,0.00000000,0.00000000,0.00000000
1623616001.57431698,0.00000000,0.00000000,0.00000000,0.00000000
1623616001.67511702,0.00000000,0.00000000,0.00000000,0.00000000
1623616001.77489758,0.00000000,0.00000000,0.00000000,0.00000000
1623616001.87455440,0.00000000,0.00000000,0.00000000,0.00000000
1623616001.97447395,0.00000000,0.00000000,0.00000000,0.00000000
1623616002.07430768,0.00000000,0.00000000,0.00000000,0.00000000
1623616002.17503476,0.00000000,0.00000000,0.00000000,0.00000000
1623616002.27475715,0.00000000,0.00000000,0.00000000,0.00000000
1623616002.37459850,0.00000000,0.00000000,0.00000000,0.00000000
1623616002.47428107,0.00000000,0.00000000,0.00000000,0.00000000
1623616002.57445049,0.00000000,0.00000000,0.00000000,0.00000000
1623616002.67471075,0.00000000,0.00000000,0.00000000,0.00000000
1623616002.77447152,0.00000000,0.00000000,0.00000000,0.00000000
1623616002.87430906,0.00000000,0.00000000,0.00000000,0.00000000
1623616002.97508478,0.00000000,0.00000000,0.00000000,0.00000000
1623616003.07476568,0.00000000,0.00000000,0.00000000,0.00000000
1623616003.17456126,0.00000000,0.00000000,0.00000000,0.00000000
1623616003.27434540,0.00000000,0.00000000,0.00000000,0.00000000
1623616003.37498307,0.00000000,0.00000000,0.00000000,0.00000000
1623616003.47421002,0.00000000,0.00000000,0.00000000,0.00000000
1623616003.57449722,0.00000000,0.00000000,0.00000000,0.00000000
1623616003.67492151,0.00000000,0.00000000,0.00000000,0.00000000
1623616003.77466965,0.00000000,0.00000000,0.00000000,0.00000000
1623616003.87446380,0.00000000,0.00000000,0.00000000,0.00000000
1623616003.97511983,0.00000000,0.00000000,0.00000000,0.00000000
1623616004.07483125,0.00000000,0.00000000,0.00000000,0.00000000
1623616004.17455721,0.00000000,0.00000000,0.00000000,0.00000000
1623616004.27414489,0.00000000,0.00000000,0.00000000,0.00000000
1623616004.37456441,0.00000000,0.00000000,0.00000000,0.00000000
1623616004.47435808,0.00000000,0.00000000,0.00000000,0.00000000
1623616004.57486725,0.00000000,0.00000000,0.00000000,0.00000000
1623616004.67489409,0.00000000,0.00000000,0.00000000,0.00000000
1623616004.77461672,0.00000000,0.00000000,0.00000000,0.00000000
1623616004.87442136,0.00000000,0.00000000,0.00000000,0.00000000
1623616004.97514081,0.00000000,0.00000000,0.00000000,0.00000000
1623616005.07497263,0.00000000,0.00000000,0.00000000,0.00000000
1623616005.17463064,0.00000000,0.00000000,0.00000000,0.00000000
1623616005.27448750,0.00000000,0.00000000,0.00000000,0.00000000
1623616005.37520385,0.00000000,0.00000000,0.00000000,0.00000000
1623616005.47591877,0.00000000,0.00000000,0.00000000,0.00000000
1623616005.57551670,0.00000000,0.00000000,0.00000000,0.00000000
1623616005.67615247,0.00000000,0.00000000,0.00000000,0.00000000
1623616005.77579236,0.00000000,0.00000000,0.00000000,0.00000000
1623616005.87543797,0.00000000,0.00000000,0.00000000,0.00000000
1623616005.97615242,0.00000000,0.00000000,0.00000000,0.00000000
1623616006.07583451,0.00000000,0.00000000,0.00000000,0.00000000
1623616006.17621541,0.00000000,0.00000000,0.00000000,0.00000000
1623616006.27684999,0.00000000,0.00000000,0.00000000,0.00000000
1623616006.37651968,0.00000000,0.00000000,0.00000000,0.00000000
1623616006.47712803,0.00000000,0.00000000,0.00000000,0.00000000
1623616006.57677960,0.00000000,0.00000000,0.00000000,0.00000000
1623616006.67705393,0.00000000,0.00000000,0.00000000,0.00000000
1623616006.77628422,0.00000000,0.00000000,0.00000000,0.00000000
1623616006.87654591,0.00000000,0.00000000,0.00000000,0.00000000
1623616006.97668433,0.00000000,0.00000000,0.00000000,0.00000000
1623616007.07645416,0.00000000,0.00000000,0.00000000,0.00000000
1623616007.17721558,0.00000000,0.00000000,0.00000000,0.00000000
1623616007.27814150,0.00000000,0.00000000,0.00000000,0.00000000
1623616007.37792563,0.00000000,0.00000000,0.00000000,0.00000000
1623616007.47765088,0.00000000,0.00000000,0.00000000,0.00000000
1623616007.57738876,0.00000000,0.00000000,0.00000000,0.00000000
1623616007.67819476,0.00000000,0.00000000,0.00000000,0.00000000
1623616007.77884698,0.00000000,0.00000000,0.00000000,0.00000000
1623616007.87852001,0.00000000,0.00000000,0.00000000,0.00000000
1623616007.97916579,0.00000000,0.00000000,0.00000000,0.00000000
1623616008.07883525,0.00000000,0.00000000,0.00000000,0.00000000
1623616008.17858553,0.00000000,0.00000000,0.00000000,0.00000000
1623616008.27836418,0.00000000,0.00000000,0.00000000,0.00000000
1623616008.37915134,0.00000000,0.00000000,0.00000000,0.00000000
1623616008.47986054,0.00000000,0.00000000,0.00000000,0.00000000
1623616008.57953215,0.00000000,0.00000000,0.00000000,0.00000000
1623616008.67975307,0.00000000,0.00000000,0.00000000,0.00000000
1623616008.77941298,0.00000000,0.00000000,0.00000000,0.00000000
1623616008.88011241,0.00000000,0.00000000,0.00000000,0.00000000
1623616008.97972131,0.00000000,0.00000000,0.00000000,0.00000000
1623616009.07942820,0.00000000,0.00000000,0.00000000,0.00000000
1623616009.18013859,0.00000000,0.00000000,0.00000000,0.00000000
1623616009.27988124,0.00000000,0.00000000,0.00000000,0.00000000
1623616009.37939548,0.00000000,0.00000000,0.00000000,0.00000000
1623616009.47937727,0.00000000,0.00000000,0.00000000,0.00000000
1623616009.58009434,0.00000000,0.00000000,0.00000000,0.00000000
1623616009.67992473,0.00000000,0.00000000,0.00000000,0.00000000
1623616009.77979207,0.00000000,0.00000000,0.00000000,0.00000000
1623616009.87951255,0.00000000,0.00000000,0.00000000,0.00000000
1623616009.98018074,0.00000000,0.00000000,0.00000000,0.00000000
1623616010.08092761,0.00000000,0.00000000,0.00000000,0.00000000
1623616010.18041563,0.00000000,0.00000000,0.00000000,0.00000000
1623616010.28104901,0.00000000,0.00000000,0.00000000,0.00000000
1623616010.38066578,0.00000000,0.00000000,0.00000000,0.00000000
1623616010.48025060,0.00000000,0.00000000,0.00000000,0.00000000
1623616010.58097887,0.00000000,0.00000000,0.00000000,0.00000000
1623616010.68052745,0.00000000,0.00000000,0.00000000,0.00000000
1623616010.78126025,0.00000000,0.00000000,0.00000000,0.00000000
1623616010.88187146,0.00000000,0.00000000,0.00000000,0.00000000
1623616010.98148537,0.00000000,0.00000000,0.00000000,0.00000000
1623616011.08211589,0.00000000,0.00000000,0.00000000,0.00000000
1623616011.18172693,0.00000000,0.00000000,0.00000000,0.00000000
1623616011.28154039,0.00000000,0.00000000,0.00000000,0.00000000
1623616011.38121581,0.00000000,0.00000000,0.00000000,0.00000000
1623616011.48149228,0.00000000,0.00000000,0.00000000,0.00000000
1623616011.58176708,0.00000000,0.00000000,0.00000000,0.00000000
1623616011.68222094,0.00000000,0.00000000,0.00000000,0.00000000
1623616011.78296995,0.00000000,0.00000000,0.00000000,0.00000000
1623616011.88252640,0.00000000,0.00000000,0.00000000,0.00000000
1623616011.98250747,0.00000000,0.00000000,0.00000000,0.00000000
1623616012.08286786,0.00000000,0.00000000,0.00000000,0.00000000
1623616012.18264532,0.00000000,0.00000000,0.00000000,0.00000000
1623616012.28223872,0.00000000,0.00000000,0.00000000,0.00000000
1623616012.38228989,0.00000000,0.00000000,0.00000000,0.00000000
1623616012.48266053,0.00000000,0.00000000,0.00000000,0.00000000
1623616012.58256936,0.00000000,0.00000000,0.00000000,0.00000000
1623616012.68212700,0.00000000,0.00000000,0.00000000,0.00000000
1623616012.78257990,0.00000000,0.00000000,0.00000000,0.00000000
1623616012.88216019,0.00000000,0.00000000,0.00000000,0.00000000
1623616012.98270583,0.00000000,0.00000000,0.00000000,0.00000000
1623616013.08240414,0.00000000,0.00000000,0.00000000,0.00000000
1623616013.18248153,0.00000000,0.00000000,0.00000000,0.00000000
1623616013.28322673,0.00000000,0.00000000,0.00000000,0.00000000
1623616013.38384843,0.00000000,0.00000000,0.00000000,0.00000000
1623616013.48332477,0.00000000,0.00000000,0.00000000,0.00000000
1623616013.58394670,0.00000000,0.00000000,0.00000000,0.00000000
1623616013.68461633,0.00000000,0.00000000,0.00000000,0.00000000
1623616013.78431749,0.00000000,0.00000000,0.00000000,0.00000000
1623616013.88494086,0.00000000,0.00000000,0.00000000,0.00000000
1623616013.98546028,0.00000000,0.00000000,0.00000000,0.00000000
1623616014.08509421,0.00000000,0.00000000,0.00000000,0.00000000
1623616014.18583035,0.00000000,0.00000000,0.00000000,0.00000000
1623616014.28623152,0.00000000,0.00000000,0.00000000,0.00000000
1623616014.38697338,0.00000000,0.00000000,0.00000000,0.00000000
1623616014.48695254,0.00000000,0.00000000,0.00000000,0.00000000
1623616014.58634377,0.00000000,0.00000000,0.00000000,0.00000000
1623616014.68711424,0.00000000,0.00000000,0.00000000,0.00000000
1623616014.78659558,0.00000000,0.00000000,0.00000000,0.00000000
1623616014.88656712,0.00000000,0.00000000,0.00000000,0.00000000
1623616014.98650813,0.00000000,0.00000000,0.00000000,0.00000000
1623616015.08605671,0.00000000,0.00000000,0.00000000,0.00000000
1623616015.18674088,0.00000000,0.00000000,0.00000000,0.00000000
1623616015.28644800,0.00000000,0.00000000,0.00000000,0.00000000
1623616015.38666081,0.00000000,0.00000000,0.00000000,0.00000000
1623616015.48708200,0.00000000,0.00000000,0.00000000,0.00000000
1623616015.58665013,0.00000000,0.00000000,0.00000000,0.00000000
1623616015.68682146,0.00000000,0.00000000,0.00000000,0.00000000
1623616015.78660703,0.00000000,0.00000000,0.00000000,0.00000000
1623616015.88668036,0.00000000,0.00000000,0.00000000,0.00000000
1623616015.98620200,0.00000000,0.00000000,0.00000000,0.00000000
1623616016.08690333,0.00000000,0.00000000,0.00000000,0.00000000
1623616016.18686271,0.00000000,0.00000000,0.00000000,0.00000000
1623616016.28635955,0.00000000,0.00000000,0.00000000,0.00000000
1623616016.38713598,0.00000000,0.00000000,0.00000000,0.00000000
1623616016.48684287,0.00000000,0.00000000,0.00000000,0.00000000
1623616016.58619714,0.00000000,0.00000000,0.00000000,0.00000000
1623616016.68646097,0.00000000,0.00000000,0.00000000,0.00000000
1623616016.78678346,0.00000000,0.00000000,0.00000000,0.00000000
1623616016.88727045,0.00000000,0.00000000,0.00000000,0.00000000
1623616016.98768735,0.00000000,0.00000000,0.00000000,0.00000000
1623616017.08772063,0.00000000,0.00000000,0.00000000,0.00000000
1623616017.18765640,0.00000000,0.00000000,0.00000000,0.00000000
1623616017.28742290,0.00000000,0.00000000,0.00000000,0.00000000
1623616017.38794518,0.00000000,0.00000000,0.00000000,0.00000000
1623616017.48895812,0.00000000,0.00000000,0.00000000,0.00000000
1623616017.58978748,0.00000000,0.00000000,0.00000000,0.00000000
1623616017.68934178,0.00000000,0.00000000,0.00000000,0.00000000
1623616017.78917146,0.00000000,0.00000000,0.00000000,0.00000000
1623616017.88988566,0.00000000,0.00000000,0.00000000,0.00000000
1623616017.98968697,0.00000000,0.00000000,0.00000000,0.00000000
1623616018.08961916,0.00000000,0.00000000,0.00000000,0.00000000
1623616018.18938494,0.00000000,0.00000000,0.00000000,0.00000000
1623616018.29009604,0.00000000,0.00000000,0.00000000,0.00000000
1623616018.39029670,0.00000000,0.00000000,0.00000000,0.00000000
1623616018.49095082,0.00000000,0.00000000,0.00000000,0.00000000
1623616018.59063935,0.00000000,0.00000000,0.00000000,0.00000000
1623616018.69033504,0.00000000,0.00000000,0.00000000,0.00000000
1623616018.79094982,0.00000000,0.00000000,0.00000000,0.00000000
1623616018.89062834,0.00000000,0.00000000,0.00000000,0.00000000
1623616018.99111390,0.00000000,0.00000000,0.00000000,0.00000000
1623616019.09067249,0.00000000,0.00000000,0.00000000,0.00000000
1623616019.19077682,0.00000000,0.00000000,0.00000000,0.00000000
1623616019.29054618,0.00000000,0.00000000,0.00000000,0.00000000
1623616019.39012671,0.00000000,0.00000000,0.00000000,0.00000000
1623616019.49078321,0.00000000,0.00000000,0.00000000,0.00000000
1623616019.59051561,0.00000000,0.00000000,0.00000000,0.00000000
1623616019.69037318,0.00000000,0.00000000,0.00000000,0.00000000
1623616019.79002404,0.00000000,0.00000000,0.00000000,0.00000000
1623616019.89055896,0.00000000,0.00000000,0.00000000,0.00000000
1623616019.99047542,0.00000000,0.00000000,0.00000000,0.00000000
1623616020.09031081,0.00000000,0.00000000,0.00000000,0.00000000
1623616020.19076777,0.00000000,0.00000000,0.00000000,0.00000000
1623616020.29046416,0.00000000,0.00000000,0.00000000,0.00000000
1623616020.39018273,0.00000000,0.00000000,0.00000000,0.00000000
1623616020.49088120,0.00000000,0.00000000,0.00000000,0.00000000
1623616020.59053731,0.00000000,0.00000000,0.00000000,0.00000000
1623616020.69079638,0.00000000,0.00000000,0.00000000,0.00000000
1623616020.79050159,0.00000000,0.00000000,0.00000000,0.00000000
1623616020.89119673,0.00000000,0.00000000,0.00000000,0.00000000
1623616020.99190664,0.00000000,0.00000000,0.00000000,0.00000000
1623616021.09153390,0.00000000,0.00000000,0.00000000,0.00000000
1623616021.19198179,0.00000000,0.00000000,0.00000000,0.00000000
1623616021.29277229,0.00000000,0.00000000,0.00000000,0.00000000
1623616021.39304209,0.00000000,0.00000000,0.00000000,0.00000000
1623616021.49261522,0.00000000,0.00000000,0.00000000,0.00000000
1623616021.59233952,0.00000000,0.00000000,0.00000000,0.00000000
1623616021.69316435,0.00000000,0.00000000,0.00000000,0.00000000
1623616021.79390287,0.00000000,0.00000000,0.00000000,0.00000000
1623616021.89358544,0.00000000,0.00000000,0.00000000,0.00000000
1623616021.99303246,0.00000000,0.00000000,0.00000000,0.00000000
1623616022.09393024,0.00000000,0.00000000,0.00000000,0.00000000
1623616022.19366360,0.00000000,0.00000000,0.00000000,0.00000000
1623616022.29333329,0.00000000,0.00000000,0.00000000,0.00000000
1623616022.39403605,0.00000000,0.00000000,0.00000000,0.00000000
1623616022.49367714,0.00000000,0.00000000,0.00000000,0.00000000
1623616022.59426093,0.00000000,0.00000000,0.00000000,0.00000000
1623616022.69485879,0.00000000,0.00000000,0.00000000,0.00000000
1623616022.79421115,0.00000000,0.00000000,0.00000000,0.00000000
1623616022.89518785,0.00000000,0.00000000,0.00000000,0.00000000
1623616022.99577785,0.00000000,0.00000000,0.00000000,0.00000000
1623616023.09591150,0.00000000,0.00000000,0.00000000,0.00000000
1623616023.19616127,0.00000000,0.00000000,0.00000000,0.00000000
1623616023.29678488,0.00000000,0.00000000,0.00000000,0.00000000
1623616023.39638567,0.00000000,0.00000000,0.00000000,0.00000000
1623616023.49720073,0.00000000,0.00000000,0.00000000,0.00000000
1623616023.59777093,0.00000000,0.00000000,0.00000000,0.00000000
1623616023.69768357,0.00000000,0.00000000,0.00000000,0.00000000
1623616023.79726648,0.00000000,0.00000000,0.00000000,0.00000000
1623616023.89795423,0.00000000,0.00000000,0.00000000,0.00000000
1623616023.99762464,0.00000000,0.00000000,0.00000000,0.00000000
1623616024.09704590,0.00000000,0.00000000,0.00000000,0.00000000
1623616024.19770503,0.00000000,0.00000000,0.00000000,0.00000000
1623616024.29772925,0.00000000,0.00000000,0.00000000,0.00000000
1623616024.39756656,0.00000000,0.00000000,0.00000000,0.00000000
1623616024.49819088,0.00000000,0.00000000,0.00000000,0.00000000
1623616024.59884834,0.00000000,0.00000000,0.00000000,0.00000000
1623616024.69824171,0.00000000,0.00000000,0.00000000,0.00000000
1623616024.79898572,0.00000000,0.00000000,0.00000000,0.00000000
1623616024.89864349,0.00000000,0.00000000,0.00000000,0.00000000
1623616024.99832129,0.00000000,0.00000000,0.00000000,0.00000000
1623616025.09891582,0.00000000,0.00000000,0.00000000,0.00000000
1623616025.19886470,0.00000000,0.00000000,0.00000000,0.00000000
1623616025.29850078,0.00000000,0.00000000,0.00000000,0.00000000
1623616025.39884686,0.00000000,0.00000000,0.00000000,0.00000000
1623616025.49855924,0.00000000,0.00000000,0.00000000,0.00000000
1623616025.59907532,0.00000000,0.00000000,0.00000000,0.00000000
1623616025.69987631,0.00000000,0.00000000,0.00000000,0.00000000
1623616025.79947805,0.00000000,0.00000000,0.00000000,0.00000000
1623616025.89932132,0.00000000,0.00000000,0.00000000,0.00000000
1623616025.99951673,0.00000000,0.00000000,0.00000000,0.00000000
1623616026.19995618,0.00000000,0.00000000,0.00000000,0.00000000
1623616026.40011573,0.00000000,0.00000000,0.00000000,0.00000000
1623616026.60026097,0.00000000,0.00000000,0.00000000,0.00000000
1623616026.80053663,0.00000000,0.00000000,0.00000000,0.00000000
1623616027.00085187,0.00000000,0.00000000,0.00000000,0.00000000
1623616027.20106411,0.00000000,0.00000000,0.00000000,0.00000000
1623616027.40131855,0.00000000,0.00000000,0.00000000,0.00000000
1623616027.60171986,0.00000000,0.00000000,0.00000000,0.00000000
1623616027.80204940,0.00000000,0.00000000,0.00000000,0.00000000
1623616028.00238776,0.00000000,0.00000000,0.00000000,0.00000000
1623616028.20264030,0.00000000,0.00000000,0.00000000,0.00000000
1623616028.40288997,0.00000000,0.00000000,0.00000000,0.00000000
