Seconds,x,y,z,w
1623615963.52401352,0.00000000,0.00000000,0.00000000,0.00000000
1623615963.62400818,0.00000000,0.00000000,0.00000000,0.00000000
1623615963.72400331,0.00000000,0.00000000,0.00000000,0.00000000
1623615963.82401276,0.00000000,0.00000000,0.00000000,0.00000000
1623615963.92401218,0.00000000,0.00000000,0.00000000,0.00000000
1623615964.02400184,0.00000000,0.00000000,0.00000000,0.00000000
1623615964.12400341,0.00000000,0.00000000,0.00000000,0.00000000
1623615964.22400403,0.00000000,0.00000000,0.00000000,0.00000000
1623615964.32400751,0.00000000,0.00000000,0.00000000,0.00000000
1623615964.42400241,0.00000000,0.00000000,0.00000000,0.00000000
1623615964.52400351,0.00000000,0.00000000,0.00000000,0.00000000
1623615964.62400413,0.00000000,0.00000000,0.00000000,0.00000000
1623615964.72400475,0.00000000,0.00000000,0.00000000,0.00000000
1623615964.82397771,0.00000000,0.00000000,0.00000000,0.00000000
1623615964.92398095,0.00000000,0.00000000,0.00000000,0.00000000
1623615965.02400541,0.00000000,0.00000000,0.00000000,0.00000000
1623615965.12399769,0.00000000,0.00000000,0.00000000,0.00000000
1623615965.22399855,0.00000000,0.00000000,0.00000000,0.00000000
1623615965.32404542,0.00000000,0.00000000,0.00000000,0.00000000
1623615965.42400384,0.00000000,0.00000000,0.00000000,0.00000000
1623615965.52401161,0.00000000,0.00000000,0.00000000,0.00000000
1623615965.62400246,0.00000000,0.00000000,0.00000000,0.00000000
1623615965.72398973,0.00000000,0.00000000,0.00000000,0.00000000
1623615965.82404327,0.00000000,0.00000000,0.00000000,0.00000000
1623615965.92401099,0.00000000,0.00000000,0.00000000,0.00000000
1623615966.02403641,0.00000000,0.00000000,0.00000000,0.00000000
1623615966.12400365,0.00000000,0.00000000,0.00000000,0.00000000
1623615966.22400451,0.00000000,0.00000000,0.00000000,0.00000000
1623615966.32400298,0.00000000,0.00000000,0.00000000,0.00000000
1623615966.42400575,0.00000000,0.00000000,0.00000000,0.00000000
1623615966.52400827,0.00000000,0.00000000,0.00000000,0.00000000
1623615966.62402391,0.00000000,0.00000000,0.00000000,0.00000000
1623615966.72398186,0.00000000,0.00000000,0.00000000,0.00000000
1623615966.82400131,0.00000000,0.00000000,0.00000000,0.00000000
1623615966.92404246,0.00000000,0.00000000,0.00000000,0.00000000
1623615967.02401042,0.00000000,0.00000000,0.00000000,0.00000000
1623615967.12401366,0.00000000,0.00000000,0.00000000,0.00000000
1623615967.22399426,0.00000000,0.00000000,0.00000000,0.00000000
1623615967.32400513,0.00000000,0.00000000,0.00000000,0.00000000
1623615967.42400193,0.00000000,0.00000000,0.00000000,0.00000000
1623615967.52400994,0.00000000,0.00000000,0.00000000,0.00000000
1623615967.62402511,0.00000000,0.00000000,0.00000000,0.00000000
1623615967.72399998,0.00000000,0.00000000,0.00000000,0.00000000
1623615967.82400441,0.00000000,0.00000000,0.00000000,0.00000000
1623615967.92399955,0.00000000,0.00000000,0.00000000,0.00000000
1623615968.02404761,0.00000000,0.00000000,0.00000000,0.00000000
1623615968.12400389,0.00000000,0.00000000,0.00000000,0.00000000
1623615968.22404122,0.00000000,0.00000000,0.00000000,0.00000000
1623615968.32400751,0.00000000,0.00000000,0.00000000,0.00000000
1623615968.42399907,0.00000000,0.00000000,0.00000000,0.00000000
1623615968.52400160,0.00000000,0.00000000,0.00000000,0.00000000
1623615968.62400246,0.00000000,0.00000000,0.00000000,0.00000000
1623615968.72400308,0.00000000,0.00000000,0.00000000,0.00000000
1623615968.82399988,0.00000000,0.00000000,0.00000000,0.00000000
1623615968.92400718,0.00000000,0.00000000,0.00000000,0.00000000
1623615969.02404070,0.00000000,0.00000000,0.00000000,0.00000000
1623615969.12400126,0.00000000,0.00000000,0.00000000,0.00000000
1623615969.22403646,0.00000000,0.00000000,0.00000000,0.00000000
1623615969.32400250,0.00000000,0.00000000,0.00000000,0.00000000
1623615969.42407131,0.00000000,0.00000000,0.00000000,0.00000000
1623615969.52403474,0.00000000,0.00000000,0.00000000,0.00000000
1623615969.62405586,0.00000000,0.00000000,0.00000000,0.00000000
1623615969.72401810,0.00000000,0.00000000,0.00000000,0.00000000
1623615969.82400465,0.00000000,0.00000000,0.00000000,0.00000000
1623615969.92400146,0.00000000,0.00000000,0.00000000,0.00000000
1623615970.02400184,0.00000000,0.00000000,0.00000000,0.00000000
1623615970.12401009,0.00000000,0.00000000,0.00000000,0.00000000
1623615970.22401214,0.00000000,0.00000000,0.00000000,0.00000000
1623615970.32405210,0.00000000,0.00000000,0.00000000,0.00000000
1623615970.42401481,0.00000000,0.00000000,0.00000000,0.00000000
1623615970.52400780,0.00000000,0.00000000,0.00000000,0.00000000
1623615970.62400866,0.00000000,0.00000000,0.00000000,0.00000000
1623615970.72400737,0.00000000,0.00000000,0.00000000,0.00000000
1623615970.82398605,0.00000000,0.00000000,0.00000000,0.00000000
1623615970.92399883,0.00000000,0.00000000,0.00000000,0.00000000
1623615971.02404380,0.00000000,0.00000000,0.00000000,0.00000000
1623615971.12401009,0.00000000,0.00000000,0.00000000,0.00000000
1623615971.22400451,0.00000000,0.00000000,0.00000000,0.00000000
1623615971.32400179,0.00000000,0.00000000,0.00000000,0.00000000
1623615971.42406178,0.00000000,0.00000000,0.00000000,0.00000000
1623615971.52400780,0.00000000,0.00000000,0.00000000,0.00000000
1623615971.62400031,0.00000000,0.00000000,0.00000000,0.00000000
1623615971.72406888,0.00000000,0.00000000,0.00000000,0.00000000
1623615971.82399845,0.00000000,0.00000000,0.00000000,0.00000000
1623615971.92400455,0.00000000,0.00000000,0.00000000,0.00000000
1623615972.02401710,0.00000000,0.00000000,0.00000000,0.00000000
1623615972.12408137,0.00000000,0.00000000,0.00000000,0.00000000
1623615972.22399068,0.00000000,0.00000000,0.00000000,0.00000000
1623615972.32400155,0.00000000,0.00000000,0.00000000,0.00000000
1623615972.42400980,0.00000000,0.00000000,0.00000000,0.00000000
1623615972.52400947,0.00000000,0.00000000,0.00000000,0.00000000
1623615972.62400508,0.00000000,0.00000000,0.00000000,0.00000000
1623615972.72401309,0.00000000,0.00000000,0.00000000,0.00000000
1623615972.82401299,0.00000000,0.00000000,0.00000000,0.00000000
1623615972.92409372,0.00000000,0.00000000,0.00000000,0.00000000
1623615973.02398944,0.00000000,0.00000000,0.00000000,0.00000000
1623615973.12399030,0.00000000,0.00000000,0.00000000,0.00000000
1623615973.22398996,0.00000000,0.00000000,0.00000000,0.00000000
1623615973.32404089,0.00000000,0.00000000,0.00000000,0.00000000
1623615973.42400861,0.00000000,0.00000000,0.00000000,0.00000000
1623615973.52400231,0.00000000,0.00000000,0.00000000,0.00000000
1623615973.62400270,0.00000000,0.00000000,0.00000000,0.00000000
1623615973.72400236,0.00000000,0.00000000,0.00000000,0.00000000
1623615973.82401466,0.00000000,0.00000000,0.00000000,0.00000000
1623615973.92402625,0.00000000,0.00000000,0.00000000,0.00000000
1623615974.02404857,0.00000000,0.00000000,0.00000000,0.00000000
1623615974.12401509,0.00000000,0.00000000,0.00000000,0.00000000
1623615974.22401071,0.00000000,0.00000000,0.00000000,0.00000000
1623615974.32400322,0.00000000,0.00000000,0.00000000,0.00000000
1623615974.42399764,0.00000000,0.00000000,0.00000000,0.00000000
1623615974.52403641,0.00000000,0.00000000,0.00000000,0.00000000
1623615974.62400532,0.00000000,0.00000000,0.00000000,0.00000000
1623615974.72400808,0.00000000,0.00000000,0.00000000,0.00000000
1623615974.82401276,0.00000000,0.00000000,0.00000000,0.00000000
1623615974.92400908,0.00000000,0.00000000,0.00000000,0.00000000
1623615975.02401090,0.00000000,0.00000000,0.00000000,0.00000000
1623615975.12403297,0.00000000,0.00000000,0.00000000,0.00000000
1623615975.22403240,0.00000000,0.00000000,0.00000000,0.00000000
1623615975.32401133,0.00000000,0.00000000,0.00000000,0.00000000
1623615975.42399049,0.00000000,0.00000000,0.00000000,0.00000000
1623615975.52400088,0.00000000,0.00000000,0.00000000,0.00000000
1623615975.62400031,0.00000000,0.00000000,0.00000000,0.00000000
1623615975.72400856,0.00000000,0.00000000,0.00000000,0.00000000
1623615975.82404065,0.00000000,0.00000000,0.00000000,0.00000000
1623615975.92401481,0.00000000,0.00000000,0.00000000,0.00000000
1623615976.02400565,0.00000000,0.00000000,0.00000000,0.00000000
1623615976.12398767,0.00000000,0.00000000,0.00000000,0.00000000
1623615976.22398448,0.00000000,0.00000000,0.00000000,0.00000000
1623615976.32402039,0.00000000,0.00000000,0.00000000,0.00000000
1623615976.42400789,0.00000000,0.00000000,0.00000000,0.00000000
1623615976.52401829,0.00000000,0.00000000,0.00000000,0.00000000
1623615976.62404156,0.00000000,0.00000000,0.00000000,0.00000000
1623615976.72400880,0.00000000,0.00000000,0.00000000,0.00000000
1623615976.82400489,0.00000000,0.00000000,0.00000000,0.00000000
1623615976.92400789,0.00000000,0.00000000,0.00000000,0.00000000
1623615977.02400351,0.00000000,0.00000000,0.00000000,0.00000000
1623615977.12400246,0.00000000,0.00000000,0.00000000,0.00000000
1623615977.22403741,0.00000000,0.00000000,0.00000000,0.00000000
1623615977.32400537,0.00000000,0.00000000,0.00000000,0.00000000
1623615977.42400432,0.00000000,0.00000000,0.00000000,0.00000000
1623615977.52402735,0.00000000,0.00000000,0.00000000,0.00000000
1623615977.62400627,0.00000000,0.00000000,0.00000000,0.00000000
1623615977.72401953,0.00000000,0.00000000,0.00000000,0.00000000
1623615977.82400322,0.00000000,0.00000000,0.00000000,0.00000000
1623615977.92403913,0.00000000,0.00000000,0.00000000,0.00000000
1623615978.02400303,0.00000000,0.00000000,0.00000000,0.00000000
1623615978.12400579,0.00000000,0.00000000,0.00000000,0.00000000
1623615978.22400284,0.00000000,0.00000000,0.00000000,0.00000000
1623615978.32400084,0.00000000,0.00000000,0.00000000,0.00000000
1623615978.42401028,0.00000000,0.00000000,0.00000000,0.00000000
1623615978.52401185,0.00000000,0.00000000,0.00000000,0.00000000
1623615978.62400889,0.00000000,0.00000000,0.00000000,0.00000000
1623615978.72400618,0.00000000,0.00000000,0.00000000,0.00000000
1623615978.82401037,0.00000000,0.00000000,0.00000000,0.00000000
1623615978.92400551,0.00000000,0.00000000,0.00000000,0.00000000
1623615979.02400374,0.00000000,0.00000000,0.00000000,0.00000000
1623615979.12401581,0.00000000,0.00000000,0.00000000,0.00000000
1623615979.22401261,0.00000000,0.00000000,0.00000000,0.00000000
1623615979.32399893,0.00000000,0.00000000,0.00000000,0.00000000
1623615979.42398977,0.00000000,0.00000000,0.00000000,0.00000000
1623615979.52399874,0.00000000,0.00000000,0.00000000,0.00000000
1623615979.62401271,0.00000000,0.00000000,0.00000000,0.00000000
1623615979.72402620,0.00000000,0.00000000,0.00000000,0.00000000
1623615979.82400346,0.00000000,0.00000000,0.00000000,0.00000000
1623615979.92404938,0.00000000,0.00000000,0.00000000,0.00000000
1623615980.02405715,0.00000000,0.00000000,0.00000000,0.00000000
1623615980.12401509,0.00000000,0.00000000,0.00000000,0.00000000
1623615980.22401071,0.00000000,0.00000000,0.00000000,0.00000000
1623615980.32400370,0.00000000,0.00000000,0.00000000,0.00000000
1623615980.42400312,0.00000000,0.00000000,0.00000000,0.00000000
1623615980.52400494,0.00000000,0.00000000,0.00000000,0.00000000
1623615980.62400365,0.00000000,0.00000000,0.00000000,0.00000000
1623615980.72400618,0.00000000,0.00000000,0.00000000,0.00000000
1623615980.82401443,0.00000000,0.00000000,0.00000000,0.00000000
1623615980.92400765,0.00000000,0.00000000,0.00000000,0.00000000
1623615981.02399945,0.00000000,0.00000000,0.00000000,0.00000000
1623615981.12399721,0.00000000,0.00000000,0.00000000,0.00000000
1623615981.22399902,0.00000000,0.00000000,0.00000000,0.00000000
1623615981.32399893,0.00000000,0.00000000,0.00000000,0.00000000
1623615981.42399907,0.00000000,0.00000000,0.00000000,0.00000000
1623615981.52399850,0.00000000,0.00000000,0.00000000,0.00000000
1623615981.62400889,0.00000000,0.00000000,0.00000000,0.00000000
1623615981.72401023,0.00000000,0.00000000,0.00000000,0.00000000
1623615981.82400084,0.00000000,0.00000000,0.00000000,0.00000000
1623615981.92400408,0.00000000,0.00000000,0.00000000,0.00000000
1623615982.02404594,0.00000000,0.00000000,0.00000000,0.00000000
1623615982.12403250,0.00000000,0.00000000,0.00000000,0.00000000
1623615982.22400451,0.00000000,0.00000000,0.00000000,0.00000000
1623615982.32400584,0.00000000,0.00000000,0.00000000,0.00000000
1623615982.42400742,0.00000000,0.00000000,0.00000000,0.00000000
1623615982.52400661,0.00000000,0.00000000,0.00000000,0.00000000
1623615982.62401462,0.00000000,0.00000000,0.00000000,0.00000000
1623615982.72400236,0.00000000,0.00000000,0.00000000,0.00000000
1623615982.82412195,0.00000000,0.00000000,0.00000000,0.00000000
1623615982.92400432,0.00000000,0.00000000,0.00000000,0.00000000
1623615983.02400398,0.00000000,0.00000000,0.00000000,0.00000000
1623615983.12406540,0.00000000,0.00000000,0.00000000,0.00000000
1623615983.22402310,0.00000000,0.00000000,0.00000000,0.00000000
1623615983.32401466,0.00000000,0.00000000,0.00000000,0.00000000
1623615983.42404699,0.00000000,0.00000000,0.00000000,0.00000000
1623615983.52403855,0.00000000,0.00000000,0.00000000,0.00000000
1623615983.62401628,0.00000000,0.00000000,0.00000000,0.00000000
1623615983.72399950,0.00000000,0.00000000,0.00000000,0.00000000
1623615983.82398939,0.00000000,0.00000000,0.00000000,0.00000000
1623615983.92399955,0.00000000,0.00000000,0.00000000,0.00000000
1623615984.02399898,0.00000000,0.00000000,0.00000000,0.00000000
1623615984.12401581,0.00000000,0.00000000,0.00000000,0.00000000
1623615984.22400856,0.00000000,0.00000000,0.00000000,0.00000000
1623615984.32400393,0.00000000,0.00000000,0.00000000,0.00000000
1623615984.42400551,0.00000000,0.00000000,0.00000000,0.00000000
1623615984.52400470,0.00000000,0.00000000,0.00000000,0.00000000
1623615984.62401152,0.00000000,0.00000000,0.00000000,0.00000000
1623615984.72403002,0.00000000,0.00000000,0.00000000,0.00000000
1623615984.82403088,0.00000000,0.00000000,0.00000000,0.00000000
1623615984.92401767,0.00000000,0.00000000,0.00000000,0.00000000
1623615985.02399850,0.00000000,0.00000000,0.00000000,0.00000000
1623615985.12402487,0.00000000,0.00000000,0.00000000,0.00000000
1623615985.22401142,0.00000000,0.00000000,0.00000000,0.00000000
1623615985.32400274,0.00000000,0.00000000,0.00000000,0.00000000
1623615985.42405701,0.00000000,0.00000000,0.00000000,0.00000000
1623615985.52400923,0.00000000,0.00000000,0.00000000,0.00000000
1623615985.62400746,0.00000000,0.00000000,0.00000000,0.00000000
1623615985.72400999,0.00000000,0.00000000,0.00000000,0.00000000
1623615985.82400370,0.00000000,0.00000000,0.00000000,0.00000000
1623615985.92401099,0.00000000,0.00000000,0.00000000,0.00000000
1623615986.02400064,0.00000000,0.00000000,0.00000000,0.00000000
1623615986.12404203,0.00000000,0.00000000,0.00000000,0.00000000
1623615986.22406363,0.00000000,0.00000000,0.00000000,0.00000000
1623615986.32401180,0.00000000,0.00000000,0.00000000,0.00000000
1623615986.42401338,0.00000000,0.00000000,0.00000000,0.00000000
1623615986.52403045,0.00000000,0.00000000,0.00000000,0.00000000
1623615986.62400246,0.00000000,0.00000000,0.00000000,0.00000000
1623615986.72402143,0.00000000,0.00000000,0.00000000,0.00000000
1623615986.82404327,0.00000000,0.00000000,0.00000000,0.00000000
1623615986.92399836,0.00000000,0.00000000,0.00000000,0.00000000
1623615987.02404189,0.00000000,0.00000000,0.00000000,0.00000000
1623615987.12402081,0.00000000,0.00000000,0.00000000,0.00000000
1623615987.22399783,0.00000000,0.00000000,0.00000000,0.00000000
1623615987.32403994,0.00000000,0.00000000,0.00000000,0.00000000
1623615987.42400241,0.00000000,0.00000000,0.00000000,0.00000000
1623615987.52399969,0.00000000,0.00000000,0.00000000,0.00000000
1623615987.62404275,0.00000000,0.00000000,0.00000000,0.00000000
1623615987.72400928,0.00000000,0.00000000,0.00000000,0.00000000
1623615987.82400680,0.00000000,0.00000000,0.00000000,0.00000000
1623615987.92404342,0.00000000,0.00000000,0.00000000,0.00000000
1623615988.02404547,0.00000000,0.00000000,0.00000000,0.00000000
1623615988.12402892,0.00000000,0.00000000,0.00000000,0.00000000
1623615988.22402048,0.00000000,0.00000000,0.00000000,0.00000000
1623615988.32400727,0.00000000,0.00000000,0.00000000,0.00000000
1623615988.42401242,0.00000000,0.00000000,0.00000000,0.00000000
1623615988.52400899,0.00000000,0.00000000,0.00000000,0.00000000
1623615988.62400484,0.00000000,0.00000000,0.00000000,0.00000000
1623615988.72400808,0.00000000,0.00000000,0.00000000,0.00000000
1623615988.82404327,0.00000000,0.00000000,0.00000000,0.00000000
1623615988.92400599,0.00000000,0.00000000,0.00000000,0.00000000
1623615989.02400708,0.00000000,0.00000000,0.00000000,0.00000000
1623615989.12404227,0.00000000,0.00000000,0.00000000,0.00000000
1623615989.22404456,0.00000000,0.00000000,0.00000000,0.00000000
1623615989.32402778,0.00000000,0.00000000,0.00000000,0.00000000
1623615989.42400956,0.00000000,0.00000000,0.00000000,0.00000000
1623615989.52401900,0.00000000,0.00000000,0.00000000,0.00000000
1623615989.62400341,0.00000000,0.00000000,0.00000000,0.00000000
1623615989.72402859,0.00000000,0.00000000,0.00000000,0.00000000
1623615989.82401180,0.00000000,0.00000000,0.00000000,0.00000000
1623615989.92401266,0.00000000,0.00000000,0.00000000,0.00000000
1623615990.02400041,0.00000000,0.00000000,0.00000000,0.00000000
1623615990.12400460,0.00000000,0.00000000,0.00000000,0.00000000
1623615990.22402573,0.00000000,0.00000000,0.00000000,0.00000000
1623615990.32400775,0.00000000,0.00000000,0.00000000,0.00000000
1623615990.42401409,0.00000000,0.00000000,0.00000000,0.00000000
1623615990.52403164,0.00000000,0.00000000,0.00000000,0.00000000
1623615990.62399912,0.00000000,0.00000000,0.00000000,0.00000000
1623615990.72400236,0.00000000,0.00000000,0.00000000,0.00000000
1623615990.82402396,0.00000000,0.00000000,0.00000000,0.00000000
1623615990.92400646,0.00000000,0.00000000,0.00000000,0.00000000
1623615991.02399755,0.00000000,0.00000000,0.00000000,0.00000000
1623615991.12400222,0.00000000,0.00000000,0.00000000,0.00000000
1623615991.22403550,0.00000000,0.00000000,0.00000000,0.00000000
1623615991.32400203,0.00000000,0.00000000,0.00000000,0.00000000
1623615991.42401886,0.00000000,0.00000000,0.00000000,0.00000000
1623615991.52400398,0.00000000,0.00000000,0.00000000,0.00000000
1623615991.62400174,0.00000000,0.00000000,0.00000000,0.00000000
1623615991.72400260,0.00000000,0.00000000,0.00000000,0.00000000
1623615991.82401896,0.00000000,0.00000000,0.00000000,0.00000000
1623615991.92401099,0.00000000,0.00000000,0.00000000,0.00000000
1623615992.02401638,0.00000000,0.00000000,0.00000000,0.00000000
1623615992.12401438,0.00000000,0.00000000,0.00000000,0.00000000
1623615992.22404981,0.00000000,0.00000000,0.00000000,0.00000000
1623615992.32405090,0.00000000,0.00000000,0.00000000,0.00000000
1623615992.42403340,0.00000000,0.00000000,0.00000000,0.00000000
1623615992.52400875,0.00000000,0.00000000,0.00000000,0.00000000
1623615992.62400293,0.00000000,0.00000000,0.00000000,0.00000000
1623615992.72400737,0.00000000,0.00000000,0.00000000,0.00000000
1623615992.82400870,0.00000000,0.00000000,0.00000000,0.00000000
1623615992.92399955,0.00000000,0.00000000,0.00000000,0.00000000
1623615993.02400756,0.00000000,0.00000000,0.00000000,0.00000000
1623615993.12400174,0.00000000,0.00000000,0.00000000,0.00000000
1623615993.22400308,0.00000000,0.00000000,0.00000000,0.00000000
1623615993.32400060,0.00000000,0.00000000,0.00000000,0.00000000
1623615993.42400527,0.00000000,0.00000000,0.00000000,0.00000000
1623615993.52399969,0.00000000,0.00000000,0.00000000,0.00000000
1623615993.62404346,0.00000000,0.00000000,0.00000000,0.00000000
1623615993.72405219,0.00000000,0.00000000,0.00000000,0.00000000
1623615993.82401323,0.00000000,0.00000000,0.00000000,0.00000000
1623615993.92400193,0.00000000,0.00000000,0.00000000,0.00000000
1623615994.02400517,0.00000000,0.00000000,0.00000000,0.00000000
1623615994.12401152,0.00000000,0.00000000,0.00000000,0.00000000
1623615994.22400475,0.00000000,0.00000000,0.00000000,0.00000000
1623615994.32401228,0.00000000,0.00000000,0.00000000,0.00000000
1623615994.42401481,0.00000000,0.00000000,0.00000000,0.00000000
1623615994.52403402,0.00000000,0.00000000,0.00000000,0.00000000
1623615994.62400699,0.00000000,0.00000000,0.00000000,0.00000000
1623615994.72399902,0.00000000,0.00000000,0.00000000,0.00000000
1623615994.82403183,0.00000000,0.00000000,0.00000000,0.00000000
1623615994.92400169,0.00000000,0.00000000,0.00000000,0.00000000
1623615995.02401066,0.00000000,0.00000000,0.00000000,0.00000000
1623615995.12400937,0.00000000,0.00000000,0.00000000,0.00000000
1623615995.22401977,0.00000000,0.00000000,0.00000000,0.00000000
1623615995.32399940,0.00000000,0.00000000,0.00000000,0.00000000
1623615995.42404795,0.00000000,0.00000000,0.00000000,0.00000000
1623615995.52399993,0.00000000,0.00000000,0.00000000,0.00000000
1623615995.62399793,0.00000000,0.00000000,0.00000000,0.00000000
1623615995.72400141,0.00000000,0.00000000,0.00000000,0.00000000
1623615995.82400227,0.00000000,0.00000000,0.00000000,0.00000000
1623615995.92400789,0.00000000,0.00000000,0.00000000,0.00000000
1623615996.02401090,0.00000000,0.00000000,0.00000000,0.00000000
1623615996.12400913,0.00000000,0.00000000,0.00000000,0.00000000
1623615996.22401476,0.00000000,0.00000000,0.00000000,0.00000000
1623615996.32400322,0.00000000,0.00000000,0.00000000,0.00000000
1623615996.42399931,0.00000000,0.00000000,0.00000000,0.00000000
1623615996.52401900,0.00000000,0.00000000,0.00000000,0.00000000
1623615996.62400413,0.00000000,0.00000000,0.00000000,0.00000000
1623615996.72400331,0.00000000,0.00000000,0.00000000,0.00000000
1623615996.82400346,0.00000000,0.00000000,0.00000000,0.00000000
1623615996.92404723,0.00000000,0.00000000,0.00000000,0.00000000
1623615997.02400780,0.00000000,0.00000000,0.00000000,0.00000000
1623615997.12401795,0.00000000,0.00000000,0.00000000,0.00000000
1623615997.22400951,0.00000000,0.00000000,0.00000000,0.00000000
1623615997.32402802,0.00000000,0.00000000,0.00000000,0.00000000
1623615997.42400026,0.00000000,0.00000000,0.00000000,0.00000000
1623615997.52401280,0.00000000,0.00000000,0.00000000,0.00000000
1623615997.62404680,0.00000000,0.00000000,0.00000000,0.00000000
1623615997.72404838,0.00000000,0.00000000,0.00000000,0.00000000
1623615997.82399821,0.00000000,0.00000000,0.00000000,0.00000000
1623615997.92399955,0.00000000,0.00000000,0.00000000,0.00000000
1623615998.02400899,0.00000000,0.00000000,0.00000000,0.00000000
1623615998.12401128,0.00000000,0.00000000,0.00000000,0.00000000
1623615998.22403312,0.00000000,0.00000000,0.00000000,0.00000000
1623615998.32401896,0.00000000,0.00000000,0.00000000,0.00000000
1623615998.42404342,0.00000000,0.00000000,0.00000000,0.00000000
1623615998.52400732,0.00000000,0.00000000,0.00000000,0.00000000
1623615998.62400603,0.00000000,0.00000000,0.00000000,0.00000000
1623615998.72400594,0.00000000,0.00000000,0.00000000,0.00000000
1623615998.82400823,0.00000000,0.00000000,0.00000000,0.00000000
1623615998.92404771,0.00000000,0.00000000,0.00000000,0.00000000
1623615999.02401042,0.00000000,0.00000000,0.00000000,0.00000000
1623615999.12400985,0.00000000,0.00000000,0.00000000,0.00000000
1623615999.22400403,0.00000000,0.00000000,0.00000000,0.00000000
1623615999.32402372,0.00000000,0.00000000,0.00000000,0.00000000
1623615999.42402077,0.00000000,0.00000000,0.00000000,0.00000000
1623615999.52399826,0.00000000,0.00000000,0.00000000,0.00000000
1623615999.62404180,0.00000000,0.00000000,0.00000000,0.00000000
1623615999.72400331,0.00000000,0.00000000,0.00000000,0.00000000
1623615999.82399726,0.00000000,0.00000000,0.00000000,0.00000000
1623615999.92399907,0.00000000,0.00000000,0.00000000,0.00000000
1623616000.02401304,0.00000000,0.00000000,0.00000000,0.00000000
1623616000.12404728,0.00000000,0.00000000,0.00000000,0.00000000
1623616000.22404170,0.00000000,0.00000000,0.00000000,0.00000000
1623616000.32403708,0.00000000,0.00000000,0.00000000,0.00000000
1623616000.42400432,0.00000000,0.00000000,0.00000000,0.00000000
1623616000.52400255,0.00000000,0.00000000,0.00000000,0.00000000
1623616000.62400293,0.00000000,0.00000000,0.00000000,0.00000000
1623616000.72401309,0.00000000,0.00000000,0.00000000,0.00000000
1623616000.82400274,0.00000000,0.00000000,0.00000000,0.00000000
1623616000.92398238,0.00000000,0.00000000,0.00000000,0.00000000
1623616001.02400541,0.00000000,0.00000000,0.00000000,0.00000000
1623616001.12401557,0.00000000,0.00000000,0.00000000,0.00000000
1623616001.22400975,0.00000000,0.00000000,0.00000000,0.00000000
1623616001.32400894,0.00000000,0.00000000,0.00000000,0.00000000
1623616001.42400932,0.00000000,0.00000000,0.00000000,0.00000000
1623616001.52401018,0.00000000,0.00000000,0.00000000,0.00000000
1623616001.62400937,0.00000000,0.00000000,0.00000000,0.00000000
1623616001.72401500,0.00000000,0.00000000,0.00000000,0.00000000
1623616001.82401109,0.00000000,0.00000000,0.00000000,0.00000000
1623616001.92402005,0.00000000,0.00000000,0.00000000,0.00000000
1623616002.02401185,0.00000000,0.00000000,0.00000000,0.00000000
1623616002.12402558,0.00000000,0.00000000,0.00000000,0.00000000
1623616002.22402954,0.00000000,0.00000000,0.00000000,0.00000000
1623616002.32400966,0.00000000,0.00000000,0.00000000,0.00000000
1623616002.42399979,0.00000000,0.00000000,0.00000000,0.00000000
1623616002.52402472,0.00000000,0.00000000,0.00000000,0.00000000
1623616002.62400246,0.00000000,0.00000000,0.00000000,0.00000000
1623616002.72400260,0.00000000,0.00000000,0.00000000,0.00000000
1623616002.82400250,0.00000000,0.00000000,0.00000000,0.00000000
1623616002.92400455,0.00000000,0.00000000,0.00000000,0.00000000
1623616003.02404499,0.00000000,0.00000000,0.00000000,0.00000000
1623616003.12402725,0.00000000,0.00000000,0.00000000,0.00000000
1623616003.22403359,0.00000000,0.00000000,0.00000000,0.00000000
1623616003.32400107,0.00000000,0.00000000,0.00000000,0.00000000
1623616003.42403054,0.00000000,0.00000000,0.00000000,0.00000000
1623616003.52399874,0.00000000,0.00000000,0.00000000,0.00000000
1623616003.62400746,0.00000000,0.00000000,0.00000000,0.00000000
1623616003.72400212,0.00000000,0.00000000,0.00000000,0.00000000
1623616003.82404208,0.00000000,0.00000000,0.00000000,0.00000000
1623616003.92400503,0.00000000,0.00000000,0.00000000,0.00000000
1623616004.02403879,0.00000000,0.00000000,0.00000000,0.00000000
1623616004.12400866,0.00000000,0.00000000,0.00000000,0.00000000
1623616004.22400665,0.00000000,0.00000000,0.00000000,0.00000000
1623616004.32404447,0.00000000,0.00000000,0.00000000,0.00000000
1623616004.42400098,0.00000000,0.00000000,0.00000000,0.00000000
1623616004.52402067,0.00000000,0.00000000,0.00000000,0.00000000
1623616004.62400126,0.00000000,0.00000000,0.00000000,0.00000000
1623616004.72400308,0.00000000,0.00000000,0.00000000,0.00000000
1623616004.82405114,0.00000000,0.00000000,0.00000000,0.00000000
1623616004.92400336,0.00000000,0.00000000,0.00000000,0.00000000
1623616005.02398610,0.00000000,0.00000000,0.00000000,0.00000000
1623616005.12399793,0.00000000,0.00000000,0.00000000,0.00000000
1623616005.22399974,0.00000000,0.00000000,0.00000000,0.00000000
1623616005.32400155,0.00000000,0.00000000,0.00000000,0.00000000
1623616005.42405677,0.00000000,0.00000000,0.00000000,0.00000000
1623616005.52401614,0.00000000,0.00000000,0.00000000,0.00000000
1623616005.62401485,0.00000000,0.00000000,0.00000000,0.00000000
1623616005.72402072,0.00000000,0.00000000,0.00000000,0.00000000
1623616005.82404113,0.00000000,0.00000000,0.00000000,0.00000000
1623616005.92400646,0.00000000,0.00000000,0.00000000,0.00000000
1623616006.02404070,0.00000000,0.00000000,0.00000000,0.00000000
1623616006.12400103,0.00000000,0.00000000,0.00000000,0.00000000
1623616006.22400022,0.00000000,0.00000000,0.00000000,0.00000000
1623616006.32404590,0.00000000,0.00000000,0.00000000,0.00000000
1623616006.42401099,0.00000000,0.00000000,0.00000000,0.00000000
1623616006.52401066,0.00000000,0.00000000,0.00000000,0.00000000
1623616006.62400699,0.00000000,0.00000000,0.00000000,0.00000000
1623616006.72400498,0.00000000,0.00000000,0.00000000,0.00000000
1623616006.82402277,0.00000000,0.00000000,0.00000000,0.00000000
1623616006.92400146,0.00000000,0.00000000,0.00000000,0.00000000
1623616007.02403998,0.00000000,0.00000000,0.00000000,0.00000000
1623616007.12404585,0.00000000,0.00000000,0.00000000,0.00000000
1623616007.22399950,0.00000000,0.00000000,0.00000000,0.00000000
1623616007.32400823,0.00000000,0.00000000,0.00000000,0.00000000
1623616007.42400646,0.00000000,0.00000000,0.00000000,0.00000000
1623616007.52400613,0.00000000,0.00000000,0.00000000,0.00000000
1623616007.62399864,0.00000000,0.00000000,0.00000000,0.00000000
1623616007.72400713,0.00000000,0.00000000,0.00000000,0.00000000
1623616007.82400393,0.00000000,0.00000000,0.00000000,0.00000000
1623616007.92400312,0.00000000,0.00000000,0.00000000,0.00000000
1623616008.02400756,0.00000000,0.00000000,0.00000000,0.00000000
1623616008.12399840,0.00000000,0.00000000,0.00000000,0.00000000
1623616008.22400331,0.00000000,0.00000000,0.00000000,0.00000000
1623616008.32400155,0.00000000,0.00000000,0.00000000,0.00000000
1623616008.42400527,0.00000000,0.00000000,0.00000000,0.00000000
1623616008.52399921,0.00000000,0.00000000,0.00000000,0.00000000
1623616008.62399817,0.00000000,0.00000000,0.00000000,0.00000000
1623616008.72400379,0.00000000,0.00000000,0.00000000,0.00000000
1623616008.82399988,0.00000000,0.00000000,0.00000000,0.00000000
1623616008.92401075,0.00000000,0.00000000,0.00000000,0.00000000
1623616009.02400017,0.00000000,0.00000000,0.00000000,0.00000000
1623616009.12400627,0.00000000,0.00000000,0.00000000,0.00000000
1623616009.22400331,0.00000000,0.00000000,0.00000000,0.00000000
1623616009.32400799,0.00000000,0.00000000,0.00000000,0.00000000
1623616009.42400908,0.00000000,0.00000000,0.00000000,0.00000000
1623616009.52400732,0.00000000,0.00000000,0.00000000,0.00000000
1623616009.62400222,0.00000000,0.00000000,0.00000000,0.00000000
1623616009.72400570,0.00000000,0.00000000,0.00000000,0.00000000
1623616009.82400894,0.00000000,0.00000000,0.00000000,0.00000000
1623616009.92401004,0.00000000,0.00000000,0.00000000,0.00000000
1623616010.02398825,0.00000000,0.00000000,0.00000000,0.00000000
1623616010.12400126,0.00000000,0.00000000,0.00000000,0.00000000
1623616010.22401071,0.00000000,0.00000000,0.00000000,0.00000000
1623616010.32400966,0.00000000,0.00000000,0.00000000,0.00000000
1623616010.42401218,0.00000000,0.00000000,0.00000000,0.00000000
1623616010.52401495,0.00000000,0.00000000,0.00000000,0.00000000
1623616010.62404132,0.00000000,0.00000000,0.00000000,0.00000000
1623616010.72399926,0.00000000,0.00000000,0.00000000,0.00000000
1623616010.82400417,0.00000000,0.00000000,0.00000000,0.00000000
1623616010.92399931,0.00000000,0.00000000,0.00000000,0.00000000
1623616011.02399826,0.00000000,0.00000000,0.00000000,0.00000000
1623616011.12399864,0.00000000,0.00000000,0.00000000,0.00000000
1623616011.22400022,0.00000000,0.00000000,0.00000000,0.00000000
1623616011.32401896,0.00000000,0.00000000,0.00000000,0.00000000
1623616011.42401838,0.00000000,0.00000000,0.00000000,0.00000000
1623616011.52400875,0.00000000,0.00000000,0.00000000,0.00000000
1623616011.62401009,0.00000000,0.00000000,0.00000000,0.00000000
1623616011.72401237,0.00000000,0.00000000,0.00000000,0.00000000
1623616011.82400131,0.00000000,0.00000000,0.00000000,0.00000000
1623616011.92399716,0.00000000,0.00000000,0.00000000,0.00000000
1623616012.02404618,0.00000000,0.00000000,0.00000000,0.00000000
1623616012.12401676,0.00000000,0.00000000,0.00000000,0.00000000
1623616012.22400141,0.00000000,0.00000000,0.00000000,0.00000000
1623616012.32400012,0.00000000,0.00000000,0.00000000,0.00000000
1623616012.42398238,0.00000000,0.00000000,0.00000000,0.00000000
1623616012.52398109,0.00000000,0.00000000,0.00000000,0.00000000
1623616012.62397861,0.00000000,0.00000000,0.00000000,0.00000000
1623616012.72398448,0.00000000,0.00000000,0.00000000,0.00000000
1623616012.82398129,0.00000000,0.00000000,0.00000000,0.00000000
1623616012.92397881,0.00000000,0.00000000,0.00000000,0.00000000
1623616013.02400517,0.00000000,0.00000000,0.00000000,0.00000000
1623616013.12401223,0.00000000,0.00000000,0.00000000,0.00000000
1623616013.22399569,0.00000000,0.00000000,0.00000000,0.00000000
1623616013.32398009,0.00000000,0.00000000,0.00000000,0.00000000
1623616013.42408681,0.00000000,0.00000000,0.00000000,0.00000000
1623616013.52398181,0.00000000,0.00000000,0.00000000,0.00000000
1623616013.62401295,0.00000000,0.00000000,0.00000000,0.00000000
1623616013.72400618,0.00000000,0.00000000,0.00000000,0.00000000
1623616013.82400966,0.00000000,0.00000000,0.00000000,0.00000000
1623616013.92397881,0.00000000,0.00000000,0.00000000,0.00000000
1623616014.02398872,0.00000000,0.00000000,0.00000000,0.00000000
1623616014.12399077,0.00000000,0.00000000,0.00000000,0.00000000
1623616014.22398353,0.00000000,0.00000000,0.00000000,0.00000000
1623616014.32400012,0.00000000,0.00000000,0.00000000,0.00000000
1623616014.42399549,0.00000000,0.00000000,0.00000000,0.00000000
1623616014.52400088,0.00000000,0.00000000,0.00000000,0.00000000
1623616014.62399745,0.00000000,0.00000000,0.00000000,0.00000000
1623616014.72413969,0.00000000,0.00000000,0.00000000,0.00000000
1623616014.82401490,0.00000000,0.00000000,0.00000000,0.00000000
1623616014.92398500,0.00000000,0.00000000,0.00000000,0.00000000
1623616015.02402353,0.00000000,0.00000000,0.00000000,0.00000000
1623616015.12400770,0.00000000,0.00000000,0.00000000,0.00000000
1623616015.22405744,0.00000000,0.00000000,0.00000000,0.00000000
1623616015.32401276,0.00000000,0.00000000,0.00000000,0.00000000
1623616015.42399573,0.00000000,0.00000000,0.00000000,0.00000000
1623616015.52407217,0.00000000,0.00000000,0.00000000,0.00000000
1623616015.62400961,0.00000000,0.00000000,0.00000000,0.00000000
1623616015.72400665,0.00000000,0.00000000,0.00000000,0.00000000
1623616015.82397866,0.00000000,0.00000000,0.00000000,0.00000000
1623616015.92400932,0.00000000,0.00000000,0.00000000,0.00000000
1623616016.02405930,0.00000000,0.00000000,0.00000000,0.00000000
1623616016.12398529,0.00000000,0.00000000,0.00000000,0.00000000
1623616016.22400618,0.00000000,0.00000000,0.00000000,0.00000000
1623616016.32400608,0.00000000,0.00000000,0.00000000,0.00000000
1623616016.42405486,0.00000000,0.00000000,0.00000000,0.00000000
1623616016.52402425,0.00000000,0.00000000,0.00000000,0.00000000
1623616016.62399960,0.00000000,0.00000000,0.00000000,0.00000000
1623616016.72400284,0.00000000,0.00000000,0.00000000,0.00000000
1623616016.82401109,0.00000000,0.00000000,0.00000000,0.00000000
1623616016.92404819,0.00000000,0.00000000,0.00000000,0.00000000
1623616017.02399039,0.00000000,0.00000000,0.00000000,0.00000000
1623616017.12401748,0.00000000,0.00000000,0.00000000,0.00000000
1623616017.22400308,0.00000000,0.00000000,0.00000000,0.00000000
1623616017.32402396,0.00000000,0.00000000,0.00000000,0.00000000
1623616017.42401218,0.00000000,0.00000000,0.00000000,0.00000000
1623616017.52402806,0.00000000,0.00000000,0.00000000,0.00000000
1623616017.62400246,0.00000000,0.00000000,0.00000000,0.00000000
1623616017.72401261,0.00000000,0.00000000,0.00000000,0.00000000
1623616017.82399225,0.00000000,0.00000000,0.00000000,0.00000000
1623616017.92402387,0.00000000,0.00000000,0.00000000,0.00000000
1623616018.02402854,0.00000000,0.00000000,0.00000000,0.00000000
1623616018.12402844,0.00000000,0.00000000,0.00000000,0.00000000
1623616018.22401166,0.00000000,0.00000000,0.00000000,0.00000000
1623616018.32401657,0.00000000,0.00000000,0.00000000,0.00000000
1623616018.42404389,0.00000000,0.00000000,0.00000000,0.00000000
1623616018.52399492,0.00000000,0.00000000,0.00000000,0.00000000
1623616018.62400270,0.00000000,0.00000000,0.00000000,0.00000000
1623616018.72399974,0.00000000,0.00000000,0.00000000,0.00000000
1623616018.82400775,0.00000000,0.00000000,0.00000000,0.00000000
1623616018.92399931,0.00000000,0.00000000,0.00000000,0.00000000
1623616019.02405167,0.00000000,0.00000000,0.00000000,0.00000000
1623616019.12404966,0.00000000,0.00000000,0.00000000,0.00000000
1623616019.22401690,0.00000000,0.00000000,0.00000000,0.00000000
1623616019.32399678,0.00000000,0.00000000,0.00000000,0.00000000
1623616019.42398715,0.00000000,0.00000000,0.00000000,0.00000000
1623616019.52408671,0.00000000,0.00000000,0.00000000,0.00000000
1623616019.62400031,0.00000000,0.00000000,0.00000000,0.00000000
1623616019.72398567,0.00000000,0.00000000,0.00000000,0.00000000
1623616019.82398033,0.00000000,0.00000000,0.00000000,0.00000000
1623616019.92406011,0.00000000,0.00000000,0.00000000,0.00000000
1623616020.02399826,0.00000000,0.00000000,0.00000000,0.00000000
