Seconds,ChildArea,Child Observation Distance,Robot bounds proximity
1623615956.81974959,0,0.00000000,0.00000000
1623615956.91983581,0,0.00000000,0.00000000
1623615957.01979446,0,0.00000000,0.00000000
1623615957.11983418,0,0.00000000,0.00000000
1623615957.21978998,0,0.00000000,0.00000000
1623615957.31969714,0,0.00000000,0.00000000
1623615957.41973495,0,0.00000000,0.00000000
1623615957.51976609,0,0.00000000,0.00000000
1623615957.61978674,0,0.00000000,0.00000000
1623615957.71979761,0,0.00000000,0.00000000
1623615957.81978750,0,0.00000000,0.00000000
1623615957.91982460,0,0.00000000,0.00000000
1623615958.01977825,0,0.00000000,0.00000000
1623615958.11982965,0,0.00000000,0.00000000
1623615958.21981764,0,0.00000000,0.00000000
1623615958.31979942,0,0.00000000,0.00000000
1623615958.41978264,0,0.00000000,0.00000000
1623615958.51974487,0,0.00000000,0.00000000
1623615958.61973310,0,0.00000000,0.00000000
1623615958.71976185,0,0.00000000,0.00000000
1623615958.81973505,0,0.00000000,0.00000000
1623615958.91976905,0,0.00000000,0.00000000
1623615959.01977682,0,0.00000000,0.00000000
1623615959.11981535,2,0.00000000,0.00000000
1623615959.12011242,2,0.00000000,0.00000000
1623615959.21979475,2,0.00000000,0.00000000
1623615959.22018504,2,0.00000000,0.00000000
1623615959.31976533,2,0.00000000,0.00000000
1623615959.32001758,2,0.00000000,0.00000000
1623615959.41975045,2,0.00000000,0.00000000
1623615959.41989017,2,0.00000000,0.00000000
1623615959.51975250,2,0.00000000,0.00000000
1623615959.52011156,2,0.00000000,0.00000000
1623615959.61973310,2,0.00000000,0.00000000
1623615959.62005854,2,0.00000000,0.00000000
1623615959.71977425,2,0.00000000,0.00000000
1623615959.72002316,2,0.00000000,0.00000000
1623615959.81976771,2,0.00000000,0.00000000
1623615959.82001925,2,0.00000000,0.00000000
1623615959.91977501,2,0.00000000,0.00000000
1623615959.92003155,2,0.00000000,0.00000000
1623615960.01977801,2,0.00000000,0.00000000
1623615960.02002907,2,0.00000000,0.00000000
1623615960.11976814,2,0.00000000,0.00000000
1623615960.12001634,2,0.00000000,0.00000000
1623615960.21979833,2,0.00000000,0.00000000
1623615960.22012329,2,0.00000000,0.00000000
1623615960.31977344,2,0.00000000,0.00000000
1623615960.32002974,2,0.00000000,0.00000000
1623615960.41977739,2,0.00000000,0.00000000
1623615960.42022538,2,0.00000000,0.00000000
1623615960.51977611,2,0.00000000,0.00000000
1623615960.52007389,2,0.00000000,0.00000000
1623615960.61978030,2,0.00000000,0.00000000
1623615960.62002349,2,0.00000000,0.00000000
1623615960.71970153,2,0.00000000,0.00000000
1623615960.71977162,2,0.00000000,0.00000000
1623615960.81973553,2,0.00000000,0.00000000
1623615960.81980729,2,0.00000000,0.00000000
1623615960.91969490,2,0.00000000,0.00000000
1623615960.91976357,2,0.00000000,0.00000000
1623615961.01973176,2,0.00000000,0.00000000
1623615961.01984763,2,0.00000000,0.00000000
1623615961.11977220,2,0.00000000,0.00000000
1623615961.12006831,2,0.00000000,0.00000000
1623615961.21977997,2,0.00000000,0.00000000
1623615961.21991205,2,0.00000000,0.00000000
1623615961.31977868,2,0.00000000,0.00000000
1623615961.32002711,2,0.00000000,0.00000000
1623615961.41976786,2,0.00000000,0.00000000
1623615961.42001653,2,0.00000000,0.00000000
1623615961.51982117,2,0.00000000,0.00000000
1623615961.52023649,2,0.00000000,0.00000000
1623615961.61981630,2,0.00000000,0.00000000
1623615961.62016368,2,0.00000000,0.00000000
1623615961.71978331,2,0.00000000,0.00000000
1623615961.72006631,2,0.00000000,0.00000000
1623615961.81976676,2,0.00000000,0.00000000
1623615961.82005477,2,0.00000000,0.00000000
1623615961.91978240,2,0.00000000,0.00000000
1623615961.92003465,2,0.00000000,0.00000000
1623615962.01977277,2,0.00000000,0.00000000
1623615962.02004719,2,0.00000000,0.00000000
1623615962.11977386,2,0.00000000,0.00000000
1623615962.12006640,2,0.00000000,0.00000000
1623615962.21977758,2,0.00000000,0.00000000
1623615962.22002125,2,0.00000000,0.00000000
1623615962.31979895,2,0.00000000,0.00000000
1623615962.32005620,2,0.00000000,0.00000000
1623615962.41978741,2,0.00000000,0.00000000
1623615962.42007065,2,0.00000000,0.00000000
1623615962.51980233,2,0.00000000,0.00000000
1623615962.52021074,2,0.00000000,0.00000000
1623615962.61977053,2,0.00000000,0.00000000
1623615962.62002492,2,0.00000000,0.00000000
1623615962.71979356,2,0.00000000,0.00000000
1623615962.72013521,2,0.00000000,0.00000000
1623615962.81974292,2,0.00000000,0.00000000
1623615962.81985259,2,0.00000000,0.00000000
1623615962.91973257,2,0.00000000,0.00000000
1623615962.91980028,2,0.00000000,0.00000000
1623615963.01973224,2,0.00000000,0.00000000
1623615963.01980233,2,0.00000000,0.00000000
1623615963.11969900,2,0.00000000,0.00000000
1623615963.11981392,2,0.00000000,0.00000000
1623615963.21969724,2,0.00000000,0.00000000
1623615963.21976948,2,0.00000000,0.00000000
1623615963.31976366,2,0.00000000,0.00000000
1623615963.32004166,2,0.00000000,0.00000000
1623615963.41974950,2,0.00000000,0.00000000
1623615963.41994166,2,0.00000000,0.00000000
1623615963.51977253,2,0.00000000,0.00000000
1623615963.52007937,2,0.00000000,0.00000000
1623615963.61977649,2,0.00000000,0.00000000
1623615963.62007713,2,0.00000000,0.00000000
1623615963.71978068,2,0.00000000,0.00000000
1623615963.72003698,2,0.00000000,0.00000000
1623615963.81976366,2,0.00000000,0.00000000
1623615963.82008767,2,0.00000000,0.00000000
1623615963.91975927,2,0.00000000,0.00000000
1623615963.92002320,2,0.00000000,0.00000000
1623615964.01976800,2,0.00000000,0.00000000
1623615964.02003002,2,0.00000000,0.00000000
1623615964.11977673,2,0.00000000,0.00000000
1623615964.12002778,2,0.00000000,0.00000000
1623615964.21979260,2,0.00000000,0.00000000
1623615964.22009706,2,0.00000000,0.00000000
1623615964.31974983,2,0.00000000,0.00000000
1623615964.32000780,2,0.00000000,0.00000000
1623615964.41975808,2,0.00000000,0.00000000
1623615964.42000532,2,0.00000000,0.00000000
1623615964.51977205,2,0.00000000,0.00000000
1623615964.52002096,2,0.00000000,0.00000000
1623615964.61975455,2,0.00000000,0.00000000
1623615964.62000847,2,0.00000000,0.00000000
1623615964.71971178,2,0.00000000,0.00000000
1623615964.71988368,2,0.00000000,0.00000000
1623615964.81969762,2,0.00000000,0.00000000
1623615964.81976461,2,0.00000000,0.00000000
1623615964.91973233,2,0.00000000,0.00000000
1623615964.91982388,2,0.00000000,0.00000000
1623615965.01971316,2,0.00000000,0.00000000
1623615965.01984501,2,0.00000000,0.00000000
1623615965.11978269,2,0.00000000,0.00000000
1623615965.12011051,2,0.00000000,0.00000000
1623615965.21975541,2,0.00000000,0.00000000
1623615965.22000599,2,0.00000000,0.00000000
1623615965.31975174,2,0.00000000,0.00000000
1623615965.31999946,2,0.00000000,0.00000000
1623615965.41976333,2,0.00000000,0.00000000
1623615965.42001224,2,0.00000000,0.00000000
1623615965.51976895,2,0.00000000,0.00000000
1623615965.52003551,2,0.00000000,0.00000000
1623615965.61978364,2,0.00000000,0.00000000
1623615965.62002778,2,0.00000000,0.00000000
1623615965.71976280,2,0.00000000,0.00000000
1623615965.71994734,2,0.00000000,0.00000000
1623615965.81977534,2,0.00000000,0.00000000
1623615965.82010126,2,0.00000000,0.00000000
1623615965.91978908,2,0.00000000,0.00000000
1623615965.92017698,2,0.00000000,0.00000000
1623615966.01976585,2,0.00000000,0.00000000
1623615966.02003193,2,0.00000000,0.00000000
1623615966.11976552,2,0.00000000,0.00000000
1623615966.12002516,2,0.00000000,0.00000000
1623615966.21977568,2,0.00000000,0.00000000
1623615966.22007704,2,0.00000000,0.00000000
1623615966.31978393,2,0.00000000,0.00000000
1623615966.32017016,2,0.00000000,0.00000000
1623615966.41977620,2,0.00000000,0.00000000
1623615966.42002892,2,0.00000000,0.00000000
1623615966.51974678,2,0.00000000,0.00000000
1623615966.51985431,2,0.00000000,0.00000000
1623615966.61974454,2,0.00000000,0.00000000
1623615966.61999345,2,0.00000000,0.00000000
1623615966.71969628,2,0.00000000,0.00000000
1623615966.71976829,2,0.00000000,0.00000000
1623615966.81969881,2,0.00000000,0.00000000
1623615966.81979227,2,0.00000000,0.00000000
1623615966.91979027,2,0.00000000,0.00000000
1623615966.92021656,2,0.00000000,0.00000000
1623615967.01977587,2,0.00000000,0.00000000
1623615967.02015805,2,0.00000000,0.00000000
1623615967.11975360,2,0.00000000,0.00000000
1623615967.12000775,2,0.00000000,0.00000000
1623615967.21974826,2,0.00000000,0.00000000
1623615967.21993113,2,0.00000000,0.00000000
1623615967.31975031,2,0.00000000,0.00000000
1623615967.32003379,2,0.00000000,0.00000000
1623615967.41977930,2,0.00000000,0.00000000
1623615967.42004180,2,0.00000000,0.00000000
1623615967.51977777,2,0.00000000,0.00000000
1623615967.52015233,2,0.00000000,0.00000000
1623615967.61975670,2,0.00000000,0.00000000
1623615967.62000966,2,0.00000000,0.00000000
1623615967.71977925,2,0.00000000,0.00000000
1623615967.72023654,2,0.00000000,0.00000000
1623615967.81980276,2,0.00000000,0.00000000
1623615967.82014847,2,0.00000000,0.00000000
1623615967.91978478,2,0.00000000,0.00000000
1623615967.92005420,2,0.00000000,0.00000000
1623615968.01977968,2,0.00000000,0.00000000
1623615968.02003336,2,0.00000000,0.00000000
1623615968.11978483,2,0.00000000,0.00000000
1623615968.12003207,2,0.00000000,0.00000000
1623615968.21977973,2,0.00000000,0.00000000
1623615968.22003198,2,0.00000000,0.00000000
1623615968.31977320,2,0.00000000,0.00000000
1623615968.32002139,2,0.00000000,0.00000000
1623615968.41978049,2,0.00000000,0.00000000
1623615968.42004037,2,0.00000000,0.00000000
1623615968.51974750,2,0.00000000,0.00000000
1623615968.52015400,2,0.00000000,0.00000000
1623615968.61975336,2,0.00000000,0.00000000
1623615968.62001133,2,0.00000000,0.00000000
1623615968.71983552,2,0.00000000,0.00000000
1623615968.72008705,2,0.00000000,0.00000000
1623615968.81978083,2,0.00000000,0.00000000
1623615968.82011247,2,0.00000000,0.00000000
1623615968.91972566,2,0.00000000,0.00000000
1623615968.91986418,2,0.00000000,0.00000000
1623615969.01973557,2,0.00000000,0.00000000
1623615969.01980686,2,0.00000000,0.00000000
1623615969.11977363,2,0.00000000,0.00000000
1623615969.12002611,2,0.00000000,0.00000000
1623615969.21977901,2,0.00000000,0.00000000
1623615969.22007060,2,0.00000000,0.00000000
1623615969.31977510,2,0.00000000,0.00000000
1623615969.32002759,2,0.00000000,0.00000000
1623615969.41977024,2,0.00000000,0.00000000
1623615969.41984248,2,0.00000000,0.00000000
1623615969.51977849,2,0.00000000,0.00000000
1623615969.52004766,2,0.00000000,0.00000000
1623615969.61976027,2,0.00000000,0.00000000
1623615969.62001657,2,0.00000000,0.00000000
1623615969.71977472,2,0.00000000,0.00000000
1623615969.71988797,2,0.00000000,0.00000000
1623615969.81970596,2,0.00000000,0.00000000
1623615969.81979752,2,0.00000000,0.00000000
1623615969.91979647,2,0.00000000,0.00000000
1623615969.92017388,2,0.00000000,0.00000000
1623615970.01974535,2,0.00000000,0.00000000
1623615970.01986289,2,0.00000000,0.00000000
1623615970.11977816,2,0.00000000,0.00000000
1623615970.12002468,2,0.00000000,0.00000000
1623615970.21977139,2,0.00000000,0.00000000
1623615970.22001624,2,0.00000000,0.00000000
1623615970.31976199,2,0.00000000,0.00000000
1623615970.32007647,2,0.00000000,0.00000000
1623615970.41973734,2,0.00000000,0.00000000
1623615970.41998744,2,0.00000000,0.00000000
1623615970.51978779,2,0.00000000,0.00000000
1623615970.52003860,2,0.00000000,0.00000000
1623615970.61973643,2,0.00000000,0.00000000
1623615970.61980796,2,0.00000000,0.00000000
1623615970.71977854,2,0.00000000,0.00000000
1623615970.72015381,2,0.00000000,0.00000000
1623615970.81970811,2,0.00000000,0.00000000
1623615970.81981301,2,0.00000000,0.00000000
1623615970.91977191,2,0.00000000,0.00000000
1623615970.92001963,2,0.00000000,0.00000000
1623615971.01974130,2,0.00000000,0.00000000
1623615971.01999068,2,0.00000000,0.00000000
1623615971.11976457,2,0.00000000,0.00000000
1623615971.12008476,2,0.00000000,0.00000000
1623615971.21975255,2,0.00000000,0.00000000
1623615971.22007227,2,0.00000000,0.00000000
1623615971.31976748,2,0.00000000,0.00000000
1623615971.32004499,2,0.00000000,0.00000000
1623615971.41974497,2,0.00000000,0.00000000
1623615971.41989660,2,0.00000000,0.00000000
1623615971.51973391,2,0.00000000,0.00000000
1623615971.51981091,2,0.00000000,0.00000000
1623615971.61977196,2,0.00000000,0.00000000
1623615971.62002444,2,0.00000000,0.00000000
1623615971.71977067,2,0.00000000,0.00000000
1623615971.71984267,2,0.00000000,0.00000000
1623615971.81978297,2,0.00000000,0.00000000
1623615971.82006884,2,0.00000000,0.00000000
1623615971.91979051,2,0.00000000,0.00000000
1623615971.92012835,2,0.00000000,0.00000000
1623615972.01977825,2,0.00000000,0.00000000
1623615972.02011967,2,0.00000000,0.00000000
1623615972.11973739,2,0.00000000,0.00000000
1623615972.11981368,2,0.00000000,0.00000000
1623615972.21975541,2,0.00000000,0.00000000
1623615972.21995640,2,0.00000000,0.00000000
1623615972.31980038,2,0.00000000,0.00000000
1623615972.32005000,2,0.00000000,0.00000000
1623615972.41976190,2,0.00000000,0.00000000
1623615972.42007804,2,0.00000000,0.00000000
1623615972.51977158,2,0.00000000,0.00000000
1623615972.52015567,2,0.00000000,0.00000000
1623615972.61977863,2,0.00000000,0.00000000
1623615972.62003016,2,0.00000000,0.00000000
1623615972.71976781,2,0.00000000,0.00000000
1623615972.72001719,2,0.00000000,0.00000000
1623615972.81978655,2,0.00000000,0.00000000
1623615972.82003760,2,0.00000000,0.00000000
1623615972.91973519,2,0.00000000,0.00000000
1623615972.91980743,2,0.00000000,0.00000000
1623615973.01977849,2,0.00000000,0.00000000
1623615973.01992941,2,0.00000000,0.00000000
1623615973.11977887,2,0.00000000,0.00000000
1623615973.11993027,2,0.00000000,0.00000000
1623615973.21972823,2,0.00000000,0.00000000
1623615973.21989584,2,0.00000000,0.00000000
1623615973.31978106,2,0.00000000,0.00000000
1623615973.32004356,2,0.00000000,0.00000000
1623615973.41977334,2,0.00000000,0.00000000
1623615973.42005515,2,0.00000000,0.00000000
1623615973.51977921,2,0.00000000,0.00000000
1623615973.52005982,2,0.00000000,0.00000000
1623615973.61977077,2,0.00000000,0.00000000
1623615973.62002707,2,0.00000000,0.00000000
1623615973.71976209,2,0.00000000,0.00000000
1623615973.72001648,2,0.00000000,0.00000000
1623615973.81977987,2,0.00000000,0.00000000
1623615973.82004905,2,0.00000000,0.00000000
1623615973.91978049,2,0.00000000,0.00000000
1623615973.92003441,2,0.00000000,0.00000000
1623615974.01977491,2,0.00000000,0.00000000
1623615974.02009916,2,0.00000000,0.00000000
1623615974.11977100,2,0.00000000,0.00000000
1623615974.12006879,2,0.00000000,0.00000000
1623615974.21977925,2,0.00000000,0.00000000
1623615974.22002721,2,0.00000000,0.00000000
1623615974.31977510,2,0.00000000,0.00000000
1623615974.32002711,2,0.00000000,0.00000000
1623615974.41979074,2,0.00000000,0.00000000
1623615974.42004204,2,0.00000000,0.00000000
1623615974.51978564,2,0.00000000,0.00000000
1623615974.52005911,2,0.00000000,0.00000000
1623615974.61980414,2,0.00000000,0.00000000
1623615974.62008643,2,0.00000000,0.00000000
1623615974.71978974,2,0.00000000,0.00000000
1623615974.72007465,2,0.00000000,0.00000000
1623615974.81978917,2,0.00000000,0.00000000
1623615974.82006145,2,0.00000000,0.00000000
1623615974.91979122,2,0.00000000,0.00000000
1623615974.92004180,2,0.00000000,0.00000000
1623615975.01978803,2,0.00000000,0.00000000
1623615975.02004647,2,0.00000000,0.00000000
1623615975.11977386,2,0.00000000,0.00000000
1623615975.12002420,2,0.00000000,0.00000000
1623615975.21978068,2,0.00000000,0.00000000
1623615975.22003055,2,0.00000000,0.00000000
1623615975.31973672,2,0.00000000,0.00000000
1623615975.31983471,2,0.00000000,0.00000000
1623615975.41971540,2,0.00000000,0.00000000
1623615975.41987801,2,0.00000000,0.00000000
1623615975.51979136,2,0.00000000,0.00000000
1623615975.52004051,2,0.00000000,0.00000000
1623615975.61975670,2,0.00000000,0.00000000
1623615975.61993480,2,0.00000000,0.00000000
1623615975.71974254,2,0.00000000,0.00000000
1623615975.71983123,2,0.00000000,0.00000000
1623615975.81982160,2,0.00000000,0.00000000
1623615975.82009125,2,0.00000000,0.00000000
1623615975.91976857,2,0.00000000,0.00000000
1623615975.92009568,2,0.00000000,0.00000000
1623615976.01982808,2,0.00000000,0.00000000
1623615976.02008629,2,0.00000000,0.00000000
1623615976.11971307,2,0.00000000,0.00000000
1623615976.11983371,2,0.00000000,0.00000000
1623615976.21971750,2,0.00000000,0.00000000
1623615976.21984363,2,0.00000000,0.00000000
1623615976.31989479,2,0.00000000,0.00000000
1623615976.32002068,2,0.00000000,0.00000000
1623615976.41978526,2,0.00000000,0.00000000
1623615976.42011356,2,0.00000000,0.00000000
1623615976.51978660,2,0.00000000,0.00000000
1623615976.52008796,2,0.00000000,0.00000000
1623615976.61978483,2,0.00000000,0.00000000
1623615976.62007809,2,0.00000000,0.00000000
1623615976.71979260,2,0.00000000,0.00000000
1623615976.72008896,2,0.00000000,0.00000000
1623615976.81978750,2,0.00000000,0.00000000
1623615976.82009721,2,0.00000000,0.00000000
1623615976.91978359,2,0.00000000,0.00000000
1623615976.92017698,2,0.00000000,0.00000000
1623615977.01975799,2,0.00000000,0.00000000
1623615977.02004933,2,0.00000000,0.00000000
1623615977.11977243,2,0.00000000,0.00000000
1623615977.12008357,2,0.00000000,0.00000000
1623615977.21976137,2,0.00000000,0.00000000
1623615977.22006011,2,0.00000000,0.00000000
1623615977.31978106,2,0.00000000,0.00000000
1623615977.32007837,2,0.00000000,0.00000000
1623615977.41977191,2,0.00000000,0.00000000
1623615977.42008448,2,0.00000000,0.00000000
1623615977.51975393,2,0.00000000,0.00000000
1623615977.52004695,2,0.00000000,0.00000000
1623615977.61975336,2,0.00000000,0.00000000
1623615977.62006402,2,0.00000000,0.00000000
1623615977.71978307,2,0.00000000,0.00000000
1623615977.72009015,2,0.00000000,0.00000000
1623615977.81976247,2,0.00000000,0.00000000
1623615977.82007051,2,0.00000000,0.00000000
1623615977.91977620,2,0.00000000,0.00000000
1623615977.92007828,2,0.00000000,0.00000000
1623615978.01981449,2,0.00000000,0.00000000
1623615978.02007604,2,0.00000000,0.00000000
1623615978.11982036,2,0.00000000,0.00000000
1623615978.12009168,2,0.00000000,0.00000000
1623615978.21978402,2,0.00000000,0.00000000
1623615978.22004771,2,0.00000000,0.00000000
1623615978.31982994,2,0.00000000,0.00000000
1623615978.32010245,2,0.00000000,0.00000000
1623615978.41976476,2,0.00000000,0.00000000
1623615978.42003798,2,0.00000000,0.00000000
1623615978.51977539,2,0.00000000,0.00000000
1623615978.52003670,2,0.00000000,0.00000000
1623615978.61983728,2,0.00000000,0.00000000
1623615978.62014318,2,0.00000000,0.00000000
1623615978.71976519,2,0.00000000,0.00000000
1623615978.72006392,2,0.00000000,0.00000000
1623615978.81976175,2,0.00000000,0.00000000
1623615978.82003236,2,0.00000000,0.00000000
1623615978.91977477,2,0.00000000,0.00000000
1623615978.92003679,2,0.00000000,0.00000000
1623615979.01978564,2,0.00000000,0.00000000
1623615979.02004528,2,0.00000000,0.00000000
1623615979.11978436,2,0.00000000,0.00000000
1623615979.12005234,2,0.00000000,0.00000000
1623615979.21978378,2,0.00000000,0.00000000
1623615979.22002840,2,0.00000000,0.00000000
1623615979.31977916,2,0.00000000,0.00000000
1623615979.32002568,2,0.00000000,0.00000000
1623615979.41977906,2,0.00000000,0.00000000
1623615979.41989994,2,0.00000000,0.00000000
1623615979.51977801,2,0.00000000,0.00000000
1623615979.52002811,2,0.00000000,0.00000000
1623615979.61977315,2,0.00000000,0.00000000
1623615979.62007093,2,0.00000000,0.00000000
1623615979.71982336,2,0.00000000,0.00000000
1623615979.72007108,2,0.00000000,0.00000000
1623615979.81977916,2,0.00000000,0.00000000
1623615979.82002974,2,0.00000000,0.00000000
1623615979.91982412,2,0.00000000,0.00000000
1623615979.92011666,2,0.00000000,0.00000000
1623615980.01981521,2,0.00000000,0.00000000
1623615980.02010751,2,0.00000000,0.00000000
1623615980.11976123,2,0.00000000,0.00000000
1623615980.12004542,2,0.00000000,0.00000000
1623615980.21977186,2,0.00000000,0.00000000
1623615980.22002506,2,0.00000000,0.00000000
1623615980.31977534,2,0.00000000,0.00000000
1623615980.32004547,2,0.00000000,0.00000000
1623615980.41976070,2,0.00000000,0.00000000
1623615980.42001152,2,0.00000000,0.00000000
1623615980.51974988,2,0.00000000,0.00000000
1623615980.52005792,2,0.00000000,0.00000000
1623615980.61977649,2,0.00000000,0.00000000
1623615980.62003970,2,0.00000000,0.00000000
1623615980.71976781,2,0.00000000,0.00000000
1623615980.72009611,2,0.00000000,0.00000000
1623615980.81976581,2,0.00000000,0.00000000
1623615980.82009768,2,0.00000000,0.00000000
1623615980.91977239,2,0.00000000,0.00000000
1623615980.92003489,2,0.00000000,0.00000000
1623615981.01977181,2,0.00000000,0.00000000
1623615981.02002525,2,0.00000000,0.00000000
1623615981.11975861,2,0.00000000,0.00000000
1623615981.12001276,2,0.00000000,0.00000000
1623615981.21976972,2,0.00000000,0.00000000
1623615981.22002029,2,0.00000000,0.00000000
1623615981.31975174,2,0.00000000,0.00000000
1623615981.32008290,2,0.00000000,0.00000000
1623615981.41976333,2,0.00000000,0.00000000
1623615981.42001724,2,0.00000000,0.00000000
1623615981.51979589,2,0.00000000,0.00000000
1623615981.52005291,2,0.00000000,0.00000000
1623615981.61978197,2,0.00000000,0.00000000
1623615981.62003160,2,0.00000000,0.00000000
1623615981.71977353,2,0.00000000,0.00000000
1623615981.72002912,2,0.00000000,0.00000000
1623615981.81975889,2,0.00000000,0.00000000
1623615981.81996679,2,0.00000000,0.00000000
1623615981.91977715,2,0.00000000,0.00000000
1623615981.92004776,2,0.00000000,0.00000000
1623615982.01979375,2,0.00000000,0.00000000
1623615982.02008200,2,0.00000000,0.00000000
1623615982.11978865,2,0.00000000,0.00000000
1623615982.12003922,2,0.00000000,0.00000000
1623615982.21982598,2,0.00000000,0.00000000
1623615982.22008514,2,0.00000000,0.00000000
1623615982.31982350,2,0.00000000,0.00000000
1623615982.32009339,2,0.00000000,0.00000000
1623615982.41977525,2,0.00000000,0.00000000
1623615982.42004251,2,0.00000000,0.00000000
1623615982.51977539,2,0.00000000,0.00000000
1623615982.52004433,2,0.00000000,0.00000000
1623615982.61976409,2,0.00000000,0.00000000
1623615982.62003636,2,0.00000000,0.00000000
1623615982.71978021,2,0.00000000,0.00000000
1623615982.72002649,2,0.00000000,0.00000000
1623615982.81976223,2,0.00000000,0.00000000
1623615982.82009625,2,0.00000000,0.00000000
1623615982.91982388,2,0.00000000,0.00000000
1623615982.92012501,2,0.00000000,0.00000000
1623615983.01981688,2,0.00000000,0.00000000
1623615983.02006984,2,0.00000000,0.00000000
1623615983.11984181,2,0.00000000,0.00000000
1623615983.12011361,2,0.00000000,0.00000000
1623615983.21981549,2,0.00000000,0.00000000
1623615983.22014832,2,0.00000000,0.00000000
1623615983.31976962,2,0.00000000,0.00000000
1623615983.32010341,2,0.00000000,0.00000000
1623615983.41982532,2,0.00000000,0.00000000
1623615983.42021465,2,0.00000000,0.00000000
1623615983.51977682,2,0.00000000,0.00000000
1623615983.52002430,2,0.00000000,0.00000000
1623615983.61976600,2,0.00000000,0.00000000
1623615983.62002563,2,0.00000000,0.00000000
1623615983.71975946,2,0.00000000,0.00000000
1623615983.72000647,2,0.00000000,0.00000000
1623615983.81979728,2,0.00000000,0.00000000
1623615983.81992483,2,0.00000000,0.00000000
1623615983.91975069,2,0.00000000,0.00000000
1623615983.91999745,2,0.00000000,0.00000000
1623615984.01978207,2,0.00000000,0.00000000
1623615984.02007294,2,0.00000000,0.00000000
1623615984.11979198,2,0.00000000,0.00000000
1623615984.12010908,2,0.00000000,0.00000000
1623615984.21977019,2,0.00000000,0.00000000
1623615984.22001696,2,0.00000000,0.00000000
1623615984.31977272,2,0.00000000,0.00000000
1623615984.32005453,2,0.00000000,0.00000000
1623615984.41977477,2,0.00000000,0.00000000
1623615984.42001581,2,0.00000000,0.00000000
1623615984.51978898,2,0.00000000,0.00000000
1623615984.52004528,2,0.00000000,0.00000000
1623615984.61978889,2,0.00000000,0.00000000
1623615984.62009239,2,0.00000000,0.00000000
1623615984.71982074,2,0.00000000,0.00000000
1623615984.72010040,2,0.00000000,0.00000000
1623615984.81983900,2,0.00000000,0.00000000
1623615984.82016993,2,0.00000000,0.00000000
1623615984.91974187,2,0.00000000,0.00000000
1623615984.91985607,2,0.00000000,0.00000000
1623615985.01977444,2,0.00000000,0.00000000
1623615985.02002764,2,0.00000000,0.00000000
1623615985.11976409,2,0.00000000,0.00000000
1623615985.12000966,2,0.00000000,0.00000000
1623615985.21978045,2,0.00000000,0.00000000
1623615985.22002840,2,0.00000000,0.00000000
1623615985.31978273,2,0.00000000,0.00000000
1623615985.32003736,2,0.00000000,0.00000000
1623615985.41978097,2,0.00000000,0.00000000
1623615985.42003202,2,0.00000000,0.00000000
1623615985.51976490,2,0.00000000,0.00000000
1623615985.52010679,2,0.00000000,0.00000000
1623615985.61978912,2,0.00000000,0.00000000
1623615985.62018538,2,0.00000000,0.00000000
1623615985.71976495,2,0.00000000,0.00000000
1623615985.72013807,2,0.00000000,0.00000000
1623615985.81978059,2,0.00000000,0.00000000
1623615985.82005429,2,0.00000000,0.00000000
1623615985.91975594,2,0.00000000,0.00000000
1623615985.92004967,2,0.00000000,0.00000000
1623615986.01979017,2,0.00000000,0.00000000
1623615986.02026391,2,0.00000000,0.00000000
1623615986.11982155,2,0.00000000,0.00000000
1623615986.12009931,2,0.00000000,0.00000000
1623615986.21976805,2,0.00000000,0.00000000
1623615986.22002316,2,0.00000000,0.00000000
1623615986.31976461,2,0.00000000,0.00000000
1623615986.32002234,2,0.00000000,0.00000000
1623615986.41976094,2,0.00000000,0.00000000
1623615986.42002416,2,0.00000000,0.00000000
1623615986.51978564,2,0.00000000,0.00000000
1623615986.52004552,2,0.00000000,0.00000000
1623615986.61977148,2,0.00000000,0.00000000
1623615986.62002897,2,0.00000000,0.00000000
1623615986.71976876,2,0.00000000,0.00000000
1623615986.72002101,2,0.00000000,0.00000000
1623615986.81974125,2,0.00000000,0.00000000
1623615986.81990623,2,0.00000000,0.00000000
1623615986.91977525,2,0.00000000,0.00000000
1623615986.92003560,2,0.00000000,0.00000000
1623615987.01977992,2,0.00000000,0.00000000
1623615987.02008700,2,0.00000000,0.00000000
1623615987.11977410,2,0.00000000,0.00000000
1623615987.12002730,2,0.00000000,0.00000000
1623615987.21978164,2,0.00000000,0.00000000
1623615987.22020769,2,0.00000000,0.00000000
1623615987.31978226,2,0.00000000,0.00000000
1623615987.32003522,2,0.00000000,0.00000000
1623615987.41975617,2,0.00000000,0.00000000
1623615987.42003369,2,0.00000000,0.00000000
1623615987.51978540,2,0.00000000,0.00000000
1623615987.52017426,2,0.00000000,0.00000000
1623615987.61981034,2,0.00000000,0.00000000
1623615987.62006903,2,0.00000000,0.00000000
1623615987.71977496,2,0.00000000,0.00000000
1623615987.72003007,2,0.00000000,0.00000000
1623615987.81977677,2,0.00000000,0.00000000
1623615987.82010508,2,0.00000000,0.00000000
1623615987.91977262,2,0.00000000,0.00000000
1623615987.92009258,2,0.00000000,0.00000000
1623615988.01977420,2,0.00000000,0.00000000
1623615988.02004004,2,0.00000000,0.00000000
1623615988.11977410,2,0.00000000,0.00000000
1623615988.12002730,2,0.00000000,0.00000000
1623615988.21982455,2,0.00000000,0.00000000
1623615988.22007751,2,0.00000000,0.00000000
1623615988.31976366,2,0.00000000,0.00000000
1623615988.32000732,2,0.00000000,0.00000000
1623615988.41981864,2,0.00000000,0.00000000
1623615988.42007375,2,0.00000000,0.00000000
1623615988.51981878,2,0.00000000,0.00000000
1623615988.52006149,2,0.00000000,0.00000000
1623615988.61976290,2,0.00000000,0.00000000
1623615988.62001610,2,0.00000000,0.00000000
1623615988.71977425,2,0.00000000,0.00000000
1623615988.72007656,2,0.00000000,0.00000000
1623615988.81983399,2,0.00000000,0.00000000
1623615988.82012844,2,0.00000000,0.00000000
1623615988.91976357,2,0.00000000,0.00000000
1623615988.92001677,2,0.00000000,0.00000000
1623615989.01981878,2,0.00000000,0.00000000
1623615989.02010345,2,0.00000000,0.00000000
1623615989.11975813,2,0.00000000,0.00000000
1623615989.12014627,2,0.00000000,0.00000000
1623615989.21976018,2,0.00000000,0.00000000
1623615989.22008729,2,0.00000000,0.00000000
1623615989.31975317,2,0.00000000,0.00000000
1623615989.32008433,2,0.00000000,0.00000000
1623615989.41975284,2,0.00000000,0.00000000
1623615989.41990232,2,0.00000000,0.00000000
1623615989.51977205,2,0.00000000,0.00000000
1623615989.52002597,2,0.00000000,0.00000000
1623615989.61977410,2,0.00000000,0.00000000
1623615989.62002230,2,0.00000000,0.00000000
1623615989.71976376,2,0.00000000,0.00000000
1623615989.72001886,2,0.00000000,0.00000000
1623615989.81977654,2,0.00000000,0.00000000
1623615989.82005763,2,0.00000000,0.00000000
1623615989.91976094,2,0.00000000,0.00000000
1623615989.92001295,2,0.00000000,0.00000000
1623615990.01977921,2,0.00000000,0.00000000
1623615990.02003312,2,0.00000000,0.00000000
1623615990.11977458,2,0.00000000,0.00000000
1623615990.12007976,2,0.00000000,0.00000000
1623615990.21977353,2,0.00000000,0.00000000
1623615990.22002387,2,0.00000000,0.00000000
1623615990.31976676,2,0.00000000,0.00000000
1623615990.32001972,2,0.00000000,0.00000000
1623615990.41979027,2,0.00000000,0.00000000
1623615990.42004347,2,0.00000000,0.00000000
1623615990.51981640,2,0.00000000,0.00000000
1623615990.52018738,2,0.00000000,0.00000000
1623615990.61977720,2,0.00000000,0.00000000
1623615990.62003088,2,0.00000000,0.00000000
1623615990.71979427,2,0.00000000,0.00000000
1623615990.72014236,2,0.00000000,0.00000000
1623615990.81977320,2,0.00000000,0.00000000
1623615990.82002449,2,0.00000000,0.00000000
1623615990.91981792,2,0.00000000,0.00000000
1623615990.92014337,2,0.00000000,0.00000000
1623615991.01978731,2,0.00000000,0.00000000
1623615991.02009392,2,0.00000000,0.00000000
1623615991.11977410,2,0.00000000,0.00000000
1623615991.12002158,2,0.00000000,0.00000000
1623615991.21981645,2,0.00000000,0.00000000
1623615991.22015238,2,0.00000000,0.00000000
1623615991.31981468,2,0.00000000,0.00000000
1623615991.32013154,2,0.00000000,0.00000000
1623615991.41981554,2,0.00000000,0.00000000
1623615991.42006612,2,0.00000000,0.00000000
1623615991.51977468,2,0.00000000,0.00000000
1623615991.52012825,2,0.00000000,0.00000000
1623615991.61975741,2,0.00000000,0.00000000
1623615991.62013698,2,0.00000000,0.00000000
1623615991.71973586,2,0.00000000,0.00000000
1623615991.72009969,2,0.00000000,0.00000000
1623615991.81977439,2,0.00000000,0.00000000
1623615991.82003927,2,0.00000000,0.00000000
1623615991.91976190,2,0.00000000,0.00000000
1623615991.92001390,2,0.00000000,0.00000000
1623615992.01980948,2,0.00000000,0.00000000
1623615992.02005792,2,0.00000000,0.00000000
1623615992.11976171,2,0.00000000,0.00000000
1623615992.12005639,2,0.00000000,0.00000000
1623615992.21977425,2,0.00000000,0.00000000
1623615992.22001743,2,0.00000000,0.00000000
1623615992.31975341,2,0.00000000,0.00000000
1623615992.31999922,2,0.00000000,0.00000000
1623615992.41975904,2,0.00000000,0.00000000
1623615992.42002869,2,0.00000000,0.00000000
1623615992.51977754,2,0.00000000,0.00000000
1623615992.52010465,2,0.00000000,0.00000000
1623615992.61975694,2,0.00000000,0.00000000
1623615992.62000561,2,0.00000000,0.00000000
1623615992.71975946,2,0.00000000,0.00000000
1623615992.72000980,2,0.00000000,0.00000000
1623615992.81976223,2,0.00000000,0.00000000
1623615992.82003260,2,0.00000000,0.00000000
1623615992.91975951,2,0.00000000,0.00000000
1623615992.92000794,2,0.00000000,0.00000000
1623615993.01976681,2,0.00000000,0.00000000
1623615993.02002454,2,0.00000000,0.00000000
1623615993.11976314,2,0.00000000,0.00000000
1623615993.12000966,2,0.00000000,0.00000000
1623615993.21977067,2,0.00000000,0.00000000
1623615993.22002649,2,0.00000000,0.00000000
1623615993.31977439,2,0.00000000,0.00000000
1623615993.32002234,2,0.00000000,0.00000000
1623615993.41975784,2,0.00000000,0.00000000
1623615993.42001438,2,0.00000000,0.00000000
1623615993.51976395,2,0.00000000,0.00000000
1623615993.52005577,2,0.00000000,0.00000000
1623615993.61977363,2,0.00000000,0.00000000
1623615993.62004423,2,0.00000000,0.00000000
1623615993.71975899,2,0.00000000,0.00000000
1623615993.72003698,2,0.00000000,0.00000000
1623615993.81976151,2,0.00000000,0.00000000
1623615993.82001257,2,0.00000000,0.00000000
1623615993.91975999,2,0.00000000,0.00000000
1623615993.92007732,2,0.00000000,0.00000000
1623615994.01977420,2,0.00000000,0.00000000
1623615994.02001786,2,0.00000000,0.00000000
1623615994.11974621,2,0.00000000,0.00000000
1623615994.12007499,2,0.00000000,0.00000000
1623615994.21976709,2,0.00000000,0.00000000
1623615994.22001815,2,0.00000000,0.00000000
1623615994.31975937,2,0.00000000,0.00000000
1623615994.32000923,2,0.00000000,0.00000000
1623615994.41976857,2,0.00000000,0.00000000
1623615994.42001629,2,0.00000000,0.00000000
1623615994.51977134,2,0.00000000,0.00000000
1623615994.52002335,2,0.00000000,0.00000000
1623615994.61976957,2,0.00000000,0.00000000
1623615994.62001324,2,0.00000000,0.00000000
1623615994.71977210,2,0.00000000,0.00000000
1623615994.72009063,2,0.00000000,0.00000000
1623615994.81977415,2,0.00000000,0.00000000
1623615994.82003045,2,0.00000000,0.00000000
1623615994.91973829,2,0.00000000,0.00000000
1623615994.92002487,2,0.00000000,0.00000000
1623615995.01976562,2,0.00000000,0.00000000
1623615995.02012515,2,0.00000000,0.00000000
1623615995.11977386,2,0.00000000,0.00000000
1623615995.12008619,2,0.00000000,0.00000000
1623615995.21977329,2,0.00000000,0.00000000
1623615995.22001505,2,0.00000000,0.00000000
1623615995.31976223,2,0.00000000,0.00000000
1623615995.32005286,2,0.00000000,0.00000000
1623615995.41977262,2,0.00000000,0.00000000
1623615995.42004156,2,0.00000000,0.00000000
1623615995.51977015,2,0.00000000,0.00000000
1623615995.52004743,2,0.00000000,0.00000000
1623615995.61976194,2,0.00000000,0.00000000
1623615995.62007761,2,0.00000000,0.00000000
1623615995.71977472,2,0.00000000,0.00000000
1623615995.72005463,2,0.00000000,0.00000000
1623615995.81976557,2,0.00000000,0.00000000
1623615995.82008958,2,0.00000000,0.00000000
1623615995.91977167,2,0.00000000,0.00000000
1623615995.92009211,2,0.00000000,0.00000000
1623615996.01974154,2,0.00000000,0.00000000
1623615996.02010322,2,0.00000000,0.00000000
1623615996.11975098,2,0.00000000,0.00000000
1623615996.12003517,2,0.00000000,0.00000000
1623615996.21975279,2,0.00000000,0.00000000
1623615996.22003579,2,0.00000000,0.00000000
1623615996.31976724,2,0.00000000,0.00000000
1623615996.32014656,2,0.00000000,0.00000000
1623615996.41975021,2,0.00000000,0.00000000
1623615996.42004180,2,0.00000000,0.00000000
1623615996.51977229,2,0.00000000,0.00000000
1623615996.52007031,2,0.00000000,0.00000000
1623615996.61975050,2,0.00000000,0.00000000
1623615996.62003446,2,0.00000000,0.00000000
1623615996.71976233,2,0.00000000,0.00000000
1623615996.72004223,2,0.00000000,0.00000000
1623615996.81977153,2,0.00000000,0.00000000
1623615996.82015920,2,0.00000000,0.00000000
1623615996.91976357,2,0.00000000,0.00000000
1623615996.92005920,2,0.00000000,0.00000000
1623615997.01977134,2,0.00000000,0.00000000
1623615997.02012849,2,0.00000000,0.00000000
1623615997.11977243,2,0.00000000,0.00000000
1623615997.12001324,2,0.00000000,0.00000000
1623615997.21977496,2,0.00000000,0.00000000
1623615997.22004962,2,0.00000000,0.00000000
1623615997.31977129,2,0.00000000,0.00000000
1623615997.32009578,2,0.00000000,0.00000000
1623615997.41977692,2,0.00000000,0.00000000
1623615997.42005396,2,0.00000000,0.00000000
1623615997.51977324,2,0.00000000,0.00000000
1623615997.52002907,2,0.00000000,0.00000000
1623615997.61982131,2,0.00000000,0.00000000
1623615997.62009835,2,0.00000000,0.00000000
1623615997.71981573,2,0.00000000,0.00000000
1623615997.72005916,2,0.00000000,0.00000000
1623615997.81976748,2,0.00000000,0.00000000
1623615997.82009983,2,0.00000000,0.00000000
1623615997.91978168,2,0.00000000,0.00000000
1623615997.92004418,2,0.00000000,0.00000000
1623615998.01981831,2,0.00000000,0.00000000
1623615998.02006221,2,0.00000000,0.00000000
1623615998.11976051,2,0.00000000,0.00000000
1623615998.12006807,2,0.00000000,0.00000000
1623615998.21977568,2,0.00000000,0.00000000
1623615998.22002053,2,0.00000000,0.00000000
1623615998.31976986,2,0.00000000,0.00000000
1623615998.32001519,2,0.00000000,0.00000000
1623615998.41978526,2,0.00000000,0.00000000
1623615998.42005229,2,0.00000000,0.00000000
1623615998.51978612,2,0.00000000,0.00000000
1623615998.52003002,2,0.00000000,0.00000000
1623615998.61977983,2,0.00000000,0.00000000
1623615998.62003207,2,0.00000000,0.00000000
1623615998.71977544,2,0.00000000,0.00000000
1623615998.72002506,2,0.00000000,0.00000000
1623615998.81976795,2,0.00000000,0.00000000
1623615998.82001853,2,0.00000000,0.00000000
1623615998.91978550,2,0.00000000,0.00000000
1623615998.92004156,2,0.00000000,0.00000000
1623615999.01978278,2,0.00000000,0.00000000
1623615999.02006960,2,0.00000000,0.00000000
1623615999.11976886,2,0.00000000,0.00000000
1623615999.12007284,2,0.00000000,0.00000000
1623615999.21978569,2,0.00000000,0.00000000
1623615999.22004509,2,0.00000000,0.00000000
1623615999.31978178,2,0.00000000,0.00000000
1623615999.32008147,2,0.00000000,0.00000000
1623615999.41976309,2,0.00000000,0.00000000
1623615999.42007828,2,0.00000000,0.00000000
1623615999.51979184,2,0.00000000,0.00000000
1623615999.52005219,2,0.00000000,0.00000000
1623615999.61977696,2,0.00000000,0.00000000
1623615999.62002492,2,0.00000000,0.00000000
1623615999.71976280,2,0.00000000,0.00000000
1623615999.72008967,2,0.00000000,0.00000000
1623615999.81975007,2,0.00000000,0.00000000
1623615999.82003546,2,0.00000000,0.00000000
1623615999.91977334,2,0.00000000,0.00000000
1623615999.92002058,2,0.00000000,0.00000000
1623616000.01974392,2,0.00000000,0.00000000
1623616000.02010846,2,0.00000000,0.00000000
1623616000.11978793,2,0.00000000,0.00000000
1623616000.12011409,2,0.00000000,0.00000000
1623616000.21978283,2,0.00000000,0.00000000
1623616000.22003150,2,0.00000000,0.00000000
1623616000.31977105,2,0.00000000,0.00000000
1623616000.32014179,2,0.00000000,0.00000000
1623616000.41982412,2,0.00000000,0.00000000
1623616000.42024398,2,0.00000000,0.00000000
1623616000.51978016,2,0.00000000,0.00000000
1623616000.52003193,2,0.00000000,0.00000000
1623616000.61982131,2,0.00000000,0.00000000
1623616000.62007022,2,0.00000000,0.00000000
1623616000.71981764,2,0.00000000,0.00000000
1623616000.72012854,2,0.00000000,0.00000000
1623616000.81977010,2,0.00000000,0.00000000
1623616000.82016373,2,0.00000000,0.00000000
1623616000.91977644,2,0.00000000,0.00000000
1623616000.91984844,2,0.00000000,0.00000000
1623616001.01976895,2,0.00000000,0.00000000
1623616001.02008724,2,0.00000000,0.00000000
1623616001.11978221,2,0.00000000,0.00000000
1623616001.12003541,2,0.00000000,0.00000000
1623616001.21981883,2,0.00000000,0.00000000
1623616001.22014570,2,0.00000000,0.00000000
1623616001.31981683,2,0.00000000,0.00000000
1623616001.32013369,2,0.00000000,0.00000000
1623616001.41982055,2,0.00000000,0.00000000
1623616001.42007661,2,0.00000000,0.00000000
1623616001.51978874,2,0.00000000,0.00000000
1623616001.52008319,2,0.00000000,0.00000000
1623616001.61978221,2,0.00000000,0.00000000
1623616001.62003899,2,0.00000000,0.00000000
1623616001.71982241,2,0.00000000,0.00000000
1623616001.72006822,2,0.00000000,0.00000000
1623616001.81975126,2,0.00000000,0.00000000
1623616001.81999946,2,0.00000000,0.00000000
1623616001.91989970,2,0.00000000,0.00000000
1623616001.92014742,2,0.00000000,0.00000000
1623616002.01978254,2,0.00000000,0.00000000
1623616002.02007961,2,0.00000000,0.00000000
1623616002.11976671,2,0.00000000,0.00000000
1623616002.12001204,2,0.00000000,0.00000000
1623616002.21977377,2,0.00000000,0.00000000
1623616002.22002006,2,0.00000000,0.00000000
1623616002.31982350,2,0.00000000,0.00000000
1623616002.32015014,2,0.00000000,0.00000000
1623616002.41983747,2,0.00000000,0.00000000
1623616002.42016554,2,0.00000000,0.00000000
1623616002.51975536,2,0.00000000,0.00000000
1623616002.52000833,2,0.00000000,0.00000000
1623616002.61981821,2,0.00000000,0.00000000
1623616002.62006330,2,0.00000000,0.00000000
1623616002.71977425,2,0.00000000,0.00000000
1623616002.72009373,2,0.00000000,0.00000000
1623616002.81977010,2,0.00000000,0.00000000
1623616002.82001758,2,0.00000000,0.00000000
1623616002.91976023,2,0.00000000,0.00000000
1623616002.92008638,2,0.00000000,0.00000000
1623616003.01976848,2,0.00000000,0.00000000
1623616003.02001786,2,0.00000000,0.00000000
1623616003.11976027,2,0.00000000,0.00000000
1623616003.12000990,2,0.00000000,0.00000000
1623616003.21982074,2,0.00000000,0.00000000
1623616003.22007084,2,0.00000000,0.00000000
1623616003.31973934,2,0.00000000,0.00000000
1623616003.31998992,2,0.00000000,0.00000000
1623616003.41978288,2,0.00000000,0.00000000
1623616003.42003369,2,0.00000000,0.00000000
1623616003.51978326,2,0.00000000,0.00000000
1623616003.52005291,2,0.00000000,0.00000000
1623616003.61975551,2,0.00000000,0.00000000
1623616003.62000775,2,0.00000000,0.00000000
1623616003.71976900,2,0.00000000,0.00000000
1623616003.72000790,2,0.00000000,0.00000000
1623616003.81977391,2,0.00000000,0.00000000
1623616003.82001710,2,0.00000000,0.00000000
1623616003.91975307,2,0.00000000,0.00000000
1623616003.92000628,2,0.00000000,0.00000000
1623616004.01981974,2,0.00000000,0.00000000
1623616004.02009797,2,0.00000000,0.00000000
1623616004.11976194,2,0.00000000,0.00000000
1623616004.12000561,2,0.00000000,0.00000000
1623616004.21976161,2,0.00000000,0.00000000
1623616004.22002506,2,0.00000000,0.00000000
1623616004.31976819,2,0.00000000,0.00000000
1623616004.32009816,2,0.00000000,0.00000000
1623616004.41976833,2,0.00000000,0.00000000
1623616004.42003584,2,0.00000000,0.00000000
1623616004.51982212,2,0.00000000,0.00000000
1623616004.52007651,2,0.00000000,0.00000000
1623616004.61976099,2,0.00000000,0.00000000
1623616004.62001371,2,0.00000000,0.00000000
1623616004.71976614,2,0.00000000,0.00000000
1623616004.72001219,2,0.00000000,0.00000000
1623616004.81976438,2,0.00000000,0.00000000
1623616004.82002044,2,0.00000000,0.00000000
1623616004.91976213,2,0.00000000,0.00000000
1623616004.92003012,2,0.00000000,0.00000000
1623616005.01971507,2,0.00000000,0.00000000
1623616005.01980948,2,0.00000000,0.00000000
1623616005.11977005,2,0.00000000,0.00000000
1623616005.12002850,2,0.00000000,0.00000000
1623616005.21977592,2,0.00000000,0.00000000
1623616005.22002625,2,0.00000000,0.00000000
1623616005.31977654,2,0.00000000,0.00000000
1623616005.32002807,2,0.00000000,0.00000000
1623616005.41973448,2,0.00000000,0.00000000
1623616005.42013168,2,0.00000000,0.00000000
1623616005.51979160,2,0.00000000,0.00000000
1623616005.52020359,2,0.00000000,0.00000000
1623616005.61977696,2,0.00000000,0.00000000
1623616005.62003732,2,0.00000000,0.00000000
1623616005.71978235,2,0.00000000,0.00000000
1623616005.72008228,2,0.00000000,0.00000000
1623616005.81978154,2,0.00000000,0.00000000
1623616005.82003689,2,0.00000000,0.00000000
1623616005.91978216,2,0.00000000,0.00000000
1623616005.92003846,2,0.00000000,0.00000000
1623616006.01978350,2,0.00000000,0.00000000
1623616006.02009368,2,0.00000000,0.00000000
1623616006.11978197,2,0.00000000,0.00000000
1623616006.12003517,2,0.00000000,0.00000000
1623616006.21975017,2,0.00000000,0.00000000
1623616006.22021151,2,0.00000000,0.00000000
1623616006.31974459,2,0.00000000,0.00000000
1623616006.32006621,2,0.00000000,0.00000000
1623616006.41978121,2,0.00000000,0.00000000
1623616006.42002678,2,0.00000000,0.00000000
1623616006.51977611,2,0.00000000,0.00000000
1623616006.52005243,2,0.00000000,0.00000000
1623616006.61982012,2,0.00000000,0.00000000
1623616006.62008190,2,0.00000000,0.00000000
1623616006.71979356,2,0.00000000,0.00000000
1623616006.72012115,2,0.00000000,0.00000000
1623616006.81974602,2,0.00000000,0.00000000
1623616006.81999922,2,0.00000000,0.00000000
1623616006.91978717,2,0.00000000,0.00000000
1623616006.92005253,2,0.00000000,0.00000000
1623616007.01978111,2,0.00000000,0.00000000
1623616007.02002478,2,0.00000000,0.00000000
1623616007.11977696,2,0.00000000,0.00000000
1623616007.12006664,2,0.00000000,0.00000000
1623616007.21977901,2,0.00000000,0.00000000
1623616007.22002459,2,0.00000000,0.00000000
1623616007.31977987,2,0.00000000,0.00000000
1623616007.32014227,2,0.00000000,0.00000000
1623616007.41977000,2,0.00000000,0.00000000
1623616007.42002320,2,0.00000000,0.00000000
1623616007.51976943,2,0.00000000,0.00000000
1623616007.52001262,2,0.00000000,0.00000000
1623616007.61976790,2,0.00000000,0.00000000
1623616007.62002754,2,0.00000000,0.00000000
1623616007.71978521,2,0.00000000,0.00000000
1623616007.72005177,2,0.00000000,0.00000000
1623616007.81980133,2,0.00000000,0.00000000
1623616007.82009387,2,0.00000000,0.00000000
1623616007.91979361,2,0.00000000,0.00000000
1623616007.92008352,2,0.00000000,0.00000000
1623616008.01980329,2,0.00000000,0.00000000
1623616008.02014589,2,0.00000000,0.00000000
1623616008.11979842,2,0.00000000,0.00000000
1623616008.12023473,2,0.00000000,0.00000000
1623616008.21977091,2,0.00000000,0.00000000
1623616008.22001290,2,0.00000000,0.00000000
1623616008.31977105,2,0.00000000,0.00000000
1623616008.32001829,2,0.00000000,0.00000000
1623616008.41975641,2,0.00000000,0.00000000
1623616008.42000461,2,0.00000000,0.00000000
1623616008.51977634,2,0.00000000,0.00000000
1623616008.52003622,2,0.00000000,0.00000000
1623616008.61976218,2,0.00000000,0.00000000
1623616008.62001276,2,0.00000000,0.00000000
1623616008.71978211,2,0.00000000,0.00000000
1623616008.72003865,2,0.00000000,0.00000000
1623616008.81977272,2,0.00000000,0.00000000
1623616008.82004547,2,0.00000000,0.00000000
1623616008.91977692,2,0.00000000,0.00000000
1623616008.92004514,2,0.00000000,0.00000000
1623616009.01977444,2,0.00000000,0.00000000
1623616009.02007818,2,0.00000000,0.00000000
1623616009.11981416,2,0.00000000,0.00000000
1623616009.12006140,2,0.00000000,0.00000000
1623616009.21977901,2,0.00000000,0.00000000
1623616009.22002697,2,0.00000000,0.00000000
1623616009.31978464,2,0.00000000,0.00000000
1623616009.32003975,2,0.00000000,0.00000000
1623616009.41978168,2,0.00000000,0.00000000
1623616009.42002416,2,0.00000000,0.00000000
1623616009.51978517,2,0.00000000,0.00000000
1623616009.52003098,2,0.00000000,0.00000000
1623616009.61978459,2,0.00000000,0.00000000
1623616009.62006831,2,0.00000000,0.00000000
1623616009.71978092,2,0.00000000,0.00000000
1623616009.72009587,2,0.00000000,0.00000000
1623616009.81977296,2,0.00000000,0.00000000
1623616009.82002425,2,0.00000000,0.00000000
1623616009.91977620,2,0.00000000,0.00000000
1623616009.92002034,2,0.00000000,0.00000000
1623616010.01973653,2,0.00000000,0.00000000
1623616010.01986289,2,0.00000000,0.00000000
1623616010.11977100,2,0.00000000,0.00000000
1623616010.12001157,2,0.00000000,0.00000000
1623616010.21976972,2,0.00000000,0.00000000
1623616010.22006321,2,0.00000000,0.00000000
1623616010.31976175,2,0.00000000,0.00000000
1623616010.32002831,2,0.00000000,0.00000000
1623616010.41977525,2,0.00000000,0.00000000
1623616010.42002058,2,0.00000000,0.00000000
1623616010.51974225,2,0.00000000,0.00000000
1623616010.52016497,2,0.00000000,0.00000000
1623616010.61976862,2,0.00000000,0.00000000
1623616010.62011552,2,0.00000000,0.00000000
1623616010.71977186,2,0.00000000,0.00000000
1623616010.72010326,2,0.00000000,0.00000000
1623616010.81977582,2,0.00000000,0.00000000
1623616010.82002473,2,0.00000000,0.00000000
1623616010.91975689,2,0.00000000,0.00000000
1623616010.91999650,2,0.00000000,0.00000000
1623616011.01979828,2,0.00000000,0.00000000
1623616011.02016902,2,0.00000000,0.00000000
1623616011.11977053,2,0.00000000,0.00000000
1623616011.12001419,2,0.00000000,0.00000000
1623616011.21978498,2,0.00000000,0.00000000
1623616011.22003675,2,0.00000000,0.00000000
1623616011.31983137,2,0.00000000,0.00000000
1623616011.32014894,2,0.00000000,0.00000000
1623616011.41977000,2,0.00000000,0.00000000
1623616011.42001677,2,0.00000000,0.00000000
1623616011.51977515,2,0.00000000,0.00000000
1623616011.52002144,2,0.00000000,0.00000000
1623616011.61976647,2,0.00000000,0.00000000
1623616011.62006664,2,0.00000000,0.00000000
1623616011.71980953,2,0.00000000,0.00000000
1623616011.72019124,2,0.00000000,0.00000000
1623616011.81977463,2,0.00000000,0.00000000
1623616011.82004833,2,0.00000000,0.00000000
1623616011.91975522,2,0.00000000,0.00000000
1623616011.91993308,2,0.00000000,0.00000000
1623616012.01973963,2,0.00000000,0.00000000
1623616012.01998162,2,0.00000000,0.00000000
1623616012.11973643,2,0.00000000,0.00000000
1623616012.11982584,2,0.00000000,0.00000000
1623616012.21973205,2,0.00000000,0.00000000
1623616012.21980381,2,0.00000000,0.00000000
1623616012.31969833,2,0.00000000,0.00000000
1623616012.31979847,2,0.00000000,0.00000000
1623616012.41970468,2,0.00000000,0.00000000
1623616012.41979814,2,0.00000000,0.00000000
1623616012.51973295,2,0.00000000,0.00000000
1623616012.51980615,2,0.00000000,0.00000000
1623616012.61970353,2,0.00000000,0.00000000
1623616012.61978126,2,0.00000000,0.00000000
1623616012.71969438,2,0.00000000,0.00000000
1623616012.71976686,2,0.00000000,0.00000000
1623616012.81973243,2,0.00000000,0.00000000
1623616012.81980777,2,0.00000000,0.00000000
1623616012.91969991,2,0.00000000,0.00000000
1623616012.91977477,2,0.00000000,0.00000000
1623616013.01970315,2,0.00000000,0.00000000
1623616013.01977181,2,0.00000000,0.00000000
1623616013.11973548,2,0.00000000,0.00000000
1623616013.11983204,2,0.00000000,0.00000000
1623616013.21972680,2,0.00000000,0.00000000
1623616013.21993351,2,0.00000000,0.00000000
1623616013.31973624,2,0.00000000,0.00000000
1623616013.31984282,2,0.00000000,0.00000000
1623616013.41973972,2,0.00000000,0.00000000
1623616013.41981506,2,0.00000000,0.00000000
1623616013.51973367,2,0.00000000,0.00000000
1623616013.51981020,2,0.00000000,0.00000000
1623616013.61977458,2,0.00000000,0.00000000
1623616013.62002993,2,0.00000000,0.00000000
1623616013.71969724,2,0.00000000,0.00000000
1623616013.71977687,2,0.00000000,0.00000000
1623616013.81973243,2,0.00000000,0.00000000
1623616013.81986141,2,0.00000000,0.00000000
1623616013.91969752,2,0.00000000,0.00000000
1623616013.91977239,2,0.00000000,0.00000000
1623616014.01975441,2,0.00000000,0.00000000
1623616014.01999760,2,0.00000000,0.00000000
1623616014.11972547,2,0.00000000,0.00000000
1623616014.11998343,2,0.00000000,0.00000000
1623616014.21974850,2,0.00000000,0.00000000
1623616014.21984744,2,0.00000000,0.00000000
1623616014.31974936,2,0.00000000,0.00000000
1623616014.31990933,2,0.00000000,0.00000000
1623616014.41975451,2,0.00000000,0.00000000
1623616014.41993380,2,0.00000000,0.00000000
1623616014.51977253,2,0.00000000,0.00000000
1623616014.51984835,2,0.00000000,0.00000000
1623616014.61978412,2,0.00000000,0.00000000
1623616014.62003493,2,0.00000000,0.00000000
1623616014.71977901,2,0.00000000,0.00000000
1623616014.72012925,2,0.00000000,0.00000000
1623616014.81976485,2,0.00000000,0.00000000
1623616014.82003832,2,0.00000000,0.00000000
1623616014.91969752,2,0.00000000,0.00000000
1623616014.91977358,2,0.00000000,0.00000000
1623616015.01977563,2,0.00000000,0.00000000
1623616015.02014327,2,0.00000000,0.00000000
1623616015.11973619,2,0.00000000,0.00000000
1623616015.11981535,2,0.00000000,0.00000000
1623616015.21973634,2,0.00000000,0.00000000
1623616015.21983218,2,0.00000000,0.00000000
1623616015.31973314,2,0.00000000,0.00000000
1623616015.31987381,2,0.00000000,0.00000000
1623616015.41975689,2,0.00000000,0.00000000
1623616015.41992855,2,0.00000000,0.00000000
1623616015.51978135,2,0.00000000,0.00000000
1623616015.52004194,2,0.00000000,0.00000000
1623616015.61977196,2,0.00000000,0.00000000
1623616015.62002969,2,0.00000000,0.00000000
1623616015.71976662,2,0.00000000,0.00000000
1623616015.71983814,2,0.00000000,0.00000000
1623616015.81973052,2,0.00000000,0.00000000
1623616015.81980324,2,0.00000000,0.00000000
1623616015.91977811,2,0.00000000,0.00000000
1623616015.92004037,2,0.00000000,0.00000000
1623616016.01975250,2,0.00000000,0.00000000
1623616016.02011323,2,0.00000000,0.00000000
1623616016.11973763,2,0.00000000,0.00000000
1623616016.11983252,2,0.00000000,0.00000000
1623616016.21973252,2,0.00000000,0.00000000
1623616016.21981311,2,0.00000000,0.00000000
1623616016.31978369,2,0.00000000,0.00000000
1623616016.32041860,2,0.00000000,0.00000000
1623616016.41977310,2,0.00000000,0.00000000
1623616016.42002392,2,0.00000000,0.00000000
1623616016.51977968,2,0.00000000,0.00000000
1623616016.52014470,2,0.00000000,0.00000000
1623616016.61978745,2,0.00000000,0.00000000
1623616016.62004113,2,0.00000000,0.00000000
1623616016.71980143,2,0.00000000,0.00000000
1623616016.71998048,2,0.00000000,0.00000000
1623616016.81977677,2,0.00000000,0.00000000
1623616016.82007742,2,0.00000000,0.00000000
1623616016.91977954,2,0.00000000,0.00000000
1623616016.92003727,2,0.00000000,0.00000000
1623616017.01976228,2,0.00000000,0.00000000
1623616017.01990271,2,0.00000000,0.00000000
1623616017.11976719,2,0.00000000,0.00000000
1623616017.12001348,2,0.00000000,0.00000000
1623616017.21980906,2,0.00000000,0.00000000
1623616017.22061777,2,0.00000000,0.00000000
1623616017.31977272,2,0.00000000,0.00000000
1623616017.32001591,2,0.00000000,0.00000000
1623616017.41977358,2,0.00000000,0.00000000
1623616017.41984129,2,0.00000000,0.00000000
1623616017.51975799,2,0.00000000,0.00000000
1623616017.51986885,2,0.00000000,0.00000000
1623616017.61973786,2,0.00000000,0.00000000
1623616017.61998868,2,0.00000000,0.00000000
1623616017.71976995,2,0.00000000,0.00000000
1623616017.72006559,2,0.00000000,0.00000000
1623616017.81969953,2,0.00000000,0.00000000
1623616017.81976914,2,0.00000000,0.00000000
1623616017.91970325,2,0.00000000,0.00000000
1623616017.91981006,2,0.00000000,0.00000000
1623616018.01975703,2,0.00000000,0.00000000
1623616018.02013350,2,0.00000000,0.00000000
1623616018.11978483,2,0.00000000,0.00000000
1623616018.12009311,2,0.00000000,0.00000000
1623616018.21977472,2,0.00000000,0.00000000
1623616018.22002506,2,0.00000000,0.00000000
1623616018.31979156,2,0.00000000,0.00000000
1623616018.32012844,2,0.00000000,0.00000000
1623616018.41978216,2,0.00000000,0.00000000
1623616018.42007422,2,0.00000000,0.00000000
1623616018.51974630,2,0.00000000,0.00000000
1623616018.51992369,2,0.00000000,0.00000000
1623616018.61973596,2,0.00000000,0.00000000
1623616018.62004328,2,0.00000000,0.00000000
1623616018.71976471,2,0.00000000,0.00000000
1623616018.71999717,2,0.00000000,0.00000000
1623616018.81976056,2,0.00000000,0.00000000
1623616018.82001305,2,0.00000000,0.00000000
1623616018.91976762,2,0.00000000,0.00000000
1623616018.92000556,2,0.00000000,0.00000000
1623616019.01978517,2,0.00000000,0.00000000
1623616019.02007413,2,0.00000000,0.00000000
1623616019.11974740,2,0.00000000,0.00000000
1623616019.11997938,2,0.00000000,0.00000000
1623616019.21977210,2,0.00000000,0.00000000
1623616019.21984792,2,0.00000000,0.00000000
1623616019.31977463,2,0.00000000,0.00000000
1623616019.32004237,2,0.00000000,0.00000000
1623616019.41974497,2,0.00000000,0.00000000
1623616019.41984773,2,0.00000000,0.00000000
1623616019.51977754,2,0.00000000,0.00000000
1623616019.61977744,2,0.00000000,0.00000000
1623616019.71974039,2,0.00000000,0.00000000
1623616019.81969881,2,0.00000000,0.00000000
1623616019.91976595,2,0.00000000,0.00000000
1623616020.01979733,2,0.00000000,0.00000000
1623616020.11978221,2,0.00000000,0.00000000
1623616020.21969962,2,0.00000000,0.00000000
1623616020.31969333,2,0.00000000,0.00000000
1623616020.41969419,2,0.00000000,0.00000000
1623616020.51974440,2,0.00000000,0.00000000
1623616020.61975789,2,0.00000000,0.00000000
1623616020.71978498,2,0.00000000,0.00000000
1623616020.81980324,2,0.00000000,0.00000000
1623616020.91977525,2,0.00000000,0.00000000
1623616021.01979566,2,0.00000000,0.00000000
1623616021.11977839,2,0.00000000,0.00000000
1623616021.21974826,2,0.00000000,0.00000000
1623616021.31976438,2,0.00000000,0.00000000
1623616021.41978550,2,0.00000000,0.00000000
1623616021.51977825,2,0.00000000,0.00000000
1623616021.61974764,2,0.00000000,0.00000000
1623616021.71983337,2,0.00000000,0.00000000
1623616021.81980395,2,0.00000000,0.00000000
1623616021.91981816,2,0.00000000,0.00000000
1623616022.01975298,2,0.00000000,0.00000000
1623616022.11977601,2,0.00000000,0.00000000
1623616022.21978164,2,0.00000000,0.00000000
1623616022.31979275,2,0.00000000,0.00000000
1623616022.41982865,2,0.00000000,0.00000000
1623616022.51982117,2,0.00000000,0.00000000
1623616022.61975241,2,0.00000000,0.00000000
1623616022.71982431,2,0.00000000,0.00000000
1623616022.81974959,2,0.00000000,0.00000000
1623616022.91979742,2,0.00000000,0.00000000
1623616023.01976085,2,0.00000000,0.00000000
1623616023.11978889,2,0.00000000,0.00000000
