Seconds,Desired Distance
1625834913.54535604,3.50000000
1625834913.64520478,3.50000000
1625834913.74525642,3.50000000
1625834913.84526420,3.50000000
1625834913.94527245,3.50000000
1625834914.04523826,3.50000000
1625834914.14523578,3.50000000
1625834914.24502754,3.50000000
1625834914.34526920,3.50000000
1625834914.44530773,3.50000000
1625834914.54531550,3.50000000
1625834914.64532185,3.50000000
1625834914.74527287,3.50000000
1625834914.84527302,3.50000000
1625834914.94534278,3.50000000
1625834915.04496956,3.50000000
1625834915.14496469,3.50000000
1625834915.24496865,3.50000000
1625834915.34497571,3.50000000
1625834915.44526815,3.50000000
1625834915.54522943,3.50000000
1625834915.64527774,3.50000000
1625834915.74530125,3.50000000
1625834915.84529853,3.50000000
1625834915.94530439,3.50000000
1625834916.04525995,3.50000000
1625834916.14525175,3.50000000
1625834916.24525523,3.50000000
1625834916.34525394,3.50000000
1625834916.44506931,3.50000000
1625834916.54533100,3.50000000
1625834916.64526749,3.50000000
1625834916.74525166,3.50000000
1625834916.84526324,3.50000000
1625834916.94498897,3.50000000
1625834917.04496932,3.50000000
1625834917.14500618,3.50000000
1625834917.24496341,3.50000000
1625834917.34497118,3.50000000
1625834917.44496894,3.50000000
1625834917.54496741,3.50000000
1625834917.64529157,3.50000000
1625834917.74520636,3.50000000
1625834917.84497643,3.50000000
1625834917.94527888,3.50000000
1625834918.04532695,3.50000000
1625834918.14517832,3.50000000
1625834918.24532533,3.50000000
1625834918.34516430,3.50000000
1625834918.44528270,3.50000000
1625834918.54524851,3.50000000
1625834918.64523411,3.50000000
1625834918.74504375,3.50000000
1625834918.84523416,3.50000000
1625834918.94527578,3.50000000
1625834919.04522610,3.50000000
1625834919.14520359,3.50000000
1625834919.24530029,3.50000000
1625834919.34541178,3.50000000
1625834919.44526529,3.50000000
1625834919.54527020,3.50000000
1625834919.64525580,3.50000000
1625834919.74530816,3.50000000
1625834919.84528041,3.50000000
1625834919.94522548,3.50000000
1625834920.04525113,3.50000000
1625834920.14523339,3.50000000
1625834920.24525285,3.50000000
1625834920.34511971,3.50000000
1625834920.44497848,3.50000000
1625834920.54508185,3.50000000
1625834920.64525533,3.50000000
1625834920.74524498,3.50000000
1625834920.84528661,3.50000000
1625834920.94527721,3.50000000
1625834921.04529452,3.50000000
1625834921.14532518,3.50000000
1625834921.24513555,3.50000000
1625834921.34528613,3.50000000
1625834921.44532800,3.50000000
1625834921.54525423,3.50000000
1625834921.64525199,3.50000000
1625834921.74523926,3.50000000
1625834921.84528160,3.50000000
1625834921.94527054,3.50000000
1625834922.04518175,3.50000000
1625834922.14526749,3.50000000
1625834922.24528146,3.50000000
1625834922.34530067,3.50000000
1625834922.44522238,3.50000000
1625834922.54521966,3.50000000
1625834922.64527321,3.50000000
1625834922.74529076,3.50000000
1625834922.84529853,3.50000000
1625834922.94526172,3.50000000
1625834923.04527283,3.50000000
1625834923.14526248,3.50000000
1625834923.24523878,3.50000000
1625834923.34507370,3.50000000
1625834923.44524121,3.50000000
1625834923.54521990,3.50000000
1625834923.64535546,3.50000000
1625834923.74520206,3.50000000
1625834923.84522867,3.50000000
1625834923.94508672,3.50000000
1625834924.04523897,3.50000000
1625834924.14522529,3.50000000
1625834924.24523282,3.50000000
1625834924.34522986,3.50000000
1625834924.44528723,3.50000000
1625834924.54524374,3.50000000
1625834924.64524508,3.50000000
1625834924.74527764,3.50000000
1625834924.84541678,3.50000000
1625834924.94499445,3.50000000
1625834925.04500580,3.50000000
1625834925.14502883,3.50000000
1625834925.24516630,3.50000000
1625834925.34499764,3.50000000
1625834925.44531965,3.50000000
1625834925.54538703,3.50000000
1625834925.64546776,3.50000000
1625834925.74535275,3.50000000
1625834925.84535050,3.50000000
1625834925.94547868,3.50000000
1625834926.04502034,3.50000000
1625834926.14529443,3.50000000
1625834926.24528718,3.50000000
1625834926.34525776,3.50000000
1625834926.44528532,3.50000000
1625834926.54541564,3.50000000
1625834926.64529419,3.50000000
1625834926.74535584,3.50000000
1625834926.84527946,3.50000000
1625834926.94504714,3.50000000
1625834927.04534173,3.50000000
1625834927.14534521,3.50000000
1625834927.24539447,3.50000000
1625834927.34531021,3.50000000
1625834927.44511676,3.50000000
1625834927.54528737,3.50000000
1625834927.64550662,3.50000000
1625834927.74528098,3.50000000
1625834927.84534478,3.50000000
1625834927.94528770,3.50000000
1625834928.04527450,3.50000000
1625834928.14532781,3.50000000
1625834928.24529099,3.50000000
1625834928.34527373,3.50000000
1625834928.44535041,3.50000000
1625834928.54524755,3.50000000
1625834928.64517069,3.50000000
1625834928.74509597,3.50000000
1625834928.84531331,3.50000000
1625834928.94530392,3.50000000
1625834929.04524374,3.50000000
1625834929.14534998,3.50000000
1625834929.24511981,3.50000000
1625834929.34526181,3.50000000
1625834929.44529057,3.50000000
1625834929.54526472,3.50000000
1625834929.64523983,3.50000000
1625834929.74529314,3.50000000
1625834929.84527159,3.50000000
1625834929.94526863,3.50000000
1625834930.04522800,3.50000000
1625834930.14523220,3.50000000
1625834930.24531817,3.50000000
1625834930.34538388,3.50000000
1625834930.44528747,3.50000000
1625834930.54522896,3.50000000
1625834930.64533353,3.50000000
1625834930.74526644,3.50000000
1625834930.84536195,3.50000000
1625834930.94527626,3.50000000
1625834931.04522896,3.50000000
1625834931.14525175,3.50000000
1625834931.24527693,3.50000000
1625834931.34529829,3.50000000
1625834931.44527125,3.50000000
1625834931.54528713,3.50000000
1625834931.64523768,3.50000000
1625834931.74527335,3.50000000
1625834931.84527683,3.50000000
1625834931.94523907,3.50000000
1625834932.04529977,3.50000000
1625834932.14533663,3.50000000
1625834932.24529195,3.50000000
1625834932.34523892,3.50000000
1625834932.44532871,3.50000000
1625834932.54526401,3.50000000
1625834932.64532351,3.50000000
1625834932.74531603,2.00000000
1625834932.84529805,2.00000000
1625834932.94526982,2.00000000
1625834933.04524469,2.00000000
1625834933.14523363,2.00000000
1625834933.24531388,2.00000000
1625834933.34531260,2.00000000
1625834933.44532728,2.00000000
1625834933.54533005,2.00000000
1625834933.64502883,2.00000000
1625834933.74533439,2.00000000
1625834933.84528708,2.00000000
1625834933.94526052,2.00000000
1625834934.04527760,2.00000000
1625834934.14534354,2.00000000
1625834934.24530792,2.00000000
1625834934.34560251,2.00000000
1625834934.44531894,2.00000000
1625834934.54535484,2.00000000
1625834934.64535666,2.00000000
1625834934.74528027,2.00000000
1625834934.84531832,2.00000000
1625834934.94525576,2.00000000
1625834935.04528832,2.00000000
1625834935.14524984,2.00000000
1625834935.24527311,2.00000000
1625834935.34529209,2.00000000
1625834935.44525480,2.00000000
1625834935.54521966,2.00000000
1625834935.64534140,2.00000000
1625834935.74526143,2.00000000
1625834935.84523630,2.00000000
1625834935.94526935,2.00000000
1625834936.04526782,2.00000000
1625834936.14527297,2.00000000
1625834936.24525738,2.00000000
1625834936.34525251,2.00000000
1625834936.44522834,2.00000000
1625834936.54527450,2.00000000
1625834936.64508653,2.00000000
1625834936.74528694,2.00000000
1625834936.84524846,2.00000000
1625834936.94505787,2.00000000
1625834937.04524946,2.00000000
1625834937.14527893,2.00000000
1625834937.24528050,2.00000000
1625834937.34522772,2.00000000
1625834937.44523931,2.00000000
1625834937.54525304,2.00000000
1625834937.64528513,2.00000000
1625834937.74529791,2.00000000
1625834937.84541011,2.00000000
1625834937.94520068,2.00000000
1625834938.04519820,2.00000000
1625834938.14526677,2.00000000
1625834938.24528241,2.00000000
1625834938.34529138,2.00000000
1625834938.44528103,2.00000000
1625834938.54524517,2.00000000
1625834938.64529181,2.00000000
1625834938.74526095,2.00000000
1625834938.84524155,2.00000000
1625834938.94524860,2.00000000
1625834939.04528594,2.00000000
1625834939.14528465,2.00000000
1625834939.24525428,2.00000000
1625834939.34525180,2.00000000
1625834939.44526553,2.00000000
1625834939.54523063,2.00000000
1625834939.64512658,2.00000000
1625834939.74529147,2.00000000
1625834939.84534764,2.00000000
1625834939.94527006,2.00000000
1625834940.04530311,2.00000000
1625834940.14531684,2.00000000
1625834940.24521899,2.00000000
1625834940.34525299,2.00000000
1625834940.44525623,2.00000000
1625834940.54527473,2.00000000
1625834940.64528251,2.00000000
1625834940.74528241,2.00000000
1625834940.84523249,2.00000000
1625834940.94522882,2.00000000
1625834941.04527259,2.00000000
1625834941.14524293,2.00000000
1625834941.24524808,2.00000000
1625834941.34520507,2.00000000
1625834941.44526958,2.00000000
1625834941.54523253,2.00000000
1625834941.64502597,2.00000000
1625834941.74525619,2.00000000
1625834941.84521747,2.00000000
1625834941.94523358,2.00000000
1625834942.04528236,2.00000000
1625834942.14524150,2.00000000
1625834942.24522495,2.00000000
1625834942.34526730,2.00000000
1625834942.44545817,2.00000000
1625834942.54526258,2.00000000
1625834942.64525461,2.00000000
1625834942.74531746,2.00000000
1625834942.84521961,2.00000000
1625834942.94525814,2.00000000
1625834943.04535317,2.00000000
1625834943.14534068,2.00000000
1625834943.24525619,2.00000000
1625834943.34523630,2.00000000
1625834943.44534612,2.00000000
1625834943.54525423,2.00000000
1625834943.64531660,2.00000000
1625834943.74524641,2.00000000
1625834943.84526539,2.00000000
1625834943.94520783,2.00000000
1625834944.04537487,3.50000000
1625834944.14525676,3.50000000
1625834944.24523497,3.50000000
1625834944.34522843,3.50000000
1625834944.44523120,3.50000000
1625834944.54531264,3.50000000
1625834944.64532709,3.50000000
1625834944.74523735,3.50000000
1625834944.84540272,3.50000000
1625834944.94533372,3.50000000
1625834945.04536748,3.50000000
1625834945.14540148,3.50000000
1625834945.24536037,3.50000000
1625834945.34537053,3.50000000
1625834945.44537687,3.50000000
1625834945.54504919,3.50000000
1625834945.64534235,3.50000000
1625834945.74530625,3.50000000
1625834945.84529567,3.50000000
1625834945.94531107,3.50000000
1625834946.04562211,3.50000000
1625834946.14539337,3.50000000
1625834946.24535322,3.50000000
1625834946.34529591,3.50000000
1625834946.44528151,3.50000000
1625834946.54523182,3.50000000
1625834946.64524937,3.50000000
1625834946.74538732,3.50000000
1625834946.84537244,3.50000000
1625834946.94512439,3.50000000
1625834947.04529572,3.50000000
1625834947.14528799,3.50000000
1625834947.24528432,3.50000000
1625834947.34524131,3.50000000
1625834947.44529939,3.50000000
1625834947.54527760,3.50000000
1625834947.64543939,3.50000000
1625834947.74530244,3.50000000
1625834947.84541607,3.50000000
1625834947.94528461,3.50000000
1625834948.04528785,3.50000000
1625834948.14526081,3.50000000
1625834948.24531698,3.50000000
1625834948.34526849,3.50000000
1625834948.44529653,3.50000000
1625834948.54534793,3.50000000
1625834948.64528394,3.50000000
1625834948.74534130,3.50000000
1625834948.84536481,3.50000000
1625834948.94524789,3.50000000
1625834949.04525328,3.50000000
1625834949.14525723,3.50000000
1625834949.24523711,3.50000000
1625834949.34526730,3.50000000
1625834949.44525194,3.50000000
1625834949.54524612,3.50000000
1625834949.64520860,3.50000000
1625834949.74525571,3.50000000
1625834949.84537840,3.50000000
1625834949.94530082,3.50000000
1625834950.04529452,3.50000000
1625834950.14522910,3.50000000
1625834950.24529791,3.50000000
1625834950.34529448,3.50000000
1625834950.44533634,3.50000000
1625834950.54536009,3.50000000
1625834950.64527440,3.50000000
1625834950.74531722,3.50000000
1625834950.84524298,3.50000000
1625834950.94529080,3.50000000
1625834951.04527354,3.50000000
1625834951.14499974,2.00000000
1625834951.24527431,2.00000000
1625834951.34525466,2.00000000
1625834951.44522357,2.00000000
1625834951.54530096,2.00000000
1625834951.64527702,2.00000000
1625834951.74525237,2.00000000
1625834951.84528780,2.00000000
1625834951.94528198,2.00000000
1625834952.04523468,2.00000000
1625834952.14524078,2.00000000
1625834952.24528885,2.00000000
1625834952.34526229,2.00000000
1625834952.44528580,2.00000000
1625834952.54526901,2.00000000
1625834952.64524102,2.00000000
1625834952.74527860,2.00000000
1625834952.84523463,2.00000000
1625834952.94526458,2.00000000
1625834953.04526448,2.00000000
1625834953.14523149,2.00000000
1625834953.24522209,2.00000000
1625834953.34524751,2.00000000
1625834953.44521570,2.00000000
1625834953.54530811,2.00000000
1625834953.64549947,2.00000000
1625834953.74507141,2.00000000
1625834953.84535980,2.00000000
1625834953.94531274,2.00000000
1625834954.04538298,2.00000000
1625834954.14532185,2.00000000
1625834954.24532437,2.00000000
1625834954.34526682,2.00000000
1625834954.44542718,2.00000000
1625834954.54530525,2.00000000
1625834954.64527345,2.00000000
1625834954.74533248,2.00000000
1625834954.84532905,2.00000000
1625834954.94528294,2.00000000
1625834955.04532003,2.00000000
1625834955.14523578,2.00000000
1625834955.24526668,2.00000000
1625834955.34527612,2.00000000
1625834955.44526362,2.00000000
1625834955.54537463,2.00000000
1625834955.64522672,2.00000000
1625834955.74522948,2.00000000
1625834955.84529042,2.00000000
1625834955.94512153,2.00000000
1625834956.04525280,2.00000000
1625834956.14528346,2.00000000
1625834956.24528384,2.00000000
1625834956.34526372,2.00000000
1625834956.44527197,2.00000000
1625834956.54523492,2.00000000
1625834956.64528227,2.00000000
1625834956.74536705,2.00000000
1625834956.84533978,2.00000000
1625834956.94505239,2.00000000
1625834957.04524708,2.00000000
1625834957.14525914,2.00000000
1625834957.24528050,2.00000000
1625834957.34526587,2.00000000
1625834957.44524527,2.00000000
1625834957.54529023,2.00000000
1625834957.64528728,2.00000000
1625834957.74536729,2.00000000
1625834957.84533286,2.00000000
1625834957.94524360,2.00000000
1625834958.04530692,2.00000000
1625834958.14526272,2.00000000
1625834958.24528742,2.00000000
1625834958.34528327,2.00000000
1625834958.44527555,2.00000000
1625834958.54528236,2.00000000
1625834958.64523101,2.00000000
1625834958.74527717,2.00000000
1625834958.84526348,2.00000000
1625834958.94528174,2.00000000
1625834959.04525781,2.00000000
1625834959.14527965,2.00000000
1625834959.24524736,2.00000000
1625834959.34524059,2.00000000
1625834959.44533920,2.00000000
1625834959.54531789,2.00000000
1625834959.64533305,2.00000000
1625834959.74530363,2.00000000
1625834959.84530115,2.00000000
1625834959.94532061,2.00000000
1625834960.04527020,2.00000000
1625834960.14527392,2.00000000
1625834960.24529338,2.00000000
1625834960.34528208,2.00000000
1625834960.44528317,2.00000000
1625834960.54527807,2.00000000
1625834960.64522672,2.00000000
1625834960.74531174,2.00000000
1625834960.84530807,2.00000000
1625834960.94532943,2.00000000
1625834961.04527688,2.00000000
1625834961.14526844,2.00000000
1625834961.24527550,2.00000000
1625834961.34532571,2.00000000
1625834961.44533372,2.00000000
1625834961.54538321,2.00000000
1625834961.64525485,2.00000000
1625834961.74525332,2.00000000
1625834961.84525347,2.00000000
1625834961.94527388,2.00000000
1625834962.04525685,2.00000000
1625834962.14526916,2.00000000
1625834962.24528193,2.00000000
1625834962.34523511,2.00000000
1625834962.44527626,2.00000000
1625834962.54525685,2.00000000
1625834962.64549279,2.00000000
1625834962.74528480,2.00000000
1625834962.84527612,2.00000000
1625834962.94531703,2.00000000
1625834963.04527760,2.00000000
1625834963.14528894,2.00000000
1625834963.24525166,2.00000000
1625834963.34523010,2.00000000
1625834963.44545317,2.00000000
1625834963.54528475,2.00000000
1625834963.64528751,2.00000000
1625834963.74533081,1.50000000
1625834963.84549832,1.50000000
1625834963.94527268,1.50000000
1625834964.04526639,1.50000000
1625834964.14527178,1.50000000
1625834964.24525380,1.50000000
1625834964.34527111,1.50000000
1625834964.44531560,1.50000000
1625834964.54530692,1.50000000
1625834964.64520359,1.50000000
1625834964.74526620,1.50000000
1625834964.84531426,1.50000000
1625834964.94524002,1.50000000
1625834965.04543614,3.50000000
1625834965.14517593,3.50000000
1625834965.24530101,3.50000000
1625834965.34527922,3.50000000
1625834965.44522047,3.50000000
1625834965.54525137,3.50000000
1625834965.64525056,3.50000000
1625834965.74526978,3.50000000
1625834965.84527898,3.50000000
1625834965.94529009,3.50000000
1625834966.04522967,3.50000000
1625834966.14526033,3.50000000
1625834966.24524665,3.50000000
1625834966.34523249,3.50000000
1625834966.44525456,3.50000000
1625834966.54525113,3.50000000
1625834966.64527440,3.50000000
1625834966.74527168,3.50000000
1625834966.84526467,3.50000000
1625834966.94500494,3.50000000
1625834967.04528403,3.50000000
1625834967.14528203,3.50000000
1625834967.24527359,3.50000000
1625834967.34530759,3.50000000
1625834967.44531345,3.50000000
1625834967.54537940,3.50000000
1625834967.64529181,3.50000000
1625834967.74528193,3.50000000
1625834967.84531569,3.50000000
1625834967.94528317,3.50000000
1625834968.04528666,3.50000000
1625834968.14528418,3.50000000
1625834968.24526119,3.50000000
1625834968.34527731,3.50000000
1625834968.44529128,3.50000000
1625834968.54535604,3.50000000
1625834968.64522147,3.50000000
1625834968.74533439,3.50000000
1625834968.84528422,3.50000000
1625834968.94525313,3.50000000
1625834969.04529214,3.50000000
1625834969.14527631,3.50000000
1625834969.24527860,3.50000000
1625834969.34538913,3.50000000
1625834969.44527721,3.50000000
1625834969.54527044,3.50000000
1625834969.64526534,3.50000000
1625834969.74527907,3.50000000
1625834969.84532094,3.50000000
1625834969.94530559,3.50000000
1625834970.04525614,3.50000000
1625834970.14527726,3.50000000
1625834970.24531341,3.50000000
1625834970.34528971,3.50000000
1625834970.44534540,3.50000000
1625834970.54529047,3.50000000
1625834970.64525938,3.50000000
1625834970.74521875,3.50000000
1625834970.84527993,3.50000000
1625834970.94525409,3.50000000
1625834971.04524708,3.50000000
1625834971.14525270,3.50000000
1625834971.24529386,3.50000000
1625834971.34524488,3.50000000
1625834971.44529581,3.50000000
1625834971.54528356,3.50000000
1625834971.64530540,3.50000000
1625834971.74530435,3.50000000
1625834971.84532046,3.50000000
1625834971.94533372,3.50000000
1625834972.04532361,3.50000000
1625834972.14530778,3.50000000
1625834972.24532485,3.50000000
1625834972.34523797,3.50000000
1625834972.44524002,3.50000000
1625834972.54532528,3.50000000
1625834972.64521718,3.50000000
1625834972.74525857,3.50000000
1625834972.84525728,3.50000000
1625834972.94524693,3.50000000
1625834973.04535508,3.50000000
1625834973.14534163,3.50000000
1625834973.24533486,3.50000000
1625834973.34538698,3.50000000
1625834973.44537187,3.50000000
1625834973.54531217,3.50000000
1625834973.64529371,3.50000000
1625834973.74529481,3.50000000
1625834973.84537649,3.50000000
1625834973.94532704,3.50000000
1625834974.04528069,3.50000000
1625834974.14531517,3.50000000
1625834974.24538517,3.50000000
1625834974.34530783,3.50000000
1625834974.44529700,3.50000000
1625834974.54526997,3.50000000
1625834974.64525890,3.50000000
1625834974.74524593,3.50000000
1625834974.84529114,3.50000000
1625834974.94522977,3.50000000
1625834975.04532528,3.50000000
1625834975.14530611,3.50000000
1625834975.24527502,3.50000000
1625834975.34530807,3.50000000
1625834975.44535351,3.50000000
1625834975.54538345,3.50000000
1625834975.64533758,3.50000000
1625834975.74527144,3.50000000
1625834975.84531331,3.50000000
1625834975.94523597,3.50000000
1625834976.04527068,3.50000000
1625834976.14532590,3.50000000
1625834976.24529004,3.50000000
1625834976.34526801,3.50000000
1625834976.44551802,3.50000000
1625834976.54550838,3.50000000
1625834976.64529252,3.50000000
1625834976.74530554,3.50000000
1625834976.84503198,3.50000000
1625834976.94530487,3.50000000
1625834977.04533625,3.50000000
1625834977.14529157,3.50000000
1625834977.24527502,3.50000000
1625834977.34537625,3.50000000
1625834977.44529176,3.50000000
1625834977.54535580,3.50000000
1625834977.64525890,3.50000000
1625834977.74531388,3.50000000
1625834977.84526682,3.50000000
1625834977.94528508,3.50000000
1625834978.04531980,3.50000000
1625834978.14531541,3.50000000
1625834978.24523163,3.50000000
1625834978.34531283,3.50000000
1625834978.44536853,3.50000000
1625834978.54530144,3.50000000
1625834978.64538813,3.50000000
1625834978.74533868,3.50000000
1625834978.84532046,3.50000000
1625834978.94546366,3.50000000
1625834979.04534459,3.50000000
1625834979.14531922,3.50000000
1625834979.24526596,3.50000000
1625834979.34528089,3.50000000
1625834979.44531989,3.50000000
1625834979.54531193,3.50000000
1625834979.64530468,3.50000000
1625834979.74539590,3.50000000
1625834979.84528208,3.50000000
1625834979.94533062,3.50000000
1625834980.04537368,3.50000000
1625834980.14523745,3.50000000
1625834980.24539328,3.50000000
1625834980.34526825,3.50000000
1625834980.44528913,3.50000000
1625834980.54534435,3.50000000
1625834980.64533377,3.50000000
1625834980.74530172,3.50000000
1625834980.84529710,3.50000000
1625834980.94505310,3.50000000
1625834981.04525566,3.50000000
1625834981.14531660,3.50000000
1625834981.24529648,3.50000000
1625834981.34529424,3.50000000
1625834981.44521999,3.50000000
1625834981.54527402,3.50000000
1625834981.64531064,3.50000000
1625834981.74530053,3.50000000
1625834981.84527159,3.50000000
1625834981.94537568,3.50000000
1625834982.04532146,3.50000000
1625834982.14522648,3.50000000
1625834982.24531722,3.50000000
1625834982.34528065,3.50000000
1625834982.44529104,3.50000000
1625834982.54526329,3.50000000
1625834982.64550090,3.50000000
1625834982.74535251,3.50000000
1625834982.84529948,3.50000000
1625834982.94531584,3.50000000
1625834983.04527330,3.50000000
1625834983.14524770,3.50000000
1625834983.24524808,3.50000000
1625834983.34529853,3.50000000
1625834983.44532824,3.50000000
1625834983.54528141,3.50000000
1625834983.64512920,3.50000000
1625834983.74525428,3.50000000
1625834983.84528995,3.50000000
1625834983.94530010,3.50000000
1625834984.04525805,3.50000000
1625834984.14527988,3.50000000
1625834984.24534273,3.50000000
1625834984.34529972,3.50000000
1625834984.44535112,3.50000000
1625834984.54531264,3.50000000
1625834984.64529920,3.50000000
1625834984.74541163,3.50000000
1625834984.84537268,3.50000000
1625834984.94530082,3.50000000
1625834985.04529881,3.50000000
1625834985.14534593,3.50000000
1625834985.24536419,3.50000000
1625834985.34530878,3.50000000
1625834985.44526100,3.50000000
1625834985.54534149,3.50000000
1625834985.64533424,3.50000000
1625834985.74533772,3.50000000
1625834985.84532213,3.50000000
1625834985.94546556,3.50000000
1625834986.04528236,3.50000000
1625834986.14523005,3.50000000
1625834986.24528861,3.50000000
1625834986.34526062,3.50000000
1625834986.44524407,3.50000000
1625834986.54538202,3.50000000
1625834986.64534593,3.50000000
1625834986.74537659,3.50000000
1625834986.84532452,3.50000000
1625834986.94506812,3.50000000
1625834987.04535437,3.50000000
1625834987.14531755,3.50000000
1625834987.24504495,3.50000000
1625834987.34526777,3.50000000
1625834987.44535828,3.50000000
1625834987.54537344,3.50000000
1625834987.64527774,3.50000000
1625834987.74531007,3.50000000
1625834987.84522486,3.50000000
1625834987.94527292,3.50000000
1625834988.04528689,3.50000000
1625834988.14539027,3.50000000
1625834988.24529099,3.50000000
1625834988.34536648,3.50000000
1625834988.44537377,3.50000000
1625834988.54531980,3.50000000
1625834988.64523554,3.50000000
1625834988.74528217,3.50000000
1625834988.84525299,3.50000000
1625834988.94530106,3.50000000
1625834989.04527903,3.50000000
1625834989.14543533,3.50000000
1625834989.24535775,3.50000000
1625834989.34535265,3.50000000
1625834989.44539452,3.50000000
1625834989.54530001,3.50000000
1625834989.64530611,3.50000000
1625834989.74528646,3.50000000
1625834989.84532213,3.50000000
1625834989.94525528,3.50000000
1625834990.04522800,3.50000000
1625834990.14523840,3.50000000
1625834990.24527097,3.50000000
1625834990.34528852,3.50000000
1625834990.44528484,3.50000000
1625834990.54522038,3.50000000
1625834990.64524722,3.50000000
1625834990.74532747,3.50000000
1625834990.84531283,3.50000000
1625834990.94533515,3.50000000
1625834991.04532480,3.50000000
1625834991.14531279,3.50000000
1625834991.24531388,3.50000000
1625834991.34532094,3.50000000
1625834991.44524908,3.50000000
1625834991.54527736,3.50000000
1625834991.64537239,3.50000000
1625834991.74535966,3.50000000
1625834991.84527588,3.50000000
1625834991.94524646,3.50000000
1625834992.04536748,3.50000000
1625834992.14530373,3.50000000
1625834992.24529219,3.50000000
1625834992.34531188,3.50000000
1625834992.44532704,3.50000000
1625834992.54529834,3.50000000
1625834992.64528704,3.50000000
1625834992.74528575,3.50000000
1625834992.84525514,3.50000000
1625834992.94526863,3.50000000
1625834993.04527473,3.50000000
1625834993.14528608,3.50000000
1625834993.24526954,3.50000000
1625834993.34529018,3.50000000
1625834993.44527173,3.50000000
1625834993.54533911,3.50000000
1625834993.64525032,3.50000000
1625834993.74541306,3.50000000
1625834993.84528375,3.50000000
1625834993.94528985,3.50000000
1625834994.04521513,3.50000000
1625834994.14531183,3.50000000
1625834994.24540615,3.50000000
1625834994.34524798,3.50000000
1625834994.44529843,3.50000000
1625834994.54522967,3.50000000
1625834994.64526963,3.50000000
1625834994.74525738,3.50000000
1625834994.84524417,3.50000000
1625834994.94528437,3.50000000
1625834995.04526329,3.50000000
1625834995.14525771,3.50000000
1625834995.24526739,3.50000000
1625834995.34531856,3.50000000
1625834995.44531107,3.50000000
1625834995.54546523,3.50000000
1625834995.64526844,3.50000000
1625834995.74540257,3.50000000
1625834995.84536839,3.50000000
1625834995.94535971,3.50000000
1625834996.04541373,3.50000000
1625834996.14533353,3.50000000
1625834996.24533916,3.50000000
1625834996.34528041,3.50000000
1625834996.44528174,3.50000000
1625834996.54524422,3.50000000
1625834996.64524865,3.50000000
1625834996.74524355,3.50000000
1625834996.84525371,3.50000000
1625834996.94502282,3.50000000
1625834997.04547071,3.50000000
1625834997.14531064,3.50000000
1625834997.24528790,3.50000000
1625834997.34527135,3.50000000
1625834997.44530225,3.50000000
1625834997.54537749,3.50000000
1625834997.64524174,3.50000000
1625834997.74531984,3.50000000
1625834997.84526181,3.50000000
1625834997.94531274,3.50000000
1625834998.04527760,3.50000000
1625834998.14524102,3.50000000
1625834998.24525189,3.50000000
1625834998.34531426,3.50000000
1625834998.44541597,3.50000000
1625834998.54524350,3.50000000
1625834998.64522266,3.50000000
1625834998.74523783,3.50000000
1625834998.84522796,3.50000000
1625834998.94523907,3.50000000
1625834999.04523659,3.50000000
1625834999.14521027,3.50000000
1625834999.24530363,3.50000000
1625834999.34527540,3.50000000
1625834999.44539976,3.50000000
1625834999.54508948,3.50000000
1625834999.64535451,3.50000000
1625834999.74524260,3.50000000
1625834999.84520960,3.50000000
1625834999.94526601,3.50000000
1625835000.04531908,3.50000000
1625835000.14526725,3.50000000
1625835000.24526262,3.50000000
1625835000.34528184,3.50000000
1625835000.44527149,3.50000000
1625835000.54527187,3.50000000
1625835000.64524555,3.50000000
1625835000.74534488,3.50000000
1625835000.84497881,3.50000000
1625835000.94522405,3.50000000
1625835001.04536557,3.50000000
1625835001.14528990,3.50000000
1625835001.24531174,3.50000000
1625835001.34523129,3.50000000
1625835001.44525695,3.50000000
1625835001.54528451,3.50000000
1625835001.64529753,3.50000000
1625835001.74537992,3.50000000
1625835001.84522152,3.50000000
1625835001.94527149,3.50000000
1625835002.04525399,3.50000000
1625835002.14538670,3.50000000
1625835002.24530172,3.50000000
1625835002.34526062,3.50000000
1625835002.44525838,3.50000000
1625835002.54529786,3.50000000
1625835002.64537859,3.50000000
1625835002.74525404,3.50000000
1625835002.84532642,3.50000000
1625835002.94527149,3.50000000
1625835003.04526734,3.50000000
1625835003.14524698,3.50000000
1625835003.24525285,3.50000000
1625835003.34531546,3.50000000
1625835003.44529366,3.50000000
1625835003.54523778,3.50000000
1625835003.64530230,3.50000000
1625835003.74527407,3.50000000
1625835003.84529114,3.50000000
1625835003.94530654,3.50000000
1625835004.04528761,3.50000000
1625835004.14527774,3.50000000
1625835004.24523497,3.50000000
1625835004.34528637,3.50000000
1625835004.44530058,3.50000000
1625835004.54530025,3.50000000
1625835004.64526176,3.50000000
1625835004.74523258,3.50000000
1625835004.84523940,3.50000000
1625835004.94527888,3.50000000
1625835005.04529071,3.50000000
1625835005.14529514,3.50000000
1625835005.24528217,3.50000000
1625835005.34523869,3.50000000
1625835005.44536304,3.50000000
1625835005.54540396,3.50000000
1625835005.64524126,3.50000000
1625835005.74529290,3.50000000
1625835005.84534550,3.50000000
1625835005.94527984,3.50000000
1625835006.04533720,3.50000000
1625835006.14527440,3.50000000
1625835006.24526572,3.50000000
1625835006.34529567,3.50000000
1625835006.44525957,3.50000000
1625835006.54542685,3.50000000
1625835006.64530039,3.50000000
1625835006.74529481,3.50000000
1625835006.84528518,3.50000000
1625835006.94501638,3.50000000
1625835007.04522753,3.50000000
1625835007.14523411,3.50000000
1625835007.24532914,3.50000000
1625835007.34537029,3.50000000
1625835007.44531465,3.50000000
1625835007.54512620,3.50000000
1625835007.64534616,3.50000000
1625835007.74528980,3.50000000
1625835007.84536314,3.50000000
1625835007.94527984,3.50000000
1625835008.04530001,3.50000000
1625835008.14529109,3.50000000
1625835008.24530792,3.50000000
1625835008.34523082,3.50000000
1625835008.44527364,3.50000000
1625835008.54535151,3.50000000
1625835008.64527559,3.50000000
1625835008.74526143,3.50000000
1625835008.84525943,3.50000000
1625835008.94533896,3.50000000
1625835009.04532862,3.50000000
1625835009.14525843,3.50000000
1625835009.24520779,3.50000000
1625835009.34527087,3.50000000
1625835009.44527459,3.50000000
1625835009.54528284,3.50000000
1625835009.64528322,3.50000000
1625835009.74527502,3.50000000
1625835009.84535289,3.50000000
1625835009.94527793,3.50000000
1625835010.04511738,3.50000000
1625835010.14522481,3.50000000
1625835010.24527359,3.50000000
1625835010.34529400,3.50000000
1625835010.44526100,3.50000000
1625835010.54524422,3.50000000
1625835010.64529276,3.50000000
1625835010.74526858,3.50000000
1625835010.84526777,3.50000000
1625835010.94532824,3.50000000
1625835011.04524159,3.50000000
1625835011.14522576,3.50000000
1625835011.24522901,3.50000000
1625835011.34525418,3.50000000
1625835011.44527793,3.50000000
1625835011.54527998,3.50000000
1625835011.64536691,3.50000000
1625835011.74537849,3.50000000
1625835011.84529924,3.50000000
1625835011.94524097,3.50000000
1625835012.04523325,3.50000000
1625835012.14523005,3.50000000
1625835012.24531388,3.50000000
1625835012.34525442,3.50000000
1625835012.44530773,3.50000000
1625835012.54524493,3.50000000
1625835012.64503121,3.50000000
1625835012.74525189,3.50000000
1625835012.84527302,3.50000000
1625835012.94527650,3.50000000
1625835013.04522347,3.50000000
1625835013.14527822,3.50000000
1625835013.24528241,3.50000000
1625835013.34527326,3.50000000
1625835013.44527888,3.50000000
1625835013.54526615,3.50000000
1625835013.64533424,3.50000000
1625835013.74522996,3.50000000
1625835013.84534264,3.50000000
1625835013.94523907,3.50000000
1625835014.04533005,3.50000000
1625835014.14532757,3.50000000
1625835014.24524713,3.50000000
1625835014.34531260,3.50000000
1625835014.44530368,3.50000000
1625835014.54535818,3.50000000
1625835014.64527130,3.50000000
1625835014.74522662,3.50000000
1625835014.84532118,3.50000000
1625835014.94529676,3.50000000
1625835015.04528928,3.50000000
1625835015.14522982,3.50000000
1625835015.24531388,3.50000000
1625835015.34525418,3.50000000
1625835015.44527864,3.50000000
1625835015.54536510,3.50000000
1625835015.64526939,3.50000000
1625835015.74534607,3.50000000
1625835015.84518480,3.50000000
1625835015.94525576,3.50000000
1625835016.04529166,3.50000000
1625835016.14529657,3.50000000
1625835016.24530244,3.50000000
1625835016.34523582,3.50000000
1625835016.44532132,3.50000000
1625835016.54522133,3.50000000
1625835016.64534569,3.50000000
1625835016.74523354,3.50000000
1625835016.84529662,3.50000000
1625835016.94528151,3.50000000
1625835017.04522395,3.50000000
1625835017.14526320,3.50000000
1625835017.24540234,3.50000000
1625835017.34533429,3.50000000
1625835017.44522190,3.50000000
1625835017.54528213,3.50000000
1625835017.64522696,3.50000000
1625835017.74527907,3.50000000
1625835017.84523821,3.50000000
1625835017.94525623,3.50000000
1625835018.04518700,3.50000000
1625835018.14525557,3.50000000
1625835018.24530935,3.50000000
1625835018.34523129,3.50000000
1625835018.44522429,3.50000000
1625835018.54530811,3.50000000
1625835018.64528918,3.50000000
1625835018.74537063,3.50000000
1625835018.84533954,3.50000000
1625835018.94525576,3.50000000
1625835019.04522634,3.50000000
1625835019.14521551,3.50000000
1625835019.24530268,3.50000000
1625835019.34524941,3.50000000
1625835019.44526529,3.50000000
1625835019.54528093,3.50000000
1625835019.64528346,3.50000000
1625835019.74527216,3.50000000
1625835019.84531426,3.50000000
1625835019.94527817,3.50000000
1625835020.04526114,3.50000000
1625835020.14525461,3.50000000
1625835020.24523830,3.50000000
1625835020.34525657,3.50000000
1625835020.44527078,3.50000000
1625835020.54533982,3.50000000
1625835020.64527416,3.50000000
1625835020.74528003,3.50000000
1625835020.84539890,3.50000000
1625835020.94523406,3.50000000
1625835021.04526997,3.50000000
1625835021.14524817,3.50000000
1625835021.24527287,3.50000000
1625835021.34539247,3.50000000
1625835021.44526887,3.50000000
1625835021.54519606,3.50000000
1625835021.64529610,3.50000000
1625835021.74526453,3.50000000
1625835021.84526944,3.50000000
1625835021.94528723,3.50000000
1625835022.04528546,3.50000000
1625835022.14526415,3.50000000
1625835022.24528503,3.50000000
1625835022.34524679,3.50000000
1625835022.44526911,3.50000000
1625835022.54533148,3.50000000
1625835022.64523244,3.50000000
1625835022.74525976,3.50000000
1625835022.84529257,3.50000000
1625835022.94529653,3.50000000
1625835023.04527354,3.50000000
1625835023.14529562,3.50000000
1625835023.24525213,3.50000000
1625835023.34527087,3.50000000
1625835023.44527411,3.50000000
1625835023.54535580,3.50000000
1625835023.64525676,3.50000000
1625835023.74525332,3.50000000
1625835023.84524512,3.50000000
1625835023.94522619,3.50000000
1625835024.04531050,3.50000000
1625835024.14521074,3.50000000
1625835024.24523997,3.50000000
1625835024.34535193,3.50000000
1625835024.44542432,3.50000000
1625835024.54565263,3.50000000
1625835024.64534688,3.50000000
1625835024.74538612,3.50000000
1625835024.84543133,3.50000000
1625835024.94545484,3.50000000
1625835025.04540300,3.50000000
1625835025.14525199,3.50000000
1625835025.24536300,3.50000000
1625835025.34535623,3.50000000
1625835025.44535828,3.50000000
1625835025.54526234,3.50000000
1625835025.64504480,3.50000000
1625835025.74533677,3.50000000
1625835025.84520817,3.50000000
1625835025.94526601,3.50000000
1625835026.04533386,3.50000000
1625835026.14536619,3.50000000
1625835026.24529243,3.50000000
1625835026.34527683,3.50000000
1625835026.44527626,3.50000000
1625835026.54532266,3.50000000
1625835026.64526320,3.50000000
1625835026.74529433,3.50000000
1625835026.84529972,3.50000000
1625835026.94504309,3.50000000
1625835027.04520059,3.50000000
1625835027.14522600,3.50000000
1625835027.24525023,3.50000000
1625835027.34538341,3.50000000
1625835027.44530511,3.50000000
1625835027.54530978,3.50000000
1625835027.64525986,3.50000000
1625835027.74521637,3.50000000
1625835027.84522700,3.50000000
1625835027.94537902,3.50000000
1625835028.04527760,3.50000000
1625835028.14523101,3.50000000
1625835028.24525380,3.50000000
1625835028.34521937,3.50000000
1625835028.44521689,3.50000000
1625835028.54531360,3.50000000
1625835028.64536834,3.50000000
1625835028.74526334,3.50000000
1625835028.84522152,3.50000000
1625835028.94535780,3.50000000
1625835029.04529619,3.50000000
1625835029.14526963,3.50000000
1625835029.24526978,3.50000000
1625835029.34523177,3.50000000
1625835029.44530654,3.50000000
1625835029.54533935,3.50000000
1625835029.64540315,2.00000000
1625835029.74520826,2.00000000
1625835029.84533381,2.00000000
1625835029.94537640,2.00000000
1625835030.04533982,2.00000000
1625835030.14533710,2.00000000
1625835030.24529839,2.00000000
1625835030.34501266,2.00000000
1625835030.44535875,2.00000000
1625835030.54531002,2.00000000
1625835030.64522648,2.00000000
1625835030.74528718,2.00000000
1625835030.84528303,2.00000000
1625835030.94531631,2.00000000
1625835031.04527521,2.00000000
1625835031.14529896,2.00000000
1625835031.24532080,2.00000000
1625835031.34548330,2.00000000
1625835031.44537902,2.00000000
1625835031.54565620,2.00000000
1625835031.64534259,2.00000000
1625835031.74534941,2.00000000
1625835031.84523559,2.00000000
1625835031.94532800,2.00000000
1625835032.04531741,2.00000000
1625835032.14540744,2.00000000
1625835032.24533081,2.00000000
1625835032.34532285,2.00000000
1625835032.44528818,2.00000000
1625835032.54542303,2.00000000
1625835032.64532471,2.00000000
1625835032.74536037,2.00000000
1625835032.84522867,2.00000000
1625835032.94536352,2.00000000
1625835033.04530597,2.00000000
1625835033.14523530,2.00000000
1625835033.24528551,2.00000000
1625835033.34522581,2.00000000
1625835033.44527245,2.00000000
1625835033.54533267,2.00000000
1625835033.64529014,2.00000000
1625835033.74530959,2.00000000
1625835033.84525704,2.00000000
1625835033.94530225,2.00000000
1625835034.04526019,2.00000000
1625835034.14525890,2.00000000
1625835034.24532771,2.00000000
1625835034.34523249,2.00000000
1625835034.44527769,2.00000000
1625835034.54525423,2.00000000
1625835034.64532018,2.00000000
1625835034.74528718,2.00000000
1625835034.84531617,2.00000000
1625835034.94534373,2.00000000
1625835035.04530430,2.00000000
1625835035.14528537,2.00000000
1625835035.24521494,2.00000000
1625835035.34527779,2.00000000
1625835035.44526434,2.00000000
1625835035.54540324,2.00000000
1625835035.64531231,2.00000000
1625835035.74522018,2.00000000
1625835035.84528947,2.00000000
1625835035.94531012,2.00000000
1625835036.04523158,2.00000000
1625835036.14534903,2.00000000
1625835036.24523973,2.00000000
1625835036.34541488,2.00000000
1625835036.44548392,2.00000000
1625835036.54525018,2.00000000
1625835036.64542508,2.00000000
1625835036.74524188,2.00000000
1625835036.84522414,2.00000000
1625835036.94511890,2.00000000
1625835037.04528213,2.00000000
1625835037.14531255,2.00000000
1625835037.24528742,2.00000000
1625835037.34534812,2.00000000
1625835037.44521999,2.00000000
1625835037.54528022,2.00000000
1625835037.64526010,2.00000000
1625835037.74534559,2.00000000
1625835037.84528279,2.00000000
1625835037.94526362,2.00000000
1625835038.04525590,2.00000000
1625835038.14521646,2.00000000
1625835038.24526334,2.00000000
1625835038.34522486,2.00000000
1625835038.44535708,2.00000000
1625835038.54525328,2.00000000
1625835038.64509511,2.00000000
1625835038.74527478,2.00000000
1625835038.84525585,2.00000000
1625835038.94532824,2.00000000
1625835039.04523206,2.00000000
1625835039.14540410,2.00000000
1625835039.24525404,2.00000000
1625835039.34527230,2.00000000
1625835039.44526625,2.00000000
1625835039.54527116,2.00000000
1625835039.64521241,2.00000000
1625835039.74526930,2.00000000
1625835039.84540701,2.00000000
1625835039.94524145,2.00000000
1625835040.04523325,2.00000000
1625835040.14525819,2.00000000
1625835040.24524331,2.00000000
1625835040.34540844,2.00000000
1625835040.44562769,2.00000000
1625835040.54538751,2.00000000
1625835040.64526796,2.00000000
1625835040.74527717,2.00000000
1625835040.84527493,2.00000000
1625835040.94525719,2.00000000
1625835041.04528260,2.00000000
1625835041.14527488,2.00000000
1625835041.24527097,2.00000000
1625835041.34527636,2.00000000
1625835041.44525862,2.00000000
1625835041.54539657,2.00000000
1625835041.64533210,1.50000000
1625835041.74532199,1.50000000
1625835041.84523654,1.50000000
1625835041.94528127,1.50000000
1625835042.04529047,1.50000000
1625835042.14530587,1.50000000
1625835042.24527717,1.50000000
1625835042.34528780,1.50000000
1625835042.44533014,1.50000000
1625835042.54540420,1.50000000
1625835042.64532328,1.50000000
1625835042.74526978,1.50000000
1625835042.84524393,1.50000000
1625835042.94526315,1.50000000
1625835043.04534626,1.50000000
1625835043.14525628,1.50000000
1625835043.24528551,1.50000000
1625835043.34531593,1.50000000
1625835043.44528627,1.50000000
1625835043.54563403,1.50000000
1625835043.64527345,1.50000000
1625835043.74529195,1.50000000
1625835043.84532642,1.50000000
1625835043.94532084,1.50000000
1625835044.04539251,1.50000000
1625835044.14529181,1.50000000
1625835044.24523568,1.50000000
1625835044.34526920,1.50000000
1625835044.44521022,1.50000000
1625835044.54536486,1.50000000
1625835044.64537287,1.50000000
1625835044.74525023,1.50000000
1625835044.84540510,3.50000000
1625835044.94528484,3.50000000
1625835045.04533195,3.50000000
1625835045.14528155,3.50000000
1625835045.24528193,3.50000000
1625835045.34526539,3.50000000
1625835045.44526887,3.50000000
1625835045.54534817,3.50000000
1625835045.64530993,3.50000000
1625835045.74532890,3.50000000
1625835045.84527874,3.50000000
1625835045.94529247,3.50000000
1625835046.04524136,3.50000000
1625835046.14543343,3.50000000
1625835046.24526405,3.50000000
1625835046.34525657,3.50000000
1625835046.44528031,3.50000000
1625835046.54525495,3.50000000
1625835046.64533496,3.50000000
1625835046.74528384,3.50000000
1625835046.84520793,3.50000000
1625835046.94504786,3.50000000
1625835047.04524875,3.50000000
1625835047.14524817,3.50000000
1625835047.24505353,3.50000000
1625835047.34525013,3.50000000
1625835047.44526577,3.50000000
1625835047.54536462,3.50000000
1625835047.64527988,3.50000000
1625835047.74523592,3.50000000
1625835047.84522676,3.50000000
1625835047.94525194,3.50000000
1625835048.04525876,3.50000000
1625835048.14527011,3.50000000
1625835048.24526024,3.50000000
1625835048.34530115,3.50000000
1625835048.44530892,3.50000000
1625835048.54528952,3.50000000
1625835048.64528036,3.50000000
1625835048.74528575,3.50000000
1625835048.84524393,3.50000000
1625835048.94525361,3.50000000
1625835049.04529381,3.50000000
1625835049.14542818,3.50000000
1625835049.24539089,3.50000000
1625835049.34528947,3.50000000
1625835049.44527078,3.50000000
1625835049.54523683,3.50000000
1625835049.64527702,3.50000000
1625835049.74527979,3.50000000
1625835049.84525990,3.50000000
1625835049.94522810,3.50000000
1625835050.04533529,3.50000000
1625835050.14530492,3.50000000
1625835050.24527884,3.50000000
1625835050.34528613,3.50000000
1625835050.44531393,3.50000000
1625835050.54538083,3.50000000
1625835050.64529181,3.50000000
1625835050.74524903,3.50000000
1625835050.84524274,3.50000000
1625835050.94525576,3.50000000
1625835051.04524589,3.50000000
1625835051.14532185,3.50000000
1625835051.24531984,3.50000000
1625835051.34525156,3.50000000
1625835051.44527721,3.50000000
1625835051.54525399,3.50000000
1625835051.64525843,3.50000000
1625835051.74523282,3.50000000
1625835051.84530568,3.50000000
1625835051.94524145,3.50000000
1625835052.04525399,3.50000000
1625835052.14532137,3.50000000
1625835052.24527335,3.50000000
1625835052.34525633,3.50000000
1625835052.44530940,3.50000000
1625835052.54539752,3.50000000
1625835052.64538383,3.50000000
1625835052.74529767,3.50000000
1625835052.84539199,3.50000000
1625835052.94532347,3.50000000
1625835053.04527903,3.50000000
1625835053.14528584,3.50000000
1625835053.24525356,3.50000000
1625835053.34529829,3.50000000
1625835053.44528604,3.50000000
1625835053.54530454,3.50000000
1625835053.64527869,3.50000000
1625835053.74528432,3.50000000
1625835053.84527659,3.50000000
1625835053.94527388,3.50000000
1625835054.04529905,3.50000000
1625835054.14532900,3.50000000
1625835054.24525547,3.50000000
1625835054.34527540,3.50000000
1625835054.44524550,3.50000000
1625835054.54530001,3.50000000
1625835054.64523721,3.50000000
1625835054.74527001,3.50000000
1625835054.84528756,3.50000000
1625835054.94526577,3.50000000
1625835055.04525590,3.50000000
1625835055.14526939,3.50000000
1625835055.24534154,3.50000000
1625835055.34533548,3.50000000
1625835055.44526505,3.50000000
1625835055.54526305,3.50000000
1625835055.64536023,3.50000000
1625835055.74535108,3.50000000
1625835055.84526324,3.50000000
1625835055.94537520,3.50000000
1625835056.04529190,3.50000000
1625835056.14528298,3.50000000
1625835056.24524021,3.50000000
1625835056.34525275,3.50000000
1625835056.44528079,3.50000000
1625835056.54541588,3.50000000
1625835056.64530444,3.50000000
1625835056.74526310,3.50000000
1625835056.84529305,3.50000000
1625835056.94524884,3.50000000
1625835057.04530501,3.50000000
1625835057.14524698,3.50000000
1625835057.24523854,3.50000000
1625835057.34523034,3.50000000
1625835057.44526124,3.50000000
1625835057.54529190,3.50000000
1625835057.64523816,3.50000000
1625835057.74531746,3.50000000
1625835057.84524131,3.50000000
1625835057.94523549,3.50000000
1625835058.04526711,3.50000000
1625835058.14527225,3.50000000
1625835058.24524617,3.50000000
1625835058.34537721,3.50000000
1625835058.44528556,3.50000000
1625835058.54540682,3.50000000
1625835058.64528370,3.50000000
1625835058.74523878,3.50000000
1625835058.84527230,3.50000000
1625835058.94534063,3.50000000
1625835059.04527855,3.50000000
1625835059.14525771,3.50000000
1625835059.24536490,3.50000000
1625835059.34504747,3.50000000
1625835059.44523454,3.50000000
1625835059.54526401,3.50000000
1625835059.64528441,3.50000000
1625835059.74528408,3.50000000
1625835059.84528804,3.50000000
1625835059.94529080,3.50000000
1625835060.04536676,3.50000000
1625835060.14540291,3.50000000
1625835060.24534845,3.50000000
1625835060.34529448,3.50000000
1625835060.44526768,3.50000000
1625835060.54534292,3.50000000
1625835060.64534259,3.50000000
1625835060.74535728,3.50000000
1625835060.84536958,3.50000000
1625835060.94534254,3.50000000
1625835061.04535747,3.50000000
1625835061.14536476,3.50000000
1625835061.24535775,3.50000000
1625835061.34533954,3.50000000
1625835061.44533968,3.50000000
1625835061.54539108,3.50000000
1625835061.64528632,3.50000000
1625835061.74529052,3.50000000
1625835061.84527612,3.50000000
1625835061.94523931,3.50000000
1625835062.04531193,3.50000000
1625835062.14520192,3.50000000
1625835062.24522877,3.50000000
1625835062.34525871,3.50000000
1625835062.44528484,3.50000000
1625835062.54534388,3.50000000
1625835062.64532948,3.50000000
1625835062.74528217,3.50000000
1625835062.84528732,3.50000000
1625835062.94532561,3.50000000
1625835063.04533601,3.50000000
1625835063.14528465,3.50000000
1625835063.24523759,3.50000000
1625835063.34534883,3.50000000
1625835063.44523072,3.50000000
1625835063.54535198,3.50000000
1625835063.64525604,3.50000000
1625835063.74524784,3.50000000
1625835063.84524655,3.50000000
1625835063.94528866,3.50000000
1625835064.04526472,3.50000000
1625835064.14523244,3.50000000
1625835064.24495983,3.50000000
1625835064.34498334,3.50000000
1625835064.44521570,3.50000000
1625835064.54538441,3.50000000
1625835064.64527845,3.50000000
1625835064.74526834,3.50000000
1625835064.84525728,3.50000000
1625835064.94532537,3.50000000
1625835065.04527831,3.50000000
1625835065.14527082,3.50000000
1625835065.24527192,3.50000000
1625835065.34528971,3.50000000
1625835065.44534826,3.50000000
1625835065.54539275,3.50000000
1625835065.64530659,3.50000000
1625835065.74531031,3.50000000
1625835065.84530592,3.50000000
1625835065.94530272,3.50000000
1625835066.04527211,3.50000000
1625835066.14532375,3.50000000
1625835066.24522138,3.50000000
1625835066.34526753,3.50000000
1625835066.44528246,3.50000000
1625835066.54540205,3.50000000
1625835066.64504290,3.50000000
1625835066.74531507,3.50000000
1625835066.84539533,3.50000000
1625835066.94505334,3.50000000
1625835067.04523993,3.50000000
1625835067.14527845,3.50000000
1625835067.24523950,3.50000000
1625835067.34528232,3.50000000
1625835067.44528699,3.50000000
1625835067.54527473,3.50000000
1625835067.64525986,3.50000000
1625835067.74536657,3.50000000
1625835067.84523320,3.50000000
1625835067.94535685,3.50000000
1625835068.04525971,3.50000000
1625835068.14531708,3.50000000
1625835068.24526668,3.50000000
1625835068.34530163,3.50000000
1625835068.44524384,3.50000000
1625835068.54536128,3.50000000
1625835068.64532566,3.50000000
1625835068.74532127,3.50000000
1625835068.84525347,3.50000000
1625835068.94532561,3.50000000
1625835069.04529715,3.50000000
1625835069.14535069,3.50000000
1625835069.24534488,3.50000000
1625835069.34527397,3.50000000
1625835069.44528580,3.50000000
1625835069.54526877,3.50000000
1625835069.64528966,3.50000000
1625835069.74529791,3.50000000
1625835069.84532142,3.50000000
1625835069.94523740,3.50000000
1625835070.04529405,3.50000000
1625835070.14528632,3.50000000
1625835070.24530125,3.50000000
1625835070.34527278,3.50000000
1625835070.44525409,3.50000000
1625835070.54541755,3.50000000
1625835070.64526701,3.50000000
1625835070.74528337,3.50000000
1625835070.84530926,3.50000000
1625835070.94528580,3.50000000
1625835071.04526591,3.50000000
1625835071.14529347,3.50000000
1625835071.24528313,3.50000000
1625835071.34527969,3.50000000
1625835071.44531584,3.50000000
1625835071.54532814,3.50000000
1625835071.64533663,3.50000000
1625835071.74555182,3.50000000
1625835071.84523892,3.50000000
1625835071.94525456,3.50000000
1625835072.04526949,3.50000000
1625835072.14522791,3.50000000
1625835072.24527335,3.50000000
1625835072.34525633,3.50000000
1625835072.44541526,3.50000000
1625835072.54528117,3.50000000
1625835072.64529634,3.50000000
1625835072.74529171,3.50000000
1625835072.84523630,3.50000000
1625835072.94527197,3.50000000
1625835073.04523349,3.50000000
1625835073.14529967,3.50000000
1625835073.24532914,3.50000000
1625835073.34527230,3.50000000
1625835073.44526911,3.50000000
1625835073.54525018,3.50000000
1625835073.64533043,3.50000000
1625835073.74529338,3.50000000
1625835073.84525394,3.50000000
1625835073.94522429,3.50000000
1625835074.04525065,3.50000000
1625835074.14534283,3.50000000
1625835074.24523783,3.50000000
1625835074.34528661,3.50000000
1625835074.44525099,3.50000000
1625835074.54530263,3.50000000
1625835074.64531636,3.50000000
1625835074.74525428,3.50000000
1625835074.84524155,3.50000000
1625835074.94525075,3.50000000
1625835075.04531097,3.50000000
1625835075.14527798,3.50000000
1625835075.24527574,3.50000000
1625835075.34525442,3.50000000
1625835075.44534183,3.50000000
1625835075.54524684,3.50000000
1625835075.64526892,3.50000000
1625835075.74525809,3.50000000
1625835075.84534121,3.50000000
1625835075.94538689,3.50000000
1625835076.04522610,3.50000000
1625835076.14523244,3.50000000
1625835076.24526763,3.50000000
1625835076.34527588,3.50000000
1625835076.44522929,3.50000000
1625835076.54525423,3.50000000
1625835076.64526534,3.50000000
1625835076.74535322,3.50000000
1625835076.84534383,3.50000000
1625835076.94508100,3.50000000
1625835077.04525542,3.50000000
1625835077.14525032,3.50000000
1625835077.24530816,3.50000000
1625835077.34528208,3.50000000
1625835077.44527483,3.50000000
1625835077.54527879,3.50000000
1625835077.64528298,3.50000000
1625835077.74527884,3.50000000
1625835077.84533763,3.50000000
1625835077.94524336,3.50000000
1625835078.04533839,3.50000000
1625835078.14524102,3.50000000
1625835078.24523592,3.50000000
1625835078.34557676,3.50000000
1625835078.44533825,3.50000000
1625835078.54540133,3.50000000
1625835078.64520025,3.50000000
1625835078.74534702,3.50000000
1625835078.84537125,3.50000000
1625835078.94524193,3.50000000
1625835079.04533362,3.50000000
1625835079.14526224,3.50000000
1625835079.24541092,3.50000000
1625835079.34505844,3.50000000
1625835079.44526243,3.50000000
1625835079.54530025,3.50000000
1625835079.64529729,3.50000000
1625835079.74524999,3.50000000
1625835079.84531331,3.50000000
1625835079.94530272,3.50000000
1625835080.04526353,3.50000000
1625835080.14529920,3.50000000
1625835080.24526024,3.50000000
1625835080.34523630,3.50000000
1625835080.44541454,3.50000000
1625835080.54556537,3.50000000
1625835080.64529610,3.50000000
1625835080.74526715,3.50000000
1625835080.84533286,3.50000000
1625835080.94539142,3.50000000
1625835081.04538321,3.50000000
1625835081.14538002,3.50000000
1625835081.24532413,3.50000000
1625835081.34535098,3.50000000
1625835081.44531918,3.50000000
1625835081.54536557,3.50000000
1625835081.64550686,3.50000000
1625835081.74528170,3.50000000
1625835081.84532666,3.50000000
1625835081.94535923,3.50000000
1625835082.04534221,3.50000000
1625835082.14544964,3.50000000
1625835082.24533534,3.50000000
1625835082.34535980,3.50000000
1625835082.44530988,3.50000000
1625835082.54536152,3.50000000
1625835082.64522505,3.50000000
1625835082.74528193,3.50000000
1625835082.84531236,3.50000000
1625835082.94538641,3.50000000
1625835083.04529572,3.50000000
1625835083.14526176,3.50000000
1625835083.24525714,3.50000000
1625835083.34528375,3.50000000
1625835083.44526911,3.50000000
1625835083.54534483,3.50000000
1625835083.64535594,3.50000000
1625835083.74535584,3.50000000
1625835083.84531355,3.50000000
1625835083.94535780,3.50000000
1625835084.04530621,3.50000000
1625835084.14539027,3.50000000
1625835084.24524903,3.50000000
1625835084.34526539,3.50000000
1625835084.44523549,3.50000000
1625835084.54535723,3.50000000
1625835084.64530849,3.50000000
1625835084.74523711,3.50000000
1625835084.84504437,3.50000000
1625835084.94522619,3.50000000
1625835085.04542661,3.50000000
1625835085.14533806,3.50000000
1625835085.24531364,3.50000000
1625835085.34524393,3.50000000
1625835085.44528961,3.50000000
