Seconds,Detected,Distance,Angle,Child.X,Child.Y,Child.Angle
1624878049.63850236,1,4.00000000,0.00000000,4.00000000,0.00000000,0.00000000
1624878049.73845434,1,4.00000000,0.00000000,4.00000000,0.00000000,0.00000000
1624878049.83847618,1,4.00000000,0.00000000,4.00000000,0.00000000,0.00000000
1624878049.93844724,1,4.00000000,0.00000000,4.00000000,0.00000000,0.00000000
1624878050.03845215,1,4.00000000,0.00000000,4.00000000,0.00000000,0.00000000
1624878050.13845587,1,4.00000000,0.00000000,4.00000000,0.00000000,0.00000000
1624878050.23849416,1,4.00000000,0.00000000,4.00000000,0.00000000,0.00000000
1624878050.33846068,1,4.00000000,0.00000000,4.00000000,0.00000000,0.00000000
1624878050.43849587,1,4.00000000,0.00000000,4.00000000,0.00000000,0.00000000
1624878050.53849244,1,4.00000000,0.00000000,4.00000000,0.00000000,0.00000000
1624878050.63849783,1,4.00000000,0.00000000,4.00000000,0.00000000,0.00000000
1624878050.73849463,1,4.00000000,0.00000000,4.00000000,0.00000000,0.00000000
1624878050.83850050,1,4.00000000,0.00000000,4.00000000,0.00000000,0.00000000
1624878050.93849993,1,4.00000000,0.00000000,4.00000000,0.00000000,0.00000000
1624878051.03850222,1,4.00000000,0.00000000,4.00000000,0.00000000,0.00000000
1624878051.13846087,1,4.00000000,0.00000000,4.00000000,0.00000000,0.00000000
1624878051.23842049,1,4.00000000,0.00000000,4.00000000,0.00000000,0.00000000
1624878051.33842063,1,4.00000000,0.00000000,4.00000000,0.00000000,0.00000000
1624878051.43839908,1,4.00000000,0.00000000,4.00000000,0.00000000,0.00000000
1624878051.53842115,1,4.00000000,0.00000000,4.00000000,0.00000000,0.00000000
1624878051.63850403,1,4.00000000,0.00000000,4.00000000,0.00000000,0.00000000
1624878051.73846626,1,4.00000000,0.00000000,4.00000000,0.00000000,0.00000000
1624878051.83846021,1,4.00000000,0.00000000,4.00000000,0.00000000,0.00000000
1624878051.93841958,1,4.00000000,0.00000000,4.00000000,0.00000000,0.00000000
1624878052.03845882,1,4.00000000,0.00000000,4.00000000,0.00000000,0.00000000
1624878052.13846040,1,4.00000000,0.00000000,4.00000000,0.00000000,0.00000000
1624878052.23844790,1,4.00000000,0.00000000,4.00000000,0.00000000,0.00000000
1624878052.33847594,1,4.00000000,0.00000000,4.00000000,0.00000000,0.00000000
1624878052.43846202,1,4.00000000,0.00000000,4.00291000,0.00000000,0.00000000
1624878052.53850317,1,3.99709010,0.00000000,4.00485010,0.00000000,0.00000000
1624878052.63851285,1,3.99223995,0.00000000,4.00484995,0.00000000,0.00000000
1624878052.73845339,1,3.98739004,0.00000000,4.00533504,0.00000000,0.00000000
1624878052.83846331,1,3.98205495,0.00000000,4.00484995,0.00000000,0.00000000
1624878052.93847728,1,3.97720504,0.00000000,4.00485004,0.00000000,0.00000000
1624878053.03849554,1,3.97235489,0.00000000,4.00533489,0.00000000,0.00000000
1624878053.13845873,1,3.96702003,0.00000000,4.00485003,0.00000000,0.00000000
1624878053.23848152,1,3.96216989,0.00000000,4.00484989,0.00000000,0.00000000
1624878053.33846784,1,3.95731997,0.00000000,4.00484997,0.00000000,0.00000000
1624878053.43842340,1,3.95247006,0.00000000,4.00436506,0.00000000,0.00000000
1624878053.53839350,1,3.94810510,0.00000000,4.00485010,0.00000000,0.00000000
1624878053.63841987,1,3.94325495,0.00000000,4.00484995,0.00000000,0.00000000
1624878053.73845601,1,3.93840504,0.00000000,4.00533504,0.00000000,0.00000000
1624878053.83841562,1,3.93306994,0.00000000,4.00387994,0.00000000,0.00000000
1624878053.93845987,1,3.92918992,0.00000000,4.00484992,0.00000000,0.00000000
1624878054.03848815,1,3.92434001,0.00000000,4.00388001,0.00000000,0.00000000
1624878054.13842320,1,3.92045999,0.00000000,4.00533499,0.00000000,0.00000000
1624878054.23843813,1,3.91512489,0.00000000,4.00387989,0.00000000,0.00000000
1624878054.33845878,1,3.91124511,0.00000000,4.00388011,0.00000000,0.00000000
1624878054.43845963,1,3.90736508,0.00000000,4.00533508,0.00000000,0.00000000
1624878054.53849554,1,3.90202999,0.00000000,4.00387999,0.00000000,0.00000000
1624878054.63845921,1,3.89814997,0.00000000,4.00387997,0.00000000,0.00000000
1624878054.73848200,1,3.89426994,0.00000000,4.00387994,0.00000000,0.00000000
1624878054.83845949,1,3.89038992,0.00000000,4.00436492,0.00000000,0.00000000
1624878054.93845630,1,3.88602495,0.00000000,4.00387995,0.00000000,0.00000000
1624878055.03849721,1,3.88214493,0.00000000,4.00387993,0.00000000,0.00000000
1624878055.13847446,1,3.87826490,0.00000000,4.00387990,0.00000000,0.00000000
1624878055.23846364,1,3.87438512,0.00000000,4.00097012,0.00000000,0.00000000
1624878055.33845758,1,3.87341499,0.00000000,4.00436499,0.00000000,0.00000000
1624878055.43849897,1,3.86905003,0.00000000,4.00776003,0.00000000,0.00000000
1624878055.53849578,1,3.86128998,0.00000000,4.01018498,0.00000000,0.00000000
1624878055.63850045,1,3.85110497,0.00000000,4.01309497,0.00000000,0.00000000
1624878055.73844266,1,3.83801007,0.00000000,4.01600507,0.00000000,0.00000000
1624878055.83845544,1,3.82200503,0.00000000,4.01794503,0.00000000,0.00000000
1624878055.93849730,1,3.80405998,0.00000000,4.01891498,0.00000000,0.00000000
1624878056.03846002,1,3.78514504,0.00000000,4.01794504,0.00000000,0.00000000
1624878056.13846326,1,3.76719999,0.00000000,4.01891499,0.00000000,0.00000000
1624878056.23846602,1,3.74828506,0.00000000,4.01891506,0.00000000,0.00000000
1624878056.33845997,1,3.72937012,0.00000000,4.01794512,0.00000000,0.00000000
1624878056.43845534,1,3.71142507,0.00000000,4.01794507,0.00000000,0.00000000
1624878056.53845716,1,3.69348001,0.00000000,4.01843001,0.00000000,0.00000000
1624878056.63842773,1,3.67505002,0.00000000,4.01697502,0.00000000,0.00000000
1624878056.73843312,1,3.65807509,0.00000000,4.01794509,0.00000000,0.00000000
1624878056.83842826,1,3.64013004,0.00000000,4.01697504,0.00000000,0.00000000
1624878056.93850088,1,3.62315512,0.00000000,4.01697512,0.00000000,0.00000000
1624878057.03850222,1,3.60617995,0.00000000,4.01697495,0.00000000,0.00000000
1624878057.13847685,1,3.58920503,0.00000000,4.01697503,0.00000000,0.00000000
1624878057.23848033,1,3.57223010,0.00000000,4.01600510,0.00000000,0.00000000
1624878057.33846927,1,3.55622506,0.00000000,4.01697506,0.00000000,0.00000000
1624878057.43847704,1,3.53924990,0.00000000,4.01600490,0.00000000,0.00000000
1624878057.53848386,1,3.52324510,0.00000000,4.01600510,0.00000000,0.00000000
1624878057.63845873,1,3.50724006,0.00000000,4.01600506,0.00000000,0.00000000
1624878057.73846841,1,3.49123502,0.00000000,4.01600502,0.00000000,0.00000000
1624878057.83850789,1,3.47522998,0.00000000,4.01600498,0.00000000,0.00000000
1624878057.93846726,1,3.45922494,0.00000000,4.01503494,0.00000000,0.00000000
1624878058.03840947,1,3.44419003,0.00000000,4.01503503,0.00000000,0.00000000
1624878058.13845563,1,3.42915511,0.00000000,4.01503511,0.00000000,0.00000000
1624878058.23843861,1,3.41411996,0.00000000,4.01503496,0.00000000,0.00000000
1624878058.33849835,1,3.39908504,0.00000000,4.01503504,0.00000000,0.00000000
1624878058.43846178,1,3.38404989,0.00000000,4.01503489,0.00000000,0.00000000
1624878058.53845930,1,3.36901498,0.00000000,4.01357998,0.00000000,0.00000000
1624878058.63845611,1,3.35543489,0.00000000,4.01406489,0.00000000,0.00000000
1624878058.73848152,1,3.34137011,0.00000000,4.01406511,0.00000000,0.00000000
1624878058.83846641,1,3.32730508,0.00000000,4.01406508,0.00000000,0.00000000
1624878058.93848372,1,3.31324005,0.00000000,4.01406505,0.00000000,0.00000000
1624878059.03848171,1,3.29917502,0.00000000,4.01406502,0.00000000,0.00000000
1624878059.13849807,1,3.28511000,0.00000000,4.01309500,0.00000000,0.00000000
1624878059.23849869,1,3.27201509,0.00000000,4.01358009,0.00000000,0.00000000
1624878059.33848882,1,3.25843501,0.00000000,4.01309501,0.00000000,0.00000000
1624878059.43843699,1,3.24534011,0.00000000,4.01309511,0.00000000,0.00000000
1624878059.53850937,1,3.23224497,0.00000000,4.01309497,0.00000000,0.00000000
1624878059.63843131,1,3.21915007,0.00000000,4.01309507,0.00000000,0.00000000
1624878059.73843312,1,3.20605493,0.00000000,4.01260993,0.00000000,0.00000000
1624878059.83846998,1,3.19344497,0.00000000,4.01212497,0.00000000,0.00000000
1624878059.93846202,1,3.18131995,0.00000000,4.01309495,0.00000000,0.00000000
1624878060.03840351,1,3.16822505,0.00000000,4.01212505,0.00000000,0.00000000
1624878060.13847733,1,3.15610003,0.00000000,4.01164003,0.00000000,0.00000000
1624878060.23845959,1,3.14445996,0.00000000,4.01309496,0.00000000,0.00000000
1624878060.33848190,1,3.13136506,0.00000000,4.01115506,0.00000000,0.00000000
1624878060.43847942,1,3.12020993,0.00000000,4.01212493,0.00000000,0.00000000
1624878060.53846145,1,3.10808492,0.00000000,4.01163992,0.00000000,0.00000000
1624878060.63846064,1,3.09644508,0.00000000,4.01115508,0.00000000,0.00000000
1624878060.73843455,1,3.08528996,0.00000000,4.01212496,0.00000000,0.00000000
1624878060.83851409,1,3.07316494,0.00000000,4.01115494,0.00000000,0.00000000
1624878060.93849874,1,3.06201005,0.00000000,4.01067005,0.00000000,0.00000000
1624878061.03846812,1,3.05134010,0.00000000,4.01115510,0.00000000,0.00000000
1624878061.13848042,1,3.04018497,0.00000000,4.01115497,0.00000000,0.00000000
1624878061.23847938,1,3.02903008,0.00000000,4.01067008,0.00000000,0.00000000
1624878061.33845735,1,3.01835990,0.00000000,4.01115490,0.00000000,0.00000000
1624878061.43846393,1,3.00720501,0.00000000,4.01115501,0.00000000,0.00000000
1624878061.53848314,1,2.99604988,0.00000000,4.00969988,0.00000000,0.00000000
1624878061.63846612,1,2.98635006,0.00000000,4.01018506,0.00000000,0.00000000
1624878061.73841262,1,2.97616506,0.00000000,4.01115506,0.00000000,0.00000000
1624878061.83845997,1,2.96500993,0.00000000,4.00969993,0.00000000,0.00000000
1624878061.93845963,1,2.95531011,0.00000000,4.01018511,0.00000000,0.00000000
1624878062.03849745,1,2.94512510,0.00000000,4.00970010,0.00000000,0.00000000
1624878062.13848376,1,2.93542504,0.00000000,4.01018504,0.00000000,0.00000000
1624878062.23848128,1,2.92524004,0.00000000,4.00921504,0.00000000,0.00000000
1624878062.33846426,1,2.91602492,0.00000000,4.00969992,0.00000000,0.00000000
1624878062.43847132,1,2.90632510,0.00000000,4.01018510,0.00000000,0.00000000
1624878062.53842878,1,2.89614010,0.00000000,4.00873010,0.00000000,0.00000000
1624878062.63845778,1,2.88740993,0.00000000,4.01018493,0.00000000,0.00000000
1624878062.73850965,1,2.87722492,0.00000000,4.00921492,0.00000000,0.00000000
1624878062.83849883,1,2.86801004,0.00000000,4.00873004,0.00000000,0.00000000
1624878062.93846202,1,2.85928011,0.00000000,4.00921511,0.00000000,0.00000000
1624878063.03843451,1,2.85006499,0.00000000,4.00872999,0.00000000,0.00000000
1624878063.13847733,1,2.84133506,0.00000000,4.00921506,0.00000000,0.00000000
1624878063.23849988,1,2.83211994,0.00000000,4.00872994,0.00000000,0.00000000
1624878063.33850718,1,2.82339001,0.00000000,4.00921501,0.00000000,0.00000000
1624878063.43845940,1,2.81417489,0.00000000,4.00775989,0.00000000,0.00000000
1624878063.53846264,1,2.80641508,0.00000000,4.00921508,0.00000000,0.00000000
1624878063.63845873,1,2.79719996,0.00000000,4.00775996,0.00000000,0.00000000
1624878063.73848534,1,2.78943992,0.00000000,4.00921492,0.00000000,0.00000000
1624878063.83846021,1,2.78022504,0.00000000,4.00776004,0.00000000,0.00000000
1624878063.93848157,1,2.77246499,0.00000000,4.00824499,0.00000000,0.00000000
1624878064.03846622,1,2.76422000,0.00000000,4.00776000,0.00000000,0.00000000
1624878064.13845825,1,2.75645995,0.00000000,4.00824495,0.00000000,0.00000000
1624878064.23847318,1,2.74821496,0.00000000,4.00775996,0.00000000,0.00000000
1624878064.33850455,1,2.74045491,0.00000000,4.00824491,0.00000000,0.00000000
1624878064.43850017,1,2.73220992,0.00000000,4.00678992,0.00000000,0.00000000
1624878064.53846145,1,2.72542000,0.00000000,4.00824500,0.00000000,0.00000000
1624878064.63842893,1,2.71717501,0.00000000,4.00776001,0.00000000,0.00000000
1624878064.73845649,1,2.70941496,0.00000000,4.00727496,0.00000000,0.00000000
1624878064.83843923,1,2.70214009,0.00000000,4.00776009,0.00000000,0.00000000
1624878064.93845963,1,2.69438004,0.00000000,4.00727504,0.00000000,0.00000000
1624878065.03847170,1,2.68710494,0.00000000,4.00678994,0.00000000,0.00000000
1624878065.13847685,1,2.68031502,0.00000000,4.00727502,0.00000000,0.00000000
1624878065.23847508,1,2.67303991,0.00000000,4.00775991,0.00000000,0.00000000
1624878065.33846140,1,2.66528010,0.00000000,4.00727510,0.00000000,0.00000000
1624878065.43846273,1,2.65800500,0.00000000,4.00582000,0.00000000,0.00000000
1624878065.53848791,1,2.65218496,0.00000000,4.00678996,0.00000000,0.00000000
1624878065.63847375,1,2.64539504,0.00000000,4.00727504,0.00000000,0.00000000
1624878065.73849630,1,2.63811994,0.00000000,4.00678994,0.00000000,0.00000000
1624878065.83845973,1,2.63133001,0.00000000,4.00727501,0.00000000,0.00000000
1624878065.93846059,1,2.62405491,0.00000000,4.00581991,0.00000000,0.00000000
1624878066.03848624,1,2.61823511,0.00000000,4.00679011,0.00000000,0.00000000
1624878066.13848662,1,2.61144495,0.00000000,4.00630495,0.00000000,0.00000000
1624878066.23847842,1,2.60513997,0.00000000,4.00678997,0.00000000,0.00000000
1624878066.33846378,1,2.59835005,0.00000000,4.00630505,0.00000000,0.00000000
1624878066.43849730,1,2.59204507,0.00000000,4.00582007,0.00000000,0.00000000
1624878066.53846073,1,2.58622503,0.00000000,4.00582003,0.00000000,0.00000000
1624878066.63847518,1,2.58040500,0.00000000,4.00630500,0.00000000,0.00000000
1624878066.73846221,1,2.57410002,0.00000000,4.00679002,0.00000000,0.00000000
1624878066.83847642,1,2.56731009,0.00000000,4.00630509,0.00000000,0.00000000
1624878066.93849850,1,2.56100512,0.00000000,4.00485012,0.00000000,0.00000000
1624878067.03846073,1,2.55615497,0.00000000,4.00581997,0.00000000,0.00000000
1624878067.13849926,1,2.55033493,0.00000000,4.00630493,0.00000000,0.00000000
1624878067.23847580,1,2.54402995,0.00000000,4.00581995,0.00000000,0.00000000
1624878067.33849931,1,2.53820992,0.00000000,4.00581992,0.00000000,0.00000000
1624878067.43846393,1,2.53239012,0.00000000,4.00533512,0.00000000,0.00000000
1624878067.53848219,1,2.52705503,0.00000000,4.00582003,0.00000000,0.00000000
1624878067.63847733,1,2.52123499,0.00000000,4.00484999,0.00000000,0.00000000
1624878067.73849940,1,2.51638508,0.00000000,4.00630508,0.00000000,0.00000000
1624878067.83846116,1,2.51008010,0.00000000,4.00485010,0.00000000,0.00000000
1624878067.93851352,1,2.50522995,0.00000000,4.00484995,0.00000000,0.00000000
1624878068.03846169,1,2.50038004,0.00000000,4.00630504,0.00000000,0.00000000
1624878068.13846588,1,2.49407506,0.00000000,4.00485006,0.00000000,0.00000000
1624878068.23847675,1,2.48922491,0.00000000,4.00484991,0.00000000,0.00000000
1624878068.33848238,1,2.48437500,0.00000000,4.00194000,0.00000000,0.00000000
1624878068.43849778,1,2.48243499,0.00000000,4.00533499,0.00000000,0.00000000
1624878068.53846025,1,2.47709990,0.00000000,4.00872990,0.00000000,0.00000000
1624878068.63848662,1,2.46836996,0.00000000,4.01018496,0.00000000,0.00000000
1624878068.73849773,1,2.45818496,0.00000000,4.00969996,0.00000000,0.00000000
1624878068.83845925,1,2.44848490,0.00000000,4.00921490,0.00000000,0.00000000
1624878068.93845868,1,2.43927002,0.00000000,4.01018502,0.00000000,0.00000000
1624878069.03846169,1,2.42908502,0.00000000,4.00970002,0.00000000,0.00000000
1624878069.13846278,1,2.41938496,0.00000000,4.01018496,0.00000000,0.00000000
1624878069.23850179,1,2.40919995,0.00000000,4.00872995,0.00000000,0.00000000
1624878069.33849883,1,2.40047002,0.00000000,4.01018502,0.00000000,0.00000000
1624878069.43850303,1,2.39028502,0.00000000,4.00921502,0.00000000,0.00000000
1624878069.53847766,1,2.38106990,0.00000000,4.00872990,0.00000000,0.00000000
1624878069.63845825,1,2.37233996,0.00000000,4.01018496,0.00000000,0.00000000
1624878069.73849559,1,2.36215496,0.00000000,4.00872996,0.00000000,0.00000000
1624878069.83845472,1,2.35342503,0.00000000,4.00921503,0.00000000,0.00000000
1624878069.93846107,1,2.34420991,0.00000000,4.00872991,0.00000000,0.00000000
1624878070.03845835,1,2.33547997,0.00000000,4.00824497,0.00000000,0.00000000
1624878070.13849759,1,2.32723498,0.00000000,4.00921498,0.00000000,0.00000000
1624878070.23848724,1,2.31802011,0.00000000,4.00873011,0.00000000,0.00000000
1624878070.33847117,1,2.30928993,0.00000000,4.00824493,0.00000000,0.00000000
1624878070.43847084,1,2.30104494,0.00000000,4.00872994,0.00000000,0.00000000
1624878070.53850341,1,2.29231501,0.00000000,4.00824501,0.00000000,0.00000000
1624878070.63845921,1,2.28407001,0.00000000,4.00776001,0.00000000,0.00000000
1624878070.73845768,1,2.27630997,0.00000000,4.00921497,0.00000000,0.00000000
1624878070.83845925,1,2.26709509,0.00000000,4.00776009,0.00000000,0.00000000
1624878070.93846226,1,2.25933504,0.00000000,4.00824504,0.00000000,0.00000000
1624878071.03849030,1,2.25109005,0.00000000,4.00679005,0.00000000,0.00000000
1624878071.13846231,1,2.24429989,0.00000000,4.00824489,0.00000000,0.00000000
1624878071.23847771,1,2.23605490,0.00000000,4.00775990,0.00000000,0.00000000
1624878071.33846807,1,2.22829509,0.00000000,4.00824509,0.00000000,0.00000000
1624878071.43846178,1,2.22005010,0.00000000,4.00776010,0.00000000,0.00000000
1624878071.53845859,1,2.21229005,0.00000000,4.00727505,0.00000000,0.00000000
1624878071.63847685,1,2.20501494,0.00000000,4.00678994,0.00000000,0.00000000
1624878071.73846173,1,2.19822502,0.00000000,4.00776002,0.00000000,0.00000000
1624878071.83846807,1,2.19046497,0.00000000,4.00727497,0.00000000,0.00000000
1624878071.93846321,1,2.18319011,0.00000000,4.00679011,0.00000000,0.00000000
1624878072.03849816,1,2.17639995,0.00000000,4.00727495,0.00000000,0.00000000
1624878072.13846636,1,2.16912508,0.00000000,4.00679008,0.00000000,0.00000000
1624878072.23845410,1,2.16233492,0.00000000,4.00727492,0.00000000,0.00000000
1624878072.33846116,1,2.15506005,0.00000000,4.00679005,0.00000000,0.00000000
1624878072.43845892,1,2.14826989,0.00000000,4.00678989,0.00000000,0.00000000
1624878072.53845763,1,2.14147997,0.00000000,4.00727497,0.00000000,0.00000000
1624878072.63848352,1,2.13420510,0.00000000,4.00679010,0.00000000,0.00000000
1624878072.73847961,1,2.12741494,0.00000000,4.00630494,0.00000000,0.00000000
1624878072.83847928,1,2.12110996,0.00000000,4.00678996,0.00000000,0.00000000
1624878072.93847656,1,2.11432004,0.00000000,4.00630504,0.00000000,0.00000000
1624878073.03848481,1,2.10801506,0.00000000,4.00679006,0.00000000,0.00000000
1624878073.13848615,1,2.10122490,0.00000000,4.00581990,0.00000000,0.00000000
1624878073.23849797,1,2.09540510,0.00000000,4.00630510,0.00000000,0.00000000
1624878073.33846068,1,2.08909988,0.00000000,4.00581988,0.00000000,0.00000000
1624878073.43848109,1,2.08328009,0.00000000,4.00727509,0.00000000,0.00000000
1624878073.53848958,1,2.07600498,0.00000000,4.00581998,0.00000000,0.00000000
1624878073.63847280,1,2.07018495,0.00000000,4.00581995,0.00000000,0.00000000
1624878073.73851705,1,2.06436491,0.00000000,4.00630491,0.00000000,0.00000000
1624878073.83846664,1,2.05805993,0.00000000,4.00581993,0.00000000,0.00000000
1624878073.93845749,1,2.05223989,0.00000000,4.00484989,0.00000000,0.00000000
1624878074.03850317,1,2.04738998,0.00000000,4.00630498,0.00000000,0.00000000
1624878074.13848162,1,2.04108500,0.00000000,4.00582000,0.00000000,0.00000000
1624878074.23842359,1,2.03526497,0.00000000,4.00581997,0.00000000,0.00000000
1624878074.33846045,1,2.02944493,0.00000000,4.00533493,0.00000000,0.00000000
1624878074.43849874,1,2.02411008,0.00000000,4.00582008,0.00000000,0.00000000
1624878074.53848600,1,2.01829004,0.00000000,4.00485004,0.00000000,0.00000000
1624878074.63845921,1,2.01343989,0.00000000,4.00533489,0.00000000,0.00000000
1624878074.73848343,1,2.00810504,0.00000000,4.00582004,0.00000000,0.00000000
1624878074.83848524,1,2.00228500,0.00000000,4.00485000,0.00000000,0.00000000
1624878074.93845701,1,1.99743497,0.00000000,4.00533497,0.00000000,0.00000000
1624878075.03845954,1,1.99210000,0.00000000,4.00582000,0.00000000,0.00000000
1624878075.13846183,1,1.98627996,0.00000000,4.00484996,0.00000000,0.00000000
1624878075.23840356,1,1.98143005,0.00000000,4.00533505,0.00000000,0.00000000
1624878075.33845496,1,1.97609496,0.00000000,4.00484996,0.00000000,0.00000000
1624878075.43846202,1,1.97124505,0.00000000,4.00485005,0.00000000,0.00000000
1624878075.53845572,1,1.96639502,0.00000000,4.00533502,0.00000000,0.00000000
1624878075.63845372,1,1.96106005,0.00000000,4.00388005,0.00000000,0.00000000
1624878075.73842406,1,1.95718002,0.00000000,4.00485002,0.00000000,0.00000000
1624878075.83847642,1,1.95232999,0.00000000,4.00484999,0.00000000,0.00000000
1624878075.93848038,1,1.94747996,0.00000000,4.00533496,0.00000000,0.00000000
1624878076.03850031,1,1.94214499,0.00000000,4.00387999,0.00000000,0.00000000
1624878076.13848186,1,1.93826497,0.00000000,4.00484997,0.00000000,0.00000000
1624878076.23850441,1,1.93341506,0.00000000,4.00533506,0.00000000,0.00000000
1624878076.33845782,1,1.92807996,0.00000000,4.00387996,0.00000000,0.00000000
1624878076.43848491,1,1.92420006,0.00000000,4.00485006,0.00000000,0.00000000
1624878076.53847694,1,1.91935003,0.00000000,4.00388003,0.00000000,0.00000000
1624878076.63848209,1,1.91547000,0.00000000,4.00436500,0.00000000,0.00000000
1624878076.73847723,1,1.91110504,0.00000000,4.00485004,0.00000000,0.00000000
1624878076.83850765,1,1.90625501,0.00000000,4.00388001,0.00000000,0.00000000
1624878076.93850493,1,1.90237498,0.00000000,4.00436498,0.00000000,0.00000000
1624878077.03848052,1,1.89801002,0.00000000,4.00388002,0.00000000,0.00000000
1624878077.13846326,1,1.89412999,0.00000000,4.00484999,0.00000000,0.00000000
1624878077.23848653,1,1.88927996,0.00000000,4.00387996,0.00000000,0.00000000
1624878077.33839965,1,1.88540006,0.00000000,4.00436506,0.00000000,0.00000000
1624878077.43845296,1,1.88103497,0.00000000,4.00387997,0.00000000,0.00000000
1624878077.53846097,1,1.87715495,0.00000000,4.00387995,0.00000000,0.00000000
1624878077.63845921,1,1.87327504,0.00000000,4.00388004,0.00000000,0.00000000
1624878077.73845792,1,1.86939502,0.00000000,4.00436502,0.00000000,0.00000000
1624878077.83848405,1,1.86503005,0.00000000,4.00388005,0.00000000,0.00000000
1624878077.93851447,1,1.86115003,0.00000000,4.00291003,0.00000000,0.00000000
1624878078.03845930,1,1.85824001,0.00000000,4.00388001,0.00000000,0.00000000
1624878078.13845992,1,1.85435998,0.00000000,4.00387998,0.00000000,0.00000000
1624878078.23846579,1,1.85047996,0.00000000,4.00436496,0.00000000,0.00000000
1624878078.33847690,1,1.84611499,0.00000000,4.00290999,0.00000000,0.00000000
1624878078.43847632,1,1.84320498,0.00000000,4.00387998,0.00000000,0.00000000
1624878078.53844190,1,1.83932495,0.00000000,4.00290995,0.00000000,0.00000000
1624878078.63845801,1,1.83641505,0.00000000,4.00436505,0.00000000,0.00000000
1624878078.73841023,1,1.83204997,0.00000000,4.00290997,0.00000000,0.00000000
1624878078.83847475,1,1.82913995,0.00000000,4.00387995,0.00000000,0.00000000
1624878078.93846989,1,1.82526004,0.00000000,4.00291004,0.00000000,0.00000000
1624878079.03846264,1,1.82235003,0.00000000,4.00388003,0.00000000,0.00000000
1624878079.13848639,1,1.81847000,0.00000000,4.00339500,0.00000000,0.00000000
1624878079.23847437,1,1.81507504,0.00000000,4.00291004,0.00000000,0.00000000
1624878079.33846140,1,1.81216502,0.00000000,4.00388002,0.00000000,0.00000000
1624878079.43850970,1,1.80828500,0.00000000,4.00291000,0.00000000,0.00000000
1624878079.53848433,1,1.80537498,0.00000000,4.00290998,0.00000000,0.00000000
1624878079.63850379,1,1.80246496,0.00000000,4.00339496,0.00000000,0.00000000
1624878079.73847389,1,1.79907000,0.00000000,4.00291000,0.00000000,0.00000000
1624878079.83848691,1,1.79615998,0.00000000,4.00290998,0.00000000,0.00000000
1624878079.93847823,1,1.79324996,0.00000000,4.00387996,0.00000000,0.00000000
1624878080.03846741,1,1.78936994,0.00000000,4.00290994,0.00000000,0.00000000
1624878080.13848162,1,1.78646004,0.00000000,4.00339504,0.00000000,0.00000000
1624878080.23848176,1,1.78306496,0.00000000,4.00290996,0.00000000,0.00000000
1624878080.33848166,1,1.78015494,0.00000000,4.00290994,0.00000000,0.00000000
1624878080.43846154,1,1.77724504,0.00000000,4.00291004,0.00000000,0.00000000
1624878080.53846335,1,1.77433503,0.00000000,4.00000003,0.00000000,0.00000000
1624878080.63848257,1,1.77433503,0.00000000,4.00291003,0.00000000,0.00000000
1624878080.73848629,1,1.77142501,0.00000000,4.00630501,0.00000000,0.00000000
1624878080.83848047,1,1.76512003,0.00000000,4.00776003,0.00000000,0.00000000
1624878080.93846273,1,1.75735998,0.00000000,4.01212498,0.00000000,0.00000000
1624878081.03849435,1,1.74523497,0.00000000,4.01309497,0.00000000,0.00000000
1624878081.13849449,1,1.73213995,0.00000000,4.01309495,0.00000000,0.00000000
1624878081.23845983,1,1.71904504,0.00000000,4.01261004,0.00000000,0.00000000
1624878081.33846450,1,1.70643497,0.00000000,4.01212497,0.00000000,0.00000000
1624878081.43846416,1,1.69430995,0.00000000,4.01309495,0.00000000,0.00000000
1624878081.53851366,1,1.68121505,0.00000000,4.01309505,0.00000000,0.00000000
1624878081.63849759,1,1.66812003,0.00000000,4.01164003,0.00000000,0.00000000
1624878081.73845816,1,1.65647995,0.00000000,4.01212495,0.00000000,0.00000000
1624878081.83845901,1,1.64435506,0.00000000,4.01212506,0.00000000,0.00000000
1624878081.93845892,1,1.63223004,0.00000000,4.01212504,0.00000000,0.00000000
1624878082.03851342,1,1.62010503,0.00000000,4.01164003,0.00000000,0.00000000
1624878082.13847756,1,1.60846496,0.00000000,4.01115496,0.00000000,0.00000000
1624878082.23847508,1,1.59730995,0.00000000,4.01212495,0.00000000,0.00000000
1624878082.33846450,1,1.58518505,0.00000000,4.01115505,0.00000000,0.00000000
1624878082.43847871,1,1.57403004,0.00000000,4.01164004,0.00000000,0.00000000
1624878082.53847957,1,1.56238997,0.00000000,4.01115497,0.00000000,0.00000000
1624878082.63846135,1,1.55123496,0.00000000,4.01115496,0.00000000,0.00000000
1624878082.73846030,1,1.54007995,0.00000000,4.01066995,0.00000000,0.00000000
1624878082.83845806,1,1.52941000,0.00000000,4.01115500,0.00000000,0.00000000
1624878082.93850327,1,1.51825500,0.00000000,4.01115500,0.00000000,0.00000000
1624878083.03845906,1,1.50709999,0.00000000,4.00969999,0.00000000,0.00000000
1624878083.13846135,1,1.49740005,0.00000000,4.01115505,0.00000000,0.00000000
1624878083.23849678,1,1.48624504,0.00000000,4.01018504,0.00000000,0.00000000
1624878083.33847809,1,1.47606003,0.00000000,4.01067003,0.00000000,0.00000000
1624878083.43842340,1,1.46538997,0.00000000,4.01018497,0.00000000,0.00000000
1624878083.53845453,1,1.45520496,0.00000000,4.01018496,0.00000000,0.00000000
1624878083.63839507,1,1.44501996,0.00000000,4.00969996,0.00000000,0.00000000
1624878083.73845673,1,1.43532002,0.00000000,4.01018502,0.00000000,0.00000000
1624878083.83847737,1,1.42513502,0.00000000,4.00970002,0.00000000,0.00000000
1624878083.93845701,1,1.41543496,0.00000000,4.00921496,0.00000000,0.00000000
1624878084.03848410,1,1.40621996,0.00000000,4.01018496,0.00000000,0.00000000
1624878084.13847923,1,1.39603496,0.00000000,4.00872996,0.00000000,0.00000000
1624878084.23848057,1,1.38730502,0.00000000,4.01018502,0.00000000,0.00000000
1624878084.33846354,1,1.37712002,0.00000000,4.00873002,0.00000000,0.00000000
1624878084.43847966,1,1.36838996,0.00000000,4.00921496,0.00000000,0.00000000
1624878084.53847957,1,1.35917497,0.00000000,4.00872997,0.00000000,0.00000000
1624878084.63846183,1,1.35044503,0.00000000,4.00921503,0.00000000,0.00000000
1624878084.73848248,1,1.34123003,0.00000000,4.00921503,0.00000000,0.00000000
1624878084.83847690,1,1.33201504,0.00000000,4.00873004,0.00000000,0.00000000
1624878084.93850136,1,1.32328498,0.00000000,4.00921498,0.00000000,0.00000000
1624878085.03848171,1,1.31406999,0.00000000,4.00775999,0.00000000,0.00000000
1624878085.13849926,1,1.30631006,0.00000000,4.00921506,0.00000000,0.00000000
1624878085.23848128,1,1.29709494,0.00000000,4.00775994,0.00000000,0.00000000
1624878085.33847857,1,1.28933501,0.00000000,4.00824501,0.00000000,0.00000000
1624878085.43842769,1,1.28109002,0.00000000,4.00873002,0.00000000,0.00000000
1624878085.53845906,1,1.27235997,0.00000000,4.00824497,0.00000000,0.00000000
1624878085.63845968,1,1.26411498,0.00000000,4.00775998,0.00000000,0.00000000
1624878085.73845959,1,1.25635505,0.00000000,4.00824505,0.00000000,0.00000000
1624878085.83850598,1,1.24811006,0.00000000,4.00776006,0.00000000,0.00000000
1624878085.93849111,1,1.24035001,0.00000000,4.00824501,0.00000000,0.00000000
1624878086.03846598,1,1.23210502,0.00000000,4.00679002,0.00000000,0.00000000
1624878086.13848400,1,1.22531497,0.00000000,4.00824497,0.00000000,0.00000000
1624878086.23846817,1,1.21706998,0.00000000,4.00678998,0.00000000,0.00000000
1624878086.33846498,1,1.21027994,0.00000000,4.00824494,0.00000000,0.00000000
1624878086.43847632,1,1.20203495,0.00000000,4.00678995,0.00000000,0.00000000
1624878086.53846383,1,1.19524503,0.00000000,4.00776003,0.00000000,0.00000000
1624878086.63843322,1,1.18748498,0.00000000,4.00727498,0.00000000,0.00000000
1624878086.73842669,1,1.18020999,0.00000000,4.00678999,0.00000000,0.00000000
1624878086.83845854,1,1.17341995,0.00000000,4.00727495,0.00000000,0.00000000
1624878086.93846059,1,1.16614497,0.00000000,4.00678997,0.00000000,0.00000000
1624878087.03846049,1,1.15935504,0.00000000,4.00727504,0.00000000,0.00000000
1624878087.13848782,1,1.15208006,0.00000000,4.00679006,0.00000000,0.00000000
1624878087.23848224,1,1.14529002,0.00000000,4.00727502,0.00000000,0.00000000
1624878087.33840513,1,1.13801503,0.00000000,4.00582003,0.00000000,0.00000000
1624878087.43842840,1,1.13219500,0.00000000,4.00679000,0.00000000,0.00000000
1624878087.53847837,1,1.12540495,0.00000000,4.00727495,0.00000000,0.00000000
1624878087.63846278,1,1.11812997,0.00000000,4.00581997,0.00000000,0.00000000
1624878087.73846126,1,1.11231005,0.00000000,4.00727505,0.00000000,0.00000000
1624878087.83846331,1,1.10503495,0.00000000,4.00581995,0.00000000,0.00000000
1624878087.93847299,1,1.09921503,0.00000000,4.00582003,0.00000000,0.00000000
1624878088.03846002,1,1.09339499,0.00000000,4.00727499,0.00000000,0.00000000
1624878088.13850451,1,1.08612001,0.00000000,4.00582001,0.00000000,0.00000000
1624878088.23850846,1,1.08029997,0.00000000,4.00581997,0.00000000,0.00000000
1624878088.33845782,1,1.07448006,0.00000000,4.00630506,0.00000000,0.00000000
1624878088.43847632,1,1.06817496,0.00000000,4.00581996,0.00000000,0.00000000
1624878088.53846049,1,1.06235504,0.00000000,4.00630504,0.00000000,0.00000000
1624878088.63845706,1,1.05604994,0.00000000,4.00581994,0.00000000,0.00000000
1624878088.73846102,1,1.05023003,0.00000000,4.00582003,0.00000000,0.00000000
1624878088.83851075,1,1.04440999,0.00000000,4.00533499,0.00000000,0.00000000
1624878088.93846011,1,1.03907502,0.00000000,4.00582002,0.00000000,0.00000000
1624878089.03853226,1,1.03325498,0.00000000,4.00581998,0.00000000,0.00000000
1624878089.13846064,1,1.02743495,0.00000000,4.00533495,0.00000000,0.00000000
1624878089.23849154,1,1.02209997,0.00000000,4.00581997,0.00000000,0.00000000
1624878089.33849907,1,1.01628006,0.00000000,4.00485006,0.00000000,0.00000000
1624878089.43845844,1,1.01143003,0.00000000,4.00630503,0.00000000,0.00000000
1624878089.53846145,1,1.00512505,0.00000000,4.00485005,0.00000000,0.00000000
1624878089.63845897,1,1.00027502,0.00000000,4.00485002,0.00000000,0.00000000
1624878089.73846030,1,0.99542499,0.00000000,4.00533499,0.00000000,0.00000000
1624878089.83845925,1,0.99009001,0.00000000,4.00582001,0.00000000,0.00000000
1624878089.93845987,1,0.98426998,0.00000000,4.00484998,0.00000000,0.00000000
1624878090.03849840,1,0.97942001,0.00000000,4.00533501,0.00000000,0.00000000
1624878090.13846231,1,0.97408497,0.00000000,4.00484997,0.00000000,0.00000000
1624878090.23845911,1,0.96923500,0.00000000,4.00485000,0.00000000,0.00000000
1624878090.33848763,1,0.96438497,0.00000000,4.00533497,0.00000000,0.00000000
1624878090.43847775,1,0.95905000,0.00000000,4.00485000,0.00000000,0.00000000
1624878090.53846312,1,0.95420003,0.00000000,4.00388003,0.00000000,0.00000000
1624878090.63850665,1,0.95032001,0.00000000,4.00485001,0.00000000,0.00000000
1624878090.73846412,1,0.94546998,0.00000000,4.00533498,0.00000000,0.00000000
1624878090.83848000,1,0.94013500,0.00000000,4.00388000,0.00000000,0.00000000
1624878090.93845844,1,0.93625498,0.00000000,4.00484998,0.00000000,0.00000000
1624878091.03846121,1,0.93140501,0.00000000,4.00436501,0.00000000,0.00000000
1624878091.13846517,1,0.92703998,0.00000000,4.00484998,0.00000000,0.00000000
1624878091.23849511,1,0.92219001,0.00000000,4.00388001,0.00000000,0.00000000
1624878091.33847523,1,0.91830999,0.00000000,4.00484999,0.00000000,0.00000000
1624878091.43846273,1,0.91346002,0.00000000,4.00436502,0.00000000,0.00000000
1624878091.53846478,1,0.90909499,0.00000000,4.00484999,0.00000000,0.00000000
1624878091.63846350,1,0.90424502,0.00000000,4.00388002,0.00000000,0.00000000
1624878091.73845577,1,0.90036500,0.00000000,4.00388000,0.00000000,0.00000000
1624878091.83848190,1,0.89648497,0.00000000,4.00436497,0.00000000,0.00000000
1624878091.93845844,1,0.89212000,0.00000000,4.00388000,0.00000000,0.00000000
1624878092.03846669,1,0.88823998,0.00000000,4.00387998,0.00000000,0.00000000
1624878092.13848162,1,0.88436002,0.00000000,4.00388002,0.00000000,0.00000000
1624878092.23848414,1,0.88047999,0.00000000,4.00436499,0.00000000,0.00000000
1624878092.33845997,1,0.87611502,0.00000000,4.00388002,0.00000000,0.00000000
1624878092.43845963,1,0.87223500,0.00000000,4.00388000,0.00000000,0.00000000
1624878092.53846049,1,0.86835498,0.00000000,4.00387998,0.00000000,0.00000000
1624878092.63850474,1,0.86447501,0.00000000,4.00436501,0.00000000,0.00000000
1624878092.73851752,1,0.86010998,0.00000000,4.00387998,0.00000000,0.00000000
1624878092.83848047,1,0.85623002,0.00000000,4.00388002,0.00000000,0.00000000
1624878092.93848181,1,0.85235000,0.00000000,4.00291000,0.00000000,0.00000000
1624878093.03848457,1,0.84943998,0.00000000,4.00436498,0.00000000,0.00000000
1624878093.13847923,1,0.84507501,0.00000000,4.00388001,0.00000000,0.00000000
1624878093.23845840,1,0.84119499,0.00000000,4.00290999,0.00000000,0.00000000
1624878093.33846092,1,0.83828503,0.00000000,4.00388003,0.00000000,0.00000000
1624878093.43851066,1,0.83440500,0.00000000,4.00339500,0.00000000,0.00000000
1624878093.53849578,1,0.83100998,0.00000000,4.00387998,0.00000000,0.00000000
1624878093.63845825,1,0.82713002,0.00000000,4.00291002,0.00000000,0.00000000
1624878093.73848057,1,0.82422000,0.00000000,4.00388000,0.00000000,0.00000000
1624878093.83849978,1,0.82033998,0.00000000,4.00290998,0.00000000,0.00000000
1624878093.93848586,1,0.81743002,0.00000000,4.00339502,0.00000000,0.00000000
1624878094.03847766,1,0.81403500,0.00000000,4.00388000,0.00000000,0.00000000
1624878094.13845897,1,0.81015497,0.00000000,4.00290997,0.00000000,0.00000000
1624878094.23846292,1,0.80724502,0.00000000,4.00291002,0.00000000,0.00000000
1624878094.33848047,1,0.80433500,0.00000000,4.00291000,0.00000000,0.00000000
1624878094.43847919,1,0.80142498,0.00000000,4.00339498,0.00000000,0.00000000
1624878094.53845787,1,0.79803002,0.00000000,4.00388002,0.00000000,0.00000000
1624878094.63848114,1,0.79414999,0.00000000,4.00290999,0.00000000,0.00000000
1624878094.73848963,1,0.79123998,0.00000000,4.00290998,0.00000000,0.00000000
1624878094.83848524,1,0.78833002,0.00000000,4.00291002,0.00000000,0.00000000
1624878094.93848538,1,0.78542000,0.00000000,4.00339500,0.00000000,0.00000000
1624878095.03848147,1,0.78202498,0.00000000,4.00290998,0.00000000,0.00000000
1624878095.13846159,1,0.77911502,0.00000000,4.00291002,0.00000000,0.00000000
1624878095.23850846,1,0.77620500,0.00000000,4.00291000,0.00000000,0.00000000
1624878095.33847499,1,0.77329499,0.00000000,4.00193999,0.00000000,0.00000000
1624878095.43845749,1,0.77135497,0.00000000,4.00290997,0.00000000,0.00000000
1624878095.53849387,1,0.76844501,0.00000000,4.00339501,0.00000000,0.00000000
1624878095.63848400,1,0.76504999,0.00000000,4.00290999,0.00000000,0.00000000
1624878095.73854637,1,0.76213998,0.00000000,4.00290998,0.00000000,0.00000000
1624878095.83845878,1,0.75923002,0.00000000,4.00291002,0.00000000,0.00000000
1624878095.93847275,1,0.75632000,0.00000000,4.00194000,0.00000000,0.00000000
1624878096.03846478,1,0.75437999,0.00000000,4.00290999,0.00000000,0.00000000
1624878096.13850260,1,0.75147003,0.00000000,4.00339503,0.00000000,0.00000000
1624878096.23846006,1,0.74807501,0.00000000,4.00194001,0.00000000,0.00000000
1624878096.33846855,1,0.74613500,0.00000000,4.00291000,0.00000000,0.00000000
1624878096.43846321,1,0.74322498,0.00000000,4.00193998,0.00000000,0.00000000
1624878096.53847146,1,0.74128503,0.00000000,4.00291003,0.00000000,0.00000000
1624878096.63848853,1,0.73837501,0.00000000,4.00194001,0.00000000,0.00000000
1624878096.73846269,1,0.73643500,0.00000000,4.00339500,0.00000000,0.00000000
1624878096.83851242,1,0.73303998,0.00000000,4.00193998,0.00000000,0.00000000
1624878096.93850207,1,0.73110002,0.00000000,4.00291002,0.00000000,0.00000000
1624878097.03849244,1,0.72819000,0.00000000,4.00194000,0.00000000,0.00000000
1624878097.13848162,1,0.72624999,0.00000000,4.00290999,0.00000000,0.00000000
1624878097.23846269,1,0.72333997,0.00000000,4.00193997,0.00000000,0.00000000
1624878097.33847690,1,0.72140002,0.00000000,4.00194002,0.00000000,0.00000000
1624878097.43846107,1,0.71946001,0.00000000,4.00339501,0.00000000,0.00000000
1624878097.53846622,1,0.71606499,0.00000000,4.00193999,0.00000000,0.00000000
1624878097.63846612,1,0.71412498,0.00000000,4.00193998,0.00000000,0.00000000
1624878097.73848820,1,0.71218503,0.00000000,4.00194003,0.00000000,0.00000000
1624878097.83846092,1,0.71024501,0.00000000,4.00291001,0.00000000,0.00000000
1624878097.93849397,1,0.70733500,0.00000000,4.00194000,0.00000000,0.00000000
1624878098.03846073,1,0.70539498,0.00000000,4.00193998,0.00000000,0.00000000
1624878098.13846612,1,0.70345497,0.00000000,4.00242497,0.00000000,0.00000000
1624878098.23847103,1,0.70103002,0.00000000,4.00194002,0.00000000,0.00000000
1624878098.33846188,1,0.69909000,0.00000000,4.00194000,0.00000000,0.00000000
1624878098.43846011,1,0.69714999,0.00000000,4.00193999,0.00000000,0.00000000
1624878098.53853178,1,0.69520998,0.00000000,4.00193998,0.00000000,0.00000000
1624878098.63846326,1,0.69327003,0.00000000,4.00194003,0.00000000,0.00000000
1624878098.73848581,1,0.69133002,0.00000000,4.00194002,0.00000000,0.00000000
1624878098.83848763,1,0.68939000,0.00000000,4.00194000,0.00000000,0.00000000
1624878098.93848276,1,0.68744999,0.00000000,4.00242499,0.00000000,0.00000000
1624878099.03846526,1,0.68502498,0.00000000,4.00193998,0.00000000,0.00000000
1624878099.13843536,1,0.68308502,0.00000000,4.00194002,0.00000000,0.00000000
1624878099.23848104,1,0.68114501,0.00000000,4.00194001,0.00000000,0.00000000
1624878099.33848715,1,0.67920500,0.00000000,4.00194000,0.00000000,0.00000000
1624878099.43848109,1,0.67726499,0.00000000,4.00193999,0.00000000,0.00000000
1624878099.53846121,1,0.67532498,0.00000000,4.00193998,0.00000000,0.00000000
1624878099.63845682,1,0.67338502,0.00000000,4.00194002,0.00000000,0.00000000
1624878099.73848200,1,0.67144501,0.00000000,4.00097001,0.00000000,0.00000000
1624878099.83848095,1,0.67047501,0.00000000,4.00242501,0.00000000,0.00000000
1624878099.93848920,1,0.66804999,0.00000000,4.00193999,0.00000000,0.00000000
1624878100.03846049,1,0.66610998,0.00000000,4.00193998,0.00000000,0.00000000
1624878100.13845897,1,0.66417003,0.00000000,4.00194003,0.00000000,0.00000000
1624878100.23845887,1,0.66223001,0.00000000,4.00097001,0.00000000,0.00000000
1624878100.33845592,1,0.66126001,0.00000000,4.00194001,0.00000000,0.00000000
1624878100.43848205,1,0.65932000,0.00000000,4.00194000,0.00000000,0.00000000
1624878100.53850317,1,0.65737998,0.00000000,4.00096998,0.00000000,0.00000000
1624878100.63846087,1,0.65640998,0.00000000,4.00193998,0.00000000,0.00000000
1624878100.73845911,1,0.65447003,0.00000000,4.00242503,0.00000000,0.00000000
1624878100.83850789,1,0.65204501,0.00000000,4.00097001,0.00000000,0.00000000
1624878100.93845510,1,0.65107501,0.00000000,4.00194001,0.00000000,0.00000000
1624878101.03850293,1,0.64913499,0.00000000,4.00096999,0.00000000,0.00000000
1624878101.13845778,1,0.64816499,0.00000000,4.00193999,0.00000000,0.00000000
1624878101.23846221,1,0.64622498,0.00000000,4.00096998,0.00000000,0.00000000
1624878101.33846617,1,0.64525503,0.00000000,4.00194003,0.00000000,0.00000000
1624878101.43847704,1,0.64331502,0.00000000,4.00097002,0.00000000,0.00000000
1624878101.53848219,1,0.64234501,0.00000000,4.00194001,0.00000000,0.00000000
1624878101.63847804,1,0.64040500,0.00000000,4.00097000,0.00000000,0.00000000
1624878101.73849726,1,0.63943499,0.00000000,4.00242499,0.00000000,0.00000000
1624878101.83846140,1,0.63700998,0.00000000,4.00096998,0.00000000,0.00000000
1624878101.93845272,1,0.63603997,0.00000000,4.00193997,0.00000000,0.00000000
1624878102.03845835,1,0.63410002,0.00000000,4.00097002,0.00000000,0.00000000
1624878102.13845396,1,0.63313001,0.00000000,4.00194001,0.00000000,0.00000000
1624878102.23847985,1,0.63119000,0.00000000,4.00097000,0.00000000,0.00000000
1624878102.33845878,1,0.63022000,0.00000000,4.00097000,0.00000000,0.00000000
1624878102.43851209,1,0.62924999,0.00000000,4.00193999,0.00000000,0.00000000
1624878102.53847432,1,0.62730998,0.00000000,4.00096998,0.00000000,0.00000000
1624878102.63846469,1,0.62633997,0.00000000,4.00096997,0.00000000,0.00000000
1624878102.73848891,1,0.62537003,0.00000000,4.00194003,0.00000000,0.00000000
1624878102.83848667,1,0.62343001,0.00000000,4.00097001,0.00000000,0.00000000
1624878102.93850374,1,0.62246001,0.00000000,4.00145501,0.00000000,0.00000000
1624878103.03849030,1,0.62100500,0.00000000,4.00194000,0.00000000,0.00000000
1624878103.13848233,1,0.61906499,0.00000000,4.00096999,0.00000000,0.00000000
1624878103.23846030,1,0.61809498,0.00000000,4.00096998,0.00000000,0.00000000
1624878103.33847952,1,0.61712497,0.00000000,4.00096997,0.00000000,0.00000000
1624878103.43846059,1,0.61615503,0.00000000,4.00194003,0.00000000,0.00000000
1624878103.53846312,1,0.61421502,0.00000000,4.00097002,0.00000000,0.00000000
1624878103.63849640,1,0.61324501,0.00000000,4.00097001,0.00000000,0.00000000
1624878103.73845744,1,0.61227500,0.00000000,4.00097000,0.00000000,0.00000000
1624878103.83845735,1,0.61130500,0.00000000,4.00097000,0.00000000,0.00000000
1624878103.93847013,1,0.61033499,0.00000000,4.00193999,0.00000000,0.00000000
1624878104.03846097,1,0.60839498,0.00000000,4.00096998,0.00000000,0.00000000
1624878104.13847446,1,0.60742497,0.00000000,4.00096997,0.00000000,0.00000000
1624878104.23845768,1,0.60645503,0.00000000,4.00097003,0.00000000,0.00000000
1624878104.33847952,1,0.60548502,0.00000000,4.00145502,0.00000000,0.00000000
1624878104.43846297,1,0.60403001,0.00000000,4.00097001,0.00000000,0.00000000
1624878104.53847694,1,0.60306001,0.00000000,4.00097001,0.00000000,0.00000000
1624878104.63847232,1,0.60209000,0.00000000,4.00097000,0.00000000,0.00000000
1624878104.73846102,1,0.60112000,0.00000000,4.00097000,0.00000000,0.00000000
1624878104.83848023,1,0.60014999,0.00000000,4.00193999,0.00000000,0.00000000
1624878104.93846083,1,0.59820998,0.00000000,4.00096998,0.00000000,0.00000000
1624878105.03845930,1,0.59723997,0.00000000,4.00096997,0.00000000,0.00000000
1624878105.13850689,1,0.59627002,0.00000000,4.00097002,0.00000000,0.00000000
1624878105.23845840,1,0.59530002,0.00000000,4.00097002,0.00000000,0.00000000
1624878105.33850670,1,0.59433001,0.00000000,4.00097001,0.00000000,0.00000000
1624878105.43846416,1,0.59336001,0.00000000,4.00097001,0.00000000,0.00000000
1624878105.53846025,1,0.59239000,0.00000000,4.00097000,0.00000000,0.00000000
1624878105.63847733,1,0.59141999,0.00000000,4.00096999,0.00000000,0.00000000
1624878105.73848009,1,0.59044999,0.00000000,4.00096999,0.00000000,0.00000000
1624878105.83845901,1,0.58947998,0.00000000,3.99999998,0.00000000,0.00000000
1624878105.93846011,1,0.58947998,0.00000000,4.00145498,0.00000000,0.00000000
1624878106.03847861,1,0.58802497,0.00000000,4.00096997,0.00000000,0.00000000
1624878106.13846016,1,0.58705503,0.00000000,4.00097003,0.00000000,0.00000000
1624878106.23847747,1,0.58608502,0.00000000,4.00097002,0.00000000,0.00000000
1624878106.33846235,1,0.58511502,0.00000000,4.00097002,0.00000000,0.00000000
1624878106.43846059,1,0.58414501,0.00000000,4.00097001,0.00000000,0.00000000
1624878106.53845954,1,0.58317500,0.00000000,4.00097000,0.00000000,0.00000000
1624878106.63850570,1,0.58220500,0.00000000,4.00097000,0.00000000,0.00000000
1624878106.73849487,1,0.58123499,0.00000000,3.99999999,0.00000000,0.00000000
1624878106.83847737,1,0.58123499,0.00000000,4.00096999,0.00000000,0.00000000
1624878106.93848372,1,0.58026499,0.00000000,4.00096999,0.00000000,0.00000000
1624878107.03848696,1,0.57929498,0.00000000,4.00096998,0.00000000,0.00000000
1624878107.13846302,1,0.57832497,0.00000000,4.00096997,0.00000000,0.00000000
1624878107.23846054,1,0.57735503,0.00000000,4.00097003,0.00000000,0.00000000
1624878107.33846188,1,0.57638502,0.00000000,4.00000002,0.00000000,0.00000000
1624878107.43850613,1,0.57638502,0.00000000,4.00097002,0.00000000,0.00000000
1624878107.53845692,1,0.57541502,0.00000000,4.00097002,0.00000000,0.00000000
1624878107.63848186,1,0.57444501,0.00000000,4.00097001,0.00000000,0.00000000
1624878107.73846197,1,0.57347500,0.00000000,4.00145500,0.00000000,0.00000000
1624878107.83847833,1,0.57201999,0.00000000,3.99999999,0.00000000,0.00000000
1624878107.93845844,1,0.57201999,0.00000000,4.00096999,0.00000000,0.00000000
1624878108.03845739,1,0.57104999,0.00000000,4.00096999,0.00000000,0.00000000
1624878108.13848948,1,0.57007998,0.00000000,4.00096998,0.00000000,0.00000000
1624878108.23852229,1,0.56910998,0.00000000,3.99999998,0.00000000,0.00000000
1624878108.33846688,1,0.56910998,0.00000000,4.00096998,0.00000000,0.00000000
1624878108.43848181,1,0.56813997,0.00000000,4.00096997,0.00000000,0.00000000
1624878108.53849459,1,0.56717002,0.00000000,4.00000002,0.00000000,0.00000000
1624878108.63848639,1,0.56717002,0.00000000,4.00097002,0.00000000,0.00000000
1624878108.73849225,1,0.56620002,0.00000000,4.00097002,0.00000000,0.00000000
1624878108.83849907,1,0.56523001,0.00000000,4.00097001,0.00000000,0.00000000
1624878108.93849969,1,0.56426001,0.00000000,4.00000001,0.00000000,0.00000000
1624878109.03850150,1,0.56426001,0.00000000,4.00097001,0.00000000,0.00000000
1624878109.13846040,1,0.56329000,0.00000000,4.00097000,0.00000000,0.00000000
1624878109.23845863,1,0.56231999,0.00000000,3.99999999,0.00000000,0.00000000
1624878109.33846188,1,0.56453854,5.00000000,4.00104030,0.04920278,5.00000000
1624878109.43845940,1,0.57018751,10.00000000,4.00114508,0.09901202,10.00000000
1624878109.53850794,1,0.58010840,15.00000000,3.99996169,0.15014310,15.00000000
1624878109.63846254,1,0.59500062,20.00000000,3.99970770,0.20350220,20.00000000
1624878109.73847222,1,0.61273122,24.00000000,4.00131782,0.24922024,24.00000000
1624878109.83846211,1,0.63392055,28.00000000,4.00127862,0.29760767,28.00000000
1624878109.93847108,1,0.65905631,32.00000000,3.99451475,0.35860321,32.96428797
1624878110.03846955,1,0.68691719,35.00000000,3.99067137,0.41271289,36.92857594
1624878110.13846111,1,0.71718562,37.00000000,3.99111271,0.46081127,39.98052645
1624878110.23850131,1,0.74957001,39.00000000,3.99122293,0.51067727,42.94481442
1624878110.33848667,1,0.78311735,41.00000000,3.98742204,0.56246374,45.90910239
1624878110.43847537,1,0.81900722,42.00000000,3.98065205,0.61741192,48.92534087
1624878110.53843117,1,0.85631347,42.00000000,3.99321763,0.65575596,49.97729138
1624878110.63845921,1,0.89485908,43.00000000,3.98224305,0.71378049,52.90586732
1624878110.73848414,1,0.93449068,43.00000000,3.99236629,0.75561425,53.95781783
1624878110.83846307,1,0.97507578,44.00000000,3.97521476,0.81671276,56.88639377
1624878110.93847537,1,1.01650023,44.00000000,3.96754626,0.87041981,58.90263225
1624878111.03848171,1,1.05866563,43.00000000,3.97316049,0.91608089,59.91887073
1624878111.13846970,1,1.10148668,43.00000000,3.96074782,0.97196873,61.93510921
1624878111.23848748,1,1.14488983,42.00000000,3.98179734,1.00993241,61.89939718
1624878111.33849669,1,1.18881154,42.00000000,3.96669841,1.06772823,63.91563566
1624878111.43847585,1,1.23253918,41.00000000,3.96620640,1.11643971,64.93187414
1624878111.53846121,1,1.27736163,40.00000000,3.96637541,1.16565904,65.86045008
1624878111.63845921,1,1.32255530,39.00000000,3.96336744,1.21630358,66.87668856
1624878111.73846292,1,1.36808360,38.00000000,3.95884772,1.26750507,67.89292705
1624878111.83846211,1,1.41391397,37.00000000,3.97691184,1.30963418,67.85721501
1624878111.93846178,1,1.46001804,37.00000000,3.94636956,1.37086193,69.87345350
1624878112.03846812,1,1.50637066,35.00000000,3.96191838,1.41550087,69.88969198
1624878112.13848472,1,1.55204403,34.00000000,3.95393317,1.46684638,70.81826792
1624878112.23847723,1,1.59882569,33.00000000,3.96793461,1.51150646,70.87021843
1624878112.33847046,1,1.64579666,32.00000000,3.95566498,1.56520471,71.88645691
1624878112.43845654,1,1.69294107,31.00000000,3.94514697,1.61833126,72.81503285
1624878112.53846264,1,1.73993528,30.00000000,3.95752436,1.66369289,72.86698336
1624878112.63846302,1,1.78739417,29.00000000,3.94375511,1.71735468,73.79555930
1624878112.73846388,1,1.83498800,28.00000000,3.95543899,1.76352129,73.84750981
1624878112.83848238,1,1.88270652,27.00000000,3.93655852,1.81836094,74.86374829
1624878112.93846512,1,1.93054056,25.00000000,3.98265143,1.85511924,73.82803626
1624878113.03846264,1,1.97848177,25.00000000,3.96394729,1.91016803,74.79232423
1624878113.13846183,1,2.02652240,24.00000000,3.94178230,1.96564699,75.80856271
1624878113.23852682,1,2.07465553,23.00000000,3.95175883,2.01277154,75.86051322
1624878113.33846545,1,2.12287521,22.00000000,3.96482108,2.05920673,75.82480119
1624878113.43846893,1,2.17117524,21.00000000,3.93923055,2.11610499,76.84103967
1624878113.53846550,1,2.21861148,20.00000000,3.95137601,2.16198043,76.80532764
1624878113.63850260,1,2.26705599,19.00000000,3.96380961,2.20882304,76.76961561
1624878113.73846459,1,2.31556654,18.00000000,3.97286805,2.25652560,76.82156612
1624878113.83848572,1,2.36413932,18.00000000,3.94512675,2.31256393,77.78585409
1624878113.93848276,1,2.41277027,17.00000000,3.95327705,2.36055592,77.83780460
1624878114.03846288,1,2.46145630,16.00000000,3.96503388,2.40782551,77.80209257
1624878114.13850045,1,2.51019382,15.00000000,3.97783075,2.45513166,77.76638054
1624878114.23848915,1,2.55876970,15.00000000,3.94212289,2.51213721,78.81833105
1624878114.33846807,1,2.60760593,14.00000000,3.95318759,2.55973072,78.78261902
1624878114.43847156,1,2.65648532,13.00000000,4.00809385,2.59826056,77.78261902
1624878114.53846073,1,2.70540595,13.00000000,3.97386676,2.65533384,78.74690699
1624878114.63846684,1,2.75436497,13.00000000,3.93373506,2.71373418,79.79885750
1624878114.73846674,1,2.80241013,12.00000000,3.94396308,2.76070995,79.76314547
1624878114.83846521,1,2.85144019,11.00000000,4.00157173,2.79968812,78.76314547
1624878114.93848658,1,2.90050340,11.00000000,3.95880774,2.85770793,79.81509598
1624878115.03846645,1,2.94959831,10.00000000,4.01807595,2.89648452,78.81509598
1624878115.13846159,1,2.99872279,11.00000000,3.92642944,2.96385531,80.77938395
1624878115.23848867,1,3.04692197,10.00000000,3.93602720,3.01112680,80.74367192
1624878115.33846855,1,3.09610176,9.00000000,3.99719282,3.05050927,79.74367192
1624878115.43851280,1,3.14530730,9.00000000,3.94903769,3.10868847,80.79562243
1624878115.53844190,1,3.19453764,8.00000000,4.01186908,3.14788668,79.79562243
1624878115.63844299,1,3.24379134,8.00000000,4.02059486,3.19636129,79.79562243
1624878115.73846889,1,3.29306769,9.00000000,3.91886221,3.26392069,81.75991040
1624878115.83846903,1,3.34236526,8.00000000,3.98358475,3.30384525,80.75991040
1624878115.93846416,1,3.39056826,8.00000000,3.93492753,3.36011114,81.72419837
1624878116.03843141,1,3.43990827,8.00000000,3.94202945,3.40893736,81.72419837
1624878116.13839984,1,3.48926687,7.00000000,4.00931952,3.44849080,80.72419837
1624878116.23846173,1,3.53864360,7.00000000,3.95306593,3.50807492,81.77614888
1624878116.33847976,1,3.58707929,6.00000000,4.02187547,3.54651700,80.77614888
1624878116.43846869,1,3.63648939,6.00000000,4.02979552,3.59528822,80.77614888
1624878116.53843737,1,3.68591547,7.00000000,3.91266402,3.66218870,82.74043685
1624878116.63845634,1,3.73535681,6.00000000,3.98350815,3.70243153,81.74043685
1624878116.73846722,1,3.78481293,6.00000000,3.99061290,3.75137466,81.74043685
1624878116.83845472,1,3.83428311,6.00000000,3.92796352,3.81077476,82.79238737
1624878116.93843913,1,3.88280678,5.00000000,4.00120620,3.84982624,81.79238737
1624878117.03846693,1,3.93230319,5.00000000,4.00827233,3.89881568,81.79238737
1624878117.13843870,1,3.98181248,5.00000000,3.94893543,3.95682620,82.75667533
1624878117.23844123,1,4.03133345,4.00000000,4.02489679,3.99647210,81.75667533
1624878117.33849025,1,4.03133345,4.00000000,4.02489679,3.99744210,81.75667533
1624878117.43843770,1,4.03037262,4.00000000,4.02475903,3.99649120,81.75667533
1624878117.53845119,1,4.03037262,4.00000000,3.95755001,4.00565131,82.72096330
1624878117.63843751,1,4.03037262,3.00000000,4.02724506,3.99613025,81.72096330
1624878117.73843932,1,4.03037262,3.00000000,4.02821506,3.99904025,81.72096330
1624878117.83848500,1,4.02735710,3.00000000,4.02875084,4.00236116,81.72096330
1624878117.93844581,1,4.02097893,3.00000000,4.02880242,4.00089946,81.72096330
1624878118.03848481,1,4.01604176,3.00000000,3.95600203,4.01081067,82.77291382
1624878118.13846254,1,4.01110458,2.00000000,4.02572134,4.00135008,81.77291382
1624878118.23843527,1,4.00616741,2.00000000,4.02501485,3.99888871,81.77291382
1624878118.33847594,1,4.00376511,2.00000000,4.02564109,4.00136113,81.77291382
1624878118.43845010,1,3.99882817,2.00000000,4.02590463,4.00229501,81.77291382
1624878118.53843689,1,3.99293017,2.00000000,3.95944343,4.01084884,82.73720179
1624878118.63843799,1,3.98751259,1.00000000,4.02868510,4.00092446,81.73720179
1624878118.73850298,1,3.98257542,1.00000000,4.02797556,3.99700854,81.73720179
1624878118.83843613,1,3.98161459,1.00000000,4.02880748,4.00090768,81.73720179
1624878118.93843746,1,3.97667766,1.00000000,4.02906797,4.00135700,81.73720179
1624878119.03847241,1,3.97126007,1.00000000,4.02828939,4.00084565,81.73720179
1624878119.13844848,1,3.96645546,1.00000000,4.02856890,4.00094092,81.73720179
1624878119.23843861,1,3.96151853,1.00000000,4.02785940,3.99799523,81.73720179
1624878119.33848143,1,3.95959663,1.00000000,4.02903819,4.00142829,81.73720179
1624878119.43848252,1,3.95411301,1.00000000,4.02922012,3.99988159,81.73720179
1624878119.53846598,1,3.95013690,1.00000000,3.96375072,4.00979689,82.70148975
1624878119.63843822,1,3.94519973,0.00000000,4.03134254,4.00040668,81.70148975
1624878119.73848224,1,3.94039512,0.00000000,4.03161909,4.00001738,81.70148975
1624878119.83843470,1,3.93593860,0.00000000,4.03194588,4.00045752,81.70148975
1624878119.93847632,1,3.93100166,0.00000000,4.03123333,3.99945228,81.70148975
1624878120.03845358,1,3.92715788,0.00000000,4.03164855,4.00098374,81.70148975
1624878120.13844299,1,3.92174053,0.00000000,4.03183666,3.99950311,81.70148975
1624878120.23844957,1,3.91776443,0.00000000,4.03126279,3.99750864,81.70148975
1624878120.33846569,1,3.91584253,0.00000000,4.03098540,3.99948687,81.70148975
1624878120.43844080,1,3.91199899,0.00000000,4.03140066,3.99956357,81.70148975
1624878120.53845358,1,3.90802288,0.00000000,4.03179679,4.00096409,81.70148975
1624878120.63845682,1,3.90260530,0.00000000,4.03101486,3.99948323,81.70148975
1624878120.73842096,1,3.89876175,0.00000000,4.03143012,3.99955993,81.70148975
1624878120.83847451,1,3.89478564,0.00000000,4.03085625,3.99999045,81.70148975
1624878120.93843579,1,3.89046144,0.00000000,4.03120214,3.99959153,81.70148975
1624878121.03844142,1,3.88648534,0.00000000,4.03062826,3.99953706,81.70148975
1624878121.13843250,1,3.88264155,0.00000000,4.03104349,3.99961352,81.70148975
1624878121.23843813,1,3.87866545,0.00000000,4.03046962,4.00004404,81.70148975
1624878121.33838773,1,3.87434149,0.00000000,4.03081554,3.99964536,81.70148975
1624878121.43843532,1,3.87036538,0.00000000,4.03121166,3.99959088,81.70148975
1624878121.53843498,1,3.86638927,0.00000000,4.03063779,3.99953641,81.70148975
1624878121.63844800,1,3.86254549,0.00000000,4.03105301,4.00009787,81.70148975
1624878121.73845267,1,3.85808897,0.00000000,4.03040980,3.99859801,81.70148975
1624878121.83844042,1,3.85520625,0.00000000,4.03096374,3.99962548,81.70148975
1624878121.93846250,1,3.85123014,0.00000000,4.03038987,3.99957100,81.70148975
1624878122.03847599,1,3.84738636,0.00000000,4.03129009,3.99867746,81.70148975
1624878122.13843870,1,3.84430528,0.00000000,4.03084540,3.99999364,81.70148975
1624878122.23843622,1,3.83998084,0.00000000,4.03119125,3.99862448,81.70148975
1624878122.33845234,1,3.83696580,0.00000000,4.03075609,3.99952101,81.70148975
1624878122.43847561,1,3.83312201,0.00000000,4.03117131,3.99862747,81.70148975
1624878122.53841639,1,3.83010697,0.00000000,4.03073615,3.99952400,81.70148975
1624878122.63847136,1,3.82626319,0.00000000,4.03115137,3.99911546,81.70148975
1624878122.73844886,1,3.82276773,0.00000000,4.03064687,3.99953661,81.70148975
1624878122.83843470,1,3.81892395,0.00000000,4.03106210,3.99864307,81.70148975
1624878122.93847466,1,3.81590891,0.00000000,4.03062693,3.99856960,81.70148975
1624878123.03848124,1,3.81302595,0.00000000,4.03021084,4.00008182,81.70148975
1624878123.13844252,1,3.80870175,0.00000000,4.03055672,3.99871290,81.70148975
1624878123.23843217,1,3.80568671,0.00000000,4.03012156,3.99863943,81.70148975
1624878123.33843613,1,3.80280399,0.00000000,4.03067550,3.99869689,81.70148975
1624878123.43847561,1,3.79978871,0.00000000,4.03024030,3.99862319,81.70148975
1624878123.53843617,1,3.79690599,0.00000000,4.03079423,4.00013565,81.70148975
1624878123.63844037,1,3.79244947,0.00000000,4.03015102,3.99863579,81.70148975
1624878123.73843694,1,3.78956676,0.00000000,4.03070496,3.99869326,81.70148975
1624878123.83845472,1,3.78655148,0.00000000,4.03026976,3.99861955,81.70148975
1624878123.93843722,1,3.78366876,0.00000000,4.02985370,3.99867701,81.70148975
1624878124.03843856,1,3.78078604,0.00000000,4.02943763,3.99582448,81.70148975
1624878124.13846302,1,3.78078604,0.00000000,4.03040763,3.99873448,81.70148975
1624878124.23843789,1,3.77777076,0.00000000,4.03094244,4.00205577,81.70148975
1624878124.33843780,1,3.77139258,0.00000000,4.03099187,4.00447438,81.70148975
1624878124.43843675,1,3.76261187,0.00000000,4.03069455,4.00694060,81.70148975
1624878124.53845167,1,3.75142884,0.00000000,4.03199050,4.01090966,81.70148975
1624878124.63845062,1,3.73613739,0.00000000,4.03220847,4.01372332,81.70148975
1624878124.73843908,1,3.71802926,0.00000000,4.03153492,4.01277979,81.70148975
1624878124.83843803,1,3.70094824,0.00000000,4.03197961,4.01382262,81.70148975
1624878124.93843770,1,3.68277407,0.00000000,4.03129652,4.01281374,81.70148975
1624878125.03843641,1,3.66569304,0.00000000,4.03174121,4.01288656,81.70148975
1624878125.13848400,1,3.64847994,0.00000000,4.03119683,4.01379868,81.70148975
1624878125.23847437,1,3.63043785,0.00000000,4.03053281,4.01195050,81.70148975
1624878125.33847237,1,3.61431789,0.00000000,4.03160121,4.01345933,81.70148975
1624878125.43844175,1,3.59655809,0.00000000,4.03097793,4.01286048,81.70148975
1624878125.53847337,1,3.57947707,0.00000000,4.03045262,4.01196331,81.70148975
1624878125.63843465,1,3.56335711,0.00000000,4.03006601,4.01201713,81.70148975
1624878125.73843598,1,3.54723692,0.00000000,4.03064938,4.01207072,81.70148975
1624878125.83844066,1,3.53098464,0.00000000,4.03024368,4.01199361,81.70148975
1624878125.93843937,1,3.51486468,0.00000000,4.02985708,4.01204744,81.70148975
1624878126.03845310,1,3.49874449,0.00000000,4.02995544,4.01064603,81.70148975
1624878126.13843822,1,3.48399973,0.00000000,4.02976733,4.01206066,81.70148975
1624878126.23845458,1,3.46787977,0.00000000,4.02938072,4.01114448,81.70148975
1624878126.33840609,1,3.45272064,0.00000000,4.03010280,4.01117908,81.70148975
1624878126.43845606,1,3.43742943,0.00000000,4.02983581,4.01108297,81.70148975
1624878126.53843856,1,3.42227030,0.00000000,4.02958789,4.01111756,81.70148975
1624878126.63845611,1,3.40711117,0.00000000,4.02933996,4.01018215,81.70148975
1624878126.73845673,1,3.39291286,0.00000000,4.02923072,4.01116751,81.70148975
1624878126.83843827,1,3.37775373,0.00000000,4.02946779,4.01023211,81.70148975
1624878126.93844223,1,3.36348963,0.00000000,4.02934905,4.01018235,81.70148975
1624878127.03844595,1,3.34929132,0.00000000,4.02923980,4.01019771,81.70148975
1624878127.13847971,1,3.33509326,0.00000000,4.02913058,4.00972831,81.70148975
1624878127.23847961,1,3.32137561,0.00000000,4.02812071,4.01021929,81.70148975
1624878127.33847857,1,3.30730963,0.00000000,4.02803056,4.00939558,81.70148975
1624878127.43844080,1,3.29407239,0.00000000,4.02806002,4.01036194,81.70148975
1624878127.53845572,1,3.27987432,0.00000000,4.02795081,4.00940754,81.70148975
1624878127.63845086,1,3.26663709,0.00000000,4.02846527,4.00940390,81.70148975
1624878127.73845005,1,3.25333381,0.00000000,4.02848520,4.00884991,81.70148975
1624878127.83844852,1,3.24057698,0.00000000,4.02761401,4.00932166,81.70148975
1624878127.93843770,1,3.22747183,0.00000000,4.02766253,4.00944872,81.70148975
1624878128.03843522,1,3.21423483,0.00000000,4.02769203,4.00847532,81.70148975
1624878128.13843679,1,3.20195842,0.00000000,4.02786017,4.00942245,81.70148975
1624878128.23843741,1,3.18872118,0.00000000,4.02691963,4.00796381,81.70148975
1624878128.33839536,1,3.17705774,0.00000000,4.02717624,4.00854749,81.70148975
1624878128.43845344,1,3.16478133,0.00000000,4.02734438,4.00852462,81.70148975
1624878128.53843880,1,3.15250516,0.00000000,4.02654256,4.00801699,81.70148975
1624878128.63846517,1,3.14084148,0.00000000,4.02728413,4.00860044,81.70148975
1624878128.73843575,1,3.12849927,0.00000000,4.02744278,4.00754245,81.70148975
1624878128.83845592,1,3.11718392,0.00000000,4.02677963,4.00847058,81.70148975
1624878128.93843579,1,3.10503983,0.00000000,4.02696687,4.00712365,81.70148975
1624878129.03844929,1,3.09420490,0.00000000,4.02637305,4.00852716,81.70148975
1624878129.13843751,1,3.08206081,0.00000000,4.02656029,4.00766523,81.70148975
1624878129.23847175,1,3.07074571,0.00000000,4.02589718,4.00713859,81.70148975
1624878129.33843827,1,3.06004286,0.00000000,4.02629243,4.00770281,81.70148975
1624878129.43843794,1,3.04872775,0.00000000,4.02562932,4.00766118,81.70148975
1624878129.53843641,1,3.03754449,0.00000000,4.02595523,4.00726501,81.70148975
1624878129.63845658,1,3.02670956,0.00000000,4.02536142,4.00672852,81.70148975
1624878129.73839092,1,3.01648760,0.00000000,4.02631108,4.00776859,81.70148975
1624878129.83842707,1,3.00510621,0.00000000,4.02563840,4.00620637,81.70148975
1624878129.93844628,1,2.99536443,0.00000000,4.02617236,4.00772159,81.70148975
1624878130.03843188,1,2.98404908,0.00000000,4.02550921,4.00670972,81.70148975
1624878130.13845062,1,2.97382689,0.00000000,4.02597384,4.00629456,81.70148975
1624878130.23843241,1,2.96395302,0.00000000,4.02551874,4.00670907,81.70148975
1624878130.33843899,1,2.95373082,0.00000000,4.02501336,4.00677891,81.70148975
1624878130.43847919,1,2.94350863,0.00000000,4.02547799,4.00539374,81.70148975
1624878130.53844142,1,2.93459582,0.00000000,4.02516160,4.00675926,81.70148975
1624878130.63844085,1,2.92437363,0.00000000,4.02465623,4.00634410,81.70148975
1624878130.73843718,1,2.91463184,0.00000000,4.02519019,4.00591931,81.70148975
1624878130.83844733,1,2.90523863,0.00000000,4.02528946,4.00680945,81.70148975
1624878130.93843818,1,2.89495015,0.00000000,4.02477452,4.00535870,81.70148975
1624878131.03844118,1,2.88616943,0.00000000,4.02544720,4.00588492,81.70148975
1624878131.13843656,1,2.87677622,0.00000000,4.02506147,4.00532005,81.70148975
1624878131.23843575,1,2.86799550,0.00000000,4.02476414,4.00584627,81.70148975
1624878131.33843493,1,2.85873413,0.00000000,4.02439745,4.00541188,81.70148975
1624878131.43845844,1,2.84995341,0.00000000,4.02507012,4.00593810,81.70148975
1624878131.53845835,1,2.84056020,0.00000000,4.02468439,4.00537323,81.70148975
1624878131.63843513,1,2.83177924,0.00000000,4.02438704,4.00492922,81.70148975
1624878131.73845792,1,2.82347894,0.00000000,4.02415905,4.00544582,81.70148975
1624878131.83844948,1,2.81469822,0.00000000,4.02386172,4.00500204,81.70148975
1624878131.93845057,1,2.80639791,0.00000000,4.02363374,4.00600364,81.70148975
1624878132.03844070,1,2.79713678,0.00000000,4.02423707,4.00459948,81.70148975
1624878132.13845277,1,2.78918481,0.00000000,4.02454436,4.00497577,81.70148975
1624878132.23843431,1,2.78081846,0.00000000,4.02430684,4.00445702,81.70148975
1624878132.33843637,1,2.77299881,0.00000000,4.02414823,4.00447924,81.70148975
1624878132.43848062,1,2.76517892,0.00000000,4.02398958,4.00498623,81.70148975
1624878132.53844070,1,2.75687861,0.00000000,4.02376159,4.00453283,81.70148975
1624878132.63845801,1,2.74905872,0.00000000,4.02360294,4.00503982,81.70148975
1624878132.73847127,1,2.74075842,0.00000000,4.02337496,4.00361642,81.70148975
1624878132.83844495,1,2.73389959,0.00000000,4.02335502,4.00507441,81.70148975
1624878132.93843341,1,2.72559929,0.00000000,4.02312703,4.00462102,81.70148975
1624878133.03843188,1,2.71777964,0.00000000,4.02296842,4.00415824,81.70148975
1624878133.13843226,1,2.71044016,0.00000000,4.02287911,4.00368561,81.70148975
1624878133.23847985,1,2.70358133,0.00000000,4.02285917,4.00514360,81.70148975
1624878133.33844852,1,2.69528103,0.00000000,4.02263118,4.00372020,81.70148975
1624878133.43847871,1,2.68842220,0.00000000,4.02261125,4.00420819,81.70148975
1624878133.53847337,1,2.68108296,0.00000000,4.02252197,4.00373580,81.70148975
1624878133.63844681,1,2.67422414,0.00000000,4.02250203,4.00373879,81.70148975
1624878133.73845267,1,2.66736531,0.00000000,4.02296710,4.00422678,81.70148975
1624878133.83844090,1,2.65995979,0.00000000,4.02286825,4.00368880,81.70148975
1624878133.93845320,1,2.65310097,0.00000000,4.02284832,4.00417679,81.70148975
1624878134.03845239,1,2.64576173,0.00000000,4.02275904,4.00273439,81.70148975
1624878134.13848233,1,2.63986397,0.00000000,4.02287781,4.00417338,81.70148975
1624878134.23844624,1,2.63252449,0.00000000,4.02278850,4.00370075,81.70148975
1624878134.33843255,1,2.62566566,0.00000000,4.02276857,4.00273374,81.70148975
1624878134.43846822,1,2.61976790,0.00000000,4.02288734,4.00417273,81.70148975
1624878134.53843904,1,2.61242843,0.00000000,4.02279803,4.00273011,81.70148975
1624878134.63843608,1,2.60653067,0.00000000,4.02291680,4.00319910,81.70148975
1624878134.73843646,1,2.60015249,0.00000000,4.02199624,4.00270771,81.70148975
1624878134.83843184,1,2.59438658,0.00000000,4.02213404,4.00379216,81.70148975
1624878134.93843889,1,2.58752751,0.00000000,4.02211407,4.00330992,81.70148975
1624878135.03848839,1,2.58114934,0.00000000,4.02216350,4.00281852,81.70148975
1624878135.13844562,1,2.57525134,0.00000000,4.02228224,4.00280228,81.70148975
1624878135.23843074,1,2.56935358,0.00000000,4.02240102,4.00327127,81.70148975
1624878135.33847404,1,2.56297517,0.00000000,4.02148042,4.00180964,81.70148975
1624878135.43843174,1,2.55817032,0.00000000,4.02175693,4.00336010,81.70148975
1624878135.53844905,1,2.55179191,0.00000000,4.02229133,4.00286848,81.70148975
1624878135.63843322,1,2.54582810,0.00000000,4.02240057,4.00278712,81.70148975
1624878135.73843837,1,2.53993034,0.00000000,4.02251935,4.00228611,81.70148975
1624878135.83845925,1,2.53451300,0.00000000,4.02173746,4.00274549,81.70148975
1624878135.93843555,1,2.52874708,0.00000000,4.02187526,4.00188994,81.70148975
1624878136.03843069,1,2.52381015,0.00000000,4.02213271,4.00330970,81.70148975
1624878136.13843036,1,2.51743174,0.00000000,4.02218211,4.00184807,81.70148975
1624878136.23845243,1,2.51249504,0.00000000,4.02146960,4.00278307,81.70148975
1624878136.33843541,1,2.50672913,0.00000000,4.02160740,4.00241252,81.70148975
1624878136.43843579,1,2.50131178,0.00000000,4.02179551,4.00190190,81.70148975
1624878136.53849411,1,2.49637485,0.00000000,4.02205296,4.00186666,81.70148975
1624878136.63847947,1,2.49143815,0.00000000,4.02134044,3.99892165,81.70148975
1624878136.73843575,1,2.48951602,0.00000000,4.02203302,4.00332465,81.70148975
1624878136.83845115,1,2.48313761,0.00000000,4.02208242,4.00477302,81.70148975
1624878136.93844843,1,2.47531796,0.00000000,4.02192381,4.00722024,81.70148975
1624878137.03843641,1,2.46509552,0.00000000,4.02141840,4.00583484,81.70148975
1624878137.13843513,1,2.45631480,0.00000000,4.02209108,4.00733106,81.70148975
1624878137.23846245,1,2.44596052,0.00000000,4.02156664,4.00727020,81.70148975
1624878137.33843589,1,2.44304466,-1.00000000,4.06570767,4.00756286,80.70148975
1624878137.43843412,1,2.44137383,-2.00000000,4.10839559,4.00787753,79.70148975
1624878137.53845239,1,2.44142842,-3.00000000,4.15123124,4.00964794,78.70148975
1624878137.63845158,1,2.44202828,-4.00000000,4.19403919,4.01073645,77.70148975
1624878137.73844528,1,2.44412208,-5.00000000,4.23802280,4.01254759,76.70148975
1624878137.83843637,1,2.44698358,-6.00000000,4.28112587,4.01484629,75.70148975
1624878137.93843174,1,2.45061898,-8.00000000,4.36550101,4.00501495,73.70148975
1624878138.03844690,1,2.45572996,-9.00000000,4.40990642,4.00626369,72.70148975
1624878138.13847399,1,2.46199870,-10.00000000,4.49288211,3.99498957,70.73720179
1624878138.23848867,1,2.46908212,-10.00000000,4.49618894,4.00749643,70.73720179
1624878138.33848453,1,2.48032975,-11.00000000,4.54160920,4.00881206,69.73720179
1624878138.43843341,1,2.49295616,-12.00000000,4.62563658,3.99356923,67.77291382
1624878138.53844237,1,2.50820589,-12.00000000,4.63237522,4.00962578,67.77291382
1624878138.63843751,1,2.52574515,-14.00000000,4.76213650,3.97458689,64.72096330
1624878138.73843479,1,2.54363561,-14.00000000,4.77074621,3.99270414,64.72096330
1624878138.83846045,1,2.56283116,-15.00000000,4.85773308,3.97506753,62.75667533
1624878138.93843222,1,2.58152270,-15.00000000,4.86725951,3.99508063,62.75667533
1624878139.03844571,1,2.60102272,-16.00000000,4.95475072,3.97024654,60.79238737
1624878139.13844275,1,2.62474132,-16.00000000,5.00962479,3.96995901,59.74043685
1624878139.23845625,1,2.64594316,-15.00000000,4.98021934,4.01216402,60.74043685
1624878139.33844352,1,2.67027378,-16.00000000,5.07119463,3.98825573,58.77614888
1624878139.43845534,1,2.69531298,-16.00000000,5.12625450,3.98556826,57.72419837
1624878139.53847885,1,2.72022295,-16.00000000,5.17902632,3.98282774,56.75991040
1624878139.63846159,1,2.74609423,-16.00000000,5.19320762,4.00543598,56.75991040
1624878139.73846602,1,2.77313781,-17.00000000,5.28760938,3.97749827,54.79562243
1624878139.83850169,1,2.79866862,-17.00000000,5.34500902,3.96932342,53.74367192
1624878139.93846130,1,2.82639241,-17.00000000,5.40049430,3.96759110,52.77938395
1624878140.03850055,1,2.85197115,-17.00000000,5.45588233,3.96539579,51.81509598
1624878140.13848782,1,2.87565207,-16.00000000,5.47548063,3.99064166,51.76314547
1624878140.23846173,1,2.89820933,-16.00000000,5.52943801,3.98269982,50.79885750
1624878140.33845997,1,2.92461610,-16.00000000,5.59033509,3.97563495,49.74690699
1624878140.43846250,1,2.94946837,-16.00000000,5.64740186,3.96948452,48.78261902
1624878140.53847980,1,2.97419000,-16.00000000,5.70397464,3.96060269,47.81833105
1624878140.63855696,1,3.00085926,-15.00000000,5.68567688,4.02004353,48.81833105
1624878140.73853016,1,3.02875423,-16.00000000,5.78632510,3.97447487,46.76638054
1624878140.83849978,1,3.05672717,-16.00000000,5.84557848,3.96415296,45.80209257
1624878140.93846750,1,3.08558679,-16.00000000,5.90456204,3.95220916,44.83780460
1624878141.03846693,1,3.11627007,-15.00000000,5.93170611,3.97620450,44.78585409
1624878141.13846302,1,3.14601946,-15.00000000,5.99174195,3.96315042,43.82156612
1624878141.23848510,1,3.17756128,-15.00000000,6.05450620,3.94349968,42.76961561
1624878141.33848786,1,3.21292877,-14.00000000,6.08104880,3.97286571,42.80532764
1624878141.43847418,1,3.24527836,-14.00000000,6.14349714,3.95737572,41.84103967
1624878141.53846478,1,3.27867079,-14.00000000,6.17031445,3.98207568,41.84103967
1624878141.63844562,1,3.31274939,-14.00000000,6.23779707,3.96203612,40.78908916
1624878141.73848295,1,3.34685373,-14.00000000,6.30199499,3.94330137,39.82480119
1624878141.83845997,1,3.38193083,-13.00000000,6.32758391,3.96738471,39.86051322
1624878141.93846440,1,3.42005801,-13.00000000,6.39665075,3.94325470,38.80856271
1624878142.03848410,1,3.45848775,-12.00000000,6.38835828,4.01404363,39.80856271
1624878142.13846469,1,3.49721026,-13.00000000,6.49327105,3.94543454,37.84427474
1624878142.23850179,1,3.53621554,-12.00000000,6.52603877,3.96683210,37.79232423
1624878142.33848858,1,3.57549453,-12.00000000,6.55707848,3.99090231,37.79232423
1624878142.43846083,1,3.61503839,-12.00000000,6.62520467,3.96674449,36.82803626
1624878142.53843594,1,3.65483832,-12.00000000,6.69351660,3.94105754,35.86374829
1624878142.63845873,1,3.69488621,-11.00000000,6.68773688,4.01644946,36.86374829
1624878142.73848081,1,3.73517394,-12.00000000,6.79828612,3.93218095,34.81179778
1624878142.83847928,1,3.77569413,-11.00000000,6.79346406,4.00908678,35.81179778
1624878142.93846011,1,3.81643915,-12.00000000,6.90123012,3.92553237,33.84750981
1624878143.03846097,1,3.85740161,-11.00000000,6.93719713,3.94544216,33.79555930
1624878143.13848805,1,3.89857531,-10.00000000,6.93307447,4.02455670,34.79555930
1624878143.23846006,1,3.93995309,-11.00000000,7.04221762,3.93594715,32.83127133
1624878143.33846164,1,3.93995309,-10.00000000,7.00443309,3.99340023,33.83127133
1624878143.43848825,1,3.93995309,-10.00000000,7.04088555,3.93801023,32.86698336
1624878143.53848171,1,3.93995309,-9.00000000,7.00306522,3.99543974,33.86698336
1624878143.63848782,1,3.93995309,-9.00000000,7.04282289,3.93500879,32.81503285
1624878143.73848104,1,3.93995309,-8.00000000,7.00505465,3.99247257,33.81503285
1624878143.83848810,1,3.93995309,-8.00000000,7.04149141,3.93707224,32.85074488
1624878143.93848920,1,3.93995309,-7.00000000,7.00368736,3.99451247,33.85074488
1624878144.03848696,1,3.93995309,-7.00000000,7.04015864,3.93913486,32.88645691
1624878144.13845944,1,3.93995309,-6.00000000,7.00231880,3.99655152,33.88645691
1624878144.23850250,1,3.93995309,-6.00000000,7.00231880,3.99655152,33.88645691
1624878144.33847404,1,3.93995309,-6.00000000,7.04209700,3.93613408,32.83450640
1624878144.43847680,1,3.93995309,-5.00000000,7.00430923,3.99358502,33.83450640
1624878144.53846121,1,3.93995309,-5.00000000,7.00430923,3.99358502,33.83450640
1624878144.63850546,1,3.93995309,-5.00000000,7.04076482,3.93819708,32.87021843
1624878144.73850822,1,3.93995309,-4.00000000,7.00294125,3.99562446,33.87021843
1624878144.83847785,1,3.93995309,-4.00000000,7.00294125,3.99562446,33.87021843
1624878144.93846130,1,3.93995309,-4.00000000,7.04270233,3.93519574,32.81826792
1624878145.03846169,1,3.93995309,-3.00000000,7.00493084,3.99265740,33.81826792
1624878145.13846612,1,3.93995309,-3.00000000,7.00493084,3.99265740,33.81826792
1624878145.23846197,1,3.93995309,-3.00000000,7.00493084,3.99265740,33.81826792
1624878145.33847499,1,3.93995309,-3.00000000,7.04137073,3.93725912,32.85397995
1624878145.43846250,1,3.93995309,-2.00000000,7.00356344,3.99469722,33.85397995
1624878145.53844810,1,3.93995309,-2.00000000,7.00356344,3.99469722,33.85397995
1624878145.63849711,1,3.93995309,-2.00000000,7.00356344,3.99469722,33.85397995
1624878145.73849940,1,3.93995309,-2.00000000,7.00356344,3.99469722,33.85397995
1624878145.83849072,1,3.93995309,-2.00000000,7.04003784,3.93932167,32.88969198
1624878145.93846369,1,3.93995309,-1.00000000,7.00219476,3.99673619,33.88969198
1624878146.03846049,1,3.93995309,-1.00000000,7.00219476,3.99673619,33.88969198
1624878146.13847089,1,3.93995309,-1.00000000,7.00219476,3.99673619,33.88969198
1624878146.23842168,1,3.93995309,-1.00000000,7.00219476,3.99673619,33.88969198
1624878146.33845592,1,3.93995309,-1.00000000,7.00219476,3.99673619,33.88969198
1624878146.43850517,1,3.93995309,-1.00000000,7.00219476,3.99673619,33.88969198
1624878146.53848314,1,3.93995309,-1.00000000,7.00219476,3.99673619,33.88969198
1624878146.63850069,1,3.93995309,-1.00000000,7.00219476,3.99673619,33.88969198
1624878146.73846698,1,3.93995309,-1.00000000,7.04197637,3.93632099,32.83774146
1624878146.83850169,1,3.93995309,0.00000000,7.00418536,3.99376980,33.83774146
1624878146.93847108,1,3.93995309,0.00000000,7.00418536,3.99376980,33.83774146
1624878147.03847384,1,3.93995309,0.00000000,7.00418536,3.99376980,33.83774146
1624878147.13849688,1,3.93995309,0.00000000,7.00418536,3.99376980,33.83774146
1624878147.23846173,1,3.93995309,0.00000000,7.00418536,3.99376980,33.83774146
1624878147.33847904,1,3.93995309,0.00000000,7.00418536,3.99376980,33.83774146
1624878147.43850803,1,3.93995309,0.00000000,7.00418536,3.99376980,33.83774146
1624878147.53849721,1,3.93995309,0.00000000,7.00418536,3.99376980,33.83774146
1624878147.63845730,1,3.93995309,0.00000000,7.00418536,3.99376980,33.83774146
1624878147.73847342,1,3.93995309,0.00000000,7.00418536,3.99376980,33.83774146
1624878147.83851194,1,3.93995309,0.00000000,7.00418536,3.99376980,33.83774146
1624878147.93848252,1,3.93995309,0.00000000,7.00418536,3.99376980,33.83774146
1624878148.03846478,1,3.93995309,0.00000000,7.00418536,3.99376980,33.83774146
1624878148.13846183,1,3.93995309,0.00000000,7.00418536,3.99376980,33.83774146
1624878148.23845887,1,3.93995309,0.00000000,7.00418536,3.99376980,33.83774146
1624878148.33848286,1,3.91225171,0.00000000,6.98117610,3.97834449,33.83774146
1624878148.43849540,1,3.88499641,-1.00000000,6.99580125,3.90652009,32.83774146
1624878148.53846097,1,3.85819650,-2.00000000,7.00930307,3.83509352,31.83774146
1624878148.63845873,1,3.83186173,-2.00000000,6.98693049,3.82120152,31.83774146
1624878148.73848128,1,3.80600142,-3.00000000,6.99950816,3.75082392,30.83774146
1624878148.83847070,1,3.78062582,-4.00000000,7.01104813,3.68086822,29.83774146
1624878148.93850493,1,3.75574422,-4.00000000,6.98946489,3.66848849,29.83774146
1624878149.03846121,1,3.73136687,-5.00000000,7.00022691,3.59958818,28.83774146
1624878149.13846660,1,3.70750332,-6.00000000,7.01003719,3.53112495,27.83774146
1624878149.23846555,1,3.68416405,-6.00000000,7.01789033,3.46515625,26.87345350
1624878149.33846116,1,3.66135883,-6.00000000,6.99754792,3.45484780,26.87345350
1624878149.43848419,1,3.63909769,-7.00000000,7.00590477,3.38788248,25.87345350
1624878149.53845954,1,3.61739063,-7.00000000,6.98637362,3.37840985,25.87345350
1624878149.63847327,1,3.59624791,-8.00000000,7.01924076,3.25735052,23.90916553
1624878149.73846555,1,3.57567930,-8.00000000,7.00043716,3.24901432,23.90916553
1624878149.83847070,1,3.55569482,-9.00000000,7.00682280,3.18396497,22.90916553
1624878149.93849897,1,3.53630447,-9.00000000,6.98896190,3.17641686,22.90916553
1624878150.03845906,1,3.51751804,-10.00000000,7.01860721,3.05221316,20.85721501
1624878150.13849735,1,3.49934506,-10.00000000,7.00162510,3.04574284,20.85721501
1624878150.23848557,1,3.48179555,-11.00000000,7.02580499,2.92724257,18.89292705
1624878150.33846498,1,3.46487856,-11.00000000,7.00979940,2.92176484,18.89292705
1624878150.43847203,1,3.44860363,-11.00000000,6.99440128,2.91649501,18.89292705
1624878150.53845811,1,3.43297982,-12.00000000,7.01733805,2.79442547,16.84097653
1624878150.63846016,1,3.41801620,-12.00000000,7.00301618,2.79009026,16.84097653
1624878150.73848081,1,3.40372109,-13.00000000,7.02122046,2.67370496,14.87668856
1624878150.83845973,1,3.39010334,-12.00000000,6.99237003,2.72725845,15.87668856
1624878150.93848109,1,3.37717104,-13.00000000,7.00968992,2.61183569,13.91240060
1624878151.03845930,1,3.36493206,-13.00000000,6.99780998,2.60889297,13.91240060
1624878151.13846111,1,3.35339403,-14.00000000,7.01339272,2.48905370,11.86045008
1624878151.23848391,1,3.34256411,-14.00000000,7.01389228,2.43167878,10.89616211
1624878151.33848023,1,3.33244944,-14.00000000,7.00395996,2.42976681,10.89616211
1624878151.43846512,1,3.32305622,-14.00000000,7.00484533,2.37298610,9.93187414
1624878151.53848481,1,3.31439066,-14.00000000,6.99630964,2.37149148,9.93187414
1624878151.63849711,1,3.30645871,-15.00000000,7.00682768,2.25314211,7.87992363
1624878151.73846316,1,3.29926538,-15.00000000,7.00685165,2.19709213,6.91563566
1624878151.83848071,1,3.29281592,-15.00000000,7.00717715,2.13623586,5.86368515
1624878151.93845940,1,3.28711414,-15.00000000,7.00150520,2.13565335,5.86368515
1624878152.03850746,1,3.28216434,-16.00000000,7.00615611,2.02303791,3.89939718
1624878152.13845921,1,3.27796984,-16.00000000,7.00525969,1.96768317,2.93510921
1624878152.23846102,1,3.27453351,-15.00000000,6.99840351,2.02455520,3.93510921
1624878152.33845878,1,3.27185774,-16.00000000,7.00168067,1.90735283,1.88315870
1624878152.43846464,1,3.26994443,-16.00000000,7.00111393,1.85227390,0.91887073
1624878152.53848147,1,3.26879501,-16.00000000,7.00038399,1.79724389,-0.04541724
1624878152.63845730,1,3.26840997,-16.00000000,6.99999894,1.79724420,-0.04541724
1624878152.73850369,1,3.26879001,-17.00000000,6.99819017,1.68020448,-2.09736775
1624878152.83850336,1,3.26993442,-17.00000000,6.99685704,1.62518602,-3.06165572
1624878152.93850589,1,3.27184272,-17.00000000,6.99500372,1.56513163,-4.11360623
1624878153.03852844,1,3.27451348,-16.00000000,7.00126965,1.62197673,-3.11360623
1624878153.13846827,1,3.27794480,-17.00000000,6.99666982,1.50970411,-5.07789420
1624878153.23845577,1,3.28213429,-17.00000000,6.99549096,1.45435551,-6.04218217
1624878153.33846879,1,3.28707910,-17.00000000,6.99350516,1.39388120,-7.09413268
1624878153.43846416,1,3.29277563,-17.00000000,6.99185161,1.33824470,-8.05842065
1624878153.53846383,1,3.29922032,-17.00000000,6.99823266,1.33734126,-8.05842065
1624878153.63846803,1,3.30640888,-18.00000000,6.98753929,1.22439261,-10.02270862
1624878153.73848271,1,3.31433582,-18.00000000,6.98420532,1.16319106,-11.07465913
1624878153.83846045,1,3.32299662,-17.00000000,6.99310205,1.16356018,-11.03894710
1624878153.93848062,1,3.33238506,-17.00000000,6.99005119,1.10182288,-12.09089761
1624878154.03847241,1,3.34249496,-17.00000000,6.99993681,1.09970523,-12.09089761
1624878154.13848281,1,3.35332012,-18.00000000,6.98451931,0.98545994,-14.05518558
1624878154.23844814,1,3.36485362,-18.00000000,6.98149283,0.92784218,-15.01947355
1624878154.33843279,1,3.37708807,-18.00000000,6.97669250,0.86493735,-16.07142406
1624878154.43845439,1,3.39001584,-17.00000000,6.98969933,0.86338906,-16.03571203
1624878154.53845692,1,3.40362906,-17.00000000,6.98649666,0.80471017,-17.00000000
1624878154.63844943,1,3.41791964,-17.00000000,6.98288243,0.74566605,-17.96428797
1624878154.73845482,1,3.43287897,-17.00000000,6.99711248,0.74105223,-17.96428797
1624878154.83847117,1,3.44849825,-18.00000000,6.97358613,0.62441964,-19.92857594
1624878154.93847990,1,3.46476912,-17.00000000,6.98781055,0.61592082,-19.98052645
1624878155.03848553,1,3.48168182,-17.00000000,6.98322026,0.55524312,-20.94481442
1624878155.13846278,1,3.49922729,-17.00000000,6.97809255,0.49415020,-21.90910239
1624878155.23846197,1,3.51739597,-17.00000000,6.97030354,0.42768012,-22.96105290
1624878155.33846521,1,3.53617859,-16.00000000,7.01117739,0.47738820,-21.96105290
1624878155.43848658,1,3.55556488,-17.00000000,6.98164183,0.35789022,-23.92534087
1624878155.53848648,1,3.57554555,-17.00000000,6.97273343,0.29002863,-24.97729138
1624878155.63846040,1,3.59611034,-17.00000000,6.96535827,0.22670042,-25.94157935
1624878155.73850203,1,3.61724925,-16.00000000,6.98535288,0.21948085,-25.90586732
1624878155.83850217,1,3.63895249,-16.00000000,7.00487523,0.20999884,-25.90586732
1624878155.93846798,1,3.66121006,-17.00000000,6.96551117,0.08338140,-27.95781783
1624878156.03848100,1,3.68401170,-17.00000000,6.95612440,0.01817283,-28.92210580
1624878156.13845968,1,3.70734763,-16.00000000,6.97766673,0.00891001,-28.88639377
1624878156.23845911,1,3.73120761,-16.00000000,6.96491627,-0.06229052,-29.93834428
1624878156.33846378,1,3.73120761,-15.00000000,6.99692239,-0.00557758,-28.93834428
1624878156.43846083,1,3.73120761,-15.00000000,6.96607629,-0.06027485,-29.90263225
1624878156.53846025,1,3.73120761,-14.00000000,6.96438839,-0.06320681,-29.95458276
1624878156.63846278,1,3.73120761,-13.00000000,6.96554898,-0.06119147,-29.91887073
1624878156.73850560,1,3.73120761,-12.00000000,6.96670832,-0.05917541,-29.88315870
1624878156.83845901,1,3.73120761,-11.00000000,6.99865980,-0.00243167,-28.88315870
1624878156.93845940,1,3.73120761,-11.00000000,6.96502141,-0.06210795,-29.93510921
1624878157.03849483,1,3.73120761,-10.00000000,6.96618131,-0.06009222,-29.89939718
1624878157.13849926,1,3.73120761,-9.00000000,6.99814888,-0.00335754,-28.89939718
1624878157.23846722,1,3.73120761,-9.00000000,6.96733997,-0.05807576,-29.86368515
1624878157.33846712,1,3.73120761,-8.00000000,6.99927216,-0.00132117,-28.86368515
1624878157.43848062,1,3.73120761,-8.00000000,6.96565405,-0.06100887,-29.91563566
1624878157.53843331,1,3.73120761,-7.00000000,6.99763769,-0.00428326,-28.91563566
1624878157.63845825,1,3.73120761,-7.00000000,6.96681328,-0.05899274,-29.87992363
1624878157.73845673,1,3.73120761,-6.00000000,6.99876155,-0.00224720,-28.87992363
1624878157.83848357,1,3.73120761,-6.00000000,6.96512653,-0.06192538,-29.93187414
1624878157.93846202,1,3.73120761,-5.00000000,6.99712625,-0.00520883,-28.93187414
1624878158.03845906,1,3.73120761,-5.00000000,6.99712625,-0.00520883,-28.93187414
1624878158.13848114,1,3.73120761,-5.00000000,6.96628633,-0.05990958,-29.89616211
1624878158.23847580,1,3.73120761,-4.00000000,6.99825068,-0.00317310,-28.89616211
1624878158.33846235,1,3.73120761,-4.00000000,6.99825068,-0.00317310,-28.89616211
1624878158.43846416,1,3.73120761,-4.00000000,6.96744486,-0.05789306,-29.86045008
1624878158.53846002,1,3.73120761,-3.00000000,6.99937385,-0.00113666,-28.86045008
1624878158.63847852,1,3.73120761,-3.00000000,6.99937385,-0.00113666,-28.86045008
1624878158.73846221,1,3.73120761,-3.00000000,6.99937385,-0.00113666,-28.86045008
1624878158.83846164,1,3.73120761,-3.00000000,6.96575912,-0.06082627,-29.91240060
1624878158.93845701,1,3.73120761,-2.00000000,6.99773955,-0.00409884,-28.91240060
1624878159.03847075,1,3.73120761,-2.00000000,6.99773955,-0.00409884,-28.91240060
1624878159.13848233,1,3.73120761,-2.00000000,6.99773955,-0.00409884,-28.91240060
1624878159.23846340,1,3.73120761,-2.00000000,6.99773955,-0.00409884,-28.91240060
1624878159.33842707,1,3.73120761,-2.00000000,6.96691822,-0.05881007,-29.87668856
1624878159.43845797,1,3.73120761,-1.00000000,6.99886330,-0.00206273,-28.87668856
1624878159.53846049,1,3.73120761,-1.00000000,6.99886330,-0.00206273,-28.87668856
1624878159.63846827,1,3.73120761,-1.00000000,6.99886330,-0.00206273,-28.87668856
1624878159.73848224,1,3.73120761,-1.00000000,6.99886330,-0.00206273,-28.87668856
1624878159.83848858,1,3.73120761,-1.00000000,6.99886330,-0.00206273,-28.87668856
1624878159.93847156,1,3.73120761,-1.00000000,6.99886330,-0.00206273,-28.87668856
1624878160.03846121,1,3.73120761,-1.00000000,6.99886330,-0.00206273,-28.87668856
1624878160.13846397,1,3.73120761,-1.00000000,6.99886330,-0.00206273,-28.87668856
1624878160.23846054,1,3.73120761,-1.00000000,6.99886330,-0.00206273,-28.87668856
1624878160.33848095,1,3.73120761,-1.00000000,6.96807608,-0.05679315,-29.84097653
1624878160.43842411,1,3.73120761,0.00000000,6.99998577,-0.00002591,-28.84097653
1624878160.53846264,1,3.73120761,0.00000000,6.99998577,-0.00002591,-28.84097653
1624878160.63846374,1,3.73120761,0.00000000,6.99998577,-0.00002591,-28.84097653
1624878160.73845625,1,3.73120761,0.00000000,6.99998577,-0.00002591,-28.84097653
1624878160.83846283,1,3.73120761,0.00000000,6.99998577,-0.00002591,-28.84097653
1624878160.93843460,1,3.73120761,0.00000000,6.99998577,-0.00002591,-28.84097653
1624878161.03844666,1,3.73120761,0.00000000,6.99998577,-0.00002591,-28.84097653
1624878161.13847899,1,3.73120761,0.00000000,6.99998577,-0.00002591,-28.84097653
1624878161.23850155,1,3.73120761,0.00000000,6.99998577,-0.00002591,-28.84097653
1624878161.33846378,1,3.68748808,0.00000000,6.96168913,0.02106353,-28.84097653
1624878161.43850017,1,3.64393020,-1.00000000,6.89237079,-0.01336440,-29.84097653
1624878161.53848147,1,3.60053992,-1.00000000,6.85473364,0.00822636,-29.84097653
1624878161.63847589,1,3.55732298,-2.00000000,6.78588430,-0.02385167,-30.84097653
1624878161.73850489,1,3.51428580,-2.00000000,6.74893287,-0.00178836,-30.84097653
1624878161.83847833,1,3.47143555,-2.00000000,6.71214192,0.02017912,-30.84097653
1624878161.93840837,1,3.42877865,-3.00000000,6.64439098,-0.00906341,-31.84097653
1624878162.03841496,1,3.38632274,-3.00000000,6.60832402,0.01333478,-31.84097653
1624878162.13844633,1,3.34407544,-4.00000000,6.54121187,-0.01368796,-32.84097653
1624878162.23846388,1,3.30204487,-4.00000000,6.50589866,0.00910561,-32.84097653
1624878162.33849502,1,3.26023912,-5.00000000,6.43950030,-0.01575883,-33.84097653
