Seconds,Desired Distance
1624878049.64215326,3.50000000
1624878049.74193048,3.50000000
1624878049.84200287,3.50000000
1624878049.94169569,3.50000000
1624878050.04193354,3.50000000
1624878050.14191771,3.50000000
1624878050.24198937,3.50000000
1624878050.34201407,3.50000000
1624878050.44202471,3.50000000
1624878050.54202008,3.50000000
1624878050.64202523,3.50000000
1624878050.74201822,3.50000000
1624878050.84201312,3.50000000
1624878050.94202185,3.50000000
1624878051.04202414,3.50000000
1624878051.14180732,3.50000000
1624878051.24168444,3.50000000
1624878051.34169579,3.50000000
1624878051.44166541,3.50000000
1624878051.54168558,3.50000000
1624878051.64200211,3.50000000
1624878051.74194980,3.50000000
1624878051.84191990,3.50000000
1624878051.94175982,3.50000000
1624878052.04194069,3.50000000
1624878052.14193892,3.50000000
1624878052.24182796,3.50000000
1624878052.34195495,3.50000000
1624878052.44194150,3.50000000
1624878052.54202676,3.50000000
1624878052.64200282,3.50000000
1624878052.74183345,3.50000000
1624878052.84194350,3.50000000
1624878052.94193268,3.50000000
1624878053.04195642,3.50000000
1624878053.14199829,3.50000000
1624878053.24189758,3.50000000
1624878053.34184790,3.50000000
1624878053.44169855,3.50000000
1624878053.54174447,3.50000000
1624878053.64171386,3.50000000
1624878053.74191427,3.50000000
1624878053.84174442,3.50000000
1624878053.94201326,3.50000000
1624878054.04198456,3.50000000
1624878054.14173150,3.50000000
1624878054.24180603,3.50000000
1624878054.34205532,3.50000000
1624878054.44192386,3.50000000
1624878054.54196382,3.50000000
1624878054.64194417,3.50000000
1624878054.74198127,2.00000000
1624878054.84189248,2.00000000
1624878054.94191480,2.00000000
1624878055.04198551,2.00000000
1624878055.14199710,2.00000000
1624878055.24190998,2.00000000
1624878055.34190369,2.00000000
1624878055.44194412,2.00000000
1624878055.54197168,2.00000000
1624878055.64203668,2.00000000
1624878055.74182415,2.00000000
1624878055.84177327,2.00000000
1624878055.94202662,2.00000000
1624878056.04189062,2.00000000
1624878056.14195943,2.00000000
1624878056.24207234,2.00000000
1624878056.34185314,2.00000000
1624878056.44194603,2.00000000
1624878056.54197359,2.00000000
1624878056.64171481,2.00000000
1624878056.74173093,2.00000000
1624878056.84174919,2.00000000
1624878056.94199157,2.00000000
1624878057.04192281,2.00000000
1624878057.14194179,2.00000000
1624878057.24196577,2.00000000
1624878057.34203577,2.00000000
1624878057.44199419,2.00000000
1624878057.54198480,2.00000000
1624878057.64199829,2.00000000
1624878057.74232507,2.00000000
1624878057.84191608,2.00000000
1624878057.94194508,2.00000000
1624878058.04174614,2.00000000
1624878058.14200568,2.00000000
1624878058.24173188,2.00000000
1624878058.34194064,2.00000000
1624878058.44182348,2.00000000
1624878058.54184556,2.00000000
1624878058.64193821,2.00000000
1624878058.74189734,2.00000000
1624878058.84200025,2.00000000
1624878058.94199586,2.00000000
1624878059.04191971,2.00000000
1624878059.14194751,2.00000000
1624878059.24199104,2.00000000
1624878059.34192109,2.00000000
1624878059.44170427,2.00000000
1624878059.54194379,2.00000000
1624878059.64176250,2.00000000
1624878059.74171114,2.00000000
1624878059.84194303,2.00000000
1624878059.94196272,2.00000000
1624878060.04174733,2.00000000
1624878060.14195347,2.00000000
1624878060.24200344,2.00000000
1624878060.34196949,2.00000000
1624878060.44200516,2.00000000
1624878060.54195929,2.00000000
1624878060.64197779,2.00000000
1624878060.74174619,2.00000000
1624878060.84195495,2.00000000
1624878060.94192672,2.00000000
1624878061.04183006,2.00000000
1624878061.14197588,2.00000000
1624878061.24181819,2.00000000
1624878061.34191537,2.00000000
1624878061.44204879,2.00000000
1624878061.54202199,2.00000000
1624878061.64195323,2.00000000
1624878061.74178267,2.00000000
1624878061.84192204,2.00000000
1624878061.94192719,2.00000000
1624878062.04197860,2.00000000
1624878062.14190269,2.00000000
1624878062.24196529,2.00000000
1624878062.34195304,2.00000000
1624878062.44195199,2.00000000
1624878062.54184294,2.00000000
1624878062.64193439,2.00000000
1624878062.74195457,2.00000000
1624878062.84185338,2.00000000
1624878062.94195151,2.00000000
1624878063.04177547,2.00000000
1624878063.14200854,2.00000000
1624878063.24204564,2.00000000
1624878063.34193158,2.00000000
1624878063.44201350,2.00000000
1624878063.54192114,2.00000000
1624878063.64193940,2.00000000
1624878063.74194670,2.00000000
1624878063.84192991,2.00000000
1624878063.94195509,2.00000000
1624878064.04193330,2.00000000
1624878064.14205313,2.00000000
1624878064.24189138,2.00000000
1624878064.34191871,2.00000000
1624878064.44196415,2.00000000
1624878064.54194474,2.00000000
1624878064.64169478,2.00000000
1624878064.74188972,2.00000000
1624878064.84173989,2.00000000
1624878064.94190550,2.00000000
1624878065.04183698,2.00000000
1624878065.14199543,2.00000000
1624878065.24200010,2.00000000
1624878065.34199905,2.00000000
1624878065.44191456,2.00000000
1624878065.54188418,2.00000000
1624878065.64195228,2.00000000
1624878065.74187946,2.00000000
1624878065.84196997,2.00000000
1624878065.94194055,2.00000000
1624878066.04198217,2.00000000
1624878066.14194989,2.00000000
1624878066.24204373,2.00000000
1624878066.34188962,2.00000000
1624878066.44199181,2.00000000
1624878066.54181480,2.00000000
1624878066.64192414,2.00000000
1624878066.74202108,2.00000000
1624878066.84196997,2.00000000
1624878066.94193649,2.00000000
1624878067.04201698,2.00000000
1624878067.14209080,2.00000000
1624878067.24197626,2.00000000
1624878067.34190941,2.00000000
1624878067.44206524,2.00000000
1624878067.54211664,2.00000000
1624878067.64206409,2.00000000
1624878067.74200583,2.00000000
1624878067.84194469,1.50000000
1624878067.94207644,1.50000000
1624878068.04202032,1.50000000
1624878068.14194822,1.50000000
1624878068.24193883,1.50000000
1624878068.34196520,1.50000000
1624878068.44197941,1.50000000
1624878068.54194427,1.50000000
1624878068.64190030,1.50000000
1624878068.74195313,1.50000000
1624878068.84191489,1.50000000
1624878068.94202733,1.50000000
1624878069.04193711,1.50000000
1624878069.14199352,1.50000000
1624878069.24196887,1.50000000
1624878069.34192634,1.50000000
1624878069.44201303,1.50000000
1624878069.54196620,1.50000000
1624878069.64194226,1.50000000
1624878069.74195910,1.50000000
1624878069.84202075,1.50000000
1624878069.94201827,1.50000000
1624878070.04195023,1.50000000
1624878070.14190030,1.50000000
1624878070.24197030,1.50000000
1624878070.34202671,1.50000000
1624878070.44202256,1.50000000
1624878070.54196382,1.50000000
1624878070.64200974,1.50000000
1624878070.74199748,1.50000000
1624878070.84194374,1.50000000
1624878070.94191408,1.50000000
1624878071.04188824,1.50000000
1624878071.14196968,1.50000000
1624878071.24204850,1.50000000
1624878071.34203553,1.50000000
1624878071.44202399,1.50000000
1624878071.54189157,1.50000000
1624878071.64204431,1.50000000
1624878071.74205208,1.50000000
1624878071.84202290,1.50000000
1624878071.94195962,1.50000000
1624878072.04191756,1.50000000
1624878072.14190722,1.50000000
1624878072.24192238,1.50000000
1624878072.34202123,1.50000000
1624878072.44199896,1.50000000
1624878072.54199266,1.50000000
1624878072.64195299,1.50000000
1624878072.74198222,1.50000000
1624878072.84190178,1.50000000
1624878072.94194818,1.50000000
1624878073.04196024,1.50000000
1624878073.14201546,1.50000000
1624878073.24189591,1.50000000
1624878073.34204650,1.50000000
1624878073.44193459,1.50000000
1624878073.54195213,1.50000000
1624878073.64194441,1.50000000
1624878073.74191689,1.50000000
1624878073.84202909,1.50000000
1624878073.94197893,1.50000000
1624878074.04201126,1.50000000
1624878074.14204383,1.50000000
1624878074.24176693,1.50000000
1624878074.34187269,1.50000000
1624878074.44191217,1.50000000
1624878074.54195762,1.50000000
1624878074.64194655,1.50000000
1624878074.74191165,1.50000000
1624878074.84203219,1.50000000
1624878074.94207668,1.50000000
1624878075.04200697,1.50000000
1624878075.14203501,1.50000000
1624878075.24172902,1.50000000
1624878075.34198284,1.50000000
1624878075.44190049,1.50000000
1624878075.54190993,1.50000000
1624878075.64190555,1.50000000
1624878075.74194574,1.50000000
1624878075.84194851,1.50000000
1624878075.94198775,1.50000000
1624878076.04196072,1.50000000
1624878076.14196634,1.50000000
1624878076.24195170,1.50000000
1624878076.34195828,1.50000000
1624878076.44188380,1.50000000
1624878076.54201388,1.50000000
1624878076.64195108,1.50000000
1624878076.74192810,1.50000000
1624878076.84195662,1.50000000
1624878076.94199061,1.50000000
1624878077.04200697,1.50000000
1624878077.14200807,1.50000000
1624878077.24211502,1.50000000
1624878077.34172487,1.50000000
1624878077.44192696,1.50000000
1624878077.54198742,1.50000000
1624878077.64192605,1.50000000
1624878077.74195933,1.50000000
1624878077.84188843,1.50000000
1624878077.94188619,1.50000000
1624878078.04191303,1.50000000
1624878078.14192820,1.50000000
1624878078.24193716,1.50000000
1624878078.34187913,1.50000000
1624878078.44190526,1.50000000
1624878078.54195237,1.50000000
1624878078.64198041,1.50000000
1624878078.74177265,1.50000000
1624878078.84196687,1.50000000
1624878078.94196558,1.50000000
1624878079.04199553,1.50000000
1624878079.14198613,1.50000000
1624878079.24197197,1.50000000
1624878079.34198189,1.50000000
1624878079.44195843,1.50000000
1624878079.54194736,1.50000000
1624878079.64199209,1.50000000
1624878079.74199128,1.50000000
1624878079.84193063,1.50000000
1624878079.94199014,1.50000000
1624878080.04203796,0.50000000
1624878080.14196181,0.50000000
1624878080.24195027,0.50000000
1624878080.34198809,0.50000000
1624878080.44191480,0.50000000
1624878080.54188728,0.50000000
1624878080.64206815,0.50000000
1624878080.74206901,0.50000000
1624878080.84204340,0.50000000
1624878080.94209313,0.50000000
1624878081.04195142,0.50000000
1624878081.14191985,0.50000000
1624878081.24189186,0.50000000
1624878081.34193277,0.50000000
1624878081.44200373,0.50000000
1624878081.54193211,0.50000000
1624878081.64192128,0.50000000
1624878081.74190617,0.50000000
1624878081.84190536,0.50000000
1624878081.94210696,0.50000000
1624878082.04193830,0.50000000
1624878082.14191866,0.50000000
1624878082.24202514,0.50000000
1624878082.34193921,0.50000000
1624878082.44201899,0.50000000
1624878082.54204178,0.50000000
1624878082.64193249,0.50000000
1624878082.74206543,0.50000000
1624878082.84193277,0.50000000
1624878082.94202995,0.50000000
1624878083.04193902,0.50000000
1624878083.14207172,0.50000000
1624878083.24210787,0.50000000
1624878083.34200406,0.50000000
1624878083.44176817,0.50000000
1624878083.54194951,0.50000000
1624878083.64175940,0.50000000
1624878083.74193883,0.50000000
1624878083.84194374,0.50000000
1624878083.94191456,0.50000000
1624878084.04191113,0.50000000
1624878084.14193416,0.50000000
1624878084.24191046,0.50000000
1624878084.34198904,0.50000000
1624878084.44194031,0.50000000
1624878084.54199243,0.50000000
1624878084.64194703,0.50000000
1624878084.74208951,0.50000000
1624878084.84195948,0.50000000
1624878084.94192863,0.50000000
1624878085.04196191,0.50000000
1624878085.14194632,0.50000000
1624878085.24191022,0.50000000
1624878085.34201694,0.50000000
1624878085.44187427,0.50000000
1624878085.54198217,0.50000000
1624878085.64193177,0.50000000
1624878085.74196911,0.50000000
1624878085.84189463,0.50000000
1624878085.94202805,0.50000000
1624878086.04192758,0.50000000
1624878086.14189339,0.50000000
1624878086.24188948,0.50000000
1624878086.34191823,0.50000000
1624878086.44192386,0.50000000
1624878086.54196048,0.50000000
1624878086.64181805,0.50000000
1624878086.74179435,0.50000000
1624878086.84193468,0.50000000
1624878086.94188857,0.50000000
1624878087.04192805,0.50000000
1624878087.14199090,0.50000000
1624878087.24196577,0.50000000
1624878087.34169817,0.50000000
1624878087.44176126,0.50000000
1624878087.54193783,0.50000000
1624878087.64194179,0.50000000
1624878087.74189758,0.50000000
1624878087.84191966,0.50000000
1624878087.94188833,0.50000000
1624878088.04189610,0.50000000
1624878088.14190030,0.50000000
1624878088.24201989,0.50000000
1624878088.34198594,0.50000000
1624878088.44190764,0.50000000
1624878088.54193091,0.50000000
1624878088.64193249,0.50000000
1624878088.74190831,0.50000000
1624878088.84192109,0.50000000
1624878088.94193316,0.50000000
1624878089.04191804,0.50000000
1624878089.14191794,0.50000000
1624878089.24188542,0.50000000
1624878089.34187865,0.50000000
1624878089.44198775,0.50000000
1624878089.54193115,0.50000000
1624878089.64194012,0.50000000
1624878089.74191976,0.50000000
1624878089.84189939,0.50000000
1624878089.94191980,0.50000000
1624878090.04188085,0.50000000
1624878090.14188886,0.50000000
1624878090.24188876,0.50000000
1624878090.34197998,0.50000000
1624878090.44193625,0.50000000
1624878090.54191995,0.50000000
1624878090.64198184,0.50000000
1624878090.74189377,0.50000000
1624878090.84188938,0.50000000
1624878090.94190121,0.50000000
1624878091.04189134,0.50000000
1624878091.14196539,0.50000000
1624878091.24195814,0.50000000
1624878091.34201646,0.50000000
1624878091.44200063,0.50000000
1624878091.54193449,0.50000000
1624878091.64191246,0.50000000
1624878091.74195266,0.50000000
1624878091.84200501,0.50000000
1624878091.94198036,0.50000000
1624878092.04194832,0.50000000
1624878092.14192939,0.50000000
1624878092.24199009,0.50000000
1624878092.34194970,0.50000000
1624878092.44194555,0.50000000
1624878092.54190207,0.50000000
1624878092.64191818,0.50000000
1624878092.74200940,0.50000000
1624878092.84192705,0.50000000
1624878092.94194698,0.50000000
1624878093.04196000,0.50000000
1624878093.14194608,0.50000000
1624878093.24194860,0.50000000
1624878093.34195137,0.50000000
1624878093.44190264,0.50000000
1624878093.54190397,0.50000000
1624878093.64193511,0.50000000
1624878093.74205828,0.50000000
1624878093.84189868,0.50000000
1624878093.94193792,0.50000000
1624878094.04197669,0.50000000
1624878094.14182901,0.50000000
1624878094.24189687,0.50000000
1624878094.34193659,0.50000000
1624878094.44197392,0.50000000
1624878094.54194140,0.50000000
1624878094.64189219,0.50000000
1624878094.74193048,0.50000000
1624878094.84206367,0.50000000
1624878094.94192696,0.50000000
1624878095.04193449,0.50000000
1624878095.14188886,0.50000000
1624878095.24192619,0.50000000
1624878095.34194398,0.50000000
1624878095.44195318,0.50000000
1624878095.54195118,0.50000000
1624878095.64194655,0.50000000
1624878095.74192500,0.50000000
1624878095.84194422,0.50000000
1624878095.94193292,0.50000000
1624878096.04201937,0.50000000
1624878096.14193392,0.50000000
1624878096.24193144,0.50000000
1624878096.34195065,0.50000000
1624878096.44189954,0.50000000
1624878096.54200530,0.50000000
1624878096.64199638,0.50000000
1624878096.74193859,0.50000000
1624878096.84192896,0.50000000
1624878096.94193602,0.50000000
1624878097.04194522,0.50000000
1624878097.14193416,0.50000000
1624878097.24193287,0.50000000
1624878097.34189487,0.50000000
1624878097.44193363,0.50000000
1624878097.54195261,0.50000000
1624878097.64192772,0.50000000
1624878097.74192715,0.50000000
1624878097.84194660,0.50000000
1624878097.94193029,0.50000000
1624878098.04190755,0.50000000
1624878098.14192152,0.50000000
1624878098.24191594,0.50000000
1624878098.34193301,0.50000000
1624878098.44191408,0.50000000
1624878098.54191875,0.50000000
1624878098.64188552,0.50000000
1624878098.74191332,0.50000000
1624878098.84192443,0.50000000
1624878098.94196057,0.50000000
1624878099.04193020,0.50000000
1624878099.14177680,0.50000000
1624878099.24193525,0.50000000
1624878099.34196687,0.50000000
1624878099.44200873,0.50000000
1624878099.54192066,0.50000000
1624878099.64188910,0.50000000
1624878099.74191594,0.50000000
1624878099.84192324,0.50000000
1624878099.94192529,0.50000000
1624878100.04193211,0.50000000
1624878100.14189887,0.50000000
1624878100.24188471,0.50000000
1624878100.34192944,0.50000000
1624878100.44188595,0.50000000
1624878100.54192591,0.50000000
1624878100.64193153,0.50000000
1624878100.74192333,0.50000000
1624878100.84199357,0.50000000
1624878100.94193244,0.50000000
1624878101.04195690,0.50000000
1624878101.14189768,0.50000000
1624878101.24188662,0.50000000
1624878101.34192348,0.50000000
1624878101.44195008,0.50000000
1624878101.54201269,0.50000000
1624878101.64192080,0.50000000
1624878101.74190760,0.50000000
1624878101.84206223,0.50000000
1624878101.94194436,0.50000000
1624878102.04194713,0.50000000
1624878102.14193106,0.50000000
1624878102.24196720,0.50000000
1624878102.34193659,0.50000000
1624878102.44200706,0.50000000
1624878102.54194593,0.50000000
1624878102.64199495,0.50000000
1624878102.74198842,0.50000000
1624878102.84194946,0.50000000
1624878102.94193244,0.50000000
1624878103.04196453,0.50000000
1624878103.14193797,0.50000000
1624878103.24192119,0.50000000
1624878103.34193420,0.50000000
1624878103.44195676,0.50000000
1624878103.54198170,0.50000000
1624878103.64190936,0.50000000
1624878103.74188900,0.50000000
1624878103.84196091,0.50000000
1624878103.94189310,0.50000000
1624878104.04192901,0.50000000
1624878104.14195776,0.50000000
1624878104.24194598,0.50000000
1624878104.34190774,0.50000000
1624878104.44193363,0.50000000
1624878104.54199290,0.50000000
1624878104.64204621,0.50000000
1624878104.74190044,0.50000000
1624878104.84194613,0.50000000
1624878104.94190764,0.50000000
1624878105.04196000,0.50000000
1624878105.14192319,0.50000000
1624878105.24194264,0.50000000
1624878105.34191561,0.50000000
1624878105.44194126,0.50000000
1624878105.54190612,0.50000000
1624878105.64191413,0.50000000
1624878105.74193907,0.50000000
1624878105.84194589,0.50000000
1624878105.94194174,0.50000000
1624878106.04195571,0.50000000
1624878106.14189458,0.50000000
1624878106.24190021,0.50000000
1624878106.34189105,0.50000000
1624878106.44189858,0.50000000
1624878106.54192615,0.50000000
1624878106.64188337,0.50000000
1624878106.74188566,0.50000000
1624878106.84202051,0.50000000
1624878106.94193578,0.50000000
1624878107.04194379,0.50000000
1624878107.14196157,0.50000000
1624878107.24194121,0.50000000
1624878107.34195805,0.50000000
1624878107.44196939,0.50000000
1624878107.54193377,0.50000000
1624878107.64193940,0.50000000
1624878107.74198294,0.50000000
1624878107.84191871,0.50000000
1624878107.94190788,0.50000000
1624878108.04191542,0.50000000
1624878108.14193988,0.50000000
1624878108.24200606,0.50000000
1624878108.34189510,0.50000000
1624878108.44203806,0.50000000
1624878108.54193091,0.50000000
1624878108.64192390,0.50000000
1624878108.74189186,0.50000000
1624878108.84195733,0.50000000
1624878108.94190311,0.50000000
1624878109.04195976,0.50000000
1624878109.14191985,0.50000000
1624878109.24193048,0.50000000
1624878109.34190941,0.50000000
1624878109.44187856,0.50000000
1624878109.54190016,0.50000000
1624878109.64189482,0.50000000
1624878109.74195671,0.50000000
1624878109.84194136,0.50000000
1624878109.94194007,0.50000000
1624878110.04201365,0.50000000
1624878110.14201880,0.50000000
1624878110.24193740,0.50000000
1624878110.34195352,0.50000000
1624878110.44196391,0.50000000
1624878110.54176736,0.50000000
1624878110.64187598,0.50000000
1624878110.74194241,0.50000000
1624878110.84195495,0.50000000
1624878110.94198084,0.50000000
1624878111.04189348,0.50000000
1624878111.14196515,0.50000000
1624878111.24194145,0.50000000
1624878111.34206057,0.50000000
1624878111.44194865,0.50000000
1624878111.54192734,0.50000000
1624878111.64193273,0.50000000
1624878111.74201035,0.50000000
1624878111.84190011,0.50000000
1624878111.94191408,0.50000000
1624878112.04204750,0.50000000
1624878112.14199924,0.50000000
1624878112.24197936,0.50000000
1624878112.34199643,0.50000000
1624878112.44198751,0.50000000
1624878112.54198623,0.50000000
1624878112.64201975,0.50000000
1624878112.74199867,0.50000000
1624878112.84199333,0.50000000
1624878112.94197249,0.50000000
1624878113.04197454,0.50000000
1624878113.14236212,0.50000000
1624878113.24197412,0.50000000
1624878113.34190917,0.50000000
1624878113.44203377,0.50000000
1624878113.54201531,0.50000000
1624878113.64188337,0.50000000
1624878113.74190521,0.50000000
1624878113.84199715,0.50000000
1624878113.94191098,0.50000000
1624878114.04199600,0.50000000
1624878114.14196539,0.50000000
1624878114.24205160,0.50000000
1624878114.34189820,0.50000000
1624878114.44192052,0.50000000
1624878114.54191303,0.50000000
1624878114.64192915,0.50000000
1624878114.74195051,0.50000000
1624878114.84191012,0.50000000
1624878114.94198012,0.50000000
1624878115.04190087,0.50000000
1624878115.14193988,0.50000000
1624878115.24193239,0.50000000
1624878115.34201908,0.50000000
1624878115.44196272,0.50000000
1624878115.54181004,0.50000000
1624878115.64201808,0.50000000
1624878115.74196315,0.50000000
1624878115.84198856,0.50000000
1624878115.94199944,0.50000000
1624878116.04200363,0.50000000
1624878116.14192700,0.50000000
1624878116.24231291,0.50000000
1624878116.34197068,0.50000000
1624878116.44194341,0.50000000
1624878116.54190540,0.50000000
1624878116.64200950,0.50000000
1624878116.74196553,0.50000000
1624878116.84193230,0.50000000
1624878116.94201946,0.50000000
1624878117.04197264,0.50000000
1624878117.14198065,0.50000000
1624878117.24220967,3.50000000
1624878117.34195662,3.50000000
1624878117.44195962,3.50000000
1624878117.54189229,3.50000000
1624878117.64189434,3.50000000
1624878117.74194598,3.50000000
1624878117.84193206,3.50000000
1624878117.94206071,3.50000000
1624878118.04191542,3.50000000
1624878118.14196205,3.50000000
1624878118.24197197,3.50000000
1624878118.34194946,3.50000000
1624878118.44208622,3.50000000
1624878118.54190898,3.50000000
1624878118.64191794,3.50000000
1624878118.74197459,3.50000000
1624878118.84197688,3.50000000
1624878118.94194055,3.50000000
1624878119.04195404,3.50000000
1624878119.14191818,3.50000000
1624878119.24193358,3.50000000
1624878119.34191370,3.50000000
1624878119.44195700,3.50000000
1624878119.54196119,3.50000000
1624878119.64206195,3.50000000
1624878119.74199724,3.50000000
1624878119.84194541,3.50000000
1624878119.94197536,3.50000000
1624878120.04194880,3.50000000
1624878120.14194441,3.50000000
1624878120.24196529,3.50000000
1624878120.34195495,3.50000000
1624878120.44199920,3.50000000
1624878120.54211807,3.50000000
1624878120.64210367,3.50000000
1624878120.74174333,3.50000000
1624878120.84190488,3.50000000
1624878120.94196510,3.50000000
1624878121.04200721,3.50000000
1624878121.14195538,3.50000000
1624878121.24193406,3.50000000
1624878121.34194016,3.50000000
1624878121.44189191,3.50000000
1624878121.54197884,3.50000000
1624878121.64197850,3.50000000
1624878121.74203920,3.50000000
1624878121.84201288,3.50000000
1624878121.94194698,3.50000000
1624878122.04193115,3.50000000
1624878122.14198208,3.50000000
1624878122.24192500,3.50000000
1624878122.34199810,3.50000000
1624878122.44195986,3.50000000
1624878122.54188418,3.50000000
1624878122.64198637,3.50000000
1624878122.74206376,3.50000000
1624878122.84205294,3.50000000
1624878122.94200706,3.50000000
1624878123.04193139,3.50000000
1624878123.14202619,3.50000000
1624878123.24206066,3.50000000
1624878123.34193611,3.50000000
1624878123.44199800,3.50000000
1624878123.54201078,2.00000000
1624878123.64190984,2.00000000
1624878123.74196815,2.00000000
1624878123.84194541,2.00000000
1624878123.94194961,2.00000000
1624878124.04196191,2.00000000
1624878124.14198375,2.00000000
1624878124.24197936,2.00000000
1624878124.34202290,2.00000000
1624878124.44196415,2.00000000
1624878124.54194069,2.00000000
1624878124.64194632,2.00000000
1624878124.74191761,2.00000000
1624878124.84194303,2.00000000
1624878124.94188976,2.00000000
1624878125.04196215,2.00000000
1624878125.14197254,2.00000000
1624878125.24197125,2.00000000
1624878125.34199238,2.00000000
1624878125.44191885,2.00000000
1624878125.54204965,2.00000000
1624878125.64194345,2.00000000
1624878125.74198127,2.00000000
1624878125.84190607,2.00000000
1624878125.94192481,2.00000000
1624878126.04246807,2.00000000
1624878126.14200068,2.00000000
1624878126.24194551,2.00000000
1624878126.34180975,2.00000000
1624878126.44195342,2.00000000
1624878126.54191041,2.00000000
1624878126.64201188,2.00000000
1624878126.74199486,2.00000000
1624878126.84189487,2.00000000
1624878126.94213867,2.00000000
1624878127.04202557,2.00000000
1624878127.14193487,2.00000000
1624878127.24206352,2.00000000
1624878127.34200287,2.00000000
1624878127.44194412,2.00000000
1624878127.54189730,2.00000000
1624878127.64189100,2.00000000
1624878127.74197459,2.00000000
1624878127.84198117,2.00000000
1624878127.94194078,2.00000000
1624878128.04193044,2.00000000
1624878128.14208555,2.00000000
1624878128.24201751,2.00000000
1624878128.34172416,2.00000000
1624878128.44194269,2.00000000
1624878128.54205084,2.00000000
1624878128.64194345,2.00000000
1624878128.74194288,2.00000000
1624878128.84194708,2.00000000
1624878128.94198203,2.00000000
1624878129.04200482,2.00000000
1624878129.14205694,2.00000000
1624878129.24205279,2.00000000
1624878129.34196973,2.00000000
1624878129.44193912,2.00000000
1624878129.54192638,2.00000000
1624878129.64197803,2.00000000
1624878129.74168968,2.00000000
1624878129.84201813,2.00000000
1624878129.94213152,2.00000000
1624878130.04193187,2.00000000
1624878130.14192915,2.00000000
1624878130.24195361,2.00000000
1624878130.34214687,2.00000000
1624878130.44197035,2.00000000
1624878130.54203010,2.00000000
1624878130.64203024,2.00000000
1624878130.74197197,2.00000000
1624878130.84201646,2.00000000
1624878130.94198060,2.00000000
1624878131.04200435,2.00000000
1624878131.14209032,2.00000000
1624878131.24195266,2.00000000
1624878131.34191680,2.00000000
1624878131.44194913,2.00000000
1624878131.54199409,2.00000000
1624878131.64195824,2.00000000
1624878131.74195433,2.00000000
1624878131.84191942,2.00000000
1624878131.94194460,2.00000000
1624878132.04195666,2.00000000
1624878132.14189720,2.00000000
1624878132.24193954,2.00000000
1624878132.34205389,2.00000000
1624878132.44195271,2.00000000
1624878132.54195333,2.00000000
1624878132.64197421,2.00000000
1624878132.74195385,2.00000000
1624878132.84195352,2.00000000
1624878132.94195795,2.00000000
1624878133.04190350,2.00000000
1624878133.14192367,2.00000000
1624878133.24201274,2.00000000
1624878133.34199715,2.00000000
1624878133.44195938,2.00000000
1624878133.54198647,2.00000000
1624878133.64192772,2.00000000
1624878133.74195218,2.00000000
1624878133.84196258,2.00000000
1624878133.94192672,2.00000000
1624878134.04200292,2.00000000
1624878134.14192224,2.00000000
1624878134.24194407,2.00000000
1624878134.34195590,2.00000000
1624878134.44204235,2.00000000
1624878134.54197454,2.00000000
1624878134.64193177,2.00000000
1624878134.74205303,2.00000000
1624878134.84190679,2.00000000
1624878134.94191456,2.00000000
1624878135.04198217,2.00000000
1624878135.14210224,2.00000000
1624878135.24195242,2.00000000
1624878135.34194922,2.00000000
1624878135.44188571,2.00000000
1624878135.54190230,2.00000000
1624878135.64194036,2.00000000
1624878135.74190640,2.00000000
1624878135.84202433,2.00000000
1624878135.94193125,2.00000000
1624878136.04200912,2.00000000
1624878136.14197111,1.50000000
1624878136.24208355,1.50000000
1624878136.34201550,1.50000000
1624878136.44191098,1.50000000
1624878136.54193425,1.50000000
1624878136.64196277,1.50000000
1624878136.74206686,1.50000000
1624878136.84192991,1.50000000
1624878136.94195557,1.50000000
1624878137.04190087,1.50000000
1624878137.14199233,1.50000000
1624878137.24189138,1.50000000
1624878137.34196877,1.50000000
1624878137.44195151,1.50000000
1624878137.54195738,1.50000000
1624878137.64192748,1.50000000
1624878137.74206018,1.50000000
1624878137.84199524,1.50000000
1624878137.94197726,1.50000000
1624878138.04199290,1.50000000
1624878138.14199090,1.50000000
1624878138.24200416,1.50000000
1624878138.34191132,1.50000000
1624878138.44190907,1.50000000
1624878138.54206944,1.50000000
1624878138.64192486,1.50000000
1624878138.74194551,1.50000000
1624878138.84207273,1.50000000
1624878138.94198442,1.50000000
1624878139.04205561,1.50000000
1624878139.14201427,1.50000000
1624878139.24199700,1.50000000
1624878139.34201074,1.50000000
1624878139.44200444,1.50000000
1624878139.54200721,1.50000000
1624878139.64193797,1.50000000
1624878139.74194455,1.50000000
1624878139.84199715,1.50000000
1624878139.94202328,1.50000000
1624878140.04192567,1.50000000
1624878140.14191413,1.50000000
1624878140.24194956,1.50000000
1624878140.34192657,1.50000000
1624878140.44193363,1.50000000
1624878140.54198265,1.50000000
1624878140.64197683,1.50000000
1624878140.74199200,1.50000000
1624878140.84189725,1.50000000
1624878140.94190454,1.50000000
1624878141.04194713,1.50000000
1624878141.14192653,1.50000000
1624878141.24189162,1.50000000
1624878141.34201264,1.50000000
1624878141.44193769,1.50000000
1624878141.54190159,1.50000000
1624878141.64181256,1.50000000
1624878141.74197388,1.50000000
1624878141.84188652,1.50000000
1624878141.94189191,1.50000000
1624878142.04190946,1.50000000
1624878142.14189458,1.50000000
1624878142.24203396,1.50000000
1624878142.34195209,1.50000000
1624878142.44208264,1.50000000
1624878142.54176164,1.50000000
1624878142.64203119,1.50000000
1624878142.74204516,1.50000000
1624878142.84189916,1.50000000
1624878142.94194746,1.50000000
1624878143.04207134,1.50000000
1624878143.14193678,1.50000000
1624878143.24188733,1.50000000
1624878143.34197855,1.50000000
1624878143.44192696,1.50000000
1624878143.54202890,1.50000000
1624878143.64197326,1.50000000
1624878143.74188375,1.50000000
1624878143.84202957,1.50000000
1624878143.94189739,1.50000000
1624878144.04195881,1.50000000
1624878144.14194083,1.50000000
1624878144.24194837,1.50000000
1624878144.34197211,1.50000000
1624878144.44202089,1.50000000
1624878144.54202008,1.50000000
1624878144.64199638,1.50000000
1624878144.74202728,1.50000000
1624878144.84188676,1.50000000
1624878144.94189072,1.50000000
1624878145.04193616,1.50000000
1624878145.14195609,1.50000000
1624878145.24192667,1.50000000
1624878145.34194469,1.50000000
1624878145.44198179,1.50000000
1624878145.54177380,1.50000000
1624878145.64191961,1.50000000
1624878145.74193001,1.50000000
1624878145.84192491,1.50000000
1624878145.94191766,1.50000000
1624878146.04190755,1.50000000
1624878146.14196897,1.50000000
1624878146.24185419,1.50000000
1624878146.34191895,1.50000000
1624878146.44191456,1.50000000
1624878146.54193091,1.50000000
1624878146.64195490,1.50000000
1624878146.74204040,1.50000000
1624878146.84202933,1.50000000
1624878146.94205618,1.50000000
1624878147.04202366,1.50000000
1624878147.14197421,1.50000000
1624878147.24191236,1.50000000
1624878147.34203553,2.00000000
1624878147.44198036,2.00000000
1624878147.54197598,2.00000000
1624878147.64192367,2.00000000
1624878147.74193907,2.00000000
1624878147.84194636,2.00000000
1624878147.94193792,2.00000000
1624878148.04196167,2.00000000
1624878148.14195538,2.00000000
1624878148.24193931,2.00000000
1624878148.34195995,2.00000000
1624878148.44194603,2.00000000
1624878148.54197288,2.00000000
1624878148.64192581,2.00000000
1624878148.74194431,2.00000000
1624878148.84199405,2.00000000
1624878148.94195771,2.00000000
1624878149.04202557,2.00000000
1624878149.14193773,2.00000000
1624878149.24194694,2.00000000
1624878149.34194064,2.00000000
1624878149.44197512,2.00000000
1624878149.54194760,2.00000000
1624878149.64199758,2.00000000
1624878149.74191093,2.00000000
1624878149.84197259,2.00000000
1624878149.94189692,2.00000000
1624878150.04191494,2.00000000
1624878150.14232564,2.00000000
1624878150.24194837,2.00000000
1624878150.34206963,2.00000000
1624878150.44175959,2.00000000
1624878150.54191422,2.00000000
1624878150.64193010,2.00000000
1624878150.74190855,2.00000000
1624878150.84196806,2.00000000
1624878150.94200850,2.00000000
1624878151.04193926,2.00000000
1624878151.14201927,2.00000000
1624878151.24195504,2.00000000
1624878151.34198022,2.00000000
1624878151.44194031,2.00000000
1624878151.54194164,2.00000000
1624878151.64197540,2.00000000
1624878151.74191189,2.00000000
1624878151.84194708,2.00000000
1624878151.94191289,2.00000000
1624878152.04199743,2.00000000
1624878152.14196181,2.00000000
1624878152.24197197,2.00000000
1624878152.34194779,2.00000000
1624878152.44178009,2.00000000
1624878152.54194260,2.00000000
1624878152.64192557,2.00000000
1624878152.74193001,2.00000000
1624878152.84191227,2.00000000
1624878152.94195199,2.00000000
1624878153.04193354,2.00000000
1624878153.14195609,2.00000000
1624878153.24196506,2.00000000
1624878153.34196782,2.00000000
1624878153.44190335,2.00000000
1624878153.54203963,2.00000000
1624878153.64193535,2.00000000
1624878153.74203372,2.00000000
1624878153.84197688,2.00000000
1624878153.94194746,2.00000000
1624878154.04200768,2.00000000
1624878154.14209938,2.00000000
1624878154.24189329,2.00000000
1624878154.34181643,2.00000000
1624878154.44193339,2.00000000
1624878154.54203558,2.00000000
1624878154.64190292,2.00000000
1624878154.74189663,2.00000000
1624878154.84197378,2.00000000
1624878154.94194770,2.00000000
1624878155.04198766,2.00000000
1624878155.14190245,2.00000000
1624878155.24204683,2.00000000
1624878155.34201097,2.00000000
1624878155.44201183,2.00000000
1624878155.54204702,2.00000000
1624878155.64201880,2.00000000
1624878155.74193406,2.00000000
1624878155.84194827,2.00000000
1624878155.94203663,2.00000000
1624878156.04205155,2.00000000
1624878156.14194512,2.00000000
1624878156.24191117,2.00000000
1624878156.34195018,2.00000000
1624878156.44189477,2.00000000
1624878156.54193592,2.00000000
1624878156.64193630,2.00000000
1624878156.74196982,2.00000000
1624878156.84196734,2.00000000
1624878156.94192100,2.00000000
1624878157.04194331,2.00000000
1624878157.14202070,2.00000000
1624878157.24200988,2.00000000
1624878157.34194851,2.00000000
1624878157.44199300,2.00000000
1624878157.54168892,2.00000000
1624878157.64192176,2.00000000
1624878157.74190712,2.00000000
1624878157.84203243,2.00000000
1624878157.94190931,2.00000000
1624878158.04195166,2.00000000
1624878158.14191628,2.00000000
1624878158.24195194,2.00000000
1624878158.34190941,2.00000000
1624878158.44201064,2.00000000
1624878158.54195976,2.00000000
1624878158.64201260,2.00000000
1624878158.74194098,2.00000000
1624878158.84194088,2.00000000
1624878158.94188976,2.00000000
1624878159.04208994,2.00000000
1624878159.14193797,2.00000000
1624878159.24202371,2.00000000
1624878159.34170246,2.00000000
1624878159.44202042,2.00000000
1624878159.54202199,2.00000000
1624878159.64201713,2.00000000
1624878159.74199700,2.00000000
1624878159.84194207,2.00000000
1624878159.94195008,2.00000000
1624878160.04203629,2.00000000
1624878160.14198899,2.00000000
1624878160.24204588,2.00000000
1624878160.34203005,2.00000000
1624878160.44180369,2.00000000
1624878160.54196596,2.00000000
1624878160.64195681,2.00000000
1624878160.74189878,2.00000000
1624878160.84204865,2.00000000
1624878160.94173503,2.00000000
1624878161.04189372,2.00000000
1624878161.14189458,2.00000000
1624878161.24193239,2.00000000
1624878161.34192705,2.00000000
1624878161.44193196,2.00000000
1624878161.54199266,2.00000000
1624878161.64197946,2.00000000
1624878161.74193048,2.00000000
1624878161.84212923,2.00000000
1624878161.94174719,2.00000000
1624878162.04178286,2.00000000
1624878162.14177585,2.00000000
1624878162.24200439,2.00000000
1624878162.34194517,2.00000000
