Seconds,x,y,z,w
1624878054.03346038,0.00000000,0.00000000,0.00000000,0.00000000
1624878054.13338399,0.00000000,0.00000000,0.00000000,0.00000000
1624878054.23341107,0.00000000,0.00000000,0.00000000,0.00000000
1624878054.33345652,0.00000000,0.00000000,0.00000000,0.00000000
1624878054.43339109,0.00000000,0.00000000,0.00000000,0.00000000
1624878054.53340864,0.00000000,0.00000000,0.00000000,0.00000000
1624878054.63340640,0.00000000,0.00000000,0.00000000,0.00000000
1624878054.73340964,0.00000000,0.00000000,0.00000000,0.00000000
1624878054.83344340,0.00000000,0.00000000,0.00000000,0.00000000
1624878054.93344188,0.00000000,0.00000000,0.00000000,0.00000000
1624878055.03341269,0.00000000,0.00000000,0.00000000,0.00000000
1624878055.13341904,0.00000000,0.00000000,0.00000000,0.00000000
1624878055.23343158,0.00000000,0.00000000,0.00000000,0.00000000
1624878055.33340430,0.00000000,0.00000000,0.00000000,0.00000000
1624878055.43345022,0.00000000,0.00000000,0.00000000,0.00000000
1624878055.53338408,0.00000000,0.00000000,0.00000000,0.00000000
1624878055.63345695,0.00000000,0.00000000,0.00000000,0.00000000
1624878055.73339486,0.00000000,0.00000000,0.00000000,0.00000000
1624878055.83345842,0.00000000,0.00000000,0.00000000,0.00000000
1624878055.93344736,0.00000000,0.00000000,0.00000000,0.00000000
1624878056.03348017,0.00000000,0.00000000,0.00000000,0.00000000
1624878056.13340116,0.00000000,0.00000000,0.00000000,0.00000000
1624878056.23341799,0.00000000,0.00000000,0.00000000,0.00000000
1624878056.33345461,0.00000000,0.00000000,0.00000000,0.00000000
1624878056.43340826,0.00000000,0.00000000,0.00000000,0.00000000
1624878056.53341532,0.00000000,0.00000000,0.00000000,0.00000000
1624878056.63339353,0.00000000,0.00000000,0.00000000,0.00000000
1624878056.73338699,0.00000000,0.00000000,0.00000000,0.00000000
1624878056.83341479,0.00000000,0.00000000,0.00000000,0.00000000
1624878056.93340230,0.00000000,0.00000000,0.00000000,0.00000000
1624878057.03341413,0.00000000,0.00000000,0.00000000,0.00000000
1624878057.13341260,0.00000000,0.00000000,0.00000000,0.00000000
1624878057.23344541,0.00000000,0.00000000,0.00000000,0.00000000
1624878057.33344460,0.00000000,0.00000000,0.00000000,0.00000000
1624878057.43344641,0.00000000,0.00000000,0.00000000,0.00000000
1624878057.53342152,0.00000000,0.00000000,0.00000000,0.00000000
1624878057.63345218,0.00000000,0.00000000,0.00000000,0.00000000
1624878057.73344398,0.00000000,0.00000000,0.00000000,0.00000000
1624878057.83341312,0.00000000,0.00000000,0.00000000,0.00000000
1624878057.93342710,50.00000000,0.00000000,0.00000000,0.00000000
1624878058.03338861,45.24000000,0.00000000,0.00000000,0.00000000
1624878058.13338399,40.94000000,0.00000000,0.00000000,0.00000000
1624878058.23342967,37.04000000,0.00000000,0.00000000,0.00000000
1624878058.33344340,33.52000000,0.00000000,0.00000000,0.00000000
1624878058.43342686,30.33000000,0.00000000,0.00000000,0.00000000
1624878058.53342485,27.44000000,0.00000000,0.00000000,0.00000000
1624878058.63340712,24.83000000,0.00000000,0.00000000,0.00000000
1624878058.73341489,22.47000000,0.00000000,0.00000000,0.00000000
1624878058.83341074,20.33000000,0.00000000,0.00000000,0.00000000
1624878058.93342352,18.39000000,0.00000000,0.00000000,0.00000000
1624878059.03340888,16.64000000,0.00000000,0.00000000,0.00000000
1624878059.13344550,15.06000000,0.00000000,0.00000000,0.00000000
1624878059.23340487,13.63000000,0.00000000,0.00000000,0.00000000
1624878059.33341813,12.33000000,0.00000000,0.00000000,0.00000000
1624878059.43338752,11.16000000,0.00000000,0.00000000,0.00000000
1624878059.53340578,10.09000000,0.00000000,0.00000000,0.00000000
1624878059.63342690,9.13000000,0.00000000,0.00000000,0.00000000
1624878059.73341179,8.26000000,0.00000000,0.00000000,0.00000000
1624878059.83340907,7.48000000,0.00000000,0.00000000,0.00000000
1624878059.93343759,6.77000000,0.00000000,0.00000000,0.00000000
1624878060.03341746,6.12000000,0.00000000,0.00000000,0.00000000
1624878060.13344312,5.54000000,0.00000000,0.00000000,0.00000000
1624878060.23340511,5.01000000,0.00000000,0.00000000,0.00000000
1624878060.33341670,4.54000000,0.00000000,0.00000000,0.00000000
1624878060.43344760,4.10000000,0.00000000,0.00000000,0.00000000
1624878060.53341603,3.71000000,0.00000000,0.00000000,0.00000000
1624878060.63344955,3.36000000,0.00000000,0.00000000,0.00000000
1624878060.73341846,3.04000000,0.00000000,0.00000000,0.00000000
1624878060.83341742,2.75000000,0.00000000,0.00000000,0.00000000
1624878060.93345809,2.49000000,0.00000000,0.00000000,0.00000000
1624878061.03339839,2.25000000,0.00000000,0.00000000,0.00000000
1624878061.13344312,2.04000000,0.00000000,0.00000000,0.00000000
1624878061.23340464,1.84000000,0.00000000,0.00000000,0.00000000
1624878061.33346033,1.67000000,0.00000000,0.00000000,0.00000000
1624878061.43340945,1.51000000,0.00000000,0.00000000,0.00000000
1624878061.53345346,1.37000000,0.00000000,0.00000000,0.00000000
1624878061.63340664,1.24000000,0.00000000,0.00000000,0.00000000
1624878061.73349619,1.12000000,0.00000000,0.00000000,0.00000000
1624878061.83343840,1.01000000,0.00000000,0.00000000,0.00000000
1624878061.93340707,0.92000000,0.00000000,0.00000000,0.00000000
1624878062.03341770,0.83000000,0.00000000,0.00000000,0.00000000
1624878062.13344383,0.75000000,0.00000000,0.00000000,0.00000000
1624878062.23345113,0.68000000,0.00000000,0.00000000,0.00000000
1624878062.33340573,0.61000000,0.00000000,0.00000000,0.00000000
1624878062.43341827,0.56000000,0.00000000,0.00000000,0.00000000
1624878062.53342795,0.50000000,0.00000000,0.00000000,0.00000000
1624878062.63345408,0.45000000,0.00000000,0.00000000,0.00000000
1624878062.73346043,0.41000000,0.00000000,0.00000000,0.00000000
1624878062.83342338,0.37000000,0.00000000,0.00000000,0.00000000
1624878062.93340683,0.34000000,0.00000000,0.00000000,0.00000000
1624878063.03347659,0.30000000,0.00000000,0.00000000,0.00000000
1624878063.13342595,0.28000000,0.00000000,0.00000000,0.00000000
1624878063.23344350,0.25000000,0.00000000,0.00000000,0.00000000
1624878063.33340430,0.23000000,0.00000000,0.00000000,0.00000000
1624878063.43344617,0.20000000,0.00000000,0.00000000,0.00000000
1624878063.53340483,0.18000000,0.00000000,0.00000000,0.00000000
1624878063.63345480,0.17000000,0.00000000,0.00000000,0.00000000
1624878063.73341370,0.15000000,0.00000000,0.00000000,0.00000000
1624878063.83341789,0.14000000,0.00000000,0.00000000,0.00000000
1624878063.93341875,0.12000000,0.00000000,0.00000000,0.00000000
1624878064.03340816,0.11000000,0.00000000,0.00000000,0.00000000
1624878064.13341641,0.10000000,0.00000000,0.00000000,0.00000000
1624878064.23340678,0.09000000,0.00000000,0.00000000,0.00000000
1624878064.33341146,0.08000000,0.00000000,0.00000000,0.00000000
1624878064.43345237,0.08000000,0.00000000,0.00000000,0.00000000
1624878064.53347445,0.07000000,0.00000000,0.00000000,0.00000000
1624878064.63347459,0.06000000,0.00000000,0.00000000,0.00000000
1624878064.73344970,0.06000000,0.00000000,0.00000000,0.00000000
1624878064.83340597,0.00000000,0.00000000,0.00000000,0.00000000
1624878064.93344164,0.00000000,0.00000000,0.00000000,0.00000000
1624878065.03343511,0.00000000,0.00000000,0.00000000,0.00000000
1624878065.13344264,0.00000000,0.00000000,0.00000000,0.00000000
1624878065.23340893,0.00000000,0.00000000,0.00000000,0.00000000
1624878065.33341241,0.00000000,0.00000000,0.00000000,0.00000000
1624878065.43340635,0.00000000,0.00000000,0.00000000,0.00000000
1624878065.53340244,0.00000000,0.00000000,0.00000000,0.00000000
1624878065.63344336,0.00000000,0.00000000,0.00000000,0.00000000
1624878065.73344374,0.00000000,0.00000000,0.00000000,0.00000000
1624878065.83344364,0.00000000,0.00000000,0.00000000,0.00000000
1624878065.93344426,0.00000000,0.00000000,0.00000000,0.00000000
1624878066.03345156,0.00000000,0.00000000,0.00000000,0.00000000
1624878066.13344455,0.00000000,0.00000000,0.00000000,0.00000000
1624878066.23344517,0.00000000,0.00000000,0.00000000,0.00000000
1624878066.33341646,0.00000000,0.00000000,0.00000000,0.00000000
1624878066.43345094,0.00000000,0.00000000,0.00000000,0.00000000
1624878066.53343415,0.00000000,0.00000000,0.00000000,0.00000000
1624878066.63345075,0.00000000,0.00000000,0.00000000,0.00000000
1624878066.73339319,0.00000000,0.00000000,0.00000000,0.00000000
1624878066.83344936,0.00000000,0.00000000,0.00000000,0.00000000
1624878066.93344617,0.00000000,0.00000000,0.00000000,0.00000000
1624878067.03345037,0.00000000,0.00000000,0.00000000,0.00000000
1624878067.13341618,0.00000000,0.00000000,0.00000000,0.00000000
1624878067.23344564,0.00000000,0.00000000,0.00000000,0.00000000
1624878067.33341742,0.00000000,0.00000000,0.00000000,0.00000000
1624878067.43341827,0.00000000,0.00000000,0.00000000,0.00000000
1624878067.53340483,0.00000000,0.00000000,0.00000000,0.00000000
1624878067.63344431,0.00000000,0.00000000,0.00000000,0.00000000
1624878067.73344493,0.00000000,0.00000000,0.00000000,0.00000000
1624878067.83341765,0.00000000,0.00000000,0.00000000,0.00000000
1624878067.93341017,0.00000000,0.00000000,0.00000000,0.00000000
1624878068.03345370,0.00000000,0.00000000,0.00000000,0.00000000
1624878068.13340378,0.00000000,0.00000000,0.00000000,0.00000000
1624878068.23344946,0.00000000,0.00000000,0.00000000,0.00000000
1624878068.33341837,0.00000000,0.00000000,0.00000000,0.00000000
1624878068.43344450,0.00000000,0.00000000,0.00000000,0.00000000
1624878068.53340673,0.00000000,0.00000000,0.00000000,0.00000000
1624878068.63341379,0.00000000,0.00000000,0.00000000,0.00000000
1624878068.73341012,0.00000000,0.00000000,0.00000000,0.00000000
1624878068.83340383,0.00000000,0.00000000,0.00000000,0.00000000
1624878068.93344617,0.00000000,0.00000000,0.00000000,0.00000000
1624878069.03340864,0.00000000,0.00000000,0.00000000,0.00000000
1624878069.13345122,0.00000000,0.00000000,0.00000000,0.00000000
1624878069.23345351,0.00000000,0.00000000,0.00000000,0.00000000
1624878069.33341575,0.00000000,0.00000000,0.00000000,0.00000000
1624878069.43344617,0.00000000,0.00000000,0.00000000,0.00000000
1624878069.53344369,0.00000000,0.00000000,0.00000000,0.00000000
1624878069.63344288,0.00000000,0.00000000,0.00000000,0.00000000
1624878069.73344541,0.00000000,0.00000000,0.00000000,0.00000000
1624878069.83345151,0.00000000,0.00000000,0.00000000,0.00000000
1624878069.93340206,0.00000000,0.00000000,0.00000000,0.00000000
1624878070.03344417,0.00000000,0.00000000,0.00000000,0.00000000
1624878070.13341856,0.00000000,0.00000000,0.00000000,0.00000000
1624878070.23344326,0.00000000,0.00000000,0.00000000,0.00000000
1624878070.33341861,0.00000000,0.00000000,0.00000000,0.00000000
1624878070.43341255,0.00000000,0.00000000,0.00000000,0.00000000
1624878070.53345704,0.00000000,0.00000000,0.00000000,0.00000000
1624878070.63344359,0.00000000,0.00000000,0.00000000,0.00000000
1624878070.73344326,0.00000000,0.00000000,0.00000000,0.00000000
1624878070.83340502,0.00000000,0.00000000,0.00000000,0.00000000
1624878070.93346357,0.00000000,0.00000000,0.00000000,0.00000000
1624878071.03345084,0.00000000,0.00000000,0.00000000,0.00000000
1624878071.13345051,0.00000000,0.00000000,0.00000000,0.00000000
1624878071.23340774,0.00000000,0.00000000,0.00000000,0.00000000
1624878071.33340740,0.00000000,0.00000000,0.00000000,0.00000000
1624878071.43341780,0.00000000,0.00000000,0.00000000,0.00000000
1624878071.53341079,0.00000000,0.00000000,0.00000000,0.00000000
1624878071.63342285,0.00000000,0.00000000,0.00000000,0.00000000
1624878071.73340535,0.00000000,0.00000000,0.00000000,0.00000000
1624878071.83340335,0.00000000,0.00000000,0.00000000,0.00000000
1624878071.93340516,0.00000000,0.00000000,0.00000000,0.00000000
1624878072.03341055,0.00000000,0.00000000,0.00000000,0.00000000
1624878072.13341975,0.00000000,0.00000000,0.00000000,0.00000000
1624878072.23340774,0.00000000,0.00000000,0.00000000,0.00000000
1624878072.33341718,0.00000000,0.00000000,0.00000000,0.00000000
1624878072.43344545,0.00000000,0.00000000,0.00000000,0.00000000
1624878072.53341722,0.00000000,0.00000000,0.00000000,0.00000000
1624878072.63341141,0.00000000,0.00000000,0.00000000,0.00000000
1624878072.73345208,0.00000000,0.00000000,0.00000000,0.00000000
1624878072.83341622,0.00000000,0.00000000,0.00000000,0.00000000
1624878072.93345022,0.00000000,0.00000000,0.00000000,0.00000000
1624878073.03341627,0.00000000,0.00000000,0.00000000,0.00000000
1624878073.13341522,0.00000000,0.00000000,0.00000000,0.00000000
1624878073.23341656,0.00000000,0.00000000,0.00000000,0.00000000
1624878073.33342028,0.00000000,0.00000000,0.00000000,0.00000000
1624878073.43344831,0.00000000,0.00000000,0.00000000,0.00000000
1624878073.53345156,0.00000000,0.00000000,0.00000000,0.00000000
1624878073.63344502,0.00000000,0.00000000,0.00000000,0.00000000
1624878073.73344541,0.00000000,0.00000000,0.00000000,0.00000000
1624878073.83340812,0.00000000,0.00000000,0.00000000,0.00000000
1624878073.93344402,0.00000000,0.00000000,0.00000000,0.00000000
1624878074.03340459,0.00000000,0.00000000,0.00000000,0.00000000
1624878074.13340926,0.00000000,0.00000000,0.00000000,0.00000000
1624878074.23340869,0.00000000,0.00000000,0.00000000,0.00000000
1624878074.33344269,0.00000000,0.00000000,0.00000000,0.00000000
1624878074.43345332,0.00000000,0.00000000,0.00000000,0.00000000
1624878074.53340912,0.00000000,0.00000000,0.00000000,0.00000000
1624878074.63340616,0.00000000,0.00000000,0.00000000,0.00000000
1624878074.73340917,0.00000000,0.00000000,0.00000000,0.00000000
1624878074.83340883,0.00000000,0.00000000,0.00000000,0.00000000
1624878074.93342566,0.00000000,0.00000000,0.00000000,0.00000000
1624878075.03341055,0.00000000,0.00000000,0.00000000,0.00000000
1624878075.13341713,0.00000000,0.00000000,0.00000000,0.00000000
1624878075.23339176,0.00000000,0.00000000,0.00000000,0.00000000
1624878075.33341599,0.00000000,0.00000000,0.00000000,0.00000000
1624878075.43342495,0.00000000,0.00000000,0.00000000,0.00000000
1624878075.53340793,0.00000000,0.00000000,0.00000000,0.00000000
1624878075.63344407,0.00000000,0.00000000,0.00000000,0.00000000
1624878075.73344254,0.00000000,0.00000000,0.00000000,0.00000000
1624878075.83344388,0.00000000,0.00000000,0.00000000,0.00000000
1624878075.93341756,0.00000000,0.00000000,0.00000000,0.00000000
1624878076.03340364,0.00000000,0.00000000,0.00000000,0.00000000
1624878076.13345313,0.00000000,0.00000000,0.00000000,0.00000000
1624878076.23344374,0.00000000,0.00000000,0.00000000,0.00000000
1624878076.33341217,0.00000000,0.00000000,0.00000000,0.00000000
1624878076.43344498,0.00000000,0.00000000,0.00000000,0.00000000
1624878076.53345013,0.00000000,0.00000000,0.00000000,0.00000000
1624878076.63341689,0.00000000,0.00000000,0.00000000,0.00000000
1624878076.73344469,0.00000000,0.00000000,0.00000000,0.00000000
1624878076.83345056,0.00000000,0.00000000,0.00000000,0.00000000
1624878076.93340778,0.00000000,0.00000000,0.00000000,0.00000000
1624878077.03344750,0.00000000,0.00000000,0.00000000,0.00000000
1624878077.13345122,0.00000000,0.00000000,0.00000000,0.00000000
1624878077.23341322,0.00000000,0.00000000,0.00000000,0.00000000
1624878077.33339238,0.00000000,0.00000000,0.00000000,0.00000000
1624878077.43341255,0.00000000,0.00000000,0.00000000,0.00000000
1624878077.53341198,0.00000000,0.00000000,0.00000000,0.00000000
1624878077.63341165,0.00000000,0.00000000,0.00000000,0.00000000
1624878077.73341012,0.00000000,0.00000000,0.00000000,0.00000000
1624878077.83340478,0.00000000,0.00000000,0.00000000,0.00000000
1624878077.93344641,0.00000000,0.00000000,0.00000000,0.00000000
1624878078.03342795,0.00000000,0.00000000,0.00000000,0.00000000
1624878078.13341928,0.00000000,0.00000000,0.00000000,0.00000000
1624878078.23341918,0.00000000,0.00000000,0.00000000,0.00000000
1624878078.33342099,0.00000000,0.00000000,0.00000000,0.00000000
1624878078.43344688,0.00000000,0.00000000,0.00000000,0.00000000
1624878078.53344107,0.00000000,0.00000000,0.00000000,0.00000000
1624878078.63344336,0.00000000,0.00000000,0.00000000,0.00000000
1624878078.73339725,0.00000000,0.00000000,0.00000000,0.00000000
1624878078.83341241,0.00000000,0.00000000,0.00000000,0.00000000
1624878078.93340850,0.00000000,0.00000000,0.00000000,0.00000000
1624878079.03344989,0.00000000,0.00000000,0.00000000,0.00000000
1624878079.13341665,0.00000000,0.00000000,0.00000000,0.00000000
1624878079.23343253,0.00000000,0.00000000,0.00000000,0.00000000
1624878079.33341599,0.00000000,0.00000000,0.00000000,0.00000000
1624878079.43342519,0.00000000,0.00000000,0.00000000,0.00000000
1624878079.53344488,0.00000000,0.00000000,0.00000000,0.00000000
1624878079.63345528,0.00000000,0.00000000,0.00000000,0.00000000
1624878079.73341155,0.00000000,0.00000000,0.00000000,0.00000000
1624878079.83344913,0.00000000,0.00000000,0.00000000,0.00000000
1624878079.93345284,0.00000000,0.00000000,0.00000000,0.00000000
1624878080.03340268,0.00000000,0.00000000,0.00000000,0.00000000
1624878080.13344669,0.00000000,0.00000000,0.00000000,0.00000000
1624878080.23345065,0.00000000,0.00000000,0.00000000,0.00000000
1624878080.33340096,0.00000000,0.00000000,0.00000000,0.00000000
1624878080.43340373,0.00000000,0.00000000,0.00000000,0.00000000
1624878080.53345251,0.00000000,0.00000000,0.00000000,0.00000000
1624878080.63344455,0.00000000,0.00000000,0.00000000,0.00000000
1624878080.73341560,0.00000000,0.00000000,0.00000000,0.00000000
1624878080.83342075,0.00000000,0.00000000,0.00000000,0.00000000
1624878080.93345428,0.00000000,0.00000000,0.00000000,0.00000000
1624878081.03344321,0.00000000,0.00000000,0.00000000,0.00000000
1624878081.13341427,0.00000000,0.00000000,0.00000000,0.00000000
1624878081.23344541,0.00000000,0.00000000,0.00000000,0.00000000
1624878081.33345652,0.00000000,0.00000000,0.00000000,0.00000000
1624878081.43340826,0.00000000,0.00000000,0.00000000,0.00000000
1624878081.53342080,0.00000000,0.00000000,0.00000000,0.00000000
1624878081.63344717,0.00000000,0.00000000,0.00000000,0.00000000
1624878081.73340750,0.00000000,0.00000000,0.00000000,0.00000000
1624878081.83340621,0.00000000,0.00000000,0.00000000,0.00000000
1624878081.93345118,0.00000000,0.00000000,0.00000000,0.00000000
1624878082.03344584,0.00000000,0.00000000,0.00000000,0.00000000
1624878082.13344455,0.00000000,0.00000000,0.00000000,0.00000000
1624878082.23344541,0.00000000,0.00000000,0.00000000,0.00000000
1624878082.33340931,0.00000000,0.00000000,0.00000000,0.00000000
1624878082.43344712,0.00000000,0.00000000,0.00000000,0.00000000
1624878082.53342581,0.00000000,0.00000000,0.00000000,0.00000000
1624878082.63341284,0.00000000,0.00000000,0.00000000,0.00000000
1624878082.73345470,0.00000000,0.00000000,0.00000000,0.00000000
1624878082.83341050,0.00000000,0.00000000,0.00000000,0.00000000
1624878082.93344688,0.00000000,0.00000000,0.00000000,0.00000000
1624878083.03340721,0.00000000,0.00000000,0.00000000,0.00000000
1624878083.13344741,0.00000000,0.00000000,0.00000000,0.00000000
1624878083.23345304,0.00000000,0.00000000,0.00000000,0.00000000
1624878083.33344603,100.00000000,0.00000000,0.00000000,0.00000000
1624878083.43349886,90.48000000,0.00000000,0.00000000,0.00000000
1624878083.53344369,81.87000000,0.00000000,0.00000000,0.00000000
1624878083.63340974,74.08000000,0.00000000,0.00000000,0.00000000
1624878083.73341346,67.03000000,0.00000000,0.00000000,0.00000000
1624878083.83345199,60.65000000,0.00000000,0.00000000,0.00000000
1624878083.93344808,54.88000000,0.00000000,0.00000000,0.00000000
1624878084.03344798,49.66000000,0.00000000,0.00000000,0.00000000
1624878084.13341069,44.93000000,0.00000000,0.00000000,0.00000000
1624878084.23340273,40.66000000,0.00000000,0.00000000,0.00000000
1624878084.33340931,36.79000000,0.00000000,0.00000000,0.00000000
1624878084.43344474,33.29000000,0.00000000,0.00000000,0.00000000
1624878084.53345275,30.12000000,0.00000000,0.00000000,0.00000000
1624878084.63341117,27.25000000,0.00000000,0.00000000,0.00000000
1624878084.73345113,24.66000000,0.00000000,0.00000000,0.00000000
1624878084.83341193,22.31000000,0.00000000,0.00000000,0.00000000
1624878084.93344331,20.19000000,0.00000000,0.00000000,0.00000000
1624878085.03342032,18.27000000,0.00000000,0.00000000,0.00000000
1624878085.13344383,16.53000000,0.00000000,0.00000000,0.00000000
1624878085.23340726,14.96000000,0.00000000,0.00000000,0.00000000
1624878085.33341765,13.53000000,0.00000000,0.00000000,0.00000000
1624878085.43340492,12.25000000,0.00000000,0.00000000,0.00000000
1624878085.53341794,11.08000000,0.00000000,0.00000000,0.00000000
1624878085.63340998,10.03000000,0.00000000,0.00000000,0.00000000
1624878085.73344541,9.07000000,0.00000000,0.00000000,0.00000000
1624878085.83341146,8.21000000,0.00000000,0.00000000,0.00000000
1624878085.93340850,7.43000000,0.00000000,0.00000000,0.00000000
1624878086.03341818,6.72000000,0.00000000,0.00000000,0.00000000
1624878086.13344574,6.08000000,0.00000000,0.00000000,0.00000000
1624878086.23343229,5.50000000,0.00000000,0.00000000,0.00000000
1624878086.33344960,4.98000000,0.00000000,0.00000000,0.00000000
1624878086.43340802,4.50000000,0.00000000,0.00000000,0.00000000
1624878086.53340554,4.08000000,0.00000000,0.00000000,0.00000000
1624878086.63340020,3.69000000,0.00000000,0.00000000,0.00000000
1624878086.73339224,3.34000000,0.00000000,0.00000000,0.00000000
1624878086.83344173,3.02000000,0.00000000,0.00000000,0.00000000
1624878086.93345046,2.73000000,0.00000000,0.00000000,0.00000000
1624878087.03345108,2.47000000,0.00000000,0.00000000,0.00000000
1624878087.13345838,2.24000000,0.00000000,0.00000000,0.00000000
1624878087.23344421,2.02000000,0.00000000,0.00000000,0.00000000
1624878087.33338618,1.83000000,0.00000000,0.00000000,0.00000000
1624878087.43346786,1.66000000,0.00000000,0.00000000,0.00000000
1624878087.53344703,1.50000000,0.00000000,0.00000000,0.00000000
1624878087.63344383,1.36000000,0.00000000,0.00000000,0.00000000
1624878087.73344874,1.23000000,0.00000000,0.00000000,0.00000000
1624878087.83345056,1.11000000,0.00000000,0.00000000,0.00000000
1624878087.93341804,1.01000000,0.00000000,0.00000000,0.00000000
1624878088.03341484,0.91000000,0.00000000,0.00000000,0.00000000
1624878088.13341761,0.82000000,0.00000000,0.00000000,0.00000000
1624878088.23344755,0.74000000,0.00000000,0.00000000,0.00000000
1624878088.33340502,0.67000000,0.00000000,0.00000000,0.00000000
1624878088.43345571,0.61000000,0.00000000,0.00000000,0.00000000
1624878088.53342032,0.55000000,0.00000000,0.00000000,0.00000000
1624878088.63344646,0.50000000,0.00000000,0.00000000,0.00000000
1624878088.73341107,0.45000000,0.00000000,0.00000000,0.00000000
1624878088.83345342,0.41000000,0.00000000,0.00000000,0.00000000
1624878088.93345523,0.37000000,0.00000000,0.00000000,0.00000000
1624878089.03344464,0.33000000,0.00000000,0.00000000,0.00000000
1624878089.13341665,0.30000000,0.00000000,0.00000000,0.00000000
1624878089.23341751,0.27000000,0.00000000,0.00000000,0.00000000
1624878089.33340907,0.25000000,0.00000000,0.00000000,0.00000000
1624878089.43344569,0.22000000,0.00000000,0.00000000,0.00000000
1624878089.53344989,0.20000000,0.00000000,0.00000000,0.00000000
1624878089.63345027,0.18000000,0.00000000,0.00000000,0.00000000
1624878089.73343706,0.17000000,0.00000000,0.00000000,0.00000000
1624878089.83343005,0.15000000,0.00000000,0.00000000,0.00000000
1624878089.93344402,0.14000000,0.00000000,0.00000000,0.00000000
1624878090.03344822,0.12000000,0.00000000,0.00000000,0.00000000
1624878090.13340473,0.11000000,0.00000000,0.00000000,0.00000000
1624878090.23344898,0.10000000,0.00000000,0.00000000,0.00000000
1624878090.33340883,0.09000000,0.00000000,0.00000000,0.00000000
1624878090.43345571,0.08000000,0.00000000,0.00000000,0.00000000
1624878090.53345370,0.07000000,0.00000000,0.00000000,0.00000000
1624878090.63344693,0.07000000,0.00000000,0.00000000,0.00000000
1624878090.73344588,0.06000000,0.00000000,0.00000000,0.00000000
1624878090.83341455,0.06000000,0.00000000,0.00000000,0.00000000
1624878090.93340445,0.00000000,0.00000000,0.00000000,0.00000000
1624878091.03341722,0.00000000,0.00000000,0.00000000,0.00000000
1624878091.13344741,0.00000000,0.00000000,0.00000000,0.00000000
1624878091.23341870,0.00000000,0.00000000,0.00000000,0.00000000
1624878091.33341122,0.00000000,0.00000000,0.00000000,0.00000000
1624878091.43344402,0.00000000,0.00000000,0.00000000,0.00000000
1624878091.53344941,0.00000000,0.00000000,0.00000000,0.00000000
1624878091.63344431,0.00000000,0.00000000,0.00000000,0.00000000
1624878091.73344994,0.00000000,0.00000000,0.00000000,0.00000000
1624878091.83345175,0.00000000,0.00000000,0.00000000,0.00000000
1624878091.93344831,0.00000000,0.00000000,0.00000000,0.00000000
1624878092.03345442,0.00000000,0.00000000,0.00000000,0.00000000
1624878092.13345647,0.00000000,0.00000000,0.00000000,0.00000000
1624878092.23337555,0.00000000,0.00000000,0.00000000,0.00000000
1624878092.33342338,0.00000000,0.00000000,0.00000000,0.00000000
1624878092.43341565,0.00000000,0.00000000,0.00000000,0.00000000
1624878092.53341818,0.00000000,0.00000000,0.00000000,0.00000000
1624878092.63341689,0.00000000,0.00000000,0.00000000,0.00000000
1624878092.73344803,0.00000000,0.00000000,0.00000000,0.00000000
1624878092.83348393,0.00000000,0.00000000,0.00000000,0.00000000
1624878092.93344402,0.00000000,0.00000000,0.00000000,0.00000000
1624878093.03345108,0.00000000,0.00000000,0.00000000,0.00000000
1624878093.13344669,0.00000000,0.00000000,0.00000000,0.00000000
1624878093.23345089,0.00000000,0.00000000,0.00000000,0.00000000
1624878093.33344364,0.00000000,0.00000000,0.00000000,0.00000000
1624878093.43342948,0.00000000,0.00000000,0.00000000,0.00000000
1624878093.53344750,0.00000000,0.00000000,0.00000000,0.00000000
1624878093.63345075,0.00000000,0.00000000,0.00000000,0.00000000
1624878093.73344421,0.00000000,0.00000000,0.00000000,0.00000000
1624878093.83341074,0.00000000,0.00000000,0.00000000,0.00000000
1624878093.93341160,0.00000000,0.00000000,0.00000000,0.00000000
1624878094.03340912,0.00000000,0.00000000,0.00000000,0.00000000
1624878094.13344526,0.00000000,0.00000000,0.00000000,0.00000000
1624878094.23340821,0.00000000,0.00000000,0.00000000,0.00000000
1624878094.33344436,0.00000000,0.00000000,0.00000000,0.00000000
1624878094.43344474,0.00000000,0.00000000,0.00000000,0.00000000
1624878094.53341508,0.00000000,0.00000000,0.00000000,0.00000000
1624878094.63345218,0.00000000,0.00000000,0.00000000,0.00000000
1624878094.73344493,0.00000000,0.00000000,0.00000000,0.00000000
1624878094.83344316,0.00000000,0.00000000,0.00000000,0.00000000
1624878094.93340278,0.00000000,0.00000000,0.00000000,0.00000000
1624878095.03344464,0.00000000,0.00000000,0.00000000,0.00000000
1624878095.13341403,0.00000000,0.00000000,0.00000000,0.00000000
1624878095.23341870,0.00000000,0.00000000,0.00000000,0.00000000
1624878095.33344412,0.00000000,0.00000000,0.00000000,0.00000000
1624878095.43341208,0.00000000,0.00000000,0.00000000,0.00000000
1624878095.53341174,0.00000000,0.00000000,0.00000000,0.00000000
1624878095.63344502,0.00000000,0.00000000,0.00000000,0.00000000
1624878095.73345160,0.00000000,0.00000000,0.00000000,0.00000000
1624878095.83340597,0.00000000,0.00000000,0.00000000,0.00000000
1624878095.93340588,0.00000000,0.00000000,0.00000000,0.00000000
1624878096.03345966,0.00000000,0.00000000,0.00000000,0.00000000
1624878096.13345003,0.00000000,0.00000000,0.00000000,0.00000000
1624878096.23344541,0.00000000,0.00000000,0.00000000,0.00000000
1624878096.33341622,0.00000000,0.00000000,0.00000000,0.00000000
1624878096.43344975,0.00000000,0.00000000,0.00000000,0.00000000
1624878096.53342819,0.00000000,0.00000000,0.00000000,0.00000000
1624878096.63340330,0.00000000,0.00000000,0.00000000,0.00000000
1624878096.73344326,0.00000000,0.00000000,0.00000000,0.00000000
1624878096.83341551,0.00000000,0.00000000,0.00000000,0.00000000
1624878096.93341827,0.00000000,0.00000000,0.00000000,0.00000000
1624878097.03345037,0.00000000,0.00000000,0.00000000,0.00000000
1624878097.13344598,0.00000000,0.00000000,0.00000000,0.00000000
1624878097.23345065,0.00000000,0.00000000,0.00000000,0.00000000
1624878097.33340812,0.00000000,0.00000000,0.00000000,0.00000000
1624878097.43340898,0.00000000,0.00000000,0.00000000,0.00000000
1624878097.53345084,0.00000000,0.00000000,0.00000000,0.00000000
1624878097.63340783,0.00000000,0.00000000,0.00000000,0.00000000
1624878097.73345065,0.00000000,0.00000000,0.00000000,0.00000000
1624878097.83344674,0.00000000,0.00000000,0.00000000,0.00000000
1624878097.93344259,0.00000000,0.00000000,0.00000000,0.00000000
1624878098.03341532,0.00000000,0.00000000,0.00000000,0.00000000
1624878098.13344502,0.00000000,0.00000000,0.00000000,0.00000000
1624878098.23344398,0.00000000,0.00000000,0.00000000,0.00000000
1624878098.33342910,0.00000000,0.00000000,0.00000000,0.00000000
1624878098.43345356,0.00000000,0.00000000,0.00000000,0.00000000
1624878098.53344488,0.00000000,0.00000000,0.00000000,0.00000000
1624878098.63344240,0.00000000,0.00000000,0.00000000,0.00000000
1624878098.73345351,0.00000000,0.00000000,0.00000000,0.00000000
1624878098.83344436,0.00000000,0.00000000,0.00000000,0.00000000
1624878098.93341613,0.00000000,0.00000000,0.00000000,0.00000000
1624878099.03344369,0.00000000,0.00000000,0.00000000,0.00000000
1624878099.13342381,0.00000000,0.00000000,0.00000000,0.00000000
1624878099.23340988,0.00000000,0.00000000,0.00000000,0.00000000
1624878099.33340621,0.00000000,0.00000000,0.00000000,0.00000000
1624878099.43343067,0.00000000,0.00000000,0.00000000,0.00000000
1624878099.53341961,0.00000000,0.00000000,0.00000000,0.00000000
1624878099.63344884,0.00000000,0.00000000,0.00000000,0.00000000
1624878099.73344541,0.00000000,0.00000000,0.00000000,0.00000000
1624878099.83342385,0.00000000,0.00000000,0.00000000,0.00000000
1624878099.93344378,0.00000000,0.00000000,0.00000000,0.00000000
1624878100.03344440,0.00000000,0.00000000,0.00000000,0.00000000
1624878100.13340545,0.00000000,0.00000000,0.00000000,0.00000000
1624878100.23344994,0.00000000,0.00000000,0.00000000,0.00000000
1624878100.33344483,0.00000000,0.00000000,0.00000000,0.00000000
1624878100.43345237,0.00000000,0.00000000,0.00000000,0.00000000
1624878100.53340840,0.00000000,0.00000000,0.00000000,0.00000000
1624878100.63348579,0.00000000,0.00000000,0.00000000,0.00000000
1624878100.73344445,0.00000000,0.00000000,0.00000000,0.00000000
1624878100.83345127,0.00000000,0.00000000,0.00000000,0.00000000
1624878100.93344283,0.00000000,0.00000000,0.00000000,0.00000000
1624878101.03343582,0.00000000,0.00000000,0.00000000,0.00000000
1624878101.13340926,0.00000000,0.00000000,0.00000000,0.00000000
1624878101.23345685,0.00000000,0.00000000,0.00000000,0.00000000
1624878101.33345318,0.00000000,0.00000000,0.00000000,0.00000000
1624878101.43340898,0.00000000,0.00000000,0.00000000,0.00000000
1624878101.53344369,0.00000000,0.00000000,0.00000000,0.00000000
1624878101.63341093,0.00000000,0.00000000,0.00000000,0.00000000
1624878101.73342514,0.00000000,0.00000000,0.00000000,0.00000000
1624878101.83344197,0.00000000,0.00000000,0.00000000,0.00000000
1624878101.93345046,0.00000000,0.00000000,0.00000000,0.00000000
1624878102.03344417,0.00000000,0.00000000,0.00000000,0.00000000
1624878102.13341022,0.00000000,0.00000000,0.00000000,0.00000000
1624878102.23340416,0.00000000,0.00000000,0.00000000,0.00000000
1624878102.33344483,0.00000000,0.00000000,0.00000000,0.00000000
1624878102.43341017,0.00000000,0.00000000,0.00000000,0.00000000
1624878102.53344274,0.00000000,0.00000000,0.00000000,0.00000000
1624878102.63340497,0.00000000,0.00000000,0.00000000,0.00000000
1624878102.73343253,0.00000000,0.00000000,0.00000000,0.00000000
1624878102.83341360,0.00000000,0.00000000,0.00000000,0.00000000
1624878102.93344378,0.00000000,0.00000000,0.00000000,0.00000000
1624878103.03340840,0.00000000,0.00000000,0.00000000,0.00000000
1624878103.13340664,0.00000000,0.00000000,0.00000000,0.00000000
1624878103.23341036,0.00000000,0.00000000,0.00000000,0.00000000
1624878103.33342266,0.00000000,0.00000000,0.00000000,0.00000000
1624878103.43344617,0.00000000,0.00000000,0.00000000,0.00000000
1624878103.53344607,0.00000000,0.00000000,0.00000000,0.00000000
1624878103.63340926,0.00000000,0.00000000,0.00000000,0.00000000
1624878103.73340273,0.00000000,0.00000000,0.00000000,0.00000000
1624878103.83342147,0.00000000,0.00000000,0.00000000,0.00000000
1624878103.93342781,0.00000000,0.00000000,0.00000000,0.00000000
1624878104.03341842,0.00000000,0.00000000,0.00000000,0.00000000
1624878104.13341069,0.00000000,0.00000000,0.00000000,0.00000000
1624878104.23344541,0.00000000,0.00000000,0.00000000,0.00000000
1624878104.33341169,0.00000000,0.00000000,0.00000000,0.00000000
1624878104.43340945,0.00000000,0.00000000,0.00000000,0.00000000
1624878104.53344440,0.00000000,0.00000000,0.00000000,0.00000000
1624878104.63345170,0.00000000,0.00000000,0.00000000,0.00000000
1624878104.73341441,0.00000000,0.00000000,0.00000000,0.00000000
1624878104.83340716,0.00000000,0.00000000,0.00000000,0.00000000
1624878104.93344593,0.00000000,0.00000000,0.00000000,0.00000000
1624878105.03341317,0.00000000,0.00000000,0.00000000,0.00000000
1624878105.13345242,0.00000000,0.00000000,0.00000000,0.00000000
1624878105.23344493,0.00000000,0.00000000,0.00000000,0.00000000
1624878105.33345246,0.00000000,0.00000000,0.00000000,0.00000000
1624878105.43341494,0.00000000,0.00000000,0.00000000,0.00000000
1624878105.53340721,0.00000000,0.00000000,0.00000000,0.00000000
1624878105.63344574,0.00000000,0.00000000,0.00000000,0.00000000
1624878105.73341560,0.00000000,0.00000000,0.00000000,0.00000000
1624878105.83347583,0.00000000,0.00000000,0.00000000,0.00000000
1624878105.93340659,0.00000000,0.00000000,0.00000000,0.00000000
1624878106.03341150,0.00000000,0.00000000,0.00000000,0.00000000
1624878106.13344550,0.00000000,0.00000000,0.00000000,0.00000000
1624878106.23344469,0.00000000,0.00000000,0.00000000,0.00000000
1624878106.33340621,0.00000000,0.00000000,0.00000000,0.00000000
1624878106.43342972,0.00000000,0.00000000,0.00000000,0.00000000
1624878106.53344512,0.00000000,0.00000000,0.00000000,0.00000000
1624878106.63344526,0.00000000,0.00000000,0.00000000,0.00000000
1624878106.73344493,0.00000000,0.00000000,0.00000000,0.00000000
1624878106.83344531,0.00000000,0.00000000,0.00000000,0.00000000
1624878106.93342018,0.00000000,0.00000000,0.00000000,0.00000000
1624878107.03340244,0.00000000,0.00000000,0.00000000,0.00000000
1624878107.13340497,0.00000000,0.00000000,0.00000000,0.00000000
1624878107.23344421,0.00000000,0.00000000,0.00000000,0.00000000
1624878107.33346343,0.00000000,0.00000000,0.00000000,0.00000000
1624878107.43342090,0.00000000,0.00000000,0.00000000,0.00000000
1624878107.53345084,0.00000000,0.00000000,0.00000000,0.00000000
1624878107.63342237,0.00000000,0.00000000,0.00000000,0.00000000
1624878107.73341703,0.00000000,0.00000000,0.00000000,0.00000000
1624878107.83340907,0.00000000,0.00000000,0.00000000,0.00000000
1624878107.93341374,0.00000000,0.00000000,0.00000000,0.00000000
1624878108.03340697,0.00000000,0.00000000,0.00000000,0.00000000
1624878108.13345003,0.00000000,0.00000000,0.00000000,0.00000000
1624878108.23345423,0.00000000,0.00000000,0.00000000,0.00000000
1624878108.33342171,0.00000000,0.00000000,0.00000000,0.00000000
1624878108.43341231,0.00000000,0.00000000,0.00000000,0.00000000
1624878108.53344393,0.00000000,0.00000000,0.00000000,0.00000000
1624878108.63344336,0.00000000,0.00000000,0.00000000,0.00000000
1624878108.73344541,0.00000000,0.00000000,0.00000000,0.00000000
1624878108.83344579,0.00000000,0.00000000,0.00000000,0.00000000
1624878108.93344784,0.00000000,0.00000000,0.00000000,0.00000000
1624878109.03344607,0.00000000,0.00000000,0.00000000,0.00000000
1624878109.13344669,0.00000000,0.00000000,0.00000000,0.00000000
1624878109.23344445,0.00000000,0.00000000,0.00000000,0.00000000
1624878109.33341503,0.00000000,0.00000000,0.00000000,0.00000000
1624878109.43340611,0.00000000,0.00000000,0.00000000,0.00000000
1624878109.53345752,0.00000000,0.00000000,0.00000000,0.00000000
1624878109.63340926,0.00000000,0.00000000,0.00000000,0.00000000
1624878109.73345518,0.00000000,0.00000000,0.00000000,0.00000000
1624878109.83340263,0.00000000,0.00000000,0.00000000,0.00000000
1624878109.93341923,0.00000000,0.00000000,0.00000000,0.00000000
1624878110.03345084,0.00000000,0.00000000,0.00000000,0.00000000
1624878110.13344884,0.00000000,0.00000000,0.00000000,0.00000000
1624878110.23344660,0.00000000,0.00000000,0.00000000,0.00000000
1624878110.33345246,0.00000000,0.00000000,0.00000000,0.00000000
1624878110.43345022,0.00000000,0.00000000,0.00000000,0.00000000
1624878110.53347182,0.00000000,0.00000000,0.00000000,0.00000000
1624878110.63344789,0.00000000,0.00000000,0.00000000,0.00000000
1624878110.73340702,0.00000000,0.00000000,0.00000000,0.00000000
1624878110.83341384,0.00000000,0.00000000,0.00000000,0.00000000
1624878110.93342733,0.00000000,0.00000000,0.00000000,0.00000000
1624878111.03340197,0.00000000,0.00000000,0.00000000,0.00000000
1624878111.13344955,0.00000000,0.00000000,0.00000000,0.00000000
1624878111.23340273,0.00000000,0.00000000,0.00000000,0.00000000
1624878111.33340955,0.00000000,0.00000000,0.00000000,0.00000000
1624878111.43342257,0.00000000,0.00000000,0.00000000,0.00000000
1624878111.53345156,0.00000000,0.00000000,0.00000000,0.00000000
1624878111.63345838,0.00000000,0.00000000,0.00000000,0.00000000
1624878111.73344421,0.00000000,0.00000000,0.00000000,0.00000000
1624878111.83341551,0.00000000,0.00000000,0.00000000,0.00000000
1624878111.93341827,0.00000000,0.00000000,0.00000000,0.00000000
1624878112.03340864,0.00000000,0.00000000,0.00000000,0.00000000
1624878112.13345051,0.00000000,0.00000000,0.00000000,0.00000000
1624878112.23341060,0.00000000,0.00000000,0.00000000,0.00000000
1624878112.33344531,0.00000000,0.00000000,0.00000000,0.00000000
1624878112.43339300,0.00000000,0.00000000,0.00000000,0.00000000
1624878112.53341603,0.00000000,0.00000000,0.00000000,0.00000000
1624878112.63341331,0.00000000,0.00000000,0.00000000,0.00000000
1624878112.73344970,0.00000000,0.00000000,0.00000000,0.00000000
1624878112.83341384,0.00000000,0.00000000,0.00000000,0.00000000
1624878112.93344545,0.00000000,0.00000000,0.00000000,0.00000000
1624878113.03341842,0.00000000,0.00000000,0.00000000,0.00000000
1624878113.13341260,0.00000000,0.00000000,0.00000000,0.00000000
1624878113.23341584,0.00000000,0.00000000,0.00000000,0.00000000
1624878113.33344555,-50.00000000,0.00000000,0.00000000,0.00000000
1624878113.43341160,-45.24000000,0.00000000,0.00000000,0.00000000
1624878113.53343296,-40.94000000,0.00000000,0.00000000,0.00000000
1624878113.63345265,-37.04000000,0.00000000,0.00000000,0.00000000
1624878113.73344684,-33.52000000,0.00000000,0.00000000,0.00000000
1624878113.83345103,-30.33000000,0.00000000,0.00000000,0.00000000
1624878113.93344522,-27.44000000,0.00000000,0.00000000,0.00000000
1624878114.03344774,-24.83000000,0.00000000,0.00000000,0.00000000
1624878114.13344288,-22.47000000,0.00000000,0.00000000,0.00000000
1624878114.23344302,-20.33000000,0.00000000,0.00000000,0.00000000
1624878114.33340430,-18.39000000,0.00000000,0.00000000,0.00000000
1624878114.43345189,-16.64000000,0.00000000,0.00000000,0.00000000
1624878114.53344131,-15.06000000,0.00000000,0.00000000,0.00000000
1624878114.63341355,-13.63000000,0.00000000,0.00000000,0.00000000
1624878114.73341823,-12.33000000,0.00000000,0.00000000,0.00000000
1624878114.83341408,-11.16000000,0.00000000,0.00000000,0.00000000
1624878114.93344808,-10.09000000,0.00000000,0.00000000,0.00000000
1624878115.03344607,-9.13000000,0.00000000,0.00000000,0.00000000
1624878115.13344431,-8.26000000,0.00000000,0.00000000,0.00000000
1624878115.23344398,-7.48000000,0.00000000,0.00000000,0.00000000
1624878115.33341241,-6.77000000,0.00000000,0.00000000,0.00000000
1624878115.43341041,-6.12000000,0.00000000,0.00000000,0.00000000
1624878115.53339982,-5.54000000,0.00000000,0.00000000,0.00000000
1624878115.63345098,-5.01000000,0.00000000,0.00000000,0.00000000
1624878115.73341084,-4.54000000,0.00000000,0.00000000,0.00000000
1624878115.83340526,-4.10000000,0.00000000,0.00000000,0.00000000
1624878115.93340588,-3.71000000,0.00000000,0.00000000,0.00000000
1624878116.03340793,-3.36000000,0.00000000,0.00000000,0.00000000
1624878116.13344526,-3.04000000,0.00000000,0.00000000,0.00000000
1624878116.23344970,-2.75000000,0.00000000,0.00000000,0.00000000
1624878116.33341742,-2.49000000,0.00000000,0.00000000,0.00000000
1624878116.43341708,-2.25000000,0.00000000,0.00000000,0.00000000
1624878116.53341889,-2.04000000,0.00000000,0.00000000,0.00000000
1624878116.63344479,-1.84000000,0.00000000,0.00000000,0.00000000
1624878116.73344326,-1.67000000,0.00000000,0.00000000,0.00000000
1624878116.83341908,-1.51000000,0.00000000,0.00000000,0.00000000
1624878116.93341804,-1.37000000,0.00000000,0.00000000,0.00000000
1624878117.03340411,-1.24000000,0.00000000,0.00000000,0.00000000
1624878117.13344431,-1.12000000,0.00000000,0.00000000,0.00000000
1624878117.23340583,-1.01000000,0.00000000,0.00000000,0.00000000
1624878117.33341002,-0.92000000,0.00000000,0.00000000,0.00000000
1624878117.43344855,100.00000000,0.00000000,0.00000000,0.00000000
1624878117.53344369,90.48000000,0.00000000,0.00000000,0.00000000
1624878117.63345265,81.87000000,0.00000000,0.00000000,0.00000000
1624878117.73344660,74.08000000,0.00000000,0.00000000,0.00000000
1624878117.83341837,67.03000000,0.00000000,0.00000000,0.00000000
1624878117.93345571,60.65000000,0.00000000,0.00000000,0.00000000
1624878118.03341913,54.88000000,0.00000000,0.00000000,0.00000000
1624878118.13341856,49.66000000,0.00000000,0.00000000,0.00000000
1624878118.23340583,44.93000000,0.00000000,0.00000000,0.00000000
1624878118.33340979,40.66000000,0.00000000,0.00000000,0.00000000
1624878118.43344545,36.79000000,0.00000000,0.00000000,0.00000000
1624878118.53346181,33.29000000,0.00000000,0.00000000,0.00000000
1624878118.63342476,30.12000000,0.00000000,0.00000000,0.00000000
1624878118.73340940,27.25000000,0.00000000,0.00000000,0.00000000
1624878118.83341050,24.66000000,0.00000000,0.00000000,0.00000000
1624878118.93341756,22.31000000,0.00000000,0.00000000,0.00000000
1624878119.03341293,20.19000000,0.00000000,0.00000000,0.00000000
1624878119.13341713,18.27000000,0.00000000,0.00000000,0.00000000
1624878119.23341775,16.53000000,0.00000000,0.00000000,0.00000000
1624878119.33341026,14.96000000,0.00000000,0.00000000,0.00000000
1624878119.43344498,13.53000000,0.00000000,0.00000000,0.00000000
1624878119.53342152,12.25000000,0.00000000,0.00000000,0.00000000
1624878119.63341784,11.08000000,0.00000000,0.00000000,0.00000000
1624878119.73340511,10.03000000,0.00000000,0.00000000,0.00000000
1624878119.83340597,9.07000000,0.00000000,0.00000000,0.00000000
1624878119.93345857,8.21000000,0.00000000,0.00000000,0.00000000
1624878120.03340673,7.43000000,0.00000000,0.00000000,0.00000000
1624878120.13345194,6.72000000,0.00000000,0.00000000,0.00000000
1624878120.23344851,6.08000000,0.00000000,0.00000000,0.00000000
1624878120.33340502,5.50000000,0.00000000,0.00000000,0.00000000
1624878120.43344831,4.98000000,0.00000000,0.00000000,0.00000000
1624878120.53342175,4.50000000,0.00000000,0.00000000,0.00000000
1624878120.63342810,4.08000000,0.00000000,0.00000000,0.00000000
1624878120.73338890,3.69000000,0.00000000,0.00000000,0.00000000
1624878120.83345938,3.34000000,0.00000000,0.00000000,0.00000000
1624878120.93341136,3.02000000,0.00000000,0.00000000,0.00000000
1624878121.03340936,2.73000000,0.00000000,0.00000000,0.00000000
1624878121.13346601,2.47000000,0.00000000,0.00000000,0.00000000
1624878121.23340869,2.24000000,0.00000000,0.00000000,0.00000000
1624878121.33345103,2.02000000,0.00000000,0.00000000,0.00000000
1624878121.43342948,1.83000000,0.00000000,0.00000000,0.00000000
1624878121.53341770,1.66000000,0.00000000,0.00000000,0.00000000
1624878121.63340974,1.50000000,0.00000000,0.00000000,0.00000000
1624878121.73344159,1.36000000,0.00000000,0.00000000,0.00000000
1624878121.83345175,1.23000000,0.00000000,0.00000000,0.00000000
1624878121.93344617,1.11000000,0.00000000,0.00000000,0.00000000
1624878122.03341603,1.01000000,0.00000000,0.00000000,0.00000000
1624878122.13341999,0.91000000,0.00000000,0.00000000,0.00000000
1624878122.23340368,0.82000000,0.00000000,0.00000000,0.00000000
1624878122.33344507,0.74000000,0.00000000,0.00000000,0.00000000
1624878122.43341637,0.67000000,0.00000000,0.00000000,0.00000000
1624878122.53340888,0.61000000,0.00000000,0.00000000,0.00000000
1624878122.63344431,0.55000000,0.00000000,0.00000000,0.00000000
1624878122.73344707,0.50000000,0.00000000,0.00000000,0.00000000
1624878122.83344531,0.45000000,0.00000000,0.00000000,0.00000000
1624878122.93341708,0.41000000,0.00000000,0.00000000,0.00000000
1624878123.03340816,0.37000000,0.00000000,0.00000000,0.00000000
1624878123.13341999,0.33000000,0.00000000,0.00000000,0.00000000
1624878123.23363924,0.30000000,0.00000000,0.00000000,0.00000000
1624878123.33341217,0.27000000,0.00000000,0.00000000,0.00000000
1624878123.43340683,0.25000000,0.00000000,0.00000000,0.00000000
1624878123.53341508,0.22000000,0.00000000,0.00000000,0.00000000
1624878123.63346195,0.20000000,0.00000000,0.00000000,0.00000000
1624878123.73348141,0.18000000,0.00000000,0.00000000,0.00000000
1624878123.83342123,0.17000000,0.00000000,0.00000000,0.00000000
1624878123.93344474,0.15000000,0.00000000,0.00000000,0.00000000
1624878124.03345132,0.14000000,0.00000000,0.00000000,0.00000000
1624878124.13341284,0.12000000,0.00000000,0.00000000,0.00000000
1624878124.23342037,0.11000000,0.00000000,0.00000000,0.00000000
1624878124.33346081,0.10000000,0.00000000,0.00000000,0.00000000
1624878124.43342066,0.09000000,0.00000000,0.00000000,0.00000000
1624878124.53345370,0.08000000,0.00000000,0.00000000,0.00000000
1624878124.63341856,0.07000000,0.00000000,0.00000000,0.00000000
1624878124.73341918,0.07000000,0.00000000,0.00000000,0.00000000
1624878124.83341885,0.06000000,0.00000000,0.00000000,0.00000000
1624878124.93345046,0.06000000,0.00000000,0.00000000,0.00000000
1624878125.03340673,0.00000000,0.00000000,0.00000000,0.00000000
1624878125.13341689,0.00000000,0.00000000,0.00000000,0.00000000
1624878125.23344803,0.00000000,0.00000000,0.00000000,0.00000000
1624878125.33345008,0.00000000,0.00000000,0.00000000,0.00000000
1624878125.43340635,0.00000000,0.00000000,0.00000000,0.00000000
1624878125.53341103,0.00000000,0.00000000,0.00000000,0.00000000
1624878125.63344431,0.00000000,0.00000000,0.00000000,0.00000000
1624878125.73340535,0.00000000,0.00000000,0.00000000,0.00000000
1624878125.83341074,0.00000000,0.00000000,0.00000000,0.00000000
1624878125.93344426,0.00000000,0.00000000,0.00000000,0.00000000
1624878126.03342295,0.00000000,0.00000000,0.00000000,0.00000000
1624878126.13342500,0.00000000,0.00000000,0.00000000,0.00000000
1624878126.23344898,50.00000000,0.00000000,0.00000000,0.00000000
1624878126.33339429,45.24000000,0.00000000,0.00000000,0.00000000
1624878126.43341875,40.94000000,0.00000000,0.00000000,0.00000000
1624878126.53344488,37.04000000,0.00000000,0.00000000,0.00000000
1624878126.63344669,33.52000000,0.00000000,0.00000000,0.00000000
1624878126.73345184,30.33000000,0.00000000,0.00000000,0.00000000
1624878126.83344984,27.44000000,0.00000000,0.00000000,0.00000000
1624878126.93344283,24.83000000,0.00000000,0.00000000,0.00000000
1624878127.03344369,22.47000000,0.00000000,0.00000000,0.00000000
1624878127.13344502,20.33000000,0.00000000,0.00000000,0.00000000
1624878127.23342562,18.39000000,0.00000000,0.00000000,0.00000000
1624878127.33344150,16.64000000,0.00000000,0.00000000,0.00000000
1624878127.43344474,15.06000000,0.00000000,0.00000000,0.00000000
1624878127.53340816,13.63000000,0.00000000,0.00000000,0.00000000
1624878127.63343930,12.33000000,0.00000000,0.00000000,0.00000000
1624878127.73340893,11.16000000,0.00000000,0.00000000,0.00000000
1624878127.83344722,10.09000000,0.00000000,0.00000000,0.00000000
1624878127.93346095,9.13000000,0.00000000,0.00000000,0.00000000
1624878128.03340077,8.26000000,0.00000000,0.00000000,0.00000000
1624878128.13345695,7.48000000,0.00000000,0.00000000,0.00000000
1624878128.23341179,6.77000000,0.00000000,0.00000000,0.00000000
1624878128.33338833,6.12000000,0.00000000,0.00000000,0.00000000
1624878128.43345284,5.54000000,0.00000000,0.00000000,0.00000000
1624878128.53345466,5.01000000,0.00000000,0.00000000,0.00000000
1624878128.63341808,4.54000000,0.00000000,0.00000000,0.00000000
1624878128.73345566,4.10000000,0.00000000,0.00000000,0.00000000
1624878128.83345437,3.71000000,0.00000000,0.00000000,0.00000000
1624878128.93345189,3.36000000,0.00000000,0.00000000,0.00000000
1624878129.03345799,3.04000000,0.00000000,0.00000000,0.00000000
1624878129.13345313,2.75000000,0.00000000,0.00000000,0.00000000
1624878129.23345160,2.49000000,0.00000000,0.00000000,0.00000000
1624878129.33345199,2.25000000,0.00000000,0.00000000,0.00000000
1624878129.43344879,2.04000000,0.00000000,0.00000000,0.00000000
1624878129.53344893,1.84000000,0.00000000,0.00000000,0.00000000
1624878129.63341689,1.67000000,0.00000000,0.00000000,0.00000000
1624878129.73338509,1.51000000,0.00000000,0.00000000,0.00000000
1624878129.83339810,1.37000000,0.00000000,0.00000000,0.00000000
1624878129.93344569,1.24000000,0.00000000,0.00000000,0.00000000
1624878130.03345132,1.12000000,0.00000000,0.00000000,0.00000000
1624878130.13342571,1.01000000,0.00000000,0.00000000,0.00000000
1624878130.23343301,0.92000000,0.00000000,0.00000000,0.00000000
1624878130.33342505,0.83000000,0.00000000,0.00000000,0.00000000
1624878130.43341780,0.75000000,0.00000000,0.00000000,0.00000000
1624878130.53341269,0.68000000,0.00000000,0.00000000,0.00000000
1624878130.63342452,0.61000000,0.00000000,0.00000000,0.00000000
1624878130.73346019,0.56000000,0.00000000,0.00000000,0.00000000
1624878130.83341861,0.50000000,0.00000000,0.00000000,0.00000000
1624878130.93342161,0.45000000,0.00000000,0.00000000,0.00000000
1624878131.03344464,0.41000000,0.00000000,0.00000000,0.00000000
1624878131.13344812,0.37000000,0.00000000,0.00000000,0.00000000
1624878131.23342061,0.34000000,0.00000000,0.00000000,0.00000000
1624878131.33340979,0.30000000,0.00000000,0.00000000,0.00000000
1624878131.43340874,0.28000000,0.00000000,0.00000000,0.00000000
1624878131.53340292,0.25000000,0.00000000,0.00000000,0.00000000
1624878131.63341045,0.23000000,0.00000000,0.00000000,0.00000000
1624878131.73344302,0.20000000,0.00000000,0.00000000,0.00000000
1624878131.83344293,0.18000000,0.00000000,0.00000000,0.00000000
1624878131.93344331,0.17000000,0.00000000,0.00000000,0.00000000
1624878132.03341317,0.15000000,0.00000000,0.00000000,0.00000000
1624878132.13344979,0.14000000,0.00000000,0.00000000,0.00000000
1624878132.23344731,0.12000000,0.00000000,0.00000000,0.00000000
1624878132.33341432,0.11000000,0.00000000,0.00000000,0.00000000
1624878132.43341470,0.10000000,0.00000000,0.00000000,0.00000000
1624878132.53341675,0.09000000,0.00000000,0.00000000,0.00000000
1624878132.63341951,0.08000000,0.00000000,0.00000000,0.00000000
1624878132.73341823,0.08000000,0.00000000,0.00000000,0.00000000
1624878132.83341622,0.07000000,0.00000000,0.00000000,0.00000000
1624878132.93341231,0.06000000,0.00000000,0.00000000,0.00000000
1624878133.03341436,0.06000000,0.00000000,0.00000000,0.00000000
1624878133.13341737,0.00000000,0.00000000,0.00000000,0.00000000
1624878133.23341751,0.00000000,0.00000000,0.00000000,0.00000000
1624878133.33341503,0.00000000,0.00000000,0.00000000,0.00000000
1624878133.43341613,0.00000000,0.00000000,0.00000000,0.00000000
1624878133.53344989,0.00000000,0.00000000,0.00000000,0.00000000
1624878133.63341475,0.00000000,0.00000000,0.00000000,0.00000000
1624878133.73341990,0.00000000,0.00000000,0.00000000,0.00000000
1624878133.83342552,0.00000000,0.00000000,0.00000000,0.00000000
1624878133.93339849,0.00000000,0.00000000,0.00000000,0.00000000
1624878134.03341222,0.00000000,0.00000000,0.00000000,0.00000000
1624878134.13344765,0.00000000,0.00000000,0.00000000,0.00000000
1624878134.23345447,0.00000000,0.00000000,0.00000000,0.00000000
1624878134.33341360,0.00000000,0.00000000,0.00000000,0.00000000
1624878134.43345022,0.00000000,0.00000000,0.00000000,0.00000000
1624878134.53340411,0.00000000,0.00000000,0.00000000,0.00000000
1624878134.63344145,0.00000000,0.00000000,0.00000000,0.00000000
1624878134.73340726,0.00000000,0.00000000,0.00000000,0.00000000
1624878134.83344078,0.00000000,0.00000000,0.00000000,0.00000000
1624878134.93344784,0.00000000,0.00000000,0.00000000,0.00000000
1624878135.03344750,0.00000000,0.00000000,0.00000000,0.00000000
1624878135.13341331,0.00000000,0.00000000,0.00000000,0.00000000
1624878135.23344278,0.00000000,0.00000000,0.00000000,0.00000000
1624878135.33344245,0.00000000,0.00000000,0.00000000,0.00000000
1624878135.43344927,0.00000000,0.00000000,0.00000000,0.00000000
1624878135.53344893,0.00000000,0.00000000,0.00000000,0.00000000
1624878135.63341236,0.00000000,0.00000000,0.00000000,0.00000000
1624878135.73340702,0.00000000,0.00000000,0.00000000,0.00000000
1624878135.83344889,0.00000000,0.00000000,0.00000000,0.00000000
1624878135.93344712,0.00000000,0.00000000,0.00000000,0.00000000
1624878136.03344798,0.00000000,0.00000000,0.00000000,0.00000000
1624878136.13342047,0.00000000,0.00000000,0.00000000,0.00000000
1624878136.23345280,0.00000000,0.00000000,0.00000000,0.00000000
1624878136.33344340,0.00000000,0.00000000,0.00000000,0.00000000
1624878136.43344617,0.00000000,0.00000000,0.00000000,0.00000000
1624878136.53345251,0.00000000,0.00000000,0.00000000,0.00000000
1624878136.63344383,0.00000000,0.00000000,0.00000000,0.00000000
1624878136.73341584,0.00000000,0.00000000,0.00000000,0.00000000
1624878136.83344817,0.00000000,0.00000000,0.00000000,0.00000000
1624878136.93340921,0.00000000,0.00000000,0.00000000,0.00000000
1624878137.03341269,0.00000000,0.00000000,0.00000000,0.00000000
1624878137.13341427,0.00000000,0.00000000,0.00000000,0.00000000
1624878137.23344612,0.00000000,0.00000000,0.00000000,0.00000000
1624878137.33341098,0.00000000,0.00000000,0.00000000,0.00000000
1624878137.43340707,0.00000000,0.00000000,0.00000000,0.00000000
1624878137.53344250,0.00000000,0.00000000,0.00000000,0.00000000
1624878137.63341379,0.00000000,0.00000000,0.00000000,0.00000000
1624878137.73340511,0.00000000,0.00000000,0.00000000,0.00000000
1624878137.83344436,0.00000000,0.00000000,0.00000000,0.00000000
1624878137.93340707,0.00000000,0.00000000,0.00000000,0.00000000
1624878138.03344321,0.00000000,0.00000000,0.00000000,0.00000000
1624878138.13344169,0.00000000,0.00000000,0.00000000,0.00000000
1624878138.23344278,0.00000000,0.00000000,0.00000000,0.00000000
1624878138.33344436,0.00000000,0.00000000,0.00000000,0.00000000
1624878138.43345094,0.00000000,0.00000000,0.00000000,0.00000000
1624878138.53345227,0.00000000,0.00000000,0.00000000,0.00000000
1624878138.63344479,0.00000000,0.00000000,0.00000000,0.00000000
1624878138.73343205,0.00000000,0.00000000,0.00000000,0.00000000
1624878138.83343124,0.00000000,0.00000000,0.00000000,0.00000000
1624878138.93340635,0.00000000,0.00000000,0.00000000,0.00000000
1624878139.03344798,0.00000000,0.00000000,0.00000000,0.00000000
1624878139.13344431,0.00000000,0.00000000,0.00000000,0.00000000
1624878139.23344827,0.00000000,0.00000000,0.00000000,0.00000000
1624878139.33345270,0.00000000,0.00000000,0.00000000,0.00000000
1624878139.43341112,0.00000000,0.00000000,0.00000000,0.00000000
1624878139.53344297,0.00000000,0.00000000,0.00000000,0.00000000
1624878139.63344932,0.00000000,0.00000000,0.00000000,0.00000000
1624878139.73340845,0.00000000,0.00000000,0.00000000,0.00000000
1624878139.83340716,0.00000000,0.00000000,0.00000000,0.00000000
1624878139.93344760,0.00000000,0.00000000,0.00000000,0.00000000
1624878140.03340387,0.00000000,0.00000000,0.00000000,0.00000000
1624878140.13342738,0.00000000,0.00000000,0.00000000,0.00000000
1624878140.23340201,0.00000000,0.00000000,0.00000000,0.00000000
1624878140.33344388,0.00000000,0.00000000,0.00000000,0.00000000
1624878140.43341708,0.00000000,0.00000000,0.00000000,0.00000000
1624878140.53341627,0.00000000,0.00000000,0.00000000,0.00000000
1624878140.63341594,0.00000000,0.00000000,0.00000000,0.00000000
1624878140.73341608,0.00000000,0.00000000,0.00000000,0.00000000
1624878140.83344269,0.00000000,0.00000000,0.00000000,0.00000000
1624878140.93345571,0.00000000,0.00000000,0.00000000,0.00000000
1624878141.03344607,0.00000000,0.00000000,0.00000000,0.00000000
1624878141.13340998,0.00000000,0.00000000,0.00000000,0.00000000
1624878141.23341751,0.00000000,0.00000000,0.00000000,0.00000000
1624878141.33341670,0.00000000,0.00000000,0.00000000,0.00000000
1624878141.43340230,0.00000000,0.00000000,0.00000000,0.00000000
1624878141.53340077,0.00000000,0.00000000,0.00000000,0.00000000
1624878141.63342500,0.00000000,0.00000000,0.00000000,0.00000000
1624878141.73344135,0.00000000,0.00000000,0.00000000,0.00000000
1624878141.83344936,0.00000000,0.00000000,0.00000000,0.00000000
1624878141.93340421,0.00000000,0.00000000,0.00000000,0.00000000
1624878142.03344893,0.00000000,0.00000000,0.00000000,0.00000000
1624878142.13344312,0.00000000,0.00000000,0.00000000,0.00000000
1624878142.23341441,0.00000000,0.00000000,0.00000000,0.00000000
1624878142.33344293,0.00000000,0.00000000,0.00000000,0.00000000
1624878142.43344378,0.00000000,0.00000000,0.00000000,0.00000000
1624878142.53338671,0.00000000,0.00000000,0.00000000,0.00000000
1624878142.63339829,0.00000000,0.00000000,0.00000000,0.00000000
1624878142.73344779,0.00000000,0.00000000,0.00000000,0.00000000
1624878142.83344173,0.00000000,0.00000000,0.00000000,0.00000000
1624878142.93344641,0.00000000,0.00000000,0.00000000,0.00000000
1624878143.03344727,0.00000000,0.00000000,0.00000000,0.00000000
1624878143.13344288,0.00000000,0.00000000,0.00000000,0.00000000
1624878143.23344970,0.00000000,0.00000000,0.00000000,0.00000000
1624878143.33340549,0.00000000,0.00000000,0.00000000,0.00000000
1624878143.43340921,0.00000000,0.00000000,0.00000000,0.00000000
1624878143.53344154,0.00000000,0.00000000,0.00000000,0.00000000
1624878143.63340640,0.00000000,0.00000000,0.00000000,0.00000000
1624878143.73344851,0.00000000,0.00000000,0.00000000,0.00000000
1624878143.83344150,0.00000000,0.00000000,0.00000000,0.00000000
1624878143.93340564,0.00000000,0.00000000,0.00000000,0.00000000
1624878144.03344846,0.00000000,0.00000000,0.00000000,0.00000000
1624878144.13344932,0.00000000,0.00000000,0.00000000,0.00000000
1624878144.23341131,0.00000000,0.00000000,0.00000000,0.00000000
1624878144.33340454,0.00000000,0.00000000,0.00000000,0.00000000
1624878144.43341637,0.00000000,0.00000000,0.00000000,0.00000000
1624878144.53341389,0.00000000,0.00000000,0.00000000,0.00000000
1624878144.63342118,0.00000000,0.00000000,0.00000000,0.00000000
1624878144.73344398,0.00000000,0.00000000,0.00000000,0.00000000
1624878144.83341312,0.00000000,0.00000000,0.00000000,0.00000000
1624878144.93340850,0.00000000,0.00000000,0.00000000,0.00000000
1624878145.03344655,0.00000000,0.00000000,0.00000000,0.00000000
1624878145.13344383,0.00000000,0.00000000,0.00000000,0.00000000
1624878145.23342037,0.00000000,0.00000000,0.00000000,0.00000000
1624878145.33344316,0.00000000,0.00000000,0.00000000,0.00000000
1624878145.43340850,0.00000000,0.00000000,0.00000000,0.00000000
1624878145.53341913,0.00000000,0.00000000,0.00000000,0.00000000
1624878145.63341546,0.00000000,0.00000000,0.00000000,0.00000000
1624878145.73341870,0.00000000,0.00000000,0.00000000,0.00000000
1624878145.83341050,0.00000000,0.00000000,0.00000000,0.00000000
1624878145.93341732,0.00000000,0.00000000,0.00000000,0.00000000
1624878146.03340650,0.00000000,0.00000000,0.00000000,0.00000000
1624878146.13340497,0.00000000,0.00000000,0.00000000,0.00000000
1624878146.23339510,0.00000000,0.00000000,0.00000000,0.00000000
1624878146.33342648,0.00000000,0.00000000,0.00000000,0.00000000
1624878146.43344617,0.00000000,0.00000000,0.00000000,0.00000000
1624878146.53344369,0.00000000,0.00000000,0.00000000,0.00000000
1624878146.63344383,0.00000000,0.00000000,0.00000000,0.00000000
1624878146.73344326,0.00000000,0.00000000,0.00000000,0.00000000
1624878146.83340335,0.00000000,0.00000000,0.00000000,0.00000000
1624878146.93340611,0.00000000,0.00000000,0.00000000,0.00000000
1624878147.03344512,0.00000000,0.00000000,0.00000000,0.00000000
1624878147.13344407,0.00000000,0.00000000,0.00000000,0.00000000
1624878147.23345017,0.00000000,0.00000000,0.00000000,0.00000000
1624878147.33341742,0.00000000,0.00000000,0.00000000,0.00000000
1624878147.43342519,0.00000000,0.00000000,0.00000000,0.00000000
1624878147.53343058,0.00000000,0.00000000,0.00000000,0.00000000
1624878147.63345075,0.00000000,0.00000000,0.00000000,0.00000000
1624878147.73345113,0.00000000,0.00000000,0.00000000,0.00000000
1624878147.83344507,0.00000000,0.00000000,0.00000000,0.00000000
1624878147.93345332,0.00000000,0.00000000,0.00000000,0.00000000
1624878148.03344727,0.00000000,0.00000000,0.00000000,0.00000000
1624878148.13340926,0.00000000,0.00000000,0.00000000,0.00000000
1624878148.23341322,0.00000000,0.00000000,0.00000000,0.00000000
1624878148.33340836,0.00000000,0.00000000,0.00000000,0.00000000
1624878148.43340230,0.00000000,0.00000000,0.00000000,0.00000000
1624878148.53344417,0.00000000,0.00000000,0.00000000,0.00000000
1624878148.63341880,0.00000000,0.00000000,0.00000000,0.00000000
1624878148.73345733,0.00000000,0.00000000,0.00000000,0.00000000
1624878148.83344436,0.00000000,0.00000000,0.00000000,0.00000000
1624878148.93344426,0.00000000,0.00000000,0.00000000,0.00000000
1624878149.03345585,0.00000000,0.00000000,0.00000000,0.00000000
1624878149.13344479,0.00000000,0.00000000,0.00000000,0.00000000
1624878149.23341179,0.00000000,0.00000000,0.00000000,0.00000000
1624878149.33344555,0.00000000,0.00000000,0.00000000,0.00000000
1624878149.43341303,0.00000000,0.00000000,0.00000000,0.00000000
1624878149.53340936,0.00000000,0.00000000,0.00000000,0.00000000
1624878149.63345289,0.00000000,0.00000000,0.00000000,0.00000000
1624878149.73344493,0.00000000,0.00000000,0.00000000,0.00000000
1624878149.83342004,0.00000000,0.00000000,0.00000000,0.00000000
1624878149.93341398,0.00000000,0.00000000,0.00000000,0.00000000
1624878150.03342509,0.00000000,0.00000000,0.00000000,0.00000000
1624878150.13344359,0.00000000,0.00000000,0.00000000,0.00000000
1624878150.23340774,0.00000000,0.00000000,0.00000000,0.00000000
1624878150.33341146,50.00000000,0.00000000,0.00000000,0.00000000
1624878150.43338656,45.24000000,0.00000000,0.00000000,0.00000000
1624878150.53341413,40.94000000,0.00000000,0.00000000,0.00000000
1624878150.63340497,37.04000000,0.00000000,0.00000000,0.00000000
1624878150.73345613,33.52000000,0.00000000,0.00000000,0.00000000
1624878150.83344388,30.33000000,0.00000000,0.00000000,0.00000000
1624878150.93340135,27.44000000,0.00000000,0.00000000,0.00000000
1624878151.03344488,24.83000000,0.00000000,0.00000000,0.00000000
1624878151.13345361,22.47000000,0.00000000,0.00000000,0.00000000
1624878151.23344398,20.33000000,0.00000000,0.00000000,0.00000000
1624878151.33344412,18.39000000,0.00000000,0.00000000,0.00000000
1624878151.43344331,16.64000000,0.00000000,0.00000000,0.00000000
1624878151.53344965,15.06000000,0.00000000,0.00000000,0.00000000
1624878151.63344073,13.63000000,0.00000000,0.00000000,0.00000000
1624878151.73345160,12.33000000,0.00000000,0.00000000,0.00000000
1624878151.83341265,11.16000000,0.00000000,0.00000000,0.00000000
1624878151.93342876,10.09000000,0.00000000,0.00000000,0.00000000
1624878152.03344440,9.13000000,0.00000000,0.00000000,0.00000000
1624878152.13345766,8.26000000,0.00000000,0.00000000,0.00000000
1624878152.23344231,7.48000000,0.00000000,0.00000000,0.00000000
1624878152.33344531,6.77000000,0.00000000,0.00000000,0.00000000
1624878152.43341613,6.12000000,0.00000000,0.00000000,0.00000000
1624878152.53344274,5.54000000,0.00000000,0.00000000,0.00000000
1624878152.63345027,5.01000000,0.00000000,0.00000000,0.00000000
1624878152.73341107,4.54000000,0.00000000,0.00000000,0.00000000
1624878152.83345437,4.10000000,0.00000000,0.00000000,0.00000000
1624878152.93344593,3.71000000,0.00000000,0.00000000,0.00000000
1624878153.03343296,3.36000000,0.00000000,0.00000000,0.00000000
1624878153.13344908,3.04000000,0.00000000,0.00000000,0.00000000
1624878153.23341894,2.75000000,0.00000000,0.00000000,0.00000000
1624878153.33344364,2.49000000,0.00000000,0.00000000,0.00000000
1624878153.43345070,2.25000000,0.00000000,0.00000000,0.00000000
1624878153.53341603,2.04000000,0.00000000,0.00000000,0.00000000
1624878153.63344955,1.84000000,0.00000000,0.00000000,0.00000000
1624878153.73344040,1.67000000,0.00000000,0.00000000,0.00000000
1624878153.83345032,1.51000000,0.00000000,0.00000000,0.00000000
1624878153.93345189,1.37000000,0.00000000,0.00000000,0.00000000
1624878154.03344893,1.24000000,0.00000000,0.00000000,0.00000000
1624878154.13340974,1.12000000,0.00000000,0.00000000,0.00000000
1624878154.23339915,1.01000000,0.00000000,0.00000000,0.00000000
1624878154.33339858,0.92000000,0.00000000,0.00000000,0.00000000
1624878154.43341589,0.83000000,0.00000000,0.00000000,0.00000000
1624878154.53341961,0.75000000,0.00000000,0.00000000,0.00000000
1624878154.63340664,0.68000000,0.00000000,0.00000000,0.00000000
1624878154.73345065,0.61000000,0.00000000,0.00000000,0.00000000
1624878154.83341050,0.56000000,0.00000000,0.00000000,0.00000000
1624878154.93342280,0.50000000,0.00000000,0.00000000,0.00000000
1624878155.03344202,0.45000000,0.00000000,0.00000000,0.00000000
1624878155.13341045,0.41000000,0.00000000,0.00000000,0.00000000
1624878155.23341131,0.37000000,0.00000000,0.00000000,0.00000000
1624878155.33344197,0.34000000,0.00000000,0.00000000,0.00000000
1624878155.43342447,0.30000000,0.00000000,0.00000000,0.00000000
1624878155.53344703,0.28000000,0.00000000,0.00000000,0.00000000
1624878155.63344955,0.25000000,0.00000000,0.00000000,0.00000000
1624878155.73344564,0.23000000,0.00000000,0.00000000,0.00000000
1624878155.83344436,0.20000000,0.00000000,0.00000000,0.00000000
1624878155.93345714,0.18000000,0.00000000,0.00000000,0.00000000
1624878156.03344536,0.17000000,0.00000000,0.00000000,0.00000000
1624878156.13341141,0.15000000,0.00000000,0.00000000,0.00000000
1624878156.23344254,0.14000000,0.00000000,0.00000000,0.00000000
1624878156.33344269,0.12000000,0.00000000,0.00000000,0.00000000
1624878156.43344307,0.11000000,0.00000000,0.00000000,0.00000000
1624878156.53340316,0.10000000,0.00000000,0.00000000,0.00000000
1624878156.63344908,0.09000000,0.00000000,0.00000000,0.00000000
1624878156.73344398,0.08000000,0.00000000,0.00000000,0.00000000
1624878156.83344245,0.08000000,0.00000000,0.00000000,0.00000000
1624878156.93341184,0.07000000,0.00000000,0.00000000,0.00000000
1624878157.03341556,0.06000000,0.00000000,0.00000000,0.00000000
1624878157.13341141,0.06000000,0.00000000,0.00000000,0.00000000
1624878157.23345184,0.00000000,0.00000000,0.00000000,0.00000000
1624878157.33345366,0.00000000,0.00000000,0.00000000,0.00000000
1624878157.43341041,0.00000000,0.00000000,0.00000000,0.00000000
1624878157.53348637,0.00000000,0.00000000,0.00000000,0.00000000
1624878157.63341522,0.00000000,0.00000000,0.00000000,0.00000000
1624878157.73344541,0.00000000,0.00000000,0.00000000,0.00000000
1624878157.83344674,0.00000000,0.00000000,0.00000000,0.00000000
1624878157.93344378,0.00000000,0.00000000,0.00000000,0.00000000
1624878158.03342700,0.00000000,0.00000000,0.00000000,0.00000000
1624878158.13344431,0.00000000,0.00000000,0.00000000,0.00000000
1624878158.23341107,0.00000000,0.00000000,0.00000000,0.00000000
1624878158.33345127,0.00000000,0.00000000,0.00000000,0.00000000
1624878158.43341017,0.00000000,0.00000000,0.00000000,0.00000000
1624878158.53341365,0.00000000,0.00000000,0.00000000,0.00000000
1624878158.63344431,0.00000000,0.00000000,0.00000000,0.00000000
1624878158.73340440,0.00000000,0.00000000,0.00000000,0.00000000
1624878158.83344984,0.00000000,0.00000000,0.00000000,0.00000000
1624878158.93341613,0.00000000,0.00000000,0.00000000,0.00000000
1624878159.03342104,0.00000000,0.00000000,0.00000000,0.00000000
1624878159.13340449,0.00000000,0.00000000,0.00000000,0.00000000
1624878159.23345375,0.00000000,0.00000000,0.00000000,0.00000000
1624878159.33338737,0.00000000,0.00000000,0.00000000,0.00000000
1624878159.43339729,0.00000000,0.00000000,0.00000000,0.00000000
1624878159.53345108,0.00000000,0.00000000,0.00000000,0.00000000
1624878159.63341594,0.00000000,0.00000000,0.00000000,0.00000000
1624878159.73345113,0.00000000,0.00000000,0.00000000,0.00000000
1624878159.83344746,0.00000000,0.00000000,0.00000000,0.00000000
1624878159.93340850,0.00000000,0.00000000,0.00000000,0.00000000
1624878160.03344989,0.00000000,0.00000000,0.00000000,0.00000000
1624878160.13340521,0.00000000,0.00000000,0.00000000,0.00000000
1624878160.23345566,0.00000000,0.00000000,0.00000000,0.00000000
1624878160.33341599,0.00000000,0.00000000,0.00000000,0.00000000
1624878160.43342304,0.00000000,0.00000000,0.00000000,0.00000000
1624878160.53340507,0.00000000,0.00000000,0.00000000,0.00000000
1624878160.63344336,0.00000000,0.00000000,0.00000000,0.00000000
1624878160.73340726,0.00000000,0.00000000,0.00000000,0.00000000
1624878160.83341122,0.00000000,0.00000000,0.00000000,0.00000000
1624878160.93341327,0.00000000,0.00000000,0.00000000,0.00000000
1624878161.03343844,0.00000000,0.00000000,0.00000000,0.00000000
1624878161.13340640,0.00000000,0.00000000,0.00000000,0.00000000
1624878161.23342562,0.00000000,0.00000000,0.00000000,0.00000000
1624878161.33344412,0.00000000,0.00000000,0.00000000,0.00000000
1624878161.43341017,0.00000000,0.00000000,0.00000000,0.00000000
1624878161.53340626,0.00000000,0.00000000,0.00000000,0.00000000
1624878161.63340354,0.00000000,0.00000000,0.00000000,0.00000000
1624878161.73340487,0.00000000,0.00000000,0.00000000,0.00000000
1624878161.83344674,0.00000000,0.00000000,0.00000000,0.00000000
1624878161.93338990,0.00000000,0.00000000,0.00000000,0.00000000
1624878162.03341460,50.00000000,0.00000000,0.00000000,0.00000000
1624878162.13346004,45.24000000,0.00000000,0.00000000,0.00000000
1624878162.23345065,40.94000000,0.00000000,0.00000000,0.00000000
1624878162.33340192,37.04000000,0.00000000,0.00000000,0.00000000
1624878162.43340325,33.52000000,0.00000000,0.00000000,0.00000000
1624878162.53344846,30.33000000,0.00000000,0.00000000,0.00000000
1624878162.63340378,27.44000000,0.00000000,0.00000000,0.00000000
1624878162.73340297,24.83000000,0.00000000,0.00000000,0.00000000
1624878162.83340502,22.47000000,0.00000000,0.00000000,0.00000000
1624878162.93344498,20.33000000,0.00000000,0.00000000,0.00000000
1624878163.03344417,18.39000000,0.00000000,0.00000000,0.00000000
1624878163.13340878,16.64000000,0.00000000,0.00000000,0.00000000
1624878163.23345232,15.06000000,0.00000000,0.00000000,0.00000000
1624878163.33340597,13.63000000,0.00000000,0.00000000,0.00000000
1624878163.43340325,12.33000000,0.00000000,0.00000000,0.00000000
1624878163.53340077,11.16000000,0.00000000,0.00000000,0.00000000
1624878163.63341403,10.09000000,0.00000000,0.00000000,0.00000000
1624878163.73345804,9.13000000,0.00000000,0.00000000,0.00000000
1624878163.83346200,8.26000000,0.00000000,0.00000000,0.00000000
1624878163.93344641,7.48000000,0.00000000,0.00000000,0.00000000
1624878164.03340483,6.77000000,0.00000000,0.00000000,0.00000000
1624878164.13349605,6.12000000,0.00000000,0.00000000,0.00000000
1624878164.23340321,5.54000000,0.00000000,0.00000000,0.00000000
1624878164.33345413,5.01000000,0.00000000,0.00000000,0.00000000
1624878164.43344283,4.54000000,0.00000000,0.00000000,0.00000000
1624878164.53340840,4.10000000,0.00000000,0.00000000,0.00000000
1624878164.63344383,3.71000000,0.00000000,0.00000000,0.00000000
1624878164.73340106,3.36000000,0.00000000,0.00000000,0.00000000
1624878164.83344507,3.04000000,0.00000000,0.00000000,0.00000000
1624878164.93340826,2.75000000,0.00000000,0.00000000,0.00000000
1624878165.03347945,2.49000000,0.00000000,0.00000000,0.00000000
1624878165.13344264,2.25000000,0.00000000,0.00000000,0.00000000
1624878165.23339605,2.04000000,0.00000000,0.00000000,0.00000000
1624878165.33344579,1.84000000,0.00000000,0.00000000,0.00000000
1624878165.43340015,1.67000000,0.00000000,0.00000000,0.00000000
1624878165.53344584,1.51000000,0.00000000,0.00000000,0.00000000
1624878165.63340521,1.37000000,0.00000000,0.00000000,0.00000000
1624878165.73340917,1.24000000,0.00000000,0.00000000,0.00000000
1624878165.83338690,1.12000000,0.00000000,0.00000000,0.00000000
1624878165.93343997,1.01000000,0.00000000,0.00000000,0.00000000
1624878166.03338957,0.92000000,0.00000000,0.00000000,0.00000000
1624878166.13344288,0.83000000,0.00000000,0.00000000,0.00000000
1624878166.23339152,0.75000000,0.00000000,0.00000000,0.00000000
1624878166.33344460,0.68000000,0.00000000,0.00000000,0.00000000
1624878166.43340826,0.61000000,0.00000000,0.00000000,0.00000000
1624878166.53343034,0.56000000,0.00000000,0.00000000,0.00000000
1624878166.63344955,0.50000000,0.00000000,0.00000000,0.00000000
1624878166.73341393,0.45000000,0.00000000,0.00000000,0.00000000
1624878166.83346963,0.41000000,0.00000000,0.00000000,0.00000000
1624878166.93344450,0.37000000,0.00000000,0.00000000,0.00000000
1624878167.03341269,0.34000000,0.00000000,0.00000000,0.00000000
1624878167.13344526,0.30000000,0.00000000,0.00000000,0.00000000
1624878167.23344398,0.28000000,0.00000000,0.00000000,0.00000000
1624878167.33342361,0.25000000,0.00000000,0.00000000,0.00000000
1624878167.43338656,0.23000000,0.00000000,0.00000000,0.00000000
1624878167.53344369,0.20000000,0.00000000,0.00000000,0.00000000
1624878167.63338995,0.18000000,0.00000000,0.00000000,0.00000000
1624878167.73344421,0.17000000,0.00000000,0.00000000,0.00000000
1624878167.83345318,0.15000000,0.00000000,0.00000000,0.00000000
1624878167.93339014,0.14000000,0.00000000,0.00000000,0.00000000
1624878168.03345156,0.12000000,0.00000000,0.00000000,0.00000000
1624878168.13345218,0.11000000,0.00000000,0.00000000,0.00000000
1624878168.23344707,0.10000000,0.00000000,0.00000000,0.00000000
1624878168.33344984,0.09000000,0.00000000,0.00000000,0.00000000
1624878168.43344903,0.08000000,0.00000000,0.00000000,0.00000000
1624878168.53345060,0.08000000,0.00000000,0.00000000,0.00000000
1624878168.63345027,0.07000000,0.00000000,0.00000000,0.00000000
1624878168.73345017,0.06000000,0.00000000,0.00000000,0.00000000
1624878168.83342314,0.06000000,0.00000000,0.00000000,0.00000000
1624878168.93345213,0.00000000,0.00000000,0.00000000,0.00000000
1624878169.03344822,0.00000000,0.00000000,0.00000000,0.00000000
1624878169.13344836,0.00000000,0.00000000,0.00000000,0.00000000
1624878169.23344874,0.00000000,0.00000000,0.00000000,0.00000000
1624878169.33338714,0.00000000,0.00000000,0.00000000,0.00000000
1624878169.43344784,0.00000000,0.00000000,0.00000000,0.00000000
1624878169.53345060,0.00000000,0.00000000,0.00000000,0.00000000
1624878169.63345146,0.00000000,0.00000000,0.00000000,0.00000000
1624878169.73345184,0.00000000,0.00000000,0.00000000,0.00000000
1624878169.83344960,0.00000000,0.00000000,0.00000000,0.00000000
1624878169.93345022,0.00000000,0.00000000,0.00000000,0.00000000
1624878170.03345060,0.00000000,0.00000000,0.00000000,0.00000000
1624878170.13341212,0.00000000,0.00000000,0.00000000,0.00000000
1624878170.23345160,0.00000000,0.00000000,0.00000000,0.00000000
1624878170.33344698,0.00000000,0.00000000,0.00000000,0.00000000
1624878170.43344569,0.00000000,0.00000000,0.00000000,0.00000000
1624878170.53341079,0.00000000,0.00000000,0.00000000,0.00000000
1624878170.63338804,0.00000000,0.00000000,0.00000000,0.00000000
1624878170.73347306,0.00000000,0.00000000,0.00000000,0.00000000
1624878170.83345675,0.00000000,0.00000000,0.00000000,0.00000000
1624878170.93344212,0.00000000,0.00000000,0.00000000,0.00000000
1624878171.03346157,0.00000000,0.00000000,0.00000000,0.00000000
1624878171.13343787,0.00000000,0.00000000,0.00000000,0.00000000
1624878171.23343921,0.00000000,0.00000000,0.00000000,0.00000000
1624878171.33345294,0.00000000,0.00000000,0.00000000,0.00000000
1624878171.43341923,0.00000000,0.00000000,0.00000000,0.00000000
