Seconds, Linear Velocity, Angular Velocitiy,X,Y
1624878043.43469191,0.00000000,0.00000000,0.00000000,0.00000000
1624878043.53468728,0.00000000,0.00000000,0.00000000,0.00000000
1624878043.63437080,0.00000000,0.00000000,0.00000000,0.00000000
1624878043.73525643,0.00000000,0.00000000,0.00000000,0.00000000
1624878043.83585858,0.00000000,0.00000000,0.00000000,0.00000000
1624878043.93562317,0.00000000,0.00000000,0.00000000,0.00000000
1624878044.03534007,0.00000000,0.00000000,0.00000000,0.00000000
1624878044.13604140,0.00000000,0.00000000,0.00000000,0.00000000
1624878044.23575974,0.00000000,0.00000000,0.00000000,0.00000000
1624878044.33553100,0.00000000,0.00000000,0.00000000,0.00000000
1624878044.43623161,0.00000000,0.00000000,0.00000000,0.00000000
1624878044.53693199,0.00000000,0.00000000,0.00000000,0.00000000
1624878044.63671803,0.00000000,0.00000000,0.00000000,0.00000000
1624878044.73638606,0.00000000,0.00000000,0.00000000,0.00000000
1624878044.83708692,0.00000000,0.00000000,0.00000000,0.00000000
1624878044.93675494,0.00000000,0.00000000,0.00000000,0.00000000
1624878045.03642273,0.00000000,0.00000000,0.00000000,0.00000000
1624878045.13704395,0.00000000,0.00000000,0.00000000,0.00000000
1624878045.23683882,0.00000000,0.00000000,0.00000000,0.00000000
1624878045.33651328,0.00000000,0.00000000,0.00000000,0.00000000
1624878045.43693304,0.00000000,0.00000000,0.00000000,0.00000000
1624878045.53766370,0.00000000,0.00000000,0.00000000,0.00000000
1624878045.63725615,0.00000000,0.00000000,0.00000000,0.00000000
1624878045.73791862,0.00000000,0.00000000,0.00000000,0.00000000
1624878045.83780599,0.00000000,0.00000000,0.00000000,0.00000000
1624878045.93745613,0.00000000,0.00000000,0.00000000,0.00000000
1624878046.03810787,0.00000000,0.00000000,0.00000000,0.00000000
1624878046.13781691,0.00000000,0.00000000,0.00000000,0.00000000
1624878046.23758936,0.00000000,0.00000000,0.00000000,0.00000000
1624878046.33744073,0.00000000,0.00000000,0.00000000,0.00000000
1624878046.43819904,0.00000000,0.00000000,0.00000000,0.00000000
1624878046.53885555,0.00000000,0.00000000,0.00000000,0.00000000
1624878046.63829660,0.00000000,0.00000000,0.00000000,0.00000000
1624878046.73878479,0.00000000,0.00000000,0.00000000,0.00000000
1624878046.83833623,0.00000000,0.00000000,0.00000000,0.00000000
1624878046.93889451,0.00000000,0.00000000,0.00000000,0.00000000
1624878047.03859496,0.00000000,0.00000000,0.00000000,0.00000000
1624878047.13885689,0.00000000,0.00000000,0.00000000,0.00000000
1624878047.23924613,0.00000000,0.00000000,0.00000000,0.00000000
1624878047.33990312,0.00000000,0.00000000,0.00000000,0.00000000
1624878047.43976903,0.00000000,0.00000000,0.00000000,0.00000000
1624878047.53953123,0.00000000,0.00000000,0.00000000,0.00000000
1624878047.63916349,0.00000000,0.00000000,0.00000000,0.00000000
1624878047.74007177,0.00000000,0.00000000,0.00000000,0.00000000
1624878047.83946157,0.00000000,0.00000000,0.00000000,0.00000000
1624878047.93997693,0.00000000,0.00000000,0.00000000,0.00000000
1624878048.04052925,0.00000000,0.00000000,0.00000000,0.00000000
1624878048.14005661,0.00000000,0.00000000,0.00000000,0.00000000
1624878048.24063611,0.00000000,0.00000000,0.00000000,0.00000000
1624878048.34049654,0.00000000,0.00000000,0.00000000,0.00000000
1624878048.44054294,0.00000000,0.00000000,0.00000000,0.00000000
1624878048.54117990,0.00000000,0.00000000,0.00000000,0.00000000
1624878048.64176106,0.00000000,0.00000000,0.00000000,0.00000000
1624878048.74137282,0.00000000,0.00000000,0.00000000,0.00000000
1624878048.84196258,0.00000000,0.00000000,0.00000000,0.00000000
1624878048.94131398,0.00000000,0.00000000,0.00000000,0.00000000
1624878049.04183030,0.00000000,0.00000000,0.00000000,0.00000000
1624878049.14134264,0.00000000,0.00000000,0.00000000,0.00000000
1624878049.24197030,0.00000000,0.00000000,0.00000000,0.00000000
1624878049.34245872,0.00000000,0.00000000,0.00000000,0.00000000
1624878049.44320607,0.00000000,0.00000000,0.00000000,0.00000000
1624878049.54382014,0.00000000,0.00000000,0.00000000,0.00000000
1624878049.64337301,0.00000000,0.00000000,0.00000000,0.00000000
1624878049.74399137,0.00000000,0.00000000,0.00000000,0.00000000
1624878049.84365535,0.00000000,0.00000000,0.00000000,0.00000000
1624878049.94298434,0.00000000,0.00000000,0.00000000,0.00000000
1624878050.04397440,0.00000000,0.00000000,0.00000000,0.00000000
1624878050.14374447,0.00000000,0.00000000,0.00000000,0.00000000
1624878050.24331546,0.00000000,0.00000000,0.00000000,0.00000000
1624878050.34401655,0.00000000,0.00000000,0.00000000,0.00000000
1624878050.44367719,0.00000000,0.00000000,0.00000000,0.00000000
1624878050.54330611,0.00000000,0.00000000,0.00000000,0.00000000
1624878050.64393449,0.00000000,0.00000000,0.00000000,0.00000000
1624878050.74358296,0.00000000,0.00000000,0.00000000,0.00000000
1624878050.84422374,0.00000000,0.00000000,0.00000000,0.00000000
1624878050.94489861,0.00000000,0.00000000,0.00000000,0.00000000
1624878051.04449582,0.00000000,0.00000000,0.00000000,0.00000000
1624878051.14488459,0.00000000,0.00000000,0.00000000,0.00000000
1624878051.24460697,0.00000000,0.00000000,0.00000000,0.00000000
1624878051.34412074,0.00000000,0.00000000,0.00000000,0.00000000
1624878051.44463849,0.00000000,0.00000000,0.00000000,0.00000000
1624878051.54405308,0.00000000,0.00000000,0.00000000,0.00000000
1624878051.64485192,0.00000000,0.00000000,0.00000000,0.00000000
1624878051.74436951,0.00000000,0.00000000,0.00000000,0.00000000
1624878051.84510159,0.00000000,0.00000000,0.00000000,0.00000000
1624878051.94425344,0.00000000,0.00000000,0.00000000,0.00000000
1624878052.04436445,0.00000000,0.00000000,0.00000000,0.00000000
1624878052.14507985,0.00000000,0.00000000,0.00000000,0.00000000
1624878052.24454856,0.00000000,0.00000000,0.00000000,0.00000000
1624878052.34466767,0.03000000,0.00000000,0.00291000,0.00000000
1624878052.44494867,0.05000000,0.00000000,0.00776000,0.00000000
1624878052.54447436,0.05000000,0.00000000,0.01261000,0.00000000
1624878052.64489627,0.05000000,0.00000000,0.01794500,0.00000000
1624878052.74504542,0.05000000,0.00000000,0.02279500,0.00000000
1624878052.84605598,0.05000000,0.00000000,0.02764500,0.00000000
1624878052.94546914,0.05000000,0.00000000,0.03298000,0.00000000
1624878053.04576063,0.04900000,0.00000000,0.03783000,0.00000000
1624878053.14548373,0.04900000,0.00000000,0.04268000,0.00000000
1624878053.24524379,0.04800000,0.00000000,0.04753000,0.00000000
1624878053.34541702,0.04800000,0.00000000,0.05189500,0.00000000
1624878053.44559813,0.04700000,0.00000000,0.05674500,0.00000000
1624878053.54525352,0.04700000,0.00000000,0.06159500,0.00000000
1624878053.64542437,0.04600000,0.00000000,0.06693000,0.00000000
1624878053.74585724,0.04600000,0.00000000,0.07081000,0.00000000
1624878053.84510803,0.04500000,0.00000000,0.07566000,0.00000000
1624878053.94541001,0.04500000,0.00000000,0.07954000,0.00000000
1624878054.04541469,0.04400000,0.00000000,0.08487500,0.00000000
1624878054.14535093,0.04400000,0.00000000,0.08875500,0.00000000
1624878054.24553895,0.04300000,0.00000000,0.09263500,0.00000000
1624878054.34558392,0.04300000,0.00000000,0.09797000,0.00000000
1624878054.44555736,0.04200000,0.00000000,0.10185000,0.00000000
1624878054.54595661,0.04200000,0.00000000,0.10573000,0.00000000
1624878054.64544845,0.04200000,0.00000000,0.10961000,0.00000000
1624878054.74601698,0.04100000,0.00000000,0.11397500,0.00000000
1624878054.84554291,0.04100000,0.00000000,0.11785500,0.00000000
1624878054.94596863,0.04000000,0.00000000,0.12173500,0.00000000
1624878055.04620886,0.04000000,0.00000000,0.12561500,0.00000000
1624878055.14660144,0.01000000,0.00000000,0.12658500,0.00000000
1624878055.24696326,0.04000000,0.00000000,0.13095000,0.00000000
1624878055.34634590,0.07100000,0.00000000,0.13871000,0.00000000
1624878055.44671702,0.10000000,0.00000000,0.14889500,0.00000000
1624878055.54639769,0.13100000,0.00000000,0.16199000,0.00000000
1624878055.64673591,0.16000000,0.00000000,0.17799500,0.00000000
1624878055.74690509,0.18700000,0.00000000,0.19594000,0.00000000
1624878055.84613943,0.18700000,0.00000000,0.21485500,0.00000000
1624878055.94716191,0.18600000,0.00000000,0.23280000,0.00000000
1624878056.04798412,0.18500000,0.00000000,0.25171500,0.00000000
1624878056.14818692,0.18400000,0.00000000,0.27063000,0.00000000
1624878056.24850082,0.18200000,0.00000000,0.28857500,0.00000000
1624878056.34874511,0.18000000,0.00000000,0.30652000,0.00000000
1624878056.44863129,0.17900000,0.00000000,0.32495000,0.00000000
1624878056.54893327,0.17700000,0.00000000,0.34192500,0.00000000
1624878056.64802909,0.17500000,0.00000000,0.35987000,0.00000000
1624878056.74842095,0.17300000,0.00000000,0.37684500,0.00000000
1624878056.84814954,0.17100000,0.00000000,0.39382000,0.00000000
1624878056.94868565,0.16900000,0.00000000,0.41079500,0.00000000
1624878057.04853773,0.16700000,0.00000000,0.42777000,0.00000000
1624878057.14884686,0.16600000,0.00000000,0.44377500,0.00000000
1624878057.24915767,0.16400000,0.00000000,0.46075000,0.00000000
1624878057.34979367,0.16200000,0.00000000,0.47675500,0.00000000
1624878057.45006347,0.16100000,0.00000000,0.49276000,0.00000000
1624878057.54982734,0.15900000,0.00000000,0.50876500,0.00000000
1624878057.65016556,0.15700000,0.00000000,0.52477000,0.00000000
1624878057.75037980,0.15600000,0.00000000,0.54077500,0.00000000
1624878057.85123158,0.15400000,0.00000000,0.55581000,0.00000000
1624878057.95176768,0.15200000,0.00000000,0.57084500,0.00000000
1624878058.05195189,0.15100000,0.00000000,0.58588000,0.00000000
1624878058.15284014,0.14900000,0.00000000,0.60091500,0.00000000
1624878058.25254107,0.14800000,0.00000000,0.61595000,0.00000000
1624878058.35231233,0.14600000,0.00000000,0.63098500,0.00000000
1624878058.45227075,0.14400000,0.00000000,0.64456500,0.00000000
1624878058.55213046,0.14300000,0.00000000,0.65863000,0.00000000
1624878058.65308642,0.14100000,0.00000000,0.67269500,0.00000000
1624878058.75227809,0.14000000,0.00000000,0.68676000,0.00000000
1624878058.85267162,0.13800000,0.00000000,0.70082500,0.00000000
1624878058.95302844,0.13700000,0.00000000,0.71489000,0.00000000
1624878059.05245709,0.13600000,0.00000000,0.72798500,0.00000000
1624878059.15303683,0.13400000,0.00000000,0.74156500,0.00000000
1624878059.25244808,0.13300000,0.00000000,0.75466000,0.00000000
1624878059.35279942,0.13100000,0.00000000,0.76775500,0.00000000
1624878059.45216131,0.13000000,0.00000000,0.78085000,0.00000000
1624878059.55276632,0.12900000,0.00000000,0.79394500,0.00000000
1624878059.65296268,0.12700000,0.00000000,0.80655500,0.00000000
1624878059.75355005,0.12600000,0.00000000,0.81868000,0.00000000
1624878059.85346079,0.12500000,0.00000000,0.83177500,0.00000000
1624878059.95385575,0.12300000,0.00000000,0.84390000,0.00000000
1624878060.05395794,0.12200000,0.00000000,0.85554000,0.00000000
1624878060.15513611,0.12100000,0.00000000,0.86863500,0.00000000
1624878060.25469923,0.11900000,0.00000000,0.87979000,0.00000000
1624878060.35502553,0.11800000,0.00000000,0.89191500,0.00000000
1624878060.45434427,0.11700000,0.00000000,0.90355500,0.00000000
1624878060.55464005,0.11600000,0.00000000,0.91471000,0.00000000
1624878060.65444016,0.11400000,0.00000000,0.92683500,0.00000000
1624878060.75490189,0.11300000,0.00000000,0.93799000,0.00000000
1624878060.85521483,0.11200000,0.00000000,0.94866000,0.00000000
1624878060.95545650,0.11100000,0.00000000,0.95981500,0.00000000
1624878061.05548167,0.11000000,0.00000000,0.97097000,0.00000000
1624878061.15554500,0.10900000,0.00000000,0.98164000,0.00000000
1624878061.25574446,0.10700000,0.00000000,0.99279500,0.00000000
1624878061.35581756,0.10600000,0.00000000,1.00395000,0.00000000
1624878061.45514441,0.10500000,0.00000000,1.01365000,0.00000000
1624878061.55520844,0.10400000,0.00000000,1.02383500,0.00000000
1624878061.65575624,0.10300000,0.00000000,1.03499000,0.00000000
1624878061.75576973,0.10200000,0.00000000,1.04469000,0.00000000
1624878061.85619068,0.10100000,0.00000000,1.05487500,0.00000000
1624878061.95641327,0.10000000,0.00000000,1.06457500,0.00000000
1624878062.05667257,0.09900000,0.00000000,1.07476000,0.00000000
1624878062.15692472,0.09800000,0.00000000,1.08397500,0.00000000
1624878062.25708413,0.09600000,0.00000000,1.09367500,0.00000000
1624878062.35654807,0.09600000,0.00000000,1.10386000,0.00000000
1624878062.45689654,0.09500000,0.00000000,1.11259000,0.00000000
1624878062.55699205,0.09400000,0.00000000,1.12277500,0.00000000
1624878062.65698600,0.09300000,0.00000000,1.13199000,0.00000000
1624878062.75626707,0.09200000,0.00000000,1.14072000,0.00000000
1624878062.85621262,0.09100000,0.00000000,1.14993500,0.00000000
1624878062.95645118,0.09000000,0.00000000,1.15866500,0.00000000
1624878063.05686450,0.08900000,0.00000000,1.16788000,0.00000000
1624878063.15694046,0.08800000,0.00000000,1.17661000,0.00000000
1624878063.25626159,0.08700000,0.00000000,1.18582500,0.00000000
1624878063.35629058,0.08600000,0.00000000,1.19358500,0.00000000
1624878063.45669055,0.08500000,0.00000000,1.20280000,0.00000000
1624878063.55693483,0.08400000,0.00000000,1.21056000,0.00000000
1624878063.65699720,0.08300000,0.00000000,1.21977500,0.00000000
1624878063.75669718,0.08200000,0.00000000,1.22753500,0.00000000
1624878063.85700870,0.08100000,0.00000000,1.23578000,0.00000000
1624878063.95653510,0.08100000,0.00000000,1.24354000,0.00000000
1624878064.05687737,0.08000000,0.00000000,1.25178500,0.00000000
1624878064.15717626,0.07900000,0.00000000,1.25954500,0.00000000
1624878064.25796723,0.07800000,0.00000000,1.26779000,0.00000000
1624878064.35757780,0.07700000,0.00000000,1.27458000,0.00000000
1624878064.45800614,0.07600000,0.00000000,1.28282500,0.00000000
1624878064.55755711,0.07600000,0.00000000,1.29058500,0.00000000
1624878064.65745258,0.07500000,0.00000000,1.29786000,0.00000000
1624878064.75824738,0.07400000,0.00000000,1.30562000,0.00000000
1624878064.85859156,0.07300000,0.00000000,1.31289500,0.00000000
1624878064.95866799,0.07300000,0.00000000,1.31968500,0.00000000
1624878065.05864573,0.07200000,0.00000000,1.32696000,0.00000000
1624878065.15840340,0.07100000,0.00000000,1.33472000,0.00000000
1624878065.25885606,0.07000000,0.00000000,1.34199500,0.00000000
1624878065.35920024,0.06900000,0.00000000,1.34781500,0.00000000
1624878065.45957971,0.06900000,0.00000000,1.35460500,0.00000000
1624878065.56001353,0.06800000,0.00000000,1.36188000,0.00000000
1624878065.65935612,0.06700000,0.00000000,1.36867000,0.00000000
1624878065.75977254,0.06700000,0.00000000,1.37594500,0.00000000
1624878065.85994315,0.06600000,0.00000000,1.38176500,0.00000000
1624878065.95940971,0.06500000,0.00000000,1.38855500,0.00000000
1624878066.05988789,0.06500000,0.00000000,1.39486000,0.00000000
1624878066.15944839,0.06400000,0.00000000,1.40165000,0.00000000
1624878066.26011205,0.06300000,0.00000000,1.40795500,0.00000000
1624878066.35953712,0.06200000,0.00000000,1.41377500,0.00000000
1624878066.46004558,0.06200000,0.00000000,1.41959500,0.00000000
1624878066.55949974,0.06100000,0.00000000,1.42590000,0.00000000
1624878066.65979099,0.06100000,0.00000000,1.43269000,0.00000000
1624878066.75932312,0.06000000,0.00000000,1.43899500,0.00000000
1624878066.86012101,0.05900000,0.00000000,1.44384500,0.00000000
1624878066.96064353,0.05900000,0.00000000,1.44966500,0.00000000
1624878067.06111026,0.05800000,0.00000000,1.45597000,0.00000000
1624878067.16065216,0.05700000,0.00000000,1.46179000,0.00000000
1624878067.26110291,0.05700000,0.00000000,1.46761000,0.00000000
1624878067.36064219,0.05600000,0.00000000,1.47294500,0.00000000
1624878067.46108079,0.05600000,0.00000000,1.47876500,0.00000000
1624878067.56065249,0.05500000,0.00000000,1.48361500,0.00000000
1624878067.66106391,0.05400000,0.00000000,1.48992000,0.00000000
1624878067.76064277,0.05400000,0.00000000,1.49477000,0.00000000
1624878067.86118674,0.05300000,0.00000000,1.49962000,0.00000000
1624878067.96166301,0.05300000,0.00000000,1.50592500,0.00000000
1624878068.06215549,0.05200000,0.00000000,1.51077500,0.00000000
1624878068.16261721,0.05200000,0.00000000,1.51562500,0.00000000
1624878068.26305747,0.02200000,0.00000000,1.51756500,0.00000000
1624878068.36255097,0.05200000,0.00000000,1.52290000,0.00000000
1624878068.46304822,0.08200000,0.00000000,1.53163000,0.00000000
1624878068.56238508,0.09900000,0.00000000,1.54181500,0.00000000
1624878068.66284895,0.09900000,0.00000000,1.55151500,0.00000000
1624878068.76229978,0.09800000,0.00000000,1.56073000,0.00000000
1624878068.86256218,0.09800000,0.00000000,1.57091500,0.00000000
1624878068.96289301,0.09800000,0.00000000,1.58061500,0.00000000
1624878069.06228805,0.09700000,0.00000000,1.59080000,0.00000000
1624878069.16278315,0.09600000,0.00000000,1.59953000,0.00000000
1624878069.26323342,0.09500000,0.00000000,1.60971500,0.00000000
1624878069.36419034,0.09400000,0.00000000,1.61893000,0.00000000
1624878069.46515846,0.09300000,0.00000000,1.62766000,0.00000000
1624878069.56620216,0.09200000,0.00000000,1.63784500,0.00000000
1624878069.66657019,0.09100000,0.00000000,1.64657500,0.00000000
1624878069.76697707,0.09000000,0.00000000,1.65579000,0.00000000
1624878069.86638188,0.08900000,0.00000000,1.66452000,0.00000000
1624878069.96678638,0.08800000,0.00000000,1.67276500,0.00000000
1624878070.06717610,0.08700000,0.00000000,1.68198000,0.00000000
1624878070.16763949,0.08600000,0.00000000,1.69071000,0.00000000
1624878070.26799369,0.08500000,0.00000000,1.69895500,0.00000000
1624878070.36738968,0.08400000,0.00000000,1.70768500,0.00000000
1624878070.46764135,0.08400000,0.00000000,1.71593000,0.00000000
1624878070.56807232,0.08300000,0.00000000,1.72369000,0.00000000
1624878070.66746163,0.08200000,0.00000000,1.73290500,0.00000000
1624878070.76790404,0.08100000,0.00000000,1.74066500,0.00000000
1624878070.86726403,0.08000000,0.00000000,1.74891000,0.00000000
1624878070.96771407,0.07900000,0.00000000,1.75570000,0.00000000
1624878071.06821227,0.07800000,0.00000000,1.76394500,0.00000000
1624878071.16848254,0.07800000,0.00000000,1.77170500,0.00000000
1624878071.26892376,0.07700000,0.00000000,1.77995000,0.00000000
1624878071.36904573,0.07600000,0.00000000,1.78771000,0.00000000
1624878071.46819973,0.07500000,0.00000000,1.79498500,0.00000000
1624878071.56834960,0.07400000,0.00000000,1.80177500,0.00000000
1624878071.66872382,0.07400000,0.00000000,1.80953500,0.00000000
1624878071.76845860,0.07300000,0.00000000,1.81681000,0.00000000
1624878071.86828399,0.07200000,0.00000000,1.82360000,0.00000000
1624878071.96838927,0.07100000,0.00000000,1.83087500,0.00000000
1624878072.06838322,0.07000000,0.00000000,1.83766500,0.00000000
1624878072.16886306,0.07000000,0.00000000,1.84494000,0.00000000
1624878072.26827431,0.06900000,0.00000000,1.85173000,0.00000000
1624878072.36880922,0.06800000,0.00000000,1.85852000,0.00000000
1624878072.46827459,0.06800000,0.00000000,1.86579500,0.00000000
1624878072.56872869,0.06700000,0.00000000,1.87258500,0.00000000
1624878072.66911936,0.06600000,0.00000000,1.87889000,0.00000000
1624878072.76950240,0.06500000,0.00000000,1.88568000,0.00000000
1624878072.86994529,0.06500000,0.00000000,1.89198500,0.00000000
1624878072.96935797,0.06400000,0.00000000,1.89877500,0.00000000
1624878073.06969738,0.06300000,0.00000000,1.90459500,0.00000000
1624878073.17012310,0.06300000,0.00000000,1.91090000,0.00000000
1624878073.26949000,0.06200000,0.00000000,1.91672000,0.00000000
1624878073.36991930,0.06100000,0.00000000,1.92399500,0.00000000
1624878073.46938515,0.06100000,0.00000000,1.92981500,0.00000000
1624878073.56971693,0.06000000,0.00000000,1.93563500,0.00000000
1624878073.67022061,0.06000000,0.00000000,1.94194000,0.00000000
1624878073.77065802,0.05900000,0.00000000,1.94776000,0.00000000
1624878073.87110686,0.05800000,0.00000000,1.95261000,0.00000000
1624878073.97051764,0.05800000,0.00000000,1.95891500,0.00000000
1624878074.07095551,0.05700000,0.00000000,1.96473500,0.00000000
1624878074.17032218,0.05600000,0.00000000,1.97055500,0.00000000
1624878074.27073193,0.05600000,0.00000000,1.97589000,0.00000000
1624878074.37115312,0.05500000,0.00000000,1.98171000,0.00000000
1624878074.47056508,0.05500000,0.00000000,1.98656000,0.00000000
1624878074.57091427,0.05400000,0.00000000,1.99189500,0.00000000
1624878074.67036390,0.05400000,0.00000000,1.99771500,0.00000000
1624878074.77112603,0.05300000,0.00000000,2.00256500,0.00000000
1624878074.87164783,0.05200000,0.00000000,2.00790000,0.00000000
1624878074.97211909,0.05200000,0.00000000,2.01372000,0.00000000
1624878075.07138824,0.05100000,0.00000000,2.01857000,0.00000000
1624878075.17182851,0.05100000,0.00000000,2.02390500,0.00000000
1624878075.27194524,0.05000000,0.00000000,2.02875500,0.00000000
1624878075.37155890,0.05000000,0.00000000,2.03360500,0.00000000
1624878075.47201133,0.04900000,0.00000000,2.03894000,0.00000000
1624878075.57138491,0.04900000,0.00000000,2.04282000,0.00000000
1624878075.67172980,0.04800000,0.00000000,2.04767000,0.00000000
1624878075.77210498,0.04800000,0.00000000,2.05252000,0.00000000
1624878075.87146854,0.04700000,0.00000000,2.05785500,0.00000000
1624878075.97184801,0.04700000,0.00000000,2.06173500,0.00000000
1624878076.07225895,0.04600000,0.00000000,2.06658500,0.00000000
1624878076.17275119,0.04600000,0.00000000,2.07192000,0.00000000
1624878076.27309108,0.04500000,0.00000000,2.07580000,0.00000000
1624878076.37254238,0.04500000,0.00000000,2.08065000,0.00000000
1624878076.47300196,0.04400000,0.00000000,2.08453000,0.00000000
1624878076.57265830,0.04400000,0.00000000,2.08889500,0.00000000
1624878076.67295218,0.04300000,0.00000000,2.09374500,0.00000000
1624878076.77283812,0.04300000,0.00000000,2.09762500,0.00000000
1624878076.87314034,0.04200000,0.00000000,2.10199000,0.00000000
1624878076.97256637,0.04200000,0.00000000,2.10587000,0.00000000
1624878077.07317305,0.04200000,0.00000000,2.11072000,0.00000000
1624878077.17256594,0.04100000,0.00000000,2.11460000,0.00000000
1624878077.27294302,0.04100000,0.00000000,2.11896500,0.00000000
1624878077.37219977,0.04000000,0.00000000,2.12284500,0.00000000
1624878077.47306252,0.04000000,0.00000000,2.12672500,0.00000000
1624878077.57323241,0.03900000,0.00000000,2.13060500,0.00000000
1624878077.67351079,0.03900000,0.00000000,2.13497000,0.00000000
1624878077.77395701,0.03900000,0.00000000,2.13885000,0.00000000
1624878077.87423563,0.03800000,0.00000000,2.14176000,0.00000000
1624878077.97458172,0.03800000,0.00000000,2.14564000,0.00000000
1624878078.07518697,0.03700000,0.00000000,2.14952000,0.00000000
1624878078.17560148,0.03700000,0.00000000,2.15388500,0.00000000
1624878078.27604222,0.03600000,0.00000000,2.15679500,0.00000000
1624878078.37534285,0.03600000,0.00000000,2.16067500,0.00000000
1624878078.47567773,0.03600000,0.00000000,2.16358500,0.00000000
1624878078.57624364,0.03500000,0.00000000,2.16795000,0.00000000
1624878078.67645025,0.03500000,0.00000000,2.17086000,0.00000000
1624878078.77628517,0.03500000,0.00000000,2.17474000,0.00000000
1624878078.87670255,0.03400000,0.00000000,2.17765000,0.00000000
1624878078.97710586,0.03400000,0.00000000,2.18153000,0.00000000
1624878079.07638478,0.03400000,0.00000000,2.18492500,0.00000000
1624878079.17669892,0.03300000,0.00000000,2.18783500,0.00000000
1624878079.27710176,0.03300000,0.00000000,2.19171500,0.00000000
1624878079.37641859,0.03300000,0.00000000,2.19462500,0.00000000
1624878079.47678089,0.03200000,0.00000000,2.19753500,0.00000000
1624878079.57707930,0.03200000,0.00000000,2.20093000,0.00000000
1624878079.67708540,0.03100000,0.00000000,2.20384000,0.00000000
1624878079.77638555,0.03100000,0.00000000,2.20675000,0.00000000
1624878079.87676954,0.03100000,0.00000000,2.21063000,0.00000000
1624878079.97709084,0.03100000,0.00000000,2.21354000,0.00000000
1624878080.07690716,0.03000000,0.00000000,2.21693500,0.00000000
1624878080.17720699,0.03000000,0.00000000,2.21984500,0.00000000
1624878080.27749372,0.03000000,0.00000000,2.22275500,0.00000000
1624878080.37779188,0.02900000,0.00000000,2.22566500,0.00000000
1624878080.47754622,0.00000000,0.00000000,2.22566500,0.00000000
1624878080.57787800,0.03000000,0.00000000,2.22857500,0.00000000
1624878080.67754984,0.06000000,0.00000000,2.23488000,0.00000000
1624878080.77814484,0.09000000,0.00000000,2.24264000,0.00000000
1624878080.87762451,0.12000000,0.00000000,2.25476500,0.00000000
1624878080.97801447,0.12700000,0.00000000,2.26786000,0.00000000
1624878081.07733130,0.12700000,0.00000000,2.28095500,0.00000000
1624878081.17799258,0.12700000,0.00000000,2.29356500,0.00000000
1624878081.27736735,0.12700000,0.00000000,2.30569000,0.00000000
1624878081.37799263,0.12600000,0.00000000,2.31878500,0.00000000
1624878081.47724152,0.12500000,0.00000000,2.33188000,0.00000000
1624878081.57738304,0.12300000,0.00000000,2.34352000,0.00000000
1624878081.67773175,0.12200000,0.00000000,2.35564500,0.00000000
1624878081.77793145,0.12100000,0.00000000,2.36777000,0.00000000
1624878081.87762260,0.11900000,0.00000000,2.37989500,0.00000000
1624878081.97733021,0.11800000,0.00000000,2.39153500,0.00000000
1624878082.07782316,0.11700000,0.00000000,2.40269000,0.00000000
1624878082.17743158,0.11600000,0.00000000,2.41481500,0.00000000
1624878082.27810860,0.11400000,0.00000000,2.42597000,0.00000000
1624878082.37873411,0.11300000,0.00000000,2.43761000,0.00000000
1624878082.47823381,0.11200000,0.00000000,2.44876500,0.00000000
1624878082.57876205,0.11100000,0.00000000,2.45992000,0.00000000
1624878082.67879295,0.11000000,0.00000000,2.47059000,0.00000000
1624878082.77921820,0.10900000,0.00000000,2.48174500,0.00000000
1624878082.87926173,0.10700000,0.00000000,2.49290000,0.00000000
1624878082.98013186,0.10600000,0.00000000,2.50260000,0.00000000
1624878083.08074737,0.10500000,0.00000000,2.51375500,0.00000000
1624878083.18036151,0.10400000,0.00000000,2.52394000,0.00000000
1624878083.28085113,0.10300000,0.00000000,2.53461000,0.00000000
1624878083.38022041,0.10200000,0.00000000,2.54479500,0.00000000
1624878083.48099041,0.10100000,0.00000000,2.55498000,0.00000000
1624878083.58036995,0.10000000,0.00000000,2.56468000,0.00000000
1624878083.68073964,0.09900000,0.00000000,2.57486500,0.00000000
1624878083.78109169,0.09800000,0.00000000,2.58456500,0.00000000
1624878083.88046265,0.09700000,0.00000000,2.59378000,0.00000000
1624878083.98071527,0.09600000,0.00000000,2.60396500,0.00000000
1624878084.08085179,0.09400000,0.00000000,2.61269500,0.00000000
1624878084.18115711,0.09400000,0.00000000,2.62288000,0.00000000
1624878084.28154206,0.09300000,0.00000000,2.63161000,0.00000000
1624878084.38187170,0.09200000,0.00000000,2.64082500,0.00000000
1624878084.48219180,0.09100000,0.00000000,2.64955500,0.00000000
1624878084.58251452,0.09000000,0.00000000,2.65877000,0.00000000
1624878084.68286395,0.08900000,0.00000000,2.66798500,0.00000000
1624878084.78307700,0.08800000,0.00000000,2.67671500,0.00000000
1624878084.88254261,0.08700000,0.00000000,2.68593000,0.00000000
1624878084.98274136,0.08600000,0.00000000,2.69369000,0.00000000
1624878085.08317471,0.08500000,0.00000000,2.70290500,0.00000000
1624878085.18384290,0.08400000,0.00000000,2.71066500,0.00000000
1624878085.28420091,0.08300000,0.00000000,2.71891000,0.00000000
1624878085.38437223,0.08200000,0.00000000,2.72764000,0.00000000
1624878085.48472953,0.08100000,0.00000000,2.73588500,0.00000000
1624878085.58504343,0.08100000,0.00000000,2.74364500,0.00000000
1624878085.68436623,0.08000000,0.00000000,2.75189000,0.00000000
1624878085.78522277,0.07900000,0.00000000,2.75965000,0.00000000
1624878085.88627172,0.07800000,0.00000000,2.76789500,0.00000000
1624878085.98654103,0.07700000,0.00000000,2.77468500,0.00000000
1624878086.08683062,0.07600000,0.00000000,2.78293000,0.00000000
1624878086.18710804,0.07600000,0.00000000,2.78972000,0.00000000
1624878086.28635263,0.07500000,0.00000000,2.79796500,0.00000000
1624878086.38669634,0.07400000,0.00000000,2.80475500,0.00000000
1624878086.48705149,0.07300000,0.00000000,2.81251500,0.00000000
1624878086.58634377,0.07300000,0.00000000,2.81979000,0.00000000
1624878086.68680811,0.07200000,0.00000000,2.82658000,0.00000000
1624878086.78626943,0.07100000,0.00000000,2.83385500,0.00000000
1624878086.88660145,0.07000000,0.00000000,2.84064500,0.00000000
1624878086.98695040,0.07000000,0.00000000,2.84792000,0.00000000
1624878087.08726168,0.06900000,0.00000000,2.85471000,0.00000000
1624878087.18753552,0.06800000,0.00000000,2.86198500,0.00000000
1624878087.28769827,0.06700000,0.00000000,2.86780500,0.00000000
1624878087.38755822,0.06700000,0.00000000,2.87459500,0.00000000
1624878087.48734522,0.06600000,0.00000000,2.88187000,0.00000000
1624878087.58737183,0.06500000,0.00000000,2.88769000,0.00000000
1624878087.68773532,0.06500000,0.00000000,2.89496500,0.00000000
1624878087.78812122,0.06400000,0.00000000,2.90078500,0.00000000
1624878087.88829279,0.06300000,0.00000000,2.90660500,0.00000000
1624878087.98847508,0.06300000,0.00000000,2.91388000,0.00000000
1624878088.08892083,0.06200000,0.00000000,2.91970000,0.00000000
1624878088.18907714,0.06100000,0.00000000,2.92552000,0.00000000
1624878088.29006243,0.06000000,0.00000000,2.93182500,0.00000000
1624878088.38926888,0.06000000,0.00000000,2.93764500,0.00000000
1624878088.48949027,0.05900000,0.00000000,2.94395000,0.00000000
1624878088.58968878,0.05900000,0.00000000,2.94977000,0.00000000
1624878088.68990755,0.05800000,0.00000000,2.95559000,0.00000000
1624878088.79012704,0.05700000,0.00000000,2.96092500,0.00000000
1624878088.88932014,0.05700000,0.00000000,2.96674500,0.00000000
1624878088.98962951,0.05600000,0.00000000,2.97256500,0.00000000
1624878089.08994842,0.05600000,0.00000000,2.97790000,0.00000000
1624878089.18924499,0.05500000,0.00000000,2.98372000,0.00000000
1624878089.28950763,0.05400000,0.00000000,2.98857000,0.00000000
1624878089.38983798,0.05400000,0.00000000,2.99487500,0.00000000
1624878089.48999071,0.05300000,0.00000000,2.99972500,0.00000000
1624878089.58992100,0.05300000,0.00000000,3.00457500,0.00000000
1624878089.69023371,0.05200000,0.00000000,3.00991000,0.00000000
1624878089.79059744,0.05200000,0.00000000,3.01573000,0.00000000
1624878089.89088845,0.05100000,0.00000000,3.02058000,0.00000000
1624878089.99102807,0.05100000,0.00000000,3.02591500,0.00000000
1624878090.09030962,0.05000000,0.00000000,3.03076500,0.00000000
1624878090.19062996,0.05000000,0.00000000,3.03561500,0.00000000
1624878090.29095030,0.04900000,0.00000000,3.04095000,0.00000000
1624878090.39091754,0.04800000,0.00000000,3.04580000,0.00000000
1624878090.49116278,0.04800000,0.00000000,3.04968000,0.00000000
1624878090.59147191,0.04700000,0.00000000,3.05453000,0.00000000
1624878090.69180727,0.04700000,0.00000000,3.05986500,0.00000000
1624878090.79182005,0.04600000,0.00000000,3.06374500,0.00000000
1624878090.89217544,0.04600000,0.00000000,3.06859500,0.00000000
1624878090.99248242,0.04500000,0.00000000,3.07296000,0.00000000
1624878091.09278655,0.04500000,0.00000000,3.07781000,0.00000000
1624878091.19308138,0.04500000,0.00000000,3.08169000,0.00000000
1624878091.29311013,0.04400000,0.00000000,3.08654000,0.00000000
1624878091.39408207,0.04400000,0.00000000,3.09090500,0.00000000
1624878091.49313664,0.04300000,0.00000000,3.09575500,0.00000000
1624878091.59344745,0.04300000,0.00000000,3.09963500,0.00000000
1624878091.69416237,0.04200000,0.00000000,3.10351500,0.00000000
1624878091.79344964,0.04200000,0.00000000,3.10788000,0.00000000
1624878091.89376283,0.04100000,0.00000000,3.11176000,0.00000000
1624878091.99404454,0.04100000,0.00000000,3.11564000,0.00000000
1624878092.09333515,0.04000000,0.00000000,3.11952000,0.00000000
1624878092.19361591,0.04000000,0.00000000,3.12388500,0.00000000
1624878092.29394555,0.04000000,0.00000000,3.12776500,0.00000000
1624878092.39425635,0.03900000,0.00000000,3.13164500,0.00000000
1624878092.49453807,0.03900000,0.00000000,3.13552500,0.00000000
1624878092.59486675,0.03800000,0.00000000,3.13989000,0.00000000
1624878092.69514537,0.03800000,0.00000000,3.14377000,0.00000000
1624878092.79435182,0.03800000,0.00000000,3.14765000,0.00000000
1624878092.89464712,0.03700000,0.00000000,3.15056000,0.00000000
1624878092.99496150,0.03700000,0.00000000,3.15492500,0.00000000
1624878093.09526110,0.03600000,0.00000000,3.15880500,0.00000000
1624878093.19554281,0.03600000,0.00000000,3.16171500,0.00000000
1624878093.29587936,0.03600000,0.00000000,3.16559500,0.00000000
1624878093.39618278,0.03500000,0.00000000,3.16899000,0.00000000
1624878093.49636340,0.03500000,0.00000000,3.17287000,0.00000000
1624878093.59663677,0.03400000,0.00000000,3.17578000,0.00000000
1624878093.69684696,0.03400000,0.00000000,3.17966000,0.00000000
1624878093.79708004,0.03400000,0.00000000,3.18257000,0.00000000
1624878093.89632535,0.03300000,0.00000000,3.18596500,0.00000000
1624878093.99655318,0.03300000,0.00000000,3.18984500,0.00000000
1624878094.09676695,0.03300000,0.00000000,3.19275500,0.00000000
1624878094.19699883,0.03200000,0.00000000,3.19566500,0.00000000
1624878094.29717731,0.03200000,0.00000000,3.19857500,0.00000000
1624878094.39758253,0.03200000,0.00000000,3.20197000,0.00000000
1624878094.49748778,0.03100000,0.00000000,3.20585000,0.00000000
1624878094.59746861,0.03100000,0.00000000,3.20876000,0.00000000
1624878094.69737983,0.03100000,0.00000000,3.21167000,0.00000000
1624878094.79755902,0.03000000,0.00000000,3.21458000,0.00000000
1624878094.89771247,0.03000000,0.00000000,3.21797500,0.00000000
1624878094.99792838,0.03000000,0.00000000,3.22088500,0.00000000
1624878095.09788489,0.02900000,0.00000000,3.22379500,0.00000000
1624878095.19804716,0.02900000,0.00000000,3.22670500,0.00000000
1624878095.29823995,0.02900000,0.00000000,3.22864500,0.00000000
1624878095.39850402,0.02900000,0.00000000,3.23155500,0.00000000
1624878095.49842286,0.02800000,0.00000000,3.23495000,0.00000000
1624878095.59834838,0.02800000,0.00000000,3.23786000,0.00000000
1624878095.69829750,0.02800000,0.00000000,3.24077000,0.00000000
1624878095.79920554,0.02700000,0.00000000,3.24368000,0.00000000
1624878095.89943099,0.02700000,0.00000000,3.24562000,0.00000000
1624878095.99968195,0.02700000,0.00000000,3.24853000,0.00000000
1624878096.09988332,0.02600000,0.00000000,3.25192500,0.00000000
1624878096.20004344,0.02600000,0.00000000,3.25386500,0.00000000
1624878096.30024767,0.02600000,0.00000000,3.25677500,0.00000000
1624878096.40074658,0.02600000,0.00000000,3.25871500,0.00000000
1624878096.50095773,0.02500000,0.00000000,3.26162500,0.00000000
1624878096.60118961,0.02500000,0.00000000,3.26356500,0.00000000
1624878096.70194530,0.02500000,0.00000000,3.26696000,0.00000000
1624878096.80174232,0.02500000,0.00000000,3.26890000,0.00000000
1624878096.90191221,0.02400000,0.00000000,3.27181000,0.00000000
1624878097.00217247,0.02400000,0.00000000,3.27375000,0.00000000
1624878097.10129666,0.02400000,0.00000000,3.27666000,0.00000000
1624878097.20162201,0.02400000,0.00000000,3.27860000,0.00000000
1624878097.30188656,0.02300000,0.00000000,3.28054000,0.00000000
1624878097.40217280,0.02300000,0.00000000,3.28393500,0.00000000
1624878097.50133061,0.02300000,0.00000000,3.28587500,0.00000000
1624878097.60163689,0.02300000,0.00000000,3.28781500,0.00000000
1624878097.70194054,0.02200000,0.00000000,3.28975500,0.00000000
1624878097.80226111,0.02200000,0.00000000,3.29266500,0.00000000
1624878097.90249062,0.02200000,0.00000000,3.29460500,0.00000000
1624878098.00264311,0.02200000,0.00000000,3.29654500,0.00000000
1624878098.10286140,0.02100000,0.00000000,3.29897000,0.00000000
1624878098.20302892,0.02100000,0.00000000,3.30091000,0.00000000
1624878098.30320263,0.02100000,0.00000000,3.30285000,0.00000000
1624878098.40335870,0.02100000,0.00000000,3.30479000,0.00000000
1624878098.50374866,0.02100000,0.00000000,3.30673000,0.00000000
1624878098.60393691,0.02000000,0.00000000,3.30867000,0.00000000
1624878098.70359540,0.02000000,0.00000000,3.31061000,0.00000000
1624878098.80380630,0.02000000,0.00000000,3.31255000,0.00000000
1624878098.90402198,0.02000000,0.00000000,3.31497500,0.00000000
1624878099.00424719,0.02000000,0.00000000,3.31691500,0.00000000
1624878099.10421157,0.01900000,0.00000000,3.31885500,0.00000000
1624878099.20501161,0.01900000,0.00000000,3.32079500,0.00000000
1624878099.30526567,0.01900000,0.00000000,3.32273500,0.00000000
1624878099.40542960,0.01900000,0.00000000,3.32467500,0.00000000
1624878099.50566912,0.01800000,0.00000000,3.32661500,0.00000000
1624878099.60601330,0.01800000,0.00000000,3.32855500,0.00000000
1624878099.70622849,0.01800000,0.00000000,3.32952500,0.00000000
1624878099.80645347,0.01800000,0.00000000,3.33195000,0.00000000
1624878099.90669894,0.01800000,0.00000000,3.33389000,0.00000000
1624878100.00674367,0.01800000,0.00000000,3.33583000,0.00000000
1624878100.10693407,0.01700000,0.00000000,3.33777000,0.00000000
1624878100.20718336,0.01700000,0.00000000,3.33874000,0.00000000
1624878100.30737638,0.01700000,0.00000000,3.34068000,0.00000000
1624878100.40748453,0.01700000,0.00000000,3.34262000,0.00000000
1624878100.50769997,0.01700000,0.00000000,3.34359000,0.00000000
1624878100.60792041,0.01600000,0.00000000,3.34553000,0.00000000
1624878100.70812321,0.01600000,0.00000000,3.34795500,0.00000000
1624878100.80731511,0.01600000,0.00000000,3.34892500,0.00000000
1624878100.90764761,0.01600000,0.00000000,3.35086500,0.00000000
1624878101.00793171,0.01600000,0.00000000,3.35183500,0.00000000
1624878101.10817957,0.01600000,0.00000000,3.35377500,0.00000000
1624878101.20843410,0.01500000,0.00000000,3.35474500,0.00000000
1624878101.30868983,0.01500000,0.00000000,3.35668500,0.00000000
1624878101.40886235,0.01500000,0.00000000,3.35765500,0.00000000
1624878101.50904131,0.01500000,0.00000000,3.35959500,0.00000000
1624878101.60922265,0.01500000,0.00000000,3.36056500,0.00000000
1624878101.70938253,0.01500000,0.00000000,3.36299000,0.00000000
1624878101.80956340,0.01500000,0.00000000,3.36396000,0.00000000
1624878101.90977573,0.01400000,0.00000000,3.36590000,0.00000000
1624878102.01001620,0.01400000,0.00000000,3.36687000,0.00000000
1624878102.11018777,0.01400000,0.00000000,3.36881000,0.00000000
1624878102.21044135,0.01400000,0.00000000,3.36978000,0.00000000
1624878102.31068683,0.01400000,0.00000000,3.37075000,0.00000000
1624878102.41108727,0.01400000,0.00000000,3.37269000,0.00000000
1624878102.51125193,0.01300000,0.00000000,3.37366000,0.00000000
1624878102.61160612,0.01300000,0.00000000,3.37463000,0.00000000
1624878102.71189857,0.01300000,0.00000000,3.37657000,0.00000000
1624878102.81209135,0.01300000,0.00000000,3.37754000,0.00000000
1624878102.91128421,0.01300000,0.00000000,3.37899500,0.00000000
1624878103.01149368,0.01300000,0.00000000,3.38093500,0.00000000
1624878103.11166215,0.01300000,0.00000000,3.38190500,0.00000000
1624878103.21193981,0.01300000,0.00000000,3.38287500,0.00000000
1624878103.31210828,0.01200000,0.00000000,3.38384500,0.00000000
1624878103.41131711,0.01200000,0.00000000,3.38578500,0.00000000
1624878103.51160979,0.01200000,0.00000000,3.38675500,0.00000000
1624878103.61214757,0.01200000,0.00000000,3.38772500,0.00000000
1624878103.71142220,0.01200000,0.00000000,3.38869500,0.00000000
1624878103.81175351,0.01200000,0.00000000,3.38966500,0.00000000
1624878103.91204262,0.01200000,0.00000000,3.39160500,0.00000000
1624878104.01129603,0.01100000,0.00000000,3.39257500,0.00000000
1624878104.11168337,0.01100000,0.00000000,3.39354500,0.00000000
1624878104.21205521,0.01100000,0.00000000,3.39451500,0.00000000
1624878104.31130600,0.01100000,0.00000000,3.39597000,0.00000000
1624878104.41162920,0.01100000,0.00000000,3.39694000,0.00000000
1624878104.51197505,0.01100000,0.00000000,3.39791000,0.00000000
1624878104.61149693,0.01100000,0.00000000,3.39888000,0.00000000
1624878104.71201324,0.01100000,0.00000000,3.39985000,0.00000000
1624878104.81210685,0.01100000,0.00000000,3.40179000,0.00000000
1624878104.91132474,0.01000000,0.00000000,3.40276000,0.00000000
1624878105.01144314,0.01000000,0.00000000,3.40373000,0.00000000
1624878105.11206865,0.01000000,0.00000000,3.40470000,0.00000000
1624878105.21183085,0.01000000,0.00000000,3.40567000,0.00000000
1624878105.31178284,0.01000000,0.00000000,3.40664000,0.00000000
1624878105.41150284,0.01000000,0.00000000,3.40761000,0.00000000
1624878105.51218915,0.01000000,0.00000000,3.40858000,0.00000000
1624878105.61294627,0.01000000,0.00000000,3.40955000,0.00000000
1624878105.71254110,0.01000000,0.00000000,3.41052000,0.00000000
1624878105.81229615,0.00900000,0.00000000,3.41052000,0.00000000
1624878105.91311026,0.00900000,0.00000000,3.41197500,0.00000000
1624878106.01301432,0.00900000,0.00000000,3.41294500,0.00000000
1624878106.11273408,0.00900000,0.00000000,3.41391500,0.00000000
1624878106.21290469,0.00900000,0.00000000,3.41488500,0.00000000
1624878106.31250477,0.00900000,0.00000000,3.41585500,0.00000000
1624878106.41317558,0.00900000,0.00000000,3.41682500,0.00000000
1624878106.51425672,0.00900000,0.00000000,3.41779500,0.00000000
1624878106.61515045,0.00900000,0.00000000,3.41876500,0.00000000
1624878106.71608639,0.00900000,0.00000000,3.41876500,0.00000000
1624878106.81595421,0.00900000,0.00000000,3.41973500,0.00000000
1624878106.91585898,0.00800000,0.00000000,3.42070500,0.00000000
1624878107.01563263,0.00800000,0.00000000,3.42167500,0.00000000
1624878107.11543012,0.00800000,0.00000000,3.42264500,0.00000000
1624878107.21577644,0.00800000,0.00000000,3.42361500,0.00000000
1624878107.31607246,0.00800000,0.00000000,3.42361500,0.00000000
1624878107.41578579,0.00800000,0.00000000,3.42458500,0.00000000
1624878107.51568890,0.00800000,0.00000000,3.42555500,0.00000000
1624878107.61532736,0.00800000,0.00000000,3.42652500,0.00000000
1624878107.71562672,0.00800000,0.00000000,3.42798000,0.00000000
1624878107.81614232,0.00800000,0.00000000,3.42798000,0.00000000
1624878107.91563582,0.00800000,0.00000000,3.42895000,0.00000000
1624878108.01616836,0.00800000,0.00000000,3.42992000,0.00000000
1624878108.11559153,0.00700000,0.00000000,3.43089000,0.00000000
1624878108.21610379,0.00700000,0.00000000,3.43089000,0.00000000
1624878108.31569576,0.00700000,0.00000000,3.43186000,0.00000000
1624878108.41610670,0.00700000,0.00000000,3.43283000,0.00000000
1624878108.51567936,0.00700000,0.00000000,3.43283000,0.00000000
1624878108.61622643,0.00700000,0.00000000,3.43380000,0.00000000
1624878108.71632481,0.00700000,0.00000000,3.43477000,0.00000000
1624878108.81690407,0.00700000,0.00000000,3.43574000,0.00000000
1624878108.91711307,0.00700000,0.00000000,3.43574000,0.00000000
1624878109.01635671,0.00700000,0.00000000,3.43671000,0.00000000
1624878109.11671329,0.00700000,0.00000000,3.43768000,0.00000000
1624878109.21665621,0.00700000,0.00000000,3.43768000,0.00000000
1624878109.31702924,0.00700000,0.00000000,3.43865000,0.00000000
1624878109.41717577,0.00600000,0.00000000,3.43962000,0.00000000
1624878109.51777291,0.00600000,0.00000000,3.43962000,0.00000000
1624878109.61798692,0.00600000,0.00000000,3.44059000,0.00000000
1624878109.71769500,0.00600000,0.00000000,3.44156000,0.00000000
1624878109.81743026,0.00300000,0.05235988,3.44156000,0.00000000
1624878109.91734219,0.00200000,0.08726646,3.44156000,0.00000000
1624878110.01766491,0.00200000,0.13962634,3.44156000,0.00000000
1624878110.11794925,0.00200000,0.17453293,3.44156000,0.00000000
1624878110.21802783,0.00100000,0.20943951,3.44253000,0.00000000
1624878110.31728649,0.00100000,0.22689280,3.44253000,0.00000000
1624878110.41768360,0.00100000,0.26179939,3.44253000,0.00000000
1624878110.51770997,0.00100000,0.27925268,3.44253000,0.00000000
1624878110.61782861,0.00100000,0.27925268,3.44253000,0.00000000
1624878110.71734214,0.00100000,0.29670597,3.44253000,0.00000000
1624878110.81796765,0.00100000,0.31415927,3.44253000,0.00000000
1624878110.91771150,0.00100000,0.31415927,3.44253000,0.00000000
1624878111.01804399,0.00100000,0.31415927,3.44253000,0.00000000
1624878111.11732793,0.00100000,0.31415927,3.44253000,0.00000000
1624878111.21825027,0.00100000,0.31415927,3.44253000,0.00000000
1624878111.31911588,0.00100000,0.33161256,3.44398500,0.00000000
1624878111.41852117,0.00100000,0.33161256,3.44398500,0.00000000
1624878111.51906323,0.00100000,0.31415927,3.44398500,0.00000000
1624878111.61855626,0.00100000,0.31415927,3.44398500,0.00000000
1624878111.71816206,0.00100000,0.31415927,3.44398500,0.00000000
1624878111.81867647,0.00100000,0.31415927,3.44398500,0.00000000
1624878111.91925001,0.00100000,0.31415927,3.44398500,0.00000000
1624878112.01944613,0.00100000,0.29670597,3.44398500,0.00097000
1624878112.11975169,0.00100000,0.29670597,3.44398500,0.00097000
1624878112.22011733,0.00100000,0.29670597,3.44398500,0.00097000
1624878112.31947064,0.00100000,0.27925268,3.44398500,0.00097000
1624878112.41992760,0.00100000,0.27925268,3.44495500,0.00097000
1624878112.51965833,0.00100000,0.27925268,3.44495500,0.00097000
1624878112.61945200,0.00100000,0.26179939,3.44495500,0.00097000
1624878112.71988726,0.00100000,0.26179939,3.44495500,0.00097000
1624878112.81938362,0.00100000,0.26179939,3.44495500,0.00097000
1624878112.91972995,0.00100000,0.24434610,3.44495500,0.00097000
1624878113.02001214,0.00100000,0.24434610,3.44495500,0.00097000
1624878113.11979866,0.00100000,0.22689280,3.44495500,0.00097000
1624878113.22010612,0.00100000,0.22689280,3.44495500,0.00097000
1624878113.31947732,0.00100000,0.22689280,3.44495500,0.00097000
1624878113.41978455,0.00100000,0.20943951,3.44495500,0.00194000
1624878113.52017641,0.00100000,0.20943951,3.44495500,0.00194000
1624878113.62104702,0.00100000,0.19198622,3.44495500,0.00194000
1624878113.72093034,0.00100000,0.19198622,3.44495500,0.00194000
1624878113.82047224,0.00100000,0.17453293,3.44495500,0.00194000
1624878113.92086887,0.00100000,0.17453293,3.44495500,0.00194000
1624878114.02112198,0.00100000,0.17453293,3.44495500,0.00194000
1624878114.12033343,0.00100000,0.15707963,3.44592500,0.00194000
1624878114.22086167,0.00100000,0.15707963,3.44592500,0.00194000
1624878114.32110333,0.00100000,0.15707963,3.44592500,0.00194000
1624878114.42127919,0.00100000,0.13962634,3.44592500,0.00194000
1624878114.52137399,0.00100000,0.13962634,3.44592500,0.00194000
1624878114.62179065,0.00100000,0.12217305,3.44592500,0.00291000
1624878114.72177219,0.00200000,0.12217305,3.44592500,0.00291000
1624878114.82151031,0.00200000,0.10471976,3.44592500,0.00291000
1624878114.92175841,0.00200000,0.10471976,3.44592500,0.00291000
1624878115.02149916,0.00200000,0.10471976,3.44592500,0.00291000
1624878115.12165308,0.00200000,0.10471976,3.44592500,0.00388000
1624878115.22182965,0.00200000,0.08726646,3.44592500,0.00388000
1624878115.32195330,0.00200000,0.08726646,3.44592500,0.00388000
1624878115.42219305,0.00200000,0.08726646,3.44592500,0.00388000
1624878115.52249575,0.00200000,0.08726646,3.44592500,0.00388000
1624878115.62308168,0.00200000,0.08726646,3.44592500,0.00388000
1624878115.72262692,0.00200000,0.06981317,3.44689500,0.00485000
1624878115.82232928,0.00200000,0.06981317,3.44689500,0.00485000
1624878115.92261982,0.00200000,0.06981317,3.44689500,0.00485000
1624878116.02278376,0.00200000,0.06981317,3.44689500,0.00485000
1624878116.12307334,0.00200000,0.06981317,3.44689500,0.00485000
1624878116.22242570,0.00200000,0.06981317,3.44689500,0.00582000
1624878116.32269239,0.00200000,0.06981317,3.44689500,0.00582000
1624878116.42304182,0.00200000,0.06981317,3.44689500,0.00582000
1624878116.52239823,0.00200000,0.05235988,3.44689500,0.00582000
1624878116.62269998,0.00200000,0.05235988,3.44689500,0.00582000
1624878116.72297311,0.00200000,0.05235988,3.44689500,0.00679000
1624878116.82317591,0.00200000,0.05235988,3.44689500,0.00679000
1624878116.92328763,0.00200000,0.05235988,3.44689500,0.00679000
1624878117.02368164,0.00200000,0.05235988,3.44689500,0.00679000
1624878117.12320662,0.00200000,0.05235988,3.44689500,0.00679000
1624878117.22353339,0.00200000,0.05235988,3.44689500,0.00776000
1624878117.32381582,0.00300000,0.03490659,3.44689500,0.00776000
1624878117.42408586,0.00200000,0.03490659,3.44689500,0.00776000
1624878117.52335119,0.00200000,0.03490659,3.44689500,0.00776000
1624878117.62365818,0.03150000,0.03490659,3.44786500,0.01067000
1624878117.72387600,0.05250000,0.03490659,3.44883500,0.01697500
1624878117.82329035,0.05250000,0.03490659,3.44980500,0.02182500
1624878117.92382836,0.05250000,0.03490659,3.45077500,0.02667500
1624878118.02368379,0.05150000,0.03490659,3.45174500,0.03152500
1624878118.12353873,0.02150000,0.03490659,3.45174500,0.03395000
1624878118.22329950,0.05150000,0.03490659,3.45271500,0.03880000
1624878118.32368398,0.05150000,0.03490659,3.45368500,0.04462000
1624878118.42372823,0.05050000,0.03490659,3.45465500,0.04995500
1624878118.52398992,0.04950000,0.01745329,3.45562500,0.05480500
1624878118.62316489,0.01950000,0.01745329,3.45562500,0.05577500
1624878118.72421503,0.04950000,0.01745329,3.45659500,0.06062500
1624878118.82436585,0.04950000,0.01745329,3.45756500,0.06596000
1624878118.92486620,0.04850000,0.01745329,3.45756500,0.07081000
1624878119.02477932,0.04750000,0.01745329,3.45853500,0.07566000
1624878119.12516809,0.01750000,0.01745329,3.45853500,0.07760000
1624878119.22552800,0.04750000,0.01745329,3.45999000,0.08293500
1624878119.32579184,0.04750000,0.01745329,3.46096000,0.08681500
1624878119.42544341,0.04650000,0.01745329,3.46193000,0.09166500
1624878119.52567124,0.04650000,0.01745329,3.46193000,0.09651500
1624878119.62620664,0.04550000,0.01745329,3.46290000,0.10088000
1624878119.72654557,0.04550000,0.01745329,3.46387000,0.10573000
1624878119.82679677,0.04450000,0.01745329,3.46387000,0.10961000
1624878119.92669034,0.04450000,0.01745329,3.46484000,0.11494500
1624878120.02667522,0.04400000,0.00000000,3.46581000,0.11882500
1624878120.12683558,0.01700000,0.00000000,3.46581000,0.12076500
1624878120.22676229,0.04400000,0.00000000,3.46581000,0.12464500
1624878120.32692909,0.04300000,0.00000000,3.46678000,0.12852500
1624878120.42630911,0.04300000,0.00000000,3.46775000,0.13386000
1624878120.52627134,0.04200000,0.00000000,3.46775000,0.13774000
1624878120.62694049,0.04200000,0.00000000,3.46872000,0.14162000
1624878120.72611713,0.04200000,0.00000000,3.46872000,0.14598500
1624878120.82634640,0.04100000,0.00000000,3.46969000,0.14986500
1624878120.92662287,0.04100000,0.00000000,3.46969000,0.15374500
1624878121.02682042,0.04000000,0.00000000,3.47066000,0.15762500
1624878121.12703395,0.04000000,0.00000000,3.47066000,0.16199000
1624878121.22635722,0.03900000,0.00000000,3.47163000,0.16587000
1624878121.32631230,0.03900000,0.00000000,3.47260000,0.16975000
1624878121.42664790,0.03900000,0.00000000,3.47260000,0.17363000
1624878121.52692199,0.03800000,0.00000000,3.47357000,0.17799500
1624878121.62645149,0.03800000,0.00000000,3.47357000,0.18090500
1624878121.72661257,0.03700000,0.00000000,3.47454000,0.18478500
1624878121.82683969,0.03700000,0.00000000,3.47454000,0.18866500
1624878121.92709470,0.03700000,0.00000000,3.47599500,0.19157500
1624878122.02639318,0.03600000,0.00000000,3.47599500,0.19594000
1624878122.12638617,0.03600000,0.00000000,3.47696500,0.19885000
1624878122.22706294,0.03600000,0.00000000,3.47696500,0.20273000
1624878122.32698512,0.03500000,0.00000000,3.47793500,0.20564000
1624878122.42654061,0.03500000,0.00000000,3.47793500,0.20952000
1624878122.52662849,0.03400000,0.00000000,3.47890500,0.21291500
1624878122.62661982,0.03400000,0.00000000,3.47890500,0.21679500
1624878122.72627378,0.03400000,0.00000000,3.47987500,0.21970500
1624878122.82670116,0.03300000,0.00000000,3.47987500,0.22261500
1624878122.92701173,0.03300000,0.00000000,3.47987500,0.22698000
1624878123.02654457,0.03300000,0.00000000,3.48084500,0.22989000
1624878123.12712264,0.03200000,0.00000000,3.48084500,0.23280000
1624878123.22644949,0.03200000,0.00000000,3.48181500,0.23571000
1624878123.32689285,0.03200000,0.00000000,3.48181500,0.23862000
1624878123.42638659,0.03100000,0.00000000,3.48278500,0.24298500
1624878123.52647543,0.03100000,0.00000000,3.48278500,0.24589500
1624878123.62683558,0.03100000,0.00000000,3.48375500,0.24880500
1624878123.72643638,0.03000000,0.00000000,3.48375500,0.25171500
1624878123.82702208,0.03000000,0.00000000,3.48375500,0.25462500
1624878123.92694640,0.00000000,0.00000000,3.48375500,0.25462500
1624878124.02630568,0.03000000,0.00000000,3.48472500,0.25753500
1624878124.12669110,0.06000000,0.00000000,3.48569500,0.26384000
1624878124.22710061,0.09000000,0.00000000,3.48666500,0.27257000
1624878124.32646513,0.12000000,0.00000000,3.48763500,0.28372500
1624878124.42667365,0.15000000,0.00000000,3.49054500,0.29876000
1624878124.52697206,0.17800000,0.00000000,3.49297000,0.31670500
1624878124.62658167,0.17800000,0.00000000,3.49491000,0.33368000
1624878124.72686505,0.17700000,0.00000000,3.49782000,0.35162500
1624878124.82713580,0.17600000,0.00000000,3.49976000,0.36860000
1624878124.92738199,0.17400000,0.00000000,3.50267000,0.38557500
1624878125.02770185,0.17300000,0.00000000,3.50461000,0.40352000
1624878125.12771392,0.17000000,0.00000000,3.50655000,0.41952500
1624878125.22797513,0.16900000,0.00000000,3.50994500,0.43698500
1624878125.32736230,0.16700000,0.00000000,3.51188500,0.45396000
1624878125.42726731,0.16500000,0.00000000,3.51382500,0.46996500
1624878125.52775455,0.16400000,0.00000000,3.51576500,0.48597000
1624878125.62811089,0.16200000,0.00000000,3.51867500,0.50197500
1624878125.72742915,0.16000000,0.00000000,3.52061500,0.51798000
1624878125.82777572,0.15800000,0.00000000,3.52255500,0.53398500
1624878125.92739081,0.15700000,0.00000000,3.52498000,0.54853500
1624878126.02777314,0.15500000,0.00000000,3.52692000,0.56454000
1624878126.12811303,0.15300000,0.00000000,3.52886000,0.57957500
1624878126.22753453,0.15200000,0.00000000,3.53177000,0.59461000
1624878126.32772827,0.15000000,0.00000000,3.53371000,0.60964500
1624878126.42726064,0.14900000,0.00000000,3.53565000,0.62468000
1624878126.52762747,0.14700000,0.00000000,3.53759000,0.63874500
1624878126.62801719,0.14600000,0.00000000,3.53953000,0.65378000
1624878126.72744060,0.14400000,0.00000000,3.54195500,0.66784500
1624878126.82769060,0.14300000,0.00000000,3.54389500,0.68191000
1624878126.92799020,0.14100000,0.00000000,3.54583500,0.69597500
1624878127.02742529,0.14000000,0.00000000,3.54777500,0.70955500
1624878127.12817216,0.13800000,0.00000000,3.54874500,0.72362000
1624878127.22869182,0.13700000,0.00000000,3.55068500,0.73671500
1624878127.32842851,0.13500000,0.00000000,3.55262500,0.75078000
1624878127.42820859,0.13400000,0.00000000,3.55456500,0.76387500
1624878127.52893877,0.13200000,0.00000000,3.55699000,0.77697000
1624878127.62857366,0.13100000,0.00000000,3.55893000,0.78958000
1624878127.72910261,0.13000000,0.00000000,3.55990000,0.80267500
1624878127.82899904,0.12800000,0.00000000,3.56184000,0.81577000
1624878127.92857504,0.12700000,0.00000000,3.56378000,0.82789500
1624878128.02851748,0.12600000,0.00000000,3.56572000,0.84099000
1624878128.12836337,0.12400000,0.00000000,3.56669000,0.85263000
1624878128.22826028,0.12300000,0.00000000,3.56863000,0.86475500
1624878128.32882309,0.12200000,0.00000000,3.57057000,0.87688000
1624878128.42916226,0.12000000,0.00000000,3.57154000,0.88852000
1624878128.52971053,0.11900000,0.00000000,3.57396500,0.90064500
1624878128.62997031,0.11800000,0.00000000,3.57590500,0.91180000
1624878128.73019505,0.11700000,0.00000000,3.57687500,0.92392500
1624878128.83025122,0.11600000,0.00000000,3.57881500,0.93459500
1624878128.93063831,0.11400000,0.00000000,3.57978500,0.94672000
1624878129.03102207,0.11300000,0.00000000,3.58172500,0.95787500
1624878129.13026094,0.11200000,0.00000000,3.58269500,0.96854500
1624878129.23074770,0.11100000,0.00000000,3.58463500,0.97970000
1624878129.33028603,0.11000000,0.00000000,3.58560500,0.99085500
1624878129.43069625,0.10900000,0.00000000,3.58754500,1.00152500
1624878129.53072071,0.10700000,0.00000000,3.58851500,1.01171000
1624878129.63031673,0.10600000,0.00000000,3.59094000,1.02286500
1624878129.73014569,0.10500000,0.00000000,3.59191000,1.03256500
1624878129.83120227,0.10400000,0.00000000,3.59385000,1.04372000
1624878129.93135524,0.10300000,0.00000000,3.59482000,1.05390500
1624878130.03194308,0.10200000,0.00000000,3.59676000,1.06360500
1624878130.13124442,0.10100000,0.00000000,3.59773000,1.07379000
1624878130.23163366,0.10000000,0.00000000,3.59870000,1.08397500
1624878130.33202410,0.09900000,0.00000000,3.60064000,1.09270500
1624878130.43152189,0.09800000,0.00000000,3.60161000,1.10289000
1624878130.53181696,0.09700000,0.00000000,3.60258000,1.11259000
1624878130.63126707,0.09600000,0.00000000,3.60452000,1.12180500
1624878130.73167229,0.09500000,0.00000000,3.60597500,1.13199000
1624878130.83207726,0.09400000,0.00000000,3.60694500,1.14072000
1624878130.93165731,0.09300000,0.00000000,3.60888500,1.14993500
1624878131.03192854,0.09200000,0.00000000,3.60985500,1.15866500
1624878131.13132262,0.09100000,0.00000000,3.61082500,1.16788000
1624878131.23169065,0.09000000,0.00000000,3.61179500,1.17661000
1624878131.33152294,0.08900000,0.00000000,3.61373500,1.18582500
1624878131.43189096,0.08800000,0.00000000,3.61470500,1.19455500
1624878131.53211689,0.08700000,0.00000000,3.61567500,1.20280000
1624878131.63149428,0.08600000,0.00000000,3.61664500,1.21153000
1624878131.73180723,0.08500000,0.00000000,3.61761500,1.21977500
1624878131.83206511,0.08400000,0.00000000,3.61858500,1.22899000
1624878131.93144536,0.08300000,0.00000000,3.62052500,1.23675000
1624878132.03164196,0.08300000,0.00000000,3.62198000,1.24499500
1624878132.13191748,0.08200000,0.00000000,3.62295000,1.25275500
1624878132.23188925,0.08100000,0.00000000,3.62392000,1.26051500
1624878132.33179426,0.08000000,0.00000000,3.62489000,1.26876000
1624878132.43206072,0.07900000,0.00000000,3.62586000,1.27652000
1624878132.53133488,0.07800000,0.00000000,3.62683000,1.28476500
1624878132.63183045,0.07800000,0.00000000,3.62780000,1.29155500
1624878132.73204613,0.07700000,0.00000000,3.62877000,1.29980000
1624878132.83135939,0.07600000,0.00000000,3.62974000,1.30756000
1624878132.93169069,0.07500000,0.00000000,3.63071000,1.31483500
1624878133.03191042,0.07400000,0.00000000,3.63168000,1.32162500
1624878133.13129449,0.07400000,0.00000000,3.63265000,1.32987000
1624878133.23154759,0.07300000,0.00000000,3.63362000,1.33666000
1624878133.33188915,0.07200000,0.00000000,3.63459000,1.34393500
1624878133.43226671,0.07100000,0.00000000,3.63556000,1.35072500
1624878133.53248525,0.07100000,0.00000000,3.63653000,1.35751500
1624878133.63283491,0.07000000,0.00000000,3.63798500,1.36479000
1624878133.73300743,0.06900000,0.00000000,3.63895500,1.37158000
1624878133.83230901,0.06800000,0.00000000,3.63992500,1.37885500
1624878133.93262577,0.06800000,0.00000000,3.64089500,1.38467500
1624878134.03319097,0.06700000,0.00000000,3.64186500,1.39195000
1624878134.13343692,0.06600000,0.00000000,3.64283500,1.39874000
1624878134.23369598,0.06600000,0.00000000,3.64380500,1.40456000
1624878134.33392501,0.06500000,0.00000000,3.64477500,1.41183500
1624878134.43412161,0.06400000,0.00000000,3.64574500,1.41765500
1624878134.53338242,0.06400000,0.00000000,3.64671500,1.42396000
1624878134.63368416,0.06300000,0.00000000,3.64671500,1.42978000
1624878134.73390698,0.06200000,0.00000000,3.64768500,1.43657000
1624878134.83414102,0.06200000,0.00000000,3.64865500,1.44287500
1624878134.93437552,0.06100000,0.00000000,3.64962500,1.44869500
1624878135.03463936,0.06000000,0.00000000,3.65059500,1.45451500
1624878135.13486695,0.06000000,0.00000000,3.65156500,1.46082000
1624878135.23467493,0.05900000,0.00000000,3.65156500,1.46567000
1624878135.33494091,0.05800000,0.00000000,3.65253500,1.47197500
1624878135.43521523,0.05800000,0.00000000,3.65399000,1.47779500
1624878135.53554845,0.05700000,0.00000000,3.65496000,1.48361500
1624878135.63577461,0.05700000,0.00000000,3.65593000,1.48895000
1624878135.73604870,0.05600000,0.00000000,3.65593000,1.49477000
1624878135.83535957,0.05600000,0.00000000,3.65690000,1.49962000
1624878135.93557358,0.05500000,0.00000000,3.65787000,1.50592500
1624878136.03581119,0.05400000,0.00000000,3.65884000,1.51077500
1624878136.13524079,0.05400000,0.00000000,3.65884000,1.51659500
1624878136.23544145,0.05300000,0.00000000,3.65981000,1.52193000
1624878136.33599567,0.05300000,0.00000000,3.66078000,1.52678000
1624878136.43624997,0.05200000,0.00000000,3.66175000,1.53163000
1624878136.53648210,0.02200000,0.00000000,3.66175000,1.53357000
1624878136.63674903,0.05200000,0.00000000,3.66272000,1.53987500
1624878136.73702335,0.08200000,0.00000000,3.66369000,1.54763500
1624878136.83632088,0.10000000,0.00000000,3.66466000,1.55782000
1624878136.93683362,0.09900000,0.00000000,3.66563000,1.56655000
1624878137.03630280,0.09900000,0.00000000,3.66757000,1.57673500
1624878137.13666916,0.09900000,0.00000000,3.66854000,1.58692000
1624878137.23692250,0.09800000,0.00000000,3.67096500,1.59662000
1624878137.33632708,0.09700000,0.00000000,3.67193500,1.60583500
1624878137.43677640,0.09600000,0.00000000,3.67290500,1.61553500
1624878137.53700733,0.09500000,0.00000000,3.67387500,1.62475000
1624878137.63651085,0.09400000,0.00000000,3.67581500,1.63396500
1624878137.73679972,0.09350000,-0.01745329,3.67678500,1.64366500
1624878137.83688498,0.09250000,-0.01745329,3.67775500,1.65288000
1624878137.93726301,0.09250000,-0.03490659,3.67969500,1.66161000
1624878138.03754354,0.09250000,-0.03490659,3.68066500,1.67082500
1624878138.13777113,0.06250000,-0.05235988,3.68163500,1.67664500
1624878138.23808599,0.04350000,-0.05235988,3.68260500,1.68198000
1624878138.33736348,0.04350000,-0.06981317,3.68260500,1.68586000
1624878138.43766856,0.01650000,-0.08726646,3.68357500,1.68780000
1624878138.53801012,0.03550000,-0.08726646,3.68357500,1.69071000
1624878138.63738656,0.01850000,-0.08726646,3.68454500,1.69265000
1624878138.73731828,0.03950000,-0.10471976,3.68454500,1.69653000
1624878138.83719611,0.02350000,-0.10471976,3.68551500,1.69992500
1624878138.93747473,0.00800000,-0.10471976,3.68551500,1.69992500
1624878139.03780413,0.03150000,-0.12217305,3.68697000,1.70283500
1624878139.13812017,0.00600000,-0.12217305,3.68697000,1.70380500
1624878139.23747897,0.01300000,-0.13962634,3.68697000,1.70477500
1624878139.33780837,0.01400000,-0.13962634,3.68697000,1.70671500
1624878139.43817401,0.01300000,-0.13962634,3.68794000,1.70768500
1624878139.53849816,0.00900000,-0.13962634,3.68794000,1.70865500
1624878139.63872409,0.03850000,-0.13962634,3.68891000,1.71156500
1624878139.73907900,0.00900000,-0.13962634,3.68988000,1.71253500
1624878139.83832622,0.03850000,-0.15707963,3.69085000,1.71690000
1624878139.93861675,0.06850000,-0.15707963,3.69279000,1.72369000
1624878140.03884602,0.08750000,-0.15707963,3.69570000,1.73193500
1624878140.13907480,0.05750000,-0.13962634,3.69764000,1.73678500
1624878140.23939514,0.07550000,-0.17453293,3.70055000,1.74357500
1624878140.33963799,0.07050000,-0.17453293,3.70394500,1.75085000
1624878140.43995953,0.06550000,-0.17453293,3.70685500,1.75667000
1624878140.53926921,0.06050000,-0.15707963,3.70976500,1.76152000
1624878140.63950634,0.06050000,-0.15707963,3.71170500,1.76782500
1624878140.73963118,0.05550000,-0.15707963,3.71461500,1.77267500
1624878140.84002328,0.05150000,-0.15707963,3.71655500,1.77655500
1624878140.93942904,0.04650000,-0.15707963,3.71995000,1.78092000
1624878141.03944230,0.04350000,-0.15707963,3.72189000,1.78480000
1624878141.13968635,0.01400000,-0.13962634,3.72189000,1.78577000
1624878141.24008489,0.03850000,-0.15707963,3.72383000,1.78965000
1624878141.34008980,0.03550000,-0.15707963,3.72577000,1.79256000
1624878141.43997145,0.03250000,-0.15707963,3.72771000,1.79498500
1624878141.53936768,0.03150000,-0.15707963,3.72965000,1.79789500
1624878141.63981342,0.02850000,-0.15707963,3.73159000,1.79983500
1624878141.74020791,0.00000000,-0.12217305,3.73159000,1.79983500
1624878141.84042859,0.00000000,-0.12217305,3.73159000,1.79983500
1624878141.94077158,0.00000000,-0.12217305,3.73159000,1.79983500
1624878142.04098701,0.00000000,-0.12217305,3.73159000,1.79983500
1624878142.14094663,0.00000000,-0.12217305,3.73159000,1.79983500
1624878142.24078608,0.00000000,-0.10471976,3.73159000,1.79983500
1624878142.34101486,0.00000000,-0.10471976,3.73159000,1.79983500
1624878142.44117498,0.00000000,-0.10471976,3.73159000,1.79983500
1624878142.54200697,0.00000000,-0.10471976,3.73159000,1.79983500
1624878142.64317346,0.00000000,-0.10471976,3.73159000,1.79983500
1624878142.74337673,0.00000000,-0.10471976,3.73159000,1.79983500
1624878142.84354281,0.00000000,-0.10471976,3.73159000,1.79983500
1624878142.94344544,0.00000000,-0.10471976,3.73159000,1.79983500
1624878143.04326487,0.00000000,-0.08726646,3.73159000,1.79983500
1624878143.14337111,0.00000000,-0.10471976,3.73159000,1.79983500
1624878143.24325037,0.00000000,-0.08726646,3.73159000,1.79983500
1624878143.34416151,0.00000000,-0.10471976,3.73159000,1.79983500
1624878143.44527936,0.00000000,-0.08726646,3.73159000,1.79983500
1624878143.54558396,0.00000000,-0.08726646,3.73159000,1.79983500
1624878143.64592910,0.00000000,-0.08726646,3.73159000,1.79983500
1624878143.74622846,0.00000000,-0.08726646,3.73159000,1.79983500
1624878143.84659386,0.00000000,-0.08726646,3.73159000,1.79983500
1624878143.94651818,0.00000000,-0.06981317,3.73159000,1.79983500
1624878144.04679036,0.00000000,-0.06981317,3.73159000,1.79983500
1624878144.14717603,0.00000000,-0.06981317,3.73159000,1.79983500
1624878144.24752069,0.00000000,-0.06981317,3.73159000,1.79983500
1624878144.34783912,0.00000000,-0.05235988,3.73159000,1.79983500
1624878144.44799232,0.00000000,-0.05235988,3.73159000,1.79983500
1624878144.54828358,0.00000000,-0.05235988,3.73159000,1.79983500
1624878144.64862251,0.00000000,-0.05235988,3.73159000,1.79983500
1624878144.74847960,0.00000000,-0.05235988,3.73159000,1.79983500
1624878144.84877467,0.00000000,-0.05235988,3.73159000,1.79983500
1624878144.94903684,0.00000000,-0.05235988,3.73159000,1.79983500
1624878145.04830718,0.00000000,-0.05235988,3.73159000,1.79983500
1624878145.14875317,0.00000000,-0.03490659,3.73159000,1.79983500
1624878145.24901986,0.00000000,-0.03490659,3.73159000,1.79983500
1624878145.34919620,0.00000000,-0.03490659,3.73159000,1.79983500
1624878145.44941306,0.00000000,-0.03490659,3.73159000,1.79983500
1624878145.54948044,0.00000000,-0.03490659,3.73159000,1.79983500
1624878145.64981103,0.00000000,-0.03490659,3.73159000,1.79983500
1624878145.75006700,0.00000000,-0.03490659,3.73159000,1.79983500
1624878145.84989953,0.00000000,-0.01745329,3.73159000,1.79983500
1624878145.95016956,0.00000000,-0.01745329,3.73159000,1.79983500
1624878146.04929161,0.00000000,-0.01745329,3.73159000,1.79983500
1624878146.14967060,0.00000000,-0.01745329,3.73159000,1.79983500
1624878146.24971938,0.00000000,-0.01745329,3.73159000,1.79983500
1624878146.35019922,0.00000000,-0.01745329,3.73159000,1.79983500
1624878146.45038056,0.00000000,-0.01745329,3.73159000,1.79983500
1624878146.55061364,0.00000000,-0.01745329,3.73159000,1.79983500
1624878146.65083528,0.00000000,-0.01745329,3.73159000,1.79983500
1624878146.75109744,0.00000000,-0.01745329,3.73159000,1.79983500
1624878146.85029602,0.00000000,-0.01745329,3.73159000,1.79983500
1624878146.95050597,0.00000000,-0.01745329,3.73159000,1.79983500
1624878147.05064201,0.00000000,-0.01745329,3.73159000,1.79983500
1624878147.15085888,0.00000000,-0.01745329,3.73159000,1.79983500
1624878147.25057292,0.00000000,0.00000000,3.73159000,1.79983500
1624878147.35124612,0.00000000,0.00000000,3.73159000,1.79983500
1624878147.45144415,0.00000000,0.00000000,3.73159000,1.79983500
1624878147.55213428,0.00000000,0.00000000,3.73159000,1.79983500
1624878147.65180278,0.00000000,0.00000000,3.73159000,1.79983500
1624878147.75150776,0.00000000,0.00000000,3.73159000,1.79983500
1624878147.85224319,0.00000000,0.00000000,3.73159000,1.79983500
1624878147.95247030,0.00000000,0.00000000,3.73159000,1.79983500
1624878148.05296063,0.00000000,0.00000000,3.73159000,1.79983500
1624878148.15288234,0.00000000,0.00000000,3.73159000,1.79983500
1624878148.25253320,0.00000000,0.00000000,3.73159000,1.79983500
1624878148.35316133,0.00000000,0.00000000,3.73159000,1.79983500
1624878148.45286393,0.00000000,0.00000000,3.73159000,1.79983500
1624878148.55311108,0.00000000,0.00000000,3.73159000,1.79983500
1624878148.65279078,0.00000000,0.00000000,3.73159000,1.79983500
1624878148.75250363,0.00000000,0.00000000,3.73159000,1.79983500
1624878148.85272121,0.00000000,-0.01745329,3.73159000,1.79983500
1624878148.95293760,0.00000000,-0.01745329,3.73159000,1.79983500
1624878149.05307055,0.00000000,-0.01745329,3.73159000,1.79983500
1624878149.15251303,0.00000000,-0.03490659,3.73159000,1.79983500
1624878149.25277972,0.00000000,-0.03490659,3.73159000,1.79983500
1624878149.35308218,0.00000000,-0.03490659,3.73159000,1.79983500
1624878149.45320272,0.00000000,-0.05235988,3.73159000,1.79983500
1624878149.55344987,0.00000000,-0.05235988,3.73159000,1.79983500
1624878149.65373540,0.00000000,-0.05235988,3.73159000,1.79983500
1624878149.75400138,0.00000000,-0.05235988,3.73159000,1.79983500
1624878149.85337734,0.00000000,-0.05235988,3.73159000,1.79983500
1624878149.95361090,0.00000000,-0.05235988,3.73159000,1.79983500
1624878150.05386090,0.00000000,-0.06981317,3.73159000,1.79983500
1624878150.15407944,0.00000000,-0.06981317,3.73159000,1.79983500
1624878150.25337839,0.00000000,-0.06981317,3.73159000,1.79983500
1624878150.35357785,0.00000000,-0.06981317,3.73159000,1.79983500
1624878150.45360518,0.00000000,-0.08726646,3.73159000,1.79983500
1624878150.55331802,0.00000000,-0.08726646,3.73159000,1.79983500
1624878150.65396333,0.00000000,-0.08726646,3.73159000,1.79983500
1624878150.75418401,0.00000000,-0.08726646,3.73159000,1.79983500
1624878150.85429859,0.00000000,-0.08726646,3.73159000,1.79983500
1624878150.95454383,0.00000000,-0.10471976,3.73159000,1.79983500
1624878151.05513263,0.00000000,-0.10471976,3.73159000,1.79983500
1624878151.15482283,0.00000000,-0.10471976,3.73159000,1.79983500
1624878151.25518227,0.00000000,-0.10471976,3.73159000,1.79983500
1624878151.35548615,0.00000000,-0.10471976,3.73159000,1.79983500
1624878151.45560884,0.00000000,-0.10471976,3.73159000,1.79983500
1624878151.55589032,0.00000000,-0.12217305,3.73159000,1.79983500
1624878151.65610242,0.00000000,-0.12217305,3.73159000,1.79983500
1624878151.75563407,0.00000000,-0.12217305,3.73159000,1.79983500
1624878151.85575962,0.00000000,-0.12217305,3.73159000,1.79983500
1624878151.95563722,0.00000000,-0.12217305,3.73159000,1.79983500
1624878152.05579925,0.00000000,-0.12217305,3.73159000,1.79983500
1624878152.15603733,0.00000000,-0.12217305,3.73159000,1.79983500
1624878152.25611377,0.00000000,-0.12217305,3.73159000,1.79983500
1624878152.35525560,0.00000000,-0.12217305,3.73159000,1.79983500
1624878152.45576596,0.00000000,-0.13962634,3.73159000,1.79983500
1624878152.55536819,0.00000000,-0.13962634,3.73159000,1.79983500
1624878152.65564275,0.00000000,-0.12217305,3.73159000,1.79983500
1624878152.75595260,0.00000000,-0.13962634,3.73159000,1.79983500
1624878152.85614395,0.00000000,-0.13962634,3.73159000,1.79983500
1624878152.95531464,0.00000000,-0.13962634,3.73159000,1.79983500
1624878153.05549979,0.00000000,-0.13962634,3.73159000,1.79983500
1624878153.15573549,0.00000000,-0.13962634,3.73159000,1.79983500
1624878153.25587106,0.00000000,-0.13962634,3.73159000,1.79983500
1624878153.35607672,0.00000000,-0.13962634,3.73159000,1.79983500
1624878153.45625830,0.00000000,-0.13962634,3.73159000,1.79983500
1624878153.55642104,0.00000000,-0.13962634,3.73159000,1.79983500
1624878153.65664077,0.00000000,-0.13962634,3.73159000,1.79983500
1624878153.75660706,0.00000000,-0.13962634,3.73159000,1.79983500
1624878153.85685444,0.00000000,-0.13962634,3.73159000,1.79983500
1624878153.95627666,0.00000000,-0.13962634,3.73159000,1.79983500
1624878154.05640769,0.00000000,-0.15707963,3.73159000,1.79983500
1624878154.15638375,0.00000000,-0.15707963,3.73159000,1.79983500
1624878154.25654578,0.00000000,-0.13962634,3.73159000,1.79983500
1624878154.35620666,0.00000000,-0.13962634,3.73159000,1.79983500
1624878154.45636582,0.00000000,-0.13962634,3.73159000,1.79983500
1624878154.55671763,0.00000000,-0.15707963,3.73159000,1.79983500
1624878154.65686941,0.00000000,-0.15707963,3.73159000,1.79983500
1624878154.75694323,0.00000000,-0.15707963,3.73159000,1.79983500
1624878154.85723138,0.00000000,-0.13962634,3.73159000,1.79983500
1624878154.95748210,0.00000000,-0.13962634,3.73159000,1.79983500
1624878155.05771422,0.00000000,-0.13962634,3.73159000,1.79983500
1624878155.15799379,0.00000000,-0.13962634,3.73159000,1.79983500
1624878155.25804234,0.00000000,-0.15707963,3.73159000,1.79983500
1624878155.35793948,0.00000000,-0.13962634,3.73159000,1.79983500
1624878155.45737314,0.00000000,-0.13962634,3.73159000,1.79983500
1624878155.55755663,0.00000000,-0.13962634,3.73159000,1.79983500
1624878155.65781665,0.00000000,-0.13962634,3.73159000,1.79983500
1624878155.75810385,0.00000000,-0.13962634,3.73159000,1.79983500
1624878155.85732603,0.00000000,-0.13962634,3.73159000,1.79983500
1624878155.95749950,0.00000000,-0.13962634,3.73159000,1.79983500
1624878156.05778623,0.00000000,-0.13962634,3.73159000,1.79983500
1624878156.15741420,0.00000000,-0.13962634,3.73159000,1.79983500
1624878156.25763869,0.00000000,-0.13962634,3.73159000,1.79983500
1624878156.35800838,0.00000000,-0.13962634,3.73159000,1.79983500
1624878156.45723653,0.00000000,-0.13962634,3.73159000,1.79983500
1624878156.55813193,0.00000000,-0.13962634,3.73159000,1.79983500
1624878156.65742779,0.00000000,-0.13962634,3.73159000,1.79983500
1624878156.75766230,0.00000000,-0.12217305,3.73159000,1.79983500
1624878156.85795259,0.00000000,-0.12217305,3.73159000,1.79983500
1624878156.95732164,0.00000000,-0.12217305,3.73159000,1.79983500
1624878157.05784559,0.00000000,-0.10471976,3.73159000,1.79983500
1624878157.15824294,0.00000000,-0.10471976,3.73159000,1.79983500
1624878157.25870204,0.00000000,-0.08726646,3.73159000,1.79983500
1624878157.35923815,0.00000000,-0.08726646,3.73159000,1.79983500
1624878157.45962739,0.00000000,-0.08726646,3.73159000,1.79983500
1624878157.56011176,0.00000000,-0.06981317,3.73159000,1.79983500
1624878157.65944195,0.00000000,-0.06981317,3.73159000,1.79983500
1624878157.75976300,0.00000000,-0.06981317,3.73159000,1.79983500
1624878157.86024594,0.00000000,-0.06981317,3.73159000,1.79983500
1624878157.96061230,0.00000000,-0.05235988,3.73159000,1.79983500
1624878158.06099343,0.00000000,-0.05235988,3.73159000,1.79983500
1624878158.16074038,0.00000000,-0.05235988,3.73159000,1.79983500
1624878158.26108718,0.00000000,-0.05235988,3.73159000,1.79983500
1624878158.36045241,0.00000000,-0.05235988,3.73159000,1.79983500
1624878158.46080279,0.00000000,-0.05235988,3.73159000,1.79983500
1624878158.56110573,0.00000000,-0.05235988,3.73159000,1.79983500
1624878158.66106248,0.00000000,-0.03490659,3.73159000,1.79983500
1624878158.76098156,0.00000000,-0.03490659,3.73159000,1.79983500
1624878158.86038780,0.00000000,-0.03490659,3.73159000,1.79983500
1624878158.96074748,0.00000000,-0.03490659,3.73159000,1.79983500
1624878159.06113338,0.00000000,-0.03490659,3.73159000,1.79983500
1624878159.16045785,0.00000000,-0.03490659,3.73159000,1.79983500
1624878159.26077080,0.00000000,-0.03490659,3.73159000,1.79983500
1624878159.36067915,0.00000000,-0.01745329,3.73159000,1.79983500
1624878159.46090245,0.00000000,-0.01745329,3.73159000,1.79983500
1624878159.56122732,0.00000000,-0.01745329,3.73159000,1.79983500
1624878159.66228151,0.00000000,-0.01745329,3.73159000,1.79983500
1624878159.76260924,0.00000000,-0.01745329,3.73159000,1.79983500
1624878159.86293840,0.00000000,-0.01745329,3.73159000,1.79983500
1624878159.96330714,0.00000000,-0.01745329,3.73159000,1.79983500
1624878160.06360197,0.00000000,-0.01745329,3.73159000,1.79983500
1624878160.16421223,0.00000000,-0.01745329,3.73159000,1.79983500
1624878160.26520586,0.00000000,-0.01745329,3.73159000,1.79983500
1624878160.36549282,0.00000000,-0.01745329,3.73159000,1.79983500
1624878160.46580815,0.00000000,-0.01745329,3.73159000,1.79983500
1624878160.56608462,0.00000000,-0.01745329,3.73159000,1.79983500
1624878160.66533995,0.00000000,-0.01745329,3.73159000,1.79983500
1624878160.76579833,0.00000000,-0.01745329,3.73159000,1.79983500
1624878160.86533451,0.00000000,0.00000000,3.73159000,1.79983500
1624878160.96581554,0.00000000,0.00000000,3.73159000,1.79983500
1624878161.06596422,0.00000000,0.00000000,3.73159000,1.79983500
1624878161.16551042,0.00000000,0.00000000,3.73159000,1.79983500
1624878161.26593280,0.00000000,0.00000000,3.73159000,1.79983500
1624878161.36579585,0.00000000,0.00000000,3.73159000,1.79983500
1624878161.46535563,0.00000000,0.00000000,3.73159000,1.79983500
1624878161.56535721,0.00000000,0.00000000,3.73159000,1.79983500
1624878161.66611052,0.00000000,0.00000000,3.73159000,1.79983500
1624878161.76605582,0.00000000,0.00000000,3.73159000,1.79983500
1624878161.86599755,0.00000000,0.00000000,3.73159000,1.79983500
1624878161.96558046,0.00000000,0.00000000,3.73159000,1.79983500
1624878162.06517839,0.00000000,0.00000000,3.73159000,1.79983500
1624878162.16531563,0.00000000,0.00000000,3.73159000,1.79983500
1624878162.26598644,0.00000000,0.00000000,3.73159000,1.79983500
1624878162.36583734,0.00000000,0.00000000,3.73159000,1.79983500
1624878162.46559048,0.00000000,0.00000000,3.73159000,1.79983500
1624878162.56533909,0.00000000,0.00000000,3.73159000,1.79983500
1624878162.66628838,0.00000000,0.00000000,3.73159000,1.79983500
1624878162.76656342,0.00000000,0.00000000,3.73159000,1.79983500
1624878162.86729956,0.00000000,0.00000000,3.73159000,1.79983500
1624878162.96734381,0.00000000,0.00000000,3.73159000,1.79983500
1624878163.06798744,0.00000000,0.00000000,3.73159000,1.79983500
1624878163.16775990,0.00000000,0.00000000,3.73159000,1.79983500
1624878163.26752281,0.00000000,0.00000000,3.73159000,1.79983500
1624878163.36823106,0.00000000,0.00000000,3.73159000,1.79983500
1624878163.46890330,0.00000000,0.00000000,3.73159000,1.79983500
1624878163.56865740,0.00000000,0.00000000,3.73159000,1.79983500
1624878163.66833258,0.00000000,0.00000000,3.73159000,1.79983500
1624878163.76905465,0.00000000,0.00000000,3.73159000,1.79983500
1624878163.86905622,0.00000000,0.00000000,3.73159000,1.79983500
1624878163.96884346,0.00000000,0.00000000,3.73159000,1.79983500
1624878164.06871653,0.00000000,0.00000000,3.73159000,1.79983500
1624878164.16889906,0.00000000,0.00000000,3.73159000,1.79983500
1624878164.26902795,0.00000000,0.00000000,3.73159000,1.79983500
1624878164.36906171,0.00000000,0.00000000,3.73159000,1.79983500
1624878164.46894932,0.00000000,0.00000000,3.73159000,1.79983500
1624878164.56874132,0.00000000,0.00000000,3.73159000,1.79983500
1624878164.66842651,0.00000000,0.00000000,3.73159000,1.79983500
1624878164.76903892,0.00000000,0.00000000,3.73159000,1.79983500
1624878164.86852813,0.00000000,0.00000000,3.73159000,1.79983500
1624878164.96872330,0.00000000,0.00000000,3.73159000,1.79983500
1624878165.06841087,0.00000000,0.00000000,3.73159000,1.79983500
1624878165.16826558,0.00000000,0.00000000,3.73159000,1.79983500
1624878165.26893115,0.00000000,0.00000000,3.73159000,1.79983500
1624878165.36838794,0.00000000,0.00000000,3.73159000,1.79983500
1624878165.46915174,0.00000000,0.00000000,3.73159000,1.79983500
1624878165.56988549,0.00000000,0.00000000,3.73159000,1.79983500
1624878165.66965103,0.00000000,0.00000000,3.73159000,1.79983500
1624878165.76951885,0.00000000,0.00000000,3.73159000,1.79983500
1624878165.86960602,0.00000000,0.00000000,3.73159000,1.79983500
1624878165.96993113,0.00000000,0.00000000,3.73159000,1.79983500
1624878166.06974316,0.00000000,0.00000000,3.73159000,1.79983500
1624878166.16943550,0.00000000,0.00000000,3.73159000,1.79983500
1624878166.26920366,0.00000000,0.00000000,3.73159000,1.79983500
1624878166.36926675,0.00000000,0.00000000,3.73159000,1.79983500
1624878166.46987510,0.00000000,0.00000000,3.73159000,1.79983500
1624878166.56959152,0.00000000,0.00000000,3.73159000,1.79983500
