Seconds, Linear Velocity, Angular Velocitiy,X,Y
1624843142.24543118,0.00000000,0.00000000,0.00000000,0.00000000
1624843142.34614825,0.00000000,0.00000000,0.00000000,0.00000000
1624843142.44588137,0.00000000,0.00000000,0.00000000,0.00000000
1624843142.54596353,0.00000000,0.00000000,0.00000000,0.00000000
1624843142.64594007,0.00000000,0.00000000,0.00000000,0.00000000
1624843142.74544930,0.00000000,0.00000000,0.00000000,0.00000000
1624843142.84555411,0.00000000,0.00000000,0.00000000,0.00000000
1624843142.94638944,0.00000000,0.00000000,0.00000000,0.00000000
1624843143.04669666,0.00000000,0.00000000,0.00000000,0.00000000
1624843143.14706731,0.00000000,0.00000000,0.00000000,0.00000000
1624843143.24687171,0.00000000,0.00000000,0.00000000,0.00000000
1624843143.34661388,0.00000000,0.00000000,0.00000000,0.00000000
1624843143.44743967,0.00000000,0.00000000,0.00000000,0.00000000
1624843143.54741001,0.00000000,0.00000000,0.00000000,0.00000000
1624843143.64815974,0.00000000,0.00000000,0.00000000,0.00000000
1624843143.74782658,0.00000000,0.00000000,0.00000000,0.00000000
1624843143.84824300,0.00000000,0.00000000,0.00000000,0.00000000
1624843143.94760013,0.00000000,0.00000000,0.00000000,0.00000000
1624843144.04766893,0.00000000,0.00000000,0.00000000,0.00000000
1624843144.14758372,0.00000000,0.00000000,0.00000000,0.00000000
1624843144.24757624,0.00000000,0.00000000,0.00000000,0.00000000
1624843144.34769726,0.00000000,0.00000000,0.00000000,0.00000000
1624843144.44825053,0.00000000,0.00000000,0.00000000,0.00000000
1624843144.54875278,0.00000000,0.00000000,0.00000000,0.00000000
1624843144.64832568,0.00000000,0.00000000,0.00000000,0.00000000
1624843144.74902987,0.00000000,0.00000000,0.00000000,0.00000000
1624843144.84873986,0.00000000,0.00000000,0.00000000,0.00000000
1624843144.94936275,0.00000000,0.00000000,0.00000000,0.00000000
1624843145.04982042,0.00000000,0.00000000,0.00000000,0.00000000
1624843145.14962482,0.00000000,0.00000000,0.00000000,0.00000000
1624843145.25037074,0.00000000,0.00000000,0.00000000,0.00000000
1624843145.35017180,0.00000000,0.00000000,0.00000000,0.00000000
1624843145.44994402,0.00000000,0.00000000,0.00000000,0.00000000
1624843145.54950118,0.00000000,0.00000000,0.00000000,0.00000000
1624843145.65006614,0.00000000,0.00000000,0.00000000,0.00000000
1624843145.74969101,0.00000000,0.00000000,0.00000000,0.00000000
1624843145.84930396,0.00000000,0.00000000,0.00000000,0.00000000
1624843145.95025444,0.00000000,0.00000000,0.00000000,0.00000000
1624843146.05031633,0.00000000,0.00000000,0.00000000,0.00000000
1624843146.15126109,0.00000000,0.00000000,0.00000000,0.00000000
1624843146.25095344,0.00000000,0.00000000,0.00000000,0.00000000
1624843146.35067010,0.00000000,0.00000000,0.00000000,0.00000000
1624843146.45145416,0.00000000,0.00000000,0.00000000,0.00000000
1624843146.55207729,0.00000000,0.00000000,0.00000000,0.00000000
1624843146.65200901,0.00000000,0.00000000,0.00000000,0.00000000
1624843146.75218225,0.00000000,0.00000000,0.00000000,0.00000000
1624843146.85172939,0.00000000,0.00000000,0.00000000,0.00000000
1624843146.95131278,0.00000000,0.00000000,0.00000000,0.00000000
1624843147.05201435,0.00000000,0.00000000,0.00000000,0.00000000
1624843147.15162873,0.00000000,0.00000000,0.00000000,0.00000000
1624843147.25154090,0.00000000,0.00000000,0.00000000,0.00000000
1624843147.35166478,0.00000000,0.00000000,0.00000000,0.00000000
1624843147.45193934,0.00000000,0.00000000,0.00000000,0.00000000
1624843147.55224252,0.00000000,0.00000000,0.00000000,0.00000000
1624843147.65166068,0.00000000,0.00000000,0.00000000,0.00000000
1624843147.75245380,0.00000000,0.00000000,0.00000000,0.00000000
1624843147.85322380,0.00000000,0.00000000,0.00000000,0.00000000
1624843147.95278287,0.00000000,0.00000000,0.00000000,0.00000000
1624843148.05235553,0.00000000,0.00000000,0.00000000,0.00000000
1624843148.15294743,0.00000000,0.00000000,0.00000000,0.00000000
1624843148.25255513,0.00000000,0.00000000,0.00000000,0.00000000
1624843148.35316610,0.00000000,0.00000000,0.00000000,0.00000000
1624843148.45303750,0.00000000,0.00000000,0.00000000,0.00000000
1624843148.55264521,0.00000000,0.00000000,0.00000000,0.00000000
1624843148.65279698,0.00000000,0.00000000,0.00000000,0.00000000
1624843148.75349450,0.00000000,0.00000000,0.00000000,0.00000000
1624843148.85426235,0.00000000,0.00000000,0.00000000,0.00000000
1624843148.95375156,0.00000000,0.00000000,0.00000000,0.00000000
1624843149.05376506,0.00000000,0.00000000,0.00000000,0.00000000
1624843149.15358138,0.00000000,0.00000000,0.00000000,0.00000000
1624843149.25393701,0.00000000,0.00000000,0.00000000,0.00000000
1624843149.35420728,0.00000000,0.00000000,0.00000000,0.00000000
1624843149.45433831,0.00000000,0.00000000,0.00000000,0.00000000
1624843149.55414486,0.00000000,0.00000000,0.00000000,0.00000000
1624843149.65451217,0.00000000,0.00000000,0.00000000,0.00000000
1624843149.75455999,0.00000000,0.00000000,0.00000000,0.00000000
1624843149.85456944,0.00000000,0.00000000,0.00000000,0.00000000
1624843149.95488644,0.00000000,0.00000000,0.00000000,0.00000000
1624843150.05446410,0.00000000,0.00000000,0.00000000,0.00000000
1624843150.15514135,0.00000000,0.00000000,0.00000000,0.00000000
1624843150.25497055,0.00000000,0.00000000,0.00000000,0.00000000
1624843150.35462523,0.00000000,0.00000000,0.00000000,0.00000000
1624843150.45527554,0.00000000,0.00000000,0.00000000,0.00000000
1624843150.55616903,0.00000000,0.00000000,0.00000000,0.00000000
1624843150.65609694,0.00000000,0.00000000,0.00000000,0.00000000
1624843150.75605416,0.00000000,0.00000000,0.00000000,0.00000000
1624843150.85559559,0.00000000,0.00000000,0.00000000,0.00000000
1624843150.95643711,0.00000000,0.00000000,0.00000000,0.00000000
1624843151.05643034,0.00000000,0.00000000,0.00000000,0.00000000
1624843151.15727448,0.03000000,0.00000000,0.00291000,0.00000000
1624843151.25758028,0.05000000,0.00000000,0.00776000,0.00000000
1624843151.35791874,0.05000000,0.00000000,0.01261000,0.00000000
1624843151.45827603,0.05000000,0.00000000,0.01794500,0.00000000
1624843151.55919218,0.05000000,0.00000000,0.02279500,0.00000000
1624843151.65866613,0.05000000,0.00000000,0.02764500,0.00000000
1624843151.75909734,0.05000000,0.00000000,0.03298000,0.00000000
1624843151.85914803,0.04900000,0.00000000,0.03783000,0.00000000
1624843151.95909524,0.04900000,0.00000000,0.04268000,0.00000000
1624843152.05938363,0.04800000,0.00000000,0.04753000,0.00000000
1624843152.15883017,0.04800000,0.00000000,0.05189500,0.00000000
1624843152.25914145,0.04700000,0.00000000,0.05674500,0.00000000
1624843152.35879421,0.04700000,0.00000000,0.06159500,0.00000000
1624843152.45896578,0.04600000,0.00000000,0.06596000,0.00000000
1624843152.55856633,0.04600000,0.00000000,0.07081000,0.00000000
1624843152.65873766,0.04500000,0.00000000,0.07566000,0.00000000
1624843152.75925088,0.04500000,0.00000000,0.07954000,0.00000000
1624843152.85965872,0.04400000,0.00000000,0.08390500,0.00000000
1624843152.96039629,0.04400000,0.00000000,0.08875500,0.00000000
1624843153.06057191,0.04300000,0.00000000,0.09263500,0.00000000
1624843153.16052794,0.04300000,0.00000000,0.09651500,0.00000000
1624843153.26114583,0.04200000,0.00000000,0.10185000,0.00000000
1624843153.36078143,0.04200000,0.00000000,0.10573000,0.00000000
1624843153.46042299,0.04200000,0.00000000,0.10961000,0.00000000
1624843153.56102252,0.04100000,0.00000000,0.11397500,0.00000000
1624843153.66058254,0.04100000,0.00000000,0.11785500,0.00000000
1624843153.76087046,0.04000000,0.00000000,0.12173500,0.00000000
1624843153.86137104,0.04000000,0.00000000,0.12561500,0.00000000
1624843153.96164393,0.03900000,0.00000000,0.12998000,0.00000000
1624843154.06202126,0.03900000,0.00000000,0.13386000,0.00000000
1624843154.16155028,0.03900000,0.00000000,0.13774000,0.00000000
1624843154.26163912,0.06900000,0.00000000,0.14453000,0.00000000
1624843154.36192322,0.09900000,0.00000000,0.15471500,0.00000000
1624843154.46231174,0.12900000,0.00000000,0.16684000,0.00000000
1624843154.56319404,0.15900000,0.00000000,0.18284500,0.00000000
1624843154.66293979,0.18700000,0.00000000,0.20176000,0.00000000
1624843154.76269770,0.18600000,0.00000000,0.22067500,0.00000000
1624843154.86245298,0.18600000,0.00000000,0.23862000,0.00000000
1624843154.96278334,0.18500000,0.00000000,0.25753500,0.00000000
1624843155.06246924,0.18300000,0.00000000,0.27596500,0.00000000
1624843155.16262770,0.18200000,0.00000000,0.29391000,0.00000000
1624843155.26291323,0.18000000,0.00000000,0.31185500,0.00000000
1624843155.36319089,0.17800000,0.00000000,0.32980000,0.00000000
1624843155.46281266,0.17600000,0.00000000,0.34774500,0.00000000
1624843155.56287193,0.17400000,0.00000000,0.36472000,0.00000000
1624843155.66229677,0.17200000,0.00000000,0.38266500,0.00000000
1624843155.76249814,0.17100000,0.00000000,0.39964000,0.00000000
1624843155.86257362,0.16900000,0.00000000,0.41661500,0.00000000
1624843155.96303296,0.16700000,0.00000000,0.43262000,0.00000000
1624843156.06274843,0.16500000,0.00000000,0.44959500,0.00000000
1624843156.16235423,0.16400000,0.00000000,0.46560000,0.00000000
1624843156.26297879,0.16200000,0.00000000,0.48160500,0.00000000
1624843156.36240220,0.16000000,0.00000000,0.49761000,0.00000000
1624843156.46323442,0.15800000,0.00000000,0.51361500,0.00000000
1624843156.56254673,0.15700000,0.00000000,0.52962000,0.00000000
1624843156.66245914,0.15500000,0.00000000,0.54465500,0.00000000
1624843156.76314378,0.15300000,0.00000000,0.56066000,0.00000000
1624843156.86331916,0.15200000,0.00000000,0.57569500,0.00000000
1624843156.96311402,0.15000000,0.00000000,0.59073000,0.00000000
1624843157.06282282,0.14900000,0.00000000,0.60576500,0.00000000
1624843157.16298199,0.14700000,0.00000000,0.62080000,0.00000000
1624843157.26318622,0.14600000,0.00000000,0.63486500,0.00000000
1624843157.36322069,0.14400000,0.00000000,0.64990000,0.00000000
1624843157.46295524,0.14200000,0.00000000,0.66396500,0.00000000
1624843157.56271553,0.14100000,0.00000000,0.67754500,0.00000000
1624843157.66268706,0.13900000,0.00000000,0.69161000,0.00000000
1624843157.76300573,0.13800000,0.00000000,0.70567500,0.00000000
1624843157.86331725,0.13700000,0.00000000,0.71877000,0.00000000
1624843157.96394110,0.13500000,0.00000000,0.73283500,0.00000000
1624843158.06400800,0.13400000,0.00000000,0.74593000,0.00000000
1624843158.16370606,0.13200000,0.00000000,0.75999500,0.00000000
1624843158.26387477,0.13100000,0.00000000,0.77260500,0.00000000
1624843158.36361718,0.12900000,0.00000000,0.78570000,0.00000000
1624843158.46389818,0.12800000,0.00000000,0.79879500,0.00000000
1624843158.56414104,0.12700000,0.00000000,0.81092000,0.00000000
1624843158.66360450,0.12500000,0.00000000,0.82353000,0.00000000
1624843158.76389265,0.12400000,0.00000000,0.83565500,0.00000000
1624843158.86383677,0.12300000,0.00000000,0.84778000,0.00000000
1624843158.96424985,0.12100000,0.00000000,0.86087500,0.00000000
1624843159.06339073,0.12000000,0.00000000,0.87251500,0.00000000
1624843159.16429710,0.11900000,0.00000000,0.88367000,0.00000000
1624843159.26534295,0.11800000,0.00000000,0.89579500,0.00000000
1624843159.36648798,0.11600000,0.00000000,0.90792000,0.00000000
1624843159.46695900,0.11500000,0.00000000,0.91859000,0.00000000
1624843159.56671214,0.11400000,0.00000000,0.93071500,0.00000000
1624843159.66738367,0.11300000,0.00000000,0.94187000,0.00000000
1624843159.76660633,0.11200000,0.00000000,0.95254000,0.00000000
1624843159.86727118,0.11000000,0.00000000,0.96369500,0.00000000
1624843159.96705556,0.10900000,0.00000000,0.97485000,0.00000000
1624843160.06706929,0.10800000,0.00000000,0.98552000,0.00000000
1624843160.16661501,0.10700000,0.00000000,0.99667500,0.00000000
1624843160.26713824,0.10600000,0.00000000,1.00686000,0.00000000
1624843160.36691666,0.10500000,0.00000000,1.01753000,0.00000000
1624843160.46729231,0.10400000,0.00000000,1.02771500,0.00000000
1624843160.56739688,0.10300000,0.00000000,1.03790000,0.00000000
1624843160.66759753,0.10100000,0.00000000,1.04857000,0.00000000
1624843160.76763010,0.10000000,0.00000000,1.05778500,0.00000000
1624843160.86744952,0.09900000,0.00000000,1.06797000,0.00000000
1624843160.96806836,0.09800000,0.00000000,1.07767000,0.00000000
1624843161.06760931,0.09700000,0.00000000,1.08785500,0.00000000
1624843161.16754484,0.09600000,0.00000000,1.09755500,0.00000000
1624843161.26769710,0.09500000,0.00000000,1.10677000,0.00000000
1624843161.36836839,0.09400000,0.00000000,1.11598500,0.00000000
1624843161.46841812,0.09300000,0.00000000,1.12568500,0.00000000
1624843161.56851006,0.09200000,0.00000000,1.13490000,0.00000000
1624843161.66901541,0.09100000,0.00000000,1.14363000,0.00000000
1624843161.76883245,0.09000000,0.00000000,1.15284500,0.00000000
1624843161.86854148,0.08900000,0.00000000,1.16157500,0.00000000
1624843161.96925306,0.08800000,0.00000000,1.17079000,0.00000000
1624843162.06913900,0.08700000,0.00000000,1.17952000,0.00000000
1624843162.16882396,0.08600000,0.00000000,1.18776500,0.00000000
1624843162.26915455,0.08600000,0.00000000,1.19698000,0.00000000
1624843162.36849141,0.08500000,0.00000000,1.20474000,0.00000000
1624843162.46920991,0.08400000,0.00000000,1.21395500,0.00000000
1624843162.56872344,0.08300000,0.00000000,1.22171500,0.00000000
1624843162.66902685,0.08200000,0.00000000,1.22996000,0.00000000
1624843162.76852369,0.08100000,0.00000000,1.23772000,0.00000000
1624843162.86864924,0.08000000,0.00000000,1.24596500,0.00000000
1624843162.96929502,0.08000000,0.00000000,1.25372500,0.00000000
1624843163.06970668,0.07900000,0.00000000,1.26197000,0.00000000
1624843163.16945338,0.07800000,0.00000000,1.26973000,0.00000000
1624843163.27025056,0.07700000,0.00000000,1.27797500,0.00000000
1624843163.37019086,0.07600000,0.00000000,1.28476500,0.00000000
1624843163.47034407,0.07500000,0.00000000,1.29252500,0.00000000
1624843163.57127190,0.07500000,0.00000000,1.29980000,0.00000000
1624843163.67095089,0.07400000,0.00000000,1.30756000,0.00000000
1624843163.77111769,0.07300000,0.00000000,1.31483500,0.00000000
1624843163.87074637,0.07200000,0.00000000,1.32162500,0.00000000
1624843163.97077608,0.07200000,0.00000000,1.32987000,0.00000000
1624843164.07042098,0.07100000,0.00000000,1.33666000,0.00000000
1624843164.17052341,0.07000000,0.00000000,1.34393500,0.00000000
1624843164.27077341,0.06900000,0.00000000,1.34975500,0.00000000
1624843164.37041402,0.06900000,0.00000000,1.35654500,0.00000000
1624843164.47106028,0.06800000,0.00000000,1.36382000,0.00000000
1624843164.57082105,0.06700000,0.00000000,1.37061000,0.00000000
1624843164.67093468,0.06600000,0.00000000,1.37788500,0.00000000
1624843164.77142549,0.06600000,0.00000000,1.38370500,0.00000000
1624843164.87143064,0.06500000,0.00000000,1.39098000,0.00000000
1624843164.97231531,0.06400000,0.00000000,1.39680000,0.00000000
1624843165.07309794,0.06400000,0.00000000,1.40359000,0.00000000
1624843165.17269778,0.06300000,0.00000000,1.40989500,0.00000000
1624843165.27293491,0.06200000,0.00000000,1.41571500,0.00000000
1624843165.37289834,0.06200000,0.00000000,1.42153500,0.00000000
1624843165.47280741,0.06100000,0.00000000,1.42881000,0.00000000
1624843165.57271624,0.06000000,0.00000000,1.43463000,0.00000000
1624843165.67369008,0.06000000,0.00000000,1.43996500,0.00000000
1624843165.77398419,0.05900000,0.00000000,1.44578500,0.00000000
1624843165.87381721,0.05800000,0.00000000,1.45160500,0.00000000
1624843165.97437572,0.05800000,0.00000000,1.45791000,0.00000000
1624843166.07377148,0.05700000,0.00000000,1.46373000,0.00000000
1624843166.17425108,0.05700000,0.00000000,1.46858000,0.00000000
1624843166.27369881,0.05600000,0.00000000,1.47488500,0.00000000
1624843166.37391138,0.05500000,0.00000000,1.47973500,0.00000000
1624843166.47383213,0.05500000,0.00000000,1.48555500,0.00000000
1624843166.57434011,0.05400000,0.00000000,1.49089000,0.00000000
1624843166.67526388,0.05400000,0.00000000,1.49671000,0.00000000
1624843166.77585936,0.05300000,0.00000000,1.50156000,0.00000000
1624843166.87584305,0.05300000,0.00000000,1.50689500,0.00000000
1624843166.97538400,0.05200000,0.00000000,1.51174500,0.00000000
1624843167.07609153,0.05100000,0.00000000,1.51756500,0.00000000
1624843167.17633557,0.05100000,0.00000000,1.52290000,0.00000000
1624843167.27665973,0.08100000,0.00000000,1.53066000,0.00000000
1624843167.37668514,0.10000000,0.00000000,1.54084500,0.00000000
1624843167.47644734,0.09900000,0.00000000,1.55054500,0.00000000
1624843167.57720304,0.09900000,0.00000000,1.56073000,0.00000000
1624843167.67664790,0.09800000,0.00000000,1.56994500,0.00000000
1624843167.77709556,0.09800000,0.00000000,1.57964500,0.00000000
1624843167.87678838,0.09700000,0.00000000,1.58983000,0.00000000
1624843167.97675204,0.09600000,0.00000000,1.59953000,0.00000000
1624843168.07719231,0.09500000,0.00000000,1.60874500,0.00000000
1624843168.17650795,0.09400000,0.00000000,1.61796000,0.00000000
1624843168.27704930,0.09300000,0.00000000,1.62766000,0.00000000
1624843168.37737894,0.09200000,0.00000000,1.63687500,0.00000000
1624843168.47700500,0.09100000,0.00000000,1.64560500,0.00000000
1624843168.57704091,0.09000000,0.00000000,1.65482000,0.00000000
1624843168.67749810,0.08900000,0.00000000,1.66355000,0.00000000
1624843168.77762890,0.08800000,0.00000000,1.67276500,0.00000000
1624843168.87826276,0.08700000,0.00000000,1.68052500,0.00000000
1624843168.97802210,0.08600000,0.00000000,1.68974000,0.00000000
1624843169.07764935,0.08500000,0.00000000,1.69798500,0.00000000
1624843169.17834306,0.08500000,0.00000000,1.70671500,0.00000000
1624843169.27874541,0.08400000,0.00000000,1.71496000,0.00000000
1624843169.37887502,0.08300000,0.00000000,1.72369000,0.00000000
1624843169.47886729,0.08200000,0.00000000,1.73193500,0.00000000
1624843169.57871389,0.08100000,0.00000000,1.73969500,0.00000000
1624843169.67839575,0.08000000,0.00000000,1.74794000,0.00000000
1624843169.77900481,0.07900000,0.00000000,1.75570000,0.00000000
1624843169.87867928,0.07800000,0.00000000,1.76394500,0.00000000
1624843169.97934985,0.07800000,0.00000000,1.77170500,0.00000000
1624843170.07925200,0.07700000,0.00000000,1.77898000,0.00000000
1624843170.17923570,0.07600000,0.00000000,1.78674000,0.00000000
1624843170.27936983,0.07500000,0.00000000,1.79353000,0.00000000
1624843170.37914705,0.07400000,0.00000000,1.80177500,0.00000000
1624843170.47867990,0.07400000,0.00000000,1.80856500,0.00000000
1624843170.57880330,0.07300000,0.00000000,1.81681000,0.00000000
1624843170.67874098,0.07200000,0.00000000,1.82360000,0.00000000
1624843170.77865195,0.07100000,0.00000000,1.83087500,0.00000000
1624843170.87855554,0.07100000,0.00000000,1.83766500,0.00000000
1624843170.97886992,0.07000000,0.00000000,1.84494000,0.00000000
1624843171.07896209,0.06900000,0.00000000,1.85173000,0.00000000
1624843171.17917490,0.06800000,0.00000000,1.85852000,0.00000000
1624843171.27921987,0.06800000,0.00000000,1.86579500,0.00000000
1624843171.37855172,0.06700000,0.00000000,1.87161500,0.00000000
1624843171.47849560,0.06600000,0.00000000,1.87889000,0.00000000
1624843171.57889771,0.06500000,0.00000000,1.88471000,0.00000000
1624843171.67928028,0.06500000,0.00000000,1.89198500,0.00000000
1624843171.78006196,0.06400000,0.00000000,1.89780500,0.00000000
1624843171.88029003,0.06300000,0.00000000,1.90459500,0.00000000
1624843171.98081279,0.06300000,0.00000000,1.91090000,0.00000000
1624843172.08099079,0.06200000,0.00000000,1.91672000,0.00000000
1624843172.18075681,0.06200000,0.00000000,1.92254000,0.00000000
1624843172.28110242,0.06100000,0.00000000,1.92884500,0.00000000
1624843172.38113284,0.06000000,0.00000000,1.93466500,0.00000000
1624843172.48056602,0.06000000,0.00000000,1.94097000,0.00000000
1624843172.58123159,0.05900000,0.00000000,1.94679000,0.00000000
1624843172.68091750,0.05800000,0.00000000,1.95261000,0.00000000
1624843172.78106236,0.05800000,0.00000000,1.95891500,0.00000000
1624843172.88115859,0.05700000,0.00000000,1.96473500,0.00000000
1624843172.98053288,0.05700000,0.00000000,1.96958500,0.00000000
1624843173.08057714,0.05600000,0.00000000,1.97589000,0.00000000
1624843173.18066025,0.05500000,0.00000000,1.98074000,0.00000000
1624843173.28109694,0.05500000,0.00000000,1.98656000,0.00000000
1624843173.38088346,0.05400000,0.00000000,1.99189500,0.00000000
1624843173.48104811,0.05400000,0.00000000,1.99771500,0.00000000
1624843173.58118081,0.05300000,0.00000000,2.00256500,0.00000000
1624843173.68125486,0.05200000,0.00000000,2.00790000,0.00000000
1624843173.78118157,0.05200000,0.00000000,2.01275000,0.00000000
1624843173.88080692,0.05100000,0.00000000,2.01760000,0.00000000
1624843173.98056769,0.05100000,0.00000000,2.02390500,0.00000000
1624843174.08127618,0.05000000,0.00000000,2.02875500,0.00000000
1624843174.18116903,0.05000000,0.00000000,2.03360500,0.00000000
1624843174.28099322,0.04900000,0.00000000,2.03797000,0.00000000
1624843174.38109469,0.04900000,0.00000000,2.04282000,0.00000000
1624843174.48102832,0.04800000,0.00000000,2.04767000,0.00000000
1624843174.58110571,0.04800000,0.00000000,2.05252000,0.00000000
1624843174.68085265,0.04700000,0.00000000,2.05785500,0.00000000
1624843174.78131342,0.04700000,0.00000000,2.06173500,0.00000000
1624843174.88103127,0.04600000,0.00000000,2.06658500,0.00000000
1624843174.98069024,0.04600000,0.00000000,2.07192000,0.00000000
1624843175.08048630,0.04500000,0.00000000,2.07580000,0.00000000
1624843175.18101287,0.04500000,0.00000000,2.08065000,0.00000000
1624843175.28043175,0.04400000,0.00000000,2.08453000,0.00000000
1624843175.38078880,0.04400000,0.00000000,2.08889500,0.00000000
1624843175.48101544,0.04300000,0.00000000,2.09374500,0.00000000
1624843175.58046865,0.04300000,0.00000000,2.09762500,0.00000000
1624843175.68125200,0.04200000,0.00000000,2.10199000,0.00000000
1624843175.78062701,0.04200000,0.00000000,2.10587000,0.00000000
1624843175.88130498,0.04200000,0.00000000,2.11072000,0.00000000
1624843175.98161769,0.04100000,0.00000000,2.11460000,0.00000000
1624843176.08179903,0.04100000,0.00000000,2.11896500,0.00000000
1624843176.18184805,0.04000000,0.00000000,2.12284500,0.00000000
1624843176.28182602,0.04000000,0.00000000,2.12672500,0.00000000
1624843176.38175154,0.03900000,0.00000000,2.13060500,0.00000000
1624843176.48197103,0.03900000,0.00000000,2.13497000,0.00000000
1624843176.58216262,0.03900000,0.00000000,2.13885000,0.00000000
1624843176.68159962,0.03800000,0.00000000,2.14176000,0.00000000
1624843176.78173327,0.03800000,0.00000000,2.14564000,0.00000000
1624843176.88214064,0.03700000,0.00000000,2.14952000,0.00000000
1624843176.98229218,0.03700000,0.00000000,2.15291500,0.00000000
1624843177.08211255,0.03600000,0.00000000,2.15679500,0.00000000
1624843177.18175817,0.03600000,0.00000000,2.16067500,0.00000000
1624843177.28191113,0.03600000,0.00000000,2.16358500,0.00000000
1624843177.38188648,0.03500000,0.00000000,2.16795000,0.00000000
1624843177.48200607,0.03500000,0.00000000,2.17086000,0.00000000
1624843177.58205509,0.03500000,0.00000000,2.17474000,0.00000000
1624843177.68176079,0.03400000,0.00000000,2.17765000,0.00000000
1624843177.78224945,0.03400000,0.00000000,2.18153000,0.00000000
1624843177.88268614,0.03400000,0.00000000,2.18492500,0.00000000
1624843177.98306513,0.03300000,0.00000000,2.18783500,0.00000000
1624843178.08324575,0.03300000,0.00000000,2.19171500,0.00000000
1624843178.18295836,0.03300000,0.00000000,2.19462500,0.00000000
1624843178.28337502,0.03200000,0.00000000,2.19753500,0.00000000
1624843178.38261652,0.03200000,0.00000000,2.20093000,0.00000000
1624843178.48278737,0.03100000,0.00000000,2.20384000,0.00000000
1624843178.58275485,0.03100000,0.00000000,2.20675000,0.00000000
1624843178.68300128,0.03100000,0.00000000,2.21063000,0.00000000
1624843178.78278136,0.03100000,0.00000000,2.21354000,0.00000000
1624843178.88302851,0.03000000,0.00000000,2.21693500,0.00000000
1624843178.98271036,0.03000000,0.00000000,2.21984500,0.00000000
1624843179.08307219,0.03000000,0.00000000,2.22275500,0.00000000
1624843179.18265605,0.02900000,0.00000000,2.22566500,0.00000000
1624843179.28343582,0.02900000,0.00000000,2.22760500,0.00000000
1624843179.38430381,0.05900000,0.00000000,2.23391000,0.00000000
1624843179.48403835,0.08900000,0.00000000,2.24264000,0.00000000
1624843179.58391428,0.11900000,0.00000000,2.25476500,0.00000000
1624843179.68354058,0.12800000,0.00000000,2.26786000,0.00000000
1624843179.78364682,0.12700000,0.00000000,2.28095500,0.00000000
1624843179.88391089,0.12700000,0.00000000,2.29356500,0.00000000
1624843179.98388076,0.12700000,0.00000000,2.30569000,0.00000000
1624843180.08384919,0.12600000,0.00000000,2.31878500,0.00000000
1624843180.18427896,0.12500000,0.00000000,2.33188000,0.00000000
1624843180.28484035,0.12300000,0.00000000,2.34352000,0.00000000
1624843180.38507938,0.12200000,0.00000000,2.35564500,0.00000000
1624843180.48525071,0.12100000,0.00000000,2.36777000,0.00000000
1624843180.58547616,0.11900000,0.00000000,2.37989500,0.00000000
1624843180.68598223,0.11800000,0.00000000,2.39153500,0.00000000
1624843180.78604937,0.11700000,0.00000000,2.40269000,0.00000000
1624843180.88538814,0.11600000,0.00000000,2.41481500,0.00000000
1624843180.98558879,0.11400000,0.00000000,2.42694000,0.00000000
1624843181.08583617,0.11300000,0.00000000,2.43761000,0.00000000
1624843181.18596196,0.11200000,0.00000000,2.44876500,0.00000000
1624843181.28555536,0.11100000,0.00000000,2.45992000,0.00000000
1624843181.38563132,0.11000000,0.00000000,2.47059000,0.00000000
1624843181.48622370,0.10900000,0.00000000,2.48174500,0.00000000
1624843181.58613873,0.10700000,0.00000000,2.49290000,0.00000000
1624843181.68575859,0.10600000,0.00000000,2.50357000,0.00000000
1624843181.78561425,0.10500000,0.00000000,2.51375500,0.00000000
1624843181.88563037,0.10400000,0.00000000,2.52491000,0.00000000
1624843181.98568630,0.10300000,0.00000000,2.53461000,0.00000000
1624843182.08553219,0.10200000,0.00000000,2.54479500,0.00000000
1624843182.18601441,0.10100000,0.00000000,2.55498000,0.00000000
1624843182.28621793,0.10000000,0.00000000,2.56468000,0.00000000
1624843182.38626385,0.09900000,0.00000000,2.57486500,0.00000000
1624843182.48688173,0.09700000,0.00000000,2.58456500,0.00000000
1624843182.58649540,0.09700000,0.00000000,2.59475000,0.00000000
1624843182.68663406,0.09600000,0.00000000,2.60396500,0.00000000
1624843182.78735113,0.09400000,0.00000000,2.61366500,0.00000000
1624843182.88716674,0.09400000,0.00000000,2.62288000,0.00000000
1624843182.98658633,0.09300000,0.00000000,2.63161000,0.00000000
1624843183.08687472,0.09200000,0.00000000,2.64082500,0.00000000
1624843183.18683362,0.09100000,0.00000000,2.65052500,0.00000000
1624843183.28718138,0.09000000,0.00000000,2.65974000,0.00000000
1624843183.38698983,0.08900000,0.00000000,2.66798500,0.00000000
1624843183.48726058,0.08800000,0.00000000,2.67671500,0.00000000
1624843183.58678699,0.08700000,0.00000000,2.68593000,0.00000000
1624843183.68711901,0.08600000,0.00000000,2.69466000,0.00000000
1624843183.78692198,0.08500000,0.00000000,2.70290500,0.00000000
1624843183.88716650,0.08400000,0.00000000,2.71163500,0.00000000
1624843183.98650146,0.08300000,0.00000000,2.71988000,0.00000000
1624843184.08696318,0.08200000,0.00000000,2.72764000,0.00000000
1624843184.18694091,0.08100000,0.00000000,2.73588500,0.00000000
1624843184.28653979,0.08100000,0.00000000,2.74364500,0.00000000
1624843184.38641667,0.08000000,0.00000000,2.75189000,0.00000000
1624843184.48691154,0.07900000,0.00000000,2.75965000,0.00000000
1624843184.58705330,0.07800000,0.00000000,2.76789500,0.00000000
1624843184.68736434,0.07700000,0.00000000,2.77565500,0.00000000
1624843184.78798938,0.07600000,0.00000000,2.78293000,0.00000000
1624843184.88787341,0.07600000,0.00000000,2.79069000,0.00000000
1624843184.98827720,0.07500000,0.00000000,2.79893500,0.00000000
1624843185.08765459,0.07400000,0.00000000,2.80572500,0.00000000
1624843185.18806601,0.07300000,0.00000000,2.81251500,0.00000000
1624843185.28887439,0.07200000,0.00000000,2.81979000,0.00000000
1624843185.38953137,0.07200000,0.00000000,2.82755000,0.00000000
1624843185.49009848,0.07100000,0.00000000,2.83482500,0.00000000
1624843185.59038568,0.07000000,0.00000000,2.84161500,0.00000000
1624843185.68963623,0.06900000,0.00000000,2.84889000,0.00000000
1624843185.78954792,0.06900000,0.00000000,2.85471000,0.00000000
1624843185.88953805,0.06800000,0.00000000,2.86198500,0.00000000
1624843185.98967648,0.06700000,0.00000000,2.86877500,0.00000000
1624843186.08982158,0.06700000,0.00000000,2.87556500,0.00000000
1624843186.18977642,0.06600000,0.00000000,2.88187000,0.00000000
1624843186.29001927,0.06500000,0.00000000,2.88866000,0.00000000
1624843186.39056087,0.06500000,0.00000000,2.89496500,0.00000000
1624843186.49101448,0.06400000,0.00000000,2.90175500,0.00000000
1624843186.59085679,0.06300000,0.00000000,2.90757500,0.00000000
1624843186.69133949,0.06200000,0.00000000,2.91388000,0.00000000
1624843186.79149795,0.06200000,0.00000000,2.91970000,0.00000000
1624843186.89248085,0.06100000,0.00000000,2.92552000,0.00000000
1624843186.99288869,0.06000000,0.00000000,2.93182500,0.00000000
1624843187.09320664,0.06000000,0.00000000,2.93764500,0.00000000
1624843187.19290805,0.05900000,0.00000000,2.94395000,0.00000000
1624843187.29309797,0.05900000,0.00000000,2.94977000,0.00000000
1624843187.39262915,0.05800000,0.00000000,2.95559000,0.00000000
1624843187.49297738,0.05700000,0.00000000,2.96189500,0.00000000
1624843187.59263730,0.05700000,0.00000000,2.96674500,0.00000000
1624843187.69267869,0.05600000,0.00000000,2.97256500,0.00000000
1624843187.79300237,0.05600000,0.00000000,2.97887000,0.00000000
1624843187.89257407,0.05500000,0.00000000,2.98372000,0.00000000
1624843187.99295688,0.05400000,0.00000000,2.98857000,0.00000000
1624843188.09263706,0.05400000,0.00000000,2.99487500,0.00000000
1624843188.19271469,0.05300000,0.00000000,2.99972500,0.00000000
1624843188.29318976,0.05300000,0.00000000,3.00457500,0.00000000
1624843188.39261341,0.05200000,0.00000000,3.01088000,0.00000000
1624843188.49310374,0.05200000,0.00000000,3.01573000,0.00000000
1624843188.59254050,0.05100000,0.00000000,3.02058000,0.00000000
1624843188.69300842,0.05100000,0.00000000,3.02591500,0.00000000
1624843188.79244804,0.05000000,0.00000000,3.03076500,0.00000000
1624843188.89299512,0.05000000,0.00000000,3.03561500,0.00000000
1624843188.99344110,0.04900000,0.00000000,3.04095000,0.00000000
1624843189.09374237,0.04800000,0.00000000,3.04580000,0.00000000
1624843189.19422960,0.04800000,0.00000000,3.05065000,0.00000000
1624843189.29390049,0.04700000,0.00000000,3.05453000,0.00000000
1624843189.39355278,0.04700000,0.00000000,3.05986500,0.00000000
1624843189.49427891,0.04600000,0.00000000,3.06471500,0.00000000
1624843189.59370303,0.04600000,0.00000000,3.06859500,0.00000000
1624843189.69438553,0.04500000,0.00000000,3.07393000,0.00000000
1624843189.79388952,0.04500000,0.00000000,3.07781000,0.00000000
1624843189.89441347,0.04500000,0.00000000,3.08266000,0.00000000
1624843189.99486160,0.04400000,0.00000000,3.08654000,0.00000000
1624843190.09530950,0.04400000,0.00000000,3.09090500,0.00000000
1624843190.19463515,0.04300000,0.00000000,3.09575500,0.00000000
1624843190.29455185,0.04300000,0.00000000,3.09963500,0.00000000
1624843190.39538884,0.04200000,0.00000000,3.10351500,0.00000000
1624843190.49580765,0.04200000,0.00000000,3.10885000,0.00000000
1624843190.59578538,0.04100000,0.00000000,3.11273000,0.00000000
1624843190.69588971,0.04100000,0.00000000,3.11661000,0.00000000
1624843190.79589939,0.04000000,0.00000000,3.12097500,0.00000000
1624843190.89579320,0.04000000,0.00000000,3.12485500,0.00000000
1624843190.99593234,0.04000000,0.00000000,3.12873500,0.00000000
1624843191.09633470,0.03900000,0.00000000,3.13261500,0.00000000
1624843191.19654369,0.03900000,0.00000000,3.13698000,0.00000000
1624843191.29685473,0.03800000,0.00000000,3.13989000,0.00000000
1624843191.39725661,0.03800000,0.00000000,3.14377000,0.00000000
1624843191.49681449,0.03800000,0.00000000,3.14765000,0.00000000
1624843191.59720588,0.03700000,0.00000000,3.15153000,0.00000000
1624843191.69664621,0.03700000,0.00000000,3.15492500,0.00000000
1624843191.79703689,0.03600000,0.00000000,3.15880500,0.00000000
1624843191.89678669,0.03600000,0.00000000,3.16171500,0.00000000
1624843191.99743009,0.03600000,0.00000000,3.16559500,0.00000000
1624843192.09767175,0.03500000,0.00000000,3.16996000,0.00000000
1624843192.19803762,0.03500000,0.00000000,3.17287000,0.00000000
1624843192.29749703,0.03400000,0.00000000,3.17578000,0.00000000
1624843192.39827394,0.03400000,0.00000000,3.17966000,0.00000000
1624843192.49888778,0.03400000,0.00000000,3.18257000,0.00000000
1624843192.59873939,0.03300000,0.00000000,3.18693500,0.00000000
1624843192.69918156,0.03300000,0.00000000,3.18984500,0.00000000
1624843192.79896927,0.03300000,0.00000000,3.19275500,0.00000000
1624843192.89929461,0.03200000,0.00000000,3.19566500,0.00000000
1624843193.00039291,0.03200000,0.00000000,3.19954500,0.00000000
1624843193.10133195,0.03200000,0.00000000,3.20294000,0.00000000
1624843193.20094800,0.03100000,0.00000000,3.20585000,0.00000000
1624843193.30051827,0.03100000,0.00000000,3.20876000,0.00000000
1624843193.40078115,0.03100000,0.00000000,3.21167000,0.00000000
1624843193.50068831,0.03000000,0.00000000,3.21458000,0.00000000
1624843193.60135961,0.03000000,0.00000000,3.21797500,0.00000000
1624843193.70091987,0.03000000,0.00000000,3.22088500,0.00000000
1624843193.80076861,0.02900000,0.00000000,3.22379500,0.00000000
1624843193.90126848,0.02900000,0.00000000,3.22670500,0.00000000
1624843194.00254321,0.02900000,0.00000000,3.22961500,0.00000000
1624843194.10303926,0.02900000,0.00000000,3.23252500,0.00000000
1624843194.20333862,0.02800000,0.00000000,3.23495000,0.00000000
1624843194.30294752,0.02800000,0.00000000,3.23786000,0.00000000
1624843194.40284896,0.02800000,0.00000000,3.24077000,0.00000000
1624843194.50282025,0.02700000,0.00000000,3.24368000,0.00000000
1624843194.60246992,0.02700000,0.00000000,3.24562000,0.00000000
1624843194.70310068,0.02700000,0.00000000,3.24853000,0.00000000
1624843194.80251169,0.02600000,0.00000000,3.25192500,0.00000000
1624843194.90312243,0.02600000,0.00000000,3.25386500,0.00000000
1624843195.00336885,0.02600000,0.00000000,3.25677500,0.00000000
1624843195.10269260,0.02600000,0.00000000,3.25871500,0.00000000
1624843195.20329976,0.02500000,0.00000000,3.26162500,0.00000000
1624843195.30330920,0.02500000,0.00000000,3.26356500,0.00000000
1624843195.40255570,0.02500000,0.00000000,3.26696000,0.00000000
1624843195.50275755,0.02500000,0.00000000,3.26890000,0.00000000
1624843195.60264874,0.02400000,0.00000000,3.27181000,0.00000000
1624843195.70319939,0.02400000,0.00000000,3.27375000,0.00000000
1624843195.80287147,0.02400000,0.00000000,3.27666000,0.00000000
1624843195.90337920,0.02400000,0.00000000,3.27860000,0.00000000
1624843196.00360107,0.02300000,0.00000000,3.28054000,0.00000000
1624843196.10420799,0.02300000,0.00000000,3.28393500,0.00000000
1624843196.20401788,0.02300000,0.00000000,3.28587500,0.00000000
1624843196.30378890,0.02300000,0.00000000,3.28781500,0.00000000
1624843196.40383124,0.02200000,0.00000000,3.28975500,0.00000000
1624843196.50405192,0.02200000,0.00000000,3.29266500,0.00000000
1624843196.60421205,0.02200000,0.00000000,3.29460500,0.00000000
1624843196.70399761,0.02200000,0.00000000,3.29654500,0.00000000
1624843196.80441117,0.02100000,0.00000000,3.29897000,0.00000000
1624843196.90337348,0.02100000,0.00000000,3.30091000,0.00000000
1624843197.00380445,0.02100000,0.00000000,3.30285000,0.00000000
1624843197.10383654,0.02100000,0.00000000,3.30479000,0.00000000
1624843197.20377278,0.02100000,0.00000000,3.30770000,0.00000000
1624843197.30406570,0.02000000,0.00000000,3.30964000,0.00000000
1624843197.40407753,0.02000000,0.00000000,3.31158000,0.00000000
1624843197.50454545,0.02000000,0.00000000,3.31352000,0.00000000
1624843197.60394526,0.02000000,0.00000000,3.31594500,0.00000000
1624843197.70446324,0.02000000,0.00000000,3.31788500,0.00000000
1624843197.80530667,0.01900000,0.00000000,3.31885500,0.00000000
1624843197.90521765,0.01900000,0.00000000,3.32079500,0.00000000
1624843198.00503159,0.01900000,0.00000000,3.32273500,0.00000000
1624843198.10437202,0.01900000,0.00000000,3.32467500,0.00000000
1624843198.20498991,0.01800000,0.00000000,3.32661500,0.00000000
1624843198.30465865,0.01800000,0.00000000,3.32855500,0.00000000
1624843198.40532613,0.01800000,0.00000000,3.33098000,0.00000000
1624843198.50554442,0.01800000,0.00000000,3.33195000,0.00000000
1624843198.60608006,0.01800000,0.00000000,3.33389000,0.00000000
1624843198.70554590,0.01800000,0.00000000,3.33583000,0.00000000
1624843198.80612206,0.01700000,0.00000000,3.33777000,0.00000000
1624843198.90543509,0.01700000,0.00000000,3.33874000,0.00000000
1624843199.00565624,0.01700000,0.00000000,3.34068000,0.00000000
1624843199.10638285,0.01700000,0.00000000,3.34262000,0.00000000
1624843199.20629501,0.01700000,0.00000000,3.34359000,0.00000000
1624843199.30609703,0.01600000,0.00000000,3.34553000,0.00000000
1624843199.40632677,0.01600000,0.00000000,3.34795500,0.00000000
1624843199.50634027,0.01600000,0.00000000,3.34892500,0.00000000
1624843199.60574341,0.01600000,0.00000000,3.35086500,0.00000000
1624843199.70617771,0.01600000,0.00000000,3.35183500,0.00000000
1624843199.80654907,0.01600000,0.00000000,3.35377500,0.00000000
1624843199.90668440,0.01500000,0.00000000,3.35571500,0.00000000
1624843200.00661945,0.01500000,0.00000000,3.35668500,0.00000000
1624843200.10636163,0.01500000,0.00000000,3.35862500,0.00000000
1624843200.20639443,0.01500000,0.00000000,3.35959500,0.00000000
1624843200.30634499,0.01500000,0.00000000,3.36153500,0.00000000
1624843200.40638161,0.01500000,0.00000000,3.36299000,0.00000000
1624843200.50632286,0.01400000,0.00000000,3.36396000,0.00000000
1624843200.60734177,0.01400000,0.00000000,3.36590000,0.00000000
1624843200.70673537,0.01400000,0.00000000,3.36687000,0.00000000
1624843200.80666518,0.01400000,0.00000000,3.36881000,0.00000000
1624843200.90674210,0.01400000,0.00000000,3.36978000,0.00000000
1624843201.00711346,0.01400000,0.00000000,3.37075000,0.00000000
1624843201.10695648,0.01400000,0.00000000,3.37269000,0.00000000
1624843201.20655847,0.01300000,0.00000000,3.37366000,0.00000000
1624843201.30751991,0.01300000,0.00000000,3.37463000,0.00000000
1624843201.40843797,0.01300000,0.00000000,3.37657000,0.00000000
1624843201.50783658,0.01300000,0.00000000,3.37754000,0.00000000
1624843201.60804367,0.01300000,0.00000000,3.37899500,0.00000000
1624843201.70830393,0.01300000,0.00000000,3.38093500,0.00000000
1624843201.80805302,0.01300000,0.00000000,3.38190500,0.00000000
1624843201.90788507,0.01300000,0.00000000,3.38287500,0.00000000
1624843202.00751400,0.01200000,0.00000000,3.38384500,0.00000000
1624843202.10828733,0.01200000,0.00000000,3.38578500,0.00000000
1624843202.20884514,0.01200000,0.00000000,3.38675500,0.00000000
1624843202.30903649,0.01200000,0.00000000,3.38772500,0.00000000
1624843202.40919018,0.01200000,0.00000000,3.38869500,0.00000000
1624843202.50896788,0.01200000,0.00000000,3.38966500,0.00000000
1624843202.60836148,0.01200000,0.00000000,3.39160500,0.00000000
1624843202.70864582,0.01100000,0.00000000,3.39257500,0.00000000
1624843202.80878115,0.01100000,0.00000000,3.39354500,0.00000000
1624843202.90920472,0.01100000,0.00000000,3.39451500,0.00000000
1624843203.00887799,0.01100000,0.00000000,3.39597000,0.00000000
1624843203.10886312,0.01100000,0.00000000,3.39694000,0.00000000
1624843203.20869827,0.01100000,0.00000000,3.39791000,0.00000000
1624843203.30934453,0.01100000,0.00000000,3.39888000,0.00000000
1624843203.40942121,0.01100000,0.00000000,3.39985000,0.00000000
1624843203.50892878,0.01100000,0.00000000,3.40179000,0.00000000
1624843203.60935783,0.01000000,0.00000000,3.40276000,0.00000000
1624843203.70963407,0.01000000,0.00000000,3.40373000,0.00000000
1624843203.81017756,0.01000000,0.00000000,3.40470000,0.00000000
1624843203.91026974,0.01000000,0.00000000,3.40567000,0.00000000
1624843204.00962281,0.01000000,0.00000000,3.40664000,0.00000000
1624843204.11006117,0.01000000,0.00000000,3.40761000,0.00000000
1624843204.20940256,0.01000000,0.00000000,3.40858000,0.00000000
1624843204.30992174,0.01000000,0.00000000,3.40955000,0.00000000
1624843204.40934539,0.01000000,0.00000000,3.41052000,0.00000000
1624843204.51016068,0.00900000,0.00000000,3.41052000,0.00000000
1624843204.60998225,0.00900000,0.00000000,3.41197500,0.00000000
1624843204.70960712,0.00900000,0.00000000,3.41294500,0.00000000
1624843204.81003547,0.00900000,0.00000000,3.41391500,0.00000000
1624843204.90962553,0.00900000,0.00000000,3.41488500,0.00000000
1624843205.00983667,0.00900000,0.00000000,3.41585500,0.00000000
1624843205.11033940,0.00900000,0.00000000,3.41682500,0.00000000
1624843205.20985532,0.00900000,0.00000000,3.41779500,0.00000000
1624843205.30972862,0.00900000,0.00000000,3.41876500,0.00000000
1624843205.41045117,0.00900000,0.00000000,3.41973500,0.00000000
1624843205.50961852,0.00900000,0.00000000,3.41973500,0.00000000
1624843205.61001492,0.00800000,0.00000000,3.42070500,0.00000000
1624843205.71031046,0.00800000,0.00000000,3.42167500,0.00000000
1624843205.80978847,0.00800000,0.00000000,3.42264500,0.00000000
1624843205.90997291,0.00800000,0.00000000,3.42361500,0.00000000
1624843206.01032114,0.00800000,0.00000000,3.42361500,0.00000000
1624843206.11032701,0.00800000,0.00000000,3.42458500,0.00000000
1624843206.21067047,0.00800000,0.00000000,3.42555500,0.00000000
1624843206.31042790,0.00800000,0.00000000,3.42652500,0.00000000
1624843206.41124463,0.00800000,0.00000000,3.42798000,0.00000000
1624843206.51212525,0.00800000,0.00000000,3.42798000,0.00000000
1624843206.61168599,0.00800000,0.00000000,3.42895000,0.00000000
1624843206.71246433,0.00800000,0.00000000,3.42992000,0.00000000
1624843206.81238198,0.00700000,0.00000000,3.43089000,0.00000000
1624843206.91271162,0.00700000,0.00000000,3.43089000,0.00000000
1624843207.01287222,0.00700000,0.00000000,3.43186000,0.00000000
1624843207.11331654,0.00700000,0.00000000,3.43283000,0.00000000
1624843207.21334648,0.00700000,0.00000000,3.43380000,0.00000000
1624843207.31302428,0.00700000,0.00000000,3.43380000,0.00000000
1624843207.41269898,0.00700000,0.00000000,3.43477000,0.00000000
1624843207.51286173,0.00700000,0.00000000,3.43574000,0.00000000
1624843207.61256289,0.00700000,0.00000000,3.43574000,0.00000000
1624843207.71272802,0.00700000,0.00000000,3.43671000,0.00000000
1624843207.81273079,0.00700000,0.00000000,3.43768000,0.00000000
1624843207.91236687,0.00700000,0.00000000,3.43768000,0.00000000
1624843208.01307940,0.00700000,0.00000000,3.43865000,0.00000000
1624843208.11291003,0.00600000,0.00000000,3.43962000,0.00000000
1624843208.21275091,0.00600000,0.00000000,3.43962000,0.00000000
1624843208.31293368,0.00600000,0.00000000,3.44059000,0.00000000
1624843208.41265035,0.00600000,0.00000000,3.44156000,0.00000000
1624843208.51269674,0.00600000,0.00000000,3.44156000,0.00000000
1624843208.61343074,0.00600000,0.00000000,3.44253000,0.00000000
1624843208.71361518,0.00600000,0.00000000,3.44253000,0.00000000
1624843208.81443262,0.00600000,0.05235988,3.44398500,0.00000000
1624843208.91507530,0.00700000,0.10471976,3.44495500,0.00000000
1624843209.01469374,0.00800000,0.15707963,3.44495500,0.00000000
1624843209.11519718,0.00900000,0.19198622,3.44592500,0.00000000
1624843209.21523499,0.01000000,0.22689280,3.44689500,0.00000000
1624843209.31476665,0.01200000,0.26179939,3.44883500,0.00000000
1624843209.41518354,0.01300000,0.29670597,3.44980500,0.00000000
1624843209.51511621,0.01500000,0.31415927,3.45077500,0.00000000
1624843209.61476207,0.01700000,0.33161256,3.45271500,0.00097000
1624843209.71489692,0.01900000,0.34906585,3.45465500,0.00097000
1624843209.81432724,0.02100000,0.34906585,3.45659500,0.00194000
1624843209.91464424,0.02400000,0.34906585,3.45853500,0.00194000
1624843210.01467729,0.02600000,0.36651914,3.46193000,0.00291000
1624843210.11507559,0.02800000,0.36651914,3.46387000,0.00388000
1624843210.21495557,0.03100000,0.36651914,3.46678000,0.00485000
1624843210.31453609,0.03400000,0.36651914,3.46969000,0.00582000
1624843210.41491842,0.03800000,0.36651914,3.47357000,0.00776000
1624843210.51534081,0.04100000,0.36651914,3.47696500,0.00970000
1624843210.61596632,0.04400000,0.34906585,3.48084500,0.01164000
1624843210.71612453,0.04800000,0.34906585,3.48472500,0.01455000
1624843210.81615663,0.05200000,0.34906585,3.48957500,0.01794500
1624843210.91555119,0.05600000,0.34906585,3.49394000,0.02085500
1624843211.01574445,0.06050000,0.33161256,3.49879000,0.02473500
1624843211.11563921,0.06450000,0.33161256,3.50364000,0.02861500
1624843211.21611524,0.06850000,0.31415927,3.50897500,0.03298000
1624843211.31626344,0.07250000,0.31415927,3.51479500,0.03783000
1624843211.41607165,0.07750000,0.29670597,3.51964500,0.04365000
1624843211.51638627,0.08150000,0.29670597,3.52595000,0.04995500
1624843211.61596084,0.08650000,0.29670597,3.53080000,0.05577500
1624843211.71545029,0.08950000,0.29670597,3.53662000,0.06256500
1624843211.81640482,0.09550000,0.27925268,3.54292500,0.07081000
1624843211.91528678,0.09950000,0.26179939,3.54874500,0.07857000
1624843212.01542711,0.10450000,0.26179939,3.55456500,0.08681500
1624843212.11598134,0.10850000,0.24434610,3.56087000,0.09554500
1624843212.21540213,0.11350000,0.24434610,3.56669000,0.10573000
1624843212.31549978,0.11850000,0.22689280,3.57299500,0.11591500
1624843212.41579151,0.12250000,0.22689280,3.57881500,0.12658500
1624843212.51625967,0.12750000,0.20943951,3.58463500,0.13774000
1624843212.61668158,0.13150000,0.20943951,3.59094000,0.14986500
1624843212.71701241,0.13750000,0.19198622,3.59676000,0.16199000
1624843212.81672096,0.14050000,0.19198622,3.60258000,0.17460000
1624843212.91731691,0.14550000,0.17453293,3.60888500,0.18769500
1624843213.01731253,0.15050000,0.15707963,3.61470500,0.20176000
1624843213.11654854,0.15350000,0.15707963,3.61955500,0.21679500
1624843213.21667671,0.15750000,0.15707963,3.62586000,0.23183000
1624843213.31740475,0.16150000,0.15707963,3.63071000,0.24686500
1624843213.41809320,0.16550000,0.13962634,3.63653000,0.26190000
1624843213.51799631,0.16950000,0.13962634,3.64186500,0.27790500
1624843213.61801243,0.17350000,0.13962634,3.64671500,0.29488000
1624843213.71792746,0.17650000,0.12217305,3.65156500,0.31185500
1624843213.81838155,0.18050000,0.10471976,3.65690000,0.32883000
1624843213.91864634,0.18450000,0.10471976,3.66175000,0.34677500
1624843214.01855946,0.18850000,0.10471976,3.66660000,0.36472000
1624843214.11856079,0.19150000,0.08726646,3.67096500,0.38363500
1624843214.21902037,0.19550000,0.08726646,3.67581500,0.40255000
1624843214.31929374,0.19850000,0.08726646,3.67969500,0.42195000
1624843214.42000961,0.20250000,0.06981317,3.68454500,0.44183500
1624843214.51978016,0.20550000,0.08726646,3.68891000,0.46172000
1624843214.62024570,0.20850000,0.06981317,3.69279000,0.48257500
1624843214.72051835,0.21150000,0.06981317,3.69667000,0.50391500
1624843214.82081079,0.21550000,0.06981317,3.70055000,0.52477000
1624843214.92097521,0.21850000,0.06981317,3.70491500,0.54562500
1624843215.02140164,0.22050000,0.06981317,3.70879500,0.56793500
1624843215.12194276,0.22350000,0.06981317,3.71267500,0.58976000
1624843215.22245479,0.22750000,0.05235988,3.71558500,0.61255500
1624843215.32194352,0.22950000,0.05235988,3.71995000,0.63486500
1624843215.42200875,0.23350000,0.03490659,3.72383000,0.65766000
1624843215.52255726,0.23550000,0.03490659,3.72674000,0.68191000
1624843215.62259579,0.23850000,0.03490659,3.72965000,0.70470500
1624843215.72291183,0.24150000,0.03490659,3.73353000,0.72895500
1624843215.82279921,0.24450000,0.03490659,3.73692500,0.75272000
1624843215.92256069,0.24650000,0.03490659,3.73983500,0.77794000
1624843216.02290082,0.24950000,0.03490659,3.74371500,0.80267500
1624843216.12320518,0.25250000,0.03490659,3.74662500,0.82789500
1624843216.22250843,0.25450000,0.03490659,3.74953500,0.85263000
1624843216.32312322,0.25750000,0.03490659,3.75293000,0.87882000
1624843216.42273521,0.25950000,0.03490659,3.75584000,0.90452500
1624843216.52316308,0.26250000,0.01745329,3.75875000,0.93071500
1624843216.62249017,0.26450000,0.03490659,3.76166000,0.95787500
1624843216.72258258,0.26750000,0.03490659,3.76457000,0.98358000
1624843216.82297373,0.26250000,0.03490659,3.76699500,1.00977000
1624843216.92337084,0.25950000,0.03490659,3.76990500,1.03596000
1624843217.02277803,0.25650000,0.01745329,3.77184500,1.06166500
1624843217.12303281,0.25450000,0.01745329,3.77475500,1.08688500
1624843217.22337174,0.25150000,0.01745329,3.77669500,1.11162000
1624843217.32388186,0.24950000,0.01745329,3.77863500,1.13684000
1624843217.42428207,0.24650000,0.01745329,3.78057500,1.16060500
1624843217.52368760,0.24350000,0.01745329,3.78397000,1.18582500
1624843217.62344313,0.24150000,0.01745329,3.78591000,1.20959000
1624843217.72404933,0.23950000,0.01745329,3.78785000,1.23384000
1624843217.82384038,0.23650000,0.01745329,3.78979000,1.25663500
1624843217.92391372,0.23450000,0.01745329,3.79173000,1.28088500
1624843218.02437806,0.23150000,0.01745329,3.79270000,1.30368000
1624843218.12428784,0.22950000,0.01745329,3.79464000,1.32696000
1624843218.22455525,0.22650000,0.01745329,3.79658000,1.34878500
1624843218.32520318,0.22450000,0.01745329,3.79755000,1.37158000
1624843218.42444539,0.22250000,0.01745329,3.79997500,1.39389000
1624843218.52494669,0.21950000,0.01745329,3.80191500,1.41571500
1624843218.62451887,0.21800000,0.00000000,3.80288500,1.43754000
1624843218.72516418,0.21600000,0.00000000,3.80482500,1.45888000
1624843218.82455444,0.21400000,0.00000000,3.80579500,1.48070500
1624843218.92494249,0.21600000,0.00000000,3.80676500,1.50156000
1624843219.02495217,0.20700000,0.00000000,3.80870500,1.52290000
1624843219.12542605,0.20900000,0.00000000,3.80967500,1.54375500
1624843219.22607160,0.20300000,0.00000000,3.81161500,1.56364000
1624843219.32606292,0.20700000,0.00000000,3.81258500,1.58498000
1624843219.42553568,0.19800000,0.00000000,3.81355500,1.60486500
1624843219.52570748,0.20100000,0.00000000,3.81598000,1.62475000
1624843219.62566543,0.19600000,0.00000000,3.81695000,1.64366500
1624843219.72555232,0.19600000,0.00000000,3.81792000,1.66355000
1624843219.82655811,0.19400000,0.00000000,3.81986000,1.68295000
1624843219.92716384,0.19200000,0.00000000,3.82083000,1.70186500
1624843220.02680922,0.19000000,0.00000000,3.82180000,1.72078000
1624843220.12637663,0.18800000,0.00000000,3.82374000,1.73969500
1624843220.22671485,0.18600000,0.00000000,3.82471000,1.75861000
1624843220.32636046,0.18400000,0.00000000,3.82568000,1.77655500
1624843220.42721701,0.18200000,0.00000000,3.82665000,1.79498500
1624843220.52723861,0.18000000,0.00000000,3.82859000,1.81293000
1624843220.62719154,0.17900000,0.00000000,3.82956000,1.83087500
1624843220.72639346,0.17500000,0.00000000,3.83053000,1.84785000
1624843220.82686067,0.17300000,0.00000000,3.83198500,1.86579500
1624843220.92636824,0.17300000,0.00000000,3.83295500,1.88277000
1624843221.02669644,0.17100000,0.00000000,3.83489500,1.89974500
1624843221.12684989,0.16900000,0.00000000,3.83586500,1.91672000
1624843221.22717428,0.16800000,0.00000000,3.83683500,1.93369500
1624843221.32666349,0.16600000,0.00000000,3.83780500,1.94970000
1624843221.42722011,0.16200000,0.00000000,3.83877500,1.96570500
1624843221.52659798,0.16200000,0.00000000,3.83974500,1.98268000
1624843221.62719727,0.16100000,0.00000000,3.84071500,1.99868500
1624843221.72697926,0.15900000,0.00000000,3.84168500,2.01469000
1624843221.82683063,0.15500000,0.00000000,3.84265500,2.02972500
1624843221.92660308,0.15500000,0.00000000,3.84459500,2.04573000
1624843222.02638221,0.15400000,0.00000000,3.84556500,2.06076500
1624843222.12640548,0.15200000,0.00000000,3.84653500,2.07580000
1624843222.22659898,0.15100000,0.00000000,3.84799000,2.09083500
1624843222.32694197,0.14900000,0.00000000,3.84896000,2.10587000
1624843222.42684221,0.14700000,0.00000000,3.84993000,2.12090500
1624843222.52709675,0.14600000,0.00000000,3.85090000,2.13497000
1624843222.62713623,0.14400000,0.00000000,3.85187000,2.14952000
1624843222.72723579,0.14300000,0.00000000,3.85284000,2.16358500
1624843222.82662868,0.14000000,0.00000000,3.85381000,2.17765000
1624843222.92732716,0.13800000,0.00000000,3.85381000,2.19171500
1624843223.02796936,0.13800000,0.00000000,3.85478000,2.20578000
1624843223.12771702,0.13600000,0.00000000,3.85575000,2.21887500
1624843223.22814560,0.13600000,0.00000000,3.85672000,2.23294000
1624843223.32781816,0.13300000,0.00000000,3.85769000,2.24555000
1624843223.42840695,0.13100000,0.00000000,3.85866000,2.25864500
1624843223.52754974,0.13000000,0.00000000,3.85963000,2.27174000
1624843223.62769890,0.12900000,0.00000000,3.86060000,2.28483500
1624843223.72797775,0.12700000,0.00000000,3.86157000,2.29793000
1624843223.82799411,0.12600000,0.00000000,3.86254000,2.30957000
1624843223.92824388,0.12500000,0.00000000,3.86254000,2.32266500
1624843224.02861714,0.12300000,0.00000000,3.86399500,2.33479000
1624843224.12917066,0.12200000,0.00000000,3.86496500,2.34691500
1624843224.22841024,0.12100000,0.00000000,3.86593500,2.35855500
1624843224.32842755,0.11900000,0.00000000,3.86690500,2.37068000
1624843224.42880940,0.11800000,0.00000000,3.86690500,2.38280500
1624843224.52886438,0.11700000,0.00000000,3.86787500,2.39493000
1624843224.62903118,0.11600000,0.00000000,3.86884500,2.40560000
1624843224.72928238,0.11500000,0.00000000,3.86981500,2.41772500
1624843224.82964420,0.11300000,0.00000000,3.87078500,2.42888000
1624843224.93010020,0.11200000,0.00000000,3.87078500,2.43955000
1624843225.03001928,0.11100000,0.00000000,3.87175500,2.45070500
1624843225.12952971,0.11000000,0.00000000,3.87272500,2.46186000
1624843225.23005033,0.10900000,0.00000000,3.87369500,2.47253000
1624843225.33020473,0.10700000,0.00000000,3.87369500,2.48368500
1624843225.43013000,0.10600000,0.00000000,3.87466500,2.49387000
1624843225.53031540,0.10500000,0.00000000,3.87563500,2.50454000
1624843225.62956214,0.10400000,0.00000000,3.87563500,2.51472500
1624843225.72999454,0.10300000,0.00000000,3.87660500,2.52491000
1624843225.83012438,0.10200000,0.00000000,3.87757500,2.53558000
1624843225.92938447,0.10100000,0.00000000,3.87854500,2.54576500
1624843226.02942157,0.10000000,0.00000000,3.87854500,2.55595000
1624843226.13020849,0.09900000,0.00000000,3.87951500,2.56468000
1624843226.23018861,0.09750000,-0.01745329,3.88097000,2.57486500
1624843226.32935619,0.09650000,-0.01745329,3.88097000,2.58456500
1624843226.42969012,0.09550000,-0.01745329,3.88194000,2.59378000
1624843226.52944756,0.09450000,-0.01745329,3.88291000,2.60396500
1624843226.63013959,0.09350000,-0.01745329,3.88291000,2.61269500
1624843226.72968411,0.09250000,-0.01745329,3.88388000,2.62191000
1624843226.82978392,0.09150000,-0.01745329,3.88485000,2.63161000
1624843226.93005562,0.09050000,-0.01745329,3.88582000,2.64082500
1624843227.02956343,0.08950000,-0.01745329,3.88582000,2.64955500
1624843227.12982798,0.08850000,-0.01745329,3.88679000,2.65877000
1624843227.23014522,0.08750000,-0.01745329,3.88776000,2.66653000
1624843227.33000517,0.08800000,0.00000000,3.88873000,2.67574500
1624843227.43013692,0.08600000,0.00000000,3.88873000,2.68496000
1624843227.52978969,0.08600000,0.00000000,3.88970000,2.69272000
1624843227.62968254,0.08500000,0.00000000,3.89067000,2.70193500
1624843227.73015046,0.08400000,0.00000000,3.89067000,2.70969500
1624843227.82961082,0.08300000,0.00000000,3.89164000,2.71794000
1624843227.93002081,0.08200000,0.00000000,3.89261000,2.72667000
1624843228.03018785,0.08100000,0.00000000,3.89358000,2.73491500
1624843228.12980509,0.08000000,0.00000000,3.89358000,2.74267500
1624843228.23022223,0.07900000,0.00000000,3.89455000,2.75092000
1624843228.32939744,0.07900000,0.00000000,3.89552000,2.75771000
1624843228.42956710,0.07800000,0.00000000,3.89552000,2.76595500
1624843228.53001666,0.07700000,0.00000000,3.89697500,2.77371500
1624843228.63020468,0.07600000,0.00000000,3.89794500,2.78099000
1624843228.72965455,0.07500000,0.00000000,3.89794500,2.78875000
1624843228.83003044,0.07500000,0.00000000,3.89891500,2.79554000
1624843228.92999363,0.07400000,0.00000000,3.89988500,2.80378500
1624843229.02986860,0.07300000,0.00000000,3.89988500,2.81057500
1624843229.12962818,0.07200000,0.00000000,3.90085500,2.81785000
1624843229.22992826,0.07200000,0.00000000,3.90182500,2.82561000
1624843229.33012986,0.07100000,0.00000000,3.90182500,2.83288500
1624843229.42971778,0.07000000,0.00000000,3.90279500,2.83967500
1624843229.52967095,0.06900000,0.00000000,3.90279500,2.84598000
1624843229.62952185,0.06900000,0.00000000,3.90376500,2.85277000
1624843229.72978687,0.06800000,0.00000000,3.90473500,2.85956000
1624843229.83007097,0.06700000,0.00000000,3.90473500,2.86683500
1624843229.92965579,0.06600000,0.00000000,3.90570500,2.87265500
1624843230.02968621,0.06600000,0.00000000,3.90570500,2.87993000
1624843230.13035369,0.06500000,0.00000000,3.90667500,2.88575000
1624843230.23097968,0.06500000,0.00000000,3.90667500,2.89254000
1624843230.33119488,0.06400000,0.00000000,3.90764500,2.89884500
1624843230.43129086,0.06300000,0.00000000,3.90861500,2.90466500
1624843230.53140974,0.06300000,0.00000000,3.90861500,2.91194000
1624843230.63207269,0.06200000,0.00000000,3.90958500,2.91776000
1624843230.73231745,0.06100000,0.00000000,3.90958500,2.92358000
1624843230.83273435,0.06100000,0.00000000,3.91055500,2.92988500
1624843230.93300319,0.06000000,0.00000000,3.91055500,2.93570500
1624843231.03330803,0.05900000,0.00000000,3.91152500,2.94152500
1624843231.13258362,0.05900000,0.00000000,3.91152500,2.94783000
1624843231.23299885,0.05800000,0.00000000,3.91298000,2.95365000
1624843231.33342290,0.05800000,0.00000000,3.91298000,2.95898500
1624843231.43336535,0.05700000,0.00000000,3.91395000,2.96480500
1624843231.53427291,0.05600000,0.00000000,3.91395000,2.97062500
1624843231.63425016,0.05600000,0.00000000,3.91492000,2.97596000
1624843231.73535466,0.05500000,0.00000000,3.91492000,2.98178000
1624843231.83511972,0.05400000,0.00000000,3.91589000,2.98663000
1624843231.93494725,0.05400000,0.00000000,3.91589000,2.99293500
1624843232.03526521,0.05300000,0.00000000,3.91686000,2.99778500
1624843232.13501883,0.05300000,0.00000000,3.91686000,3.00263500
1624843232.23457694,0.05200000,0.00000000,3.91783000,3.00797000
1624843232.33516049,0.05200000,0.00000000,3.91783000,3.01379000
1624843232.43448544,0.05100000,0.00000000,3.91783000,3.01864000
1624843232.53530765,0.05000000,0.00000000,3.91880000,3.02397500
1624843232.63433456,0.05000000,0.00000000,3.91880000,3.02882500
1624843232.73446822,0.05000000,0.00000000,3.91977000,3.03270500
1624843232.83478570,0.04900000,0.00000000,3.91977000,3.03755500
1624843232.93502927,0.04800000,0.00000000,3.92074000,3.04289000
1624843233.03536582,0.04800000,0.00000000,3.92074000,3.04774000
1624843233.13551641,0.04700000,0.00000000,3.92074000,3.05259000
1624843233.23587465,0.04700000,0.00000000,3.92171000,3.05695500
1624843233.33567476,0.04700000,0.00000000,3.92171000,3.06180500
1624843233.43610024,0.04600000,0.00000000,3.92268000,3.06665500
1624843233.53550148,0.04600000,0.00000000,3.92268000,3.07053500
1624843233.63641357,0.04500000,0.00000000,3.92268000,3.07587000
1624843233.73745060,0.04500000,0.00000000,3.92365000,3.07975000
1624843233.83705831,0.04400000,0.00000000,3.92365000,3.08460000
1624843233.93708205,0.04400000,0.00000000,3.92462000,3.08896500
1624843234.03690243,0.04300000,0.00000000,3.92462000,3.09284500
1624843234.13712406,0.04300000,0.00000000,3.92462000,3.09672500
1624843234.23698854,0.04200000,0.00000000,3.92559000,3.10157500
1624843234.33653045,0.04200000,0.00000000,3.92559000,3.10594000
1624843234.43640852,0.04100000,0.00000000,3.92559000,3.10982000
1624843234.53692675,0.04050000,0.01745329,3.92656000,3.11370000
1624843234.63684249,0.04100000,0.00000000,3.92656000,3.11758000
1624843234.73697615,0.04000000,0.00000000,3.92753000,3.12194500
1624843234.83664179,0.04000000,0.00000000,3.92753000,3.12582500
1624843234.93654537,0.03900000,0.00000000,3.92753000,3.12970500
1624843235.03664637,0.03900000,0.00000000,3.92898500,3.13358500
1624843235.13685060,0.03900000,0.00000000,3.92898500,3.13795000
1624843235.23718357,0.03800000,0.00000000,3.92898500,3.14183000
1624843235.33725810,0.03750000,0.01745329,3.92995500,3.14474000
1624843235.43643928,0.03700000,0.00000000,3.92995500,3.14862000
1624843235.53705764,0.03700000,0.00000000,3.92995500,3.15298500
1624843235.63722563,0.03650000,0.01745329,3.92995500,3.15589500
1624843235.73663259,0.03550000,0.01745329,3.93092500,3.15977500
1624843235.83710575,0.03600000,0.00000000,3.93092500,3.16365500
1624843235.93666053,0.03550000,0.01745329,3.93092500,3.16656500
1624843236.03699470,0.03450000,0.01745329,3.93189500,3.17093000
1624843236.13680744,0.03350000,0.01745329,3.93189500,3.17384000
1624843236.23669958,0.03400000,0.00000000,3.93189500,3.17675000
1624843236.33749533,0.03350000,0.01745329,3.93189500,3.18063000
1624843236.43829417,0.03250000,0.01745329,3.93286500,3.18354000
1624843236.53752589,0.03300000,0.00000000,3.93286500,3.18693500
1624843236.63786316,0.03300000,0.00000000,3.93286500,3.19081500
1624843236.73840976,0.03250000,-0.03490659,3.93286500,3.19372500
1624843236.83925152,0.03250000,-0.06981317,3.93383500,3.19663500
1624843236.93872046,0.03350000,-0.12217305,3.93383500,3.20051500
1624843237.03876400,0.03450000,-0.13962634,3.93383500,3.20391000
1624843237.13933063,0.03450000,-0.17453293,3.93480500,3.20779000
1624843237.23866248,0.03550000,-0.19198622,3.93480500,3.21070000
1624843237.33884907,0.03700000,-0.22689280,3.93577500,3.21458000
1624843237.43939376,0.03900000,-0.24434610,3.93577500,3.21894500
1624843237.53916740,0.04000000,-0.26179939,3.93674500,3.22282500
1624843237.63853025,0.04200000,-0.27925268,3.93771500,3.22670500
1624843237.73864341,0.04300000,-0.29670597,3.93868500,3.23058500
1624843237.83931231,0.04500000,-0.29670597,3.93965500,3.23495000
1624843237.93875289,0.04800000,-0.29670597,3.94159500,3.23980000
1624843238.03912377,0.05000000,-0.31415927,3.94256500,3.24368000
1624843238.13919449,0.05200000,-0.31415927,3.94499000,3.24853000
1624843238.23854017,0.05500000,-0.31415927,3.94693000,3.25386500
1624843238.33913803,0.05650000,-0.31415927,3.94984000,3.25871500
1624843238.43861890,0.06050000,-0.31415927,3.95178000,3.26453500
1624843238.53870368,0.06250000,-0.31415927,3.95469000,3.27084000
1624843238.63837743,0.06650000,-0.31415927,3.95857000,3.27569000
1624843238.73884821,0.06750000,-0.31415927,3.96196500,3.28199500
1624843238.83889794,0.06550000,-0.29670597,3.96584500,3.28781500
1624843238.93907261,0.06550000,-0.29670597,3.96972500,3.29266500
1624843239.03916740,0.06350000,-0.29670597,3.97360500,3.29751500
1624843239.13846445,0.06250000,-0.27925268,3.97797000,3.30285000
1624843239.23913455,0.06250000,-0.27925268,3.98185000,3.30770000
1624843239.33929014,0.06150000,-0.26179939,3.98573000,3.31255000
1624843239.43926692,0.06150000,-0.26179939,3.98961000,3.31691500
1624843239.53957748,0.05950000,-0.26179939,3.99397500,3.32079500
1624843239.63996530,0.05950000,-0.24434610,3.99882500,3.32467500
1624843239.74011087,0.05850000,-0.24434610,4.00270500,3.32855500
1624843239.84042931,0.05750000,-0.24434610,4.00658500,3.33292000
1624843239.94067454,0.05750000,-0.22689280,4.01192000,3.33680000
1624843240.04099607,0.05650000,-0.22689280,4.01580000,3.33971000
1624843240.14105415,0.05650000,-0.22689280,4.02065000,3.34359000
1624843240.24066544,0.05550000,-0.20943951,4.02453000,3.34698500
1624843240.34126115,0.05550000,-0.20943951,4.02986500,3.34989500
1624843240.44046783,0.05450000,-0.19198622,4.03471500,3.35280500
1624843240.54129863,0.05450000,-0.19198622,4.03859500,3.35571500
1624843240.64109206,0.05450000,-0.17453293,4.04393000,3.35862500
1624843240.74087191,0.02450000,-0.13962634,4.04587000,3.35959500
1624843240.84070444,0.00000000,-0.13962634,4.04587000,3.35959500
1624843240.94091296,0.00000000,-0.13962634,4.04587000,3.35959500
1624843241.04133844,0.00000000,-0.12217305,4.04587000,3.35959500
1624843241.14097285,0.00000000,-0.12217305,4.04587000,3.35959500
1624843241.24061632,0.00000000,-0.12217305,4.04587000,3.35959500
1624843241.34082866,0.00000000,-0.10471976,4.04587000,3.35959500
1624843241.44100189,0.00000000,-0.10471976,4.04587000,3.35959500
1624843241.54116631,0.00000000,-0.10471976,4.04587000,3.35959500
1624843241.64053965,0.00000000,-0.10471976,4.04587000,3.35959500
1624843241.74056053,0.00000000,-0.10471976,4.04587000,3.35959500
1624843241.84058499,0.00000000,-0.08726646,4.04587000,3.35959500
1624843241.94067693,0.00000000,-0.08726646,4.04587000,3.35959500
1624843242.04108667,0.00000000,-0.08726646,4.04587000,3.35959500
1624843242.14151001,0.00000000,-0.08726646,4.04587000,3.35959500
1624843242.24146342,0.00000000,-0.08726646,4.04587000,3.35959500
1624843242.34169579,0.00000000,-0.06981317,4.04587000,3.35959500
1624843242.44193697,0.00000000,-0.06981317,4.04587000,3.35959500
1624843242.54243684,0.00000000,-0.06981317,4.04587000,3.35959500
1624843242.64295125,0.00000000,-0.06981317,4.04587000,3.35959500
1624843242.74266672,0.00000000,-0.06981317,4.04587000,3.35959500
1624843242.84303689,0.00000000,-0.06981317,4.04587000,3.35959500
1624843242.94290280,0.00000000,-0.05235988,4.04587000,3.35959500
1624843243.04331756,0.00000000,-0.05235988,4.04587000,3.35959500
1624843243.14326739,0.00000000,-0.05235988,4.04587000,3.35959500
1624843243.24262834,0.00000000,-0.05235988,4.04587000,3.35959500
1624843243.34269190,0.00000000,-0.05235988,4.04587000,3.35959500
1624843243.44352436,0.00000000,-0.05235988,4.04587000,3.35959500
1624843243.54375291,0.00000000,-0.05235988,4.04587000,3.35959500
1624843243.64418650,0.00000000,-0.05235988,4.04587000,3.35959500
1624843243.74411774,0.00000000,-0.05235988,4.04587000,3.35959500
1624843243.84391308,0.00000000,-0.03490659,4.04587000,3.35959500
1624843243.94363546,0.00000000,-0.03490659,4.04587000,3.35959500
1624843244.04378700,0.00000000,-0.03490659,4.04587000,3.35959500
1624843244.14369988,0.00000000,-0.03490659,4.04587000,3.35959500
1624843244.24378181,0.00000000,-0.03490659,4.04587000,3.35959500
1624843244.34397840,0.00000000,-0.03490659,4.04587000,3.35959500
1624843244.44404602,0.00000000,-0.03490659,4.04587000,3.35959500
1624843244.54418039,0.00000000,-0.01745329,4.04587000,3.35959500
1624843244.64455462,0.00000000,-0.01745329,4.04587000,3.35959500
1624843244.74475479,0.00000000,-0.01745329,4.04587000,3.35959500
1624843244.84511185,0.00000000,-0.01745329,4.04587000,3.35959500
1624843244.94521308,0.00000000,-0.01745329,4.04587000,3.35959500
1624843245.04510689,0.00000000,-0.01745329,4.04587000,3.35959500
1624843245.14473319,0.00000000,-0.01745329,4.04587000,3.35959500
1624843245.24437714,0.00000000,-0.01745329,4.04587000,3.35959500
1624843245.34516454,0.00000000,-0.01745329,4.04587000,3.35959500
1624843245.44534349,0.00000000,-0.01745329,4.04587000,3.35959500
1624843245.54596305,0.00000000,-0.01745329,4.04587000,3.35959500
1624843245.64558244,0.00000000,-0.01745329,4.04587000,3.35959500
1624843245.74591446,0.00000000,-0.01745329,4.04587000,3.35959500
1624843245.84614587,0.00000000,-0.01745329,4.04587000,3.35959500
1624843245.94613075,0.00000000,0.00000000,4.04587000,3.35959500
1624843246.04614449,0.00000000,0.00000000,4.04587000,3.35959500
1624843246.14636850,0.00000000,0.00000000,4.04587000,3.35959500
1624843246.24668407,0.00000000,0.00000000,4.04587000,3.35959500
1624843246.34653473,0.00000000,0.00000000,4.04587000,3.35959500
1624843246.44726586,0.00000000,0.00000000,4.04587000,3.35959500
1624843246.54654860,0.00000000,0.00000000,4.04587000,3.35959500
1624843246.64754248,0.00000000,0.00000000,4.04587000,3.35959500
1624843246.74813485,0.00000000,0.00000000,4.04587000,3.35959500
1624843246.84803796,0.00000000,0.00000000,4.04587000,3.35959500
1624843246.94775081,0.00000000,0.00000000,4.04587000,3.35959500
1624843247.04749036,0.00000000,0.00000000,4.04587000,3.35959500
1624843247.14830351,0.00000000,0.00000000,4.04587000,3.35959500
1624843247.24868655,0.00000000,0.00000000,4.04587000,3.35959500
1624843247.34839916,0.00000000,0.00000000,4.04587000,3.35959500
1624843247.44899416,0.00000000,0.00000000,4.04587000,3.35959500
1624843247.54920363,0.00000000,0.00000000,4.04587000,3.35959500
1624843247.64860559,0.00000000,0.00000000,4.04587000,3.35959500
1624843247.74845195,0.00000000,-0.01745329,4.04587000,3.35959500
1624843247.84930992,0.00000000,-0.01745329,4.04587000,3.35959500
1624843247.94996667,0.00000000,-0.01745329,4.04587000,3.35959500
1624843248.04973006,0.00000000,-0.03490659,4.04587000,3.35959500
1624843248.15009975,0.00000000,-0.03490659,4.04587000,3.35959500
1624843248.24977374,0.00000000,-0.05235988,4.04587000,3.35959500
1624843248.35022688,0.00000000,-0.05235988,4.04587000,3.35959500
1624843248.44982982,0.00000000,-0.05235988,4.04587000,3.35959500
1624843248.54992771,0.00000000,-0.06981317,4.04587000,3.35959500
1624843248.64982724,0.00000000,-0.06981317,4.04587000,3.35959500
1624843248.74962091,0.00000000,-0.06981317,4.04587000,3.35959500
1624843248.84962726,0.00000000,-0.08726646,4.04587000,3.35959500
1624843248.95032954,0.00000000,-0.08726646,4.04587000,3.35959500
1624843249.05141664,0.00000000,-0.08726646,4.04587000,3.35959500
1624843249.15060639,0.00000000,-0.10471976,4.04587000,3.35959500
1624843249.25136709,0.00000000,-0.10471976,4.04587000,3.35959500
1624843249.35189891,0.00000000,-0.10471976,4.04587000,3.35959500
1624843249.45206237,0.00000000,-0.12217305,4.04587000,3.35959500
1624843249.55192184,0.00000000,-0.12217305,4.04587000,3.35959500
1624843249.65149140,0.00000000,-0.12217305,4.04587000,3.35959500
1624843249.75190330,0.00000000,-0.12217305,4.04587000,3.35959500
1624843249.85143900,0.00000000,-0.12217305,4.04587000,3.35959500
1624843249.95179534,0.00000000,-0.13962634,4.04587000,3.35959500
1624843250.05213070,0.00000000,-0.13962634,4.04587000,3.35959500
1624843250.15155482,0.00000000,-0.13962634,4.04587000,3.35959500
1624843250.25167251,0.00000000,-0.13962634,4.04587000,3.35959500
1624843250.35212684,0.00000000,-0.13962634,4.04587000,3.35959500
1624843250.45207644,0.00000000,-0.13962634,4.04587000,3.35959500
1624843250.55182195,0.00000000,-0.13962634,4.04587000,3.35959500
1624843250.65242124,0.00000000,-0.13962634,4.04587000,3.35959500
1624843250.75309730,0.00000000,-0.13962634,4.04587000,3.35959500
1624843250.85334539,0.00000000,-0.13962634,4.04587000,3.35959500
1624843250.95279145,0.00000000,-0.13962634,4.04587000,3.35959500
1624843251.05259204,0.00000000,-0.15707963,4.04587000,3.35959500
1624843251.15245485,0.00000000,-0.15707963,4.04587000,3.35959500
1624843251.25329304,0.00000000,-0.13962634,4.04587000,3.35959500
1624843251.35345888,0.00000000,-0.13962634,4.04587000,3.35959500
1624843251.45453620,0.00000000,-0.13962634,4.04587000,3.35959500
1624843251.55463672,0.00000000,-0.15707963,4.04587000,3.35959500
1624843251.65451956,0.00000000,-0.15707963,4.04587000,3.35959500
1624843251.75507069,0.00000000,-0.15707963,4.04587000,3.35959500
1624843251.85540628,0.00000000,-0.13962634,4.04587000,3.35959500
1624843251.95454741,0.00000000,-0.13962634,4.04587000,3.35959500
1624843252.05487227,0.00000000,-0.13962634,4.04587000,3.35959500
1624843252.15459657,0.00000000,-0.13962634,4.04587000,3.35959500
1624843252.25490975,0.00000000,-0.13962634,4.04587000,3.35959500
1624843252.35475874,0.00000000,-0.13962634,4.04587000,3.35959500
1624843252.45461345,0.00000000,-0.13962634,4.04587000,3.35959500
1624843252.55465078,0.00000000,-0.13962634,4.04587000,3.35959500
1624843252.65472865,0.00000000,-0.13962634,4.04587000,3.35959500
1624843252.75441980,0.00000000,-0.13962634,4.04587000,3.35959500
1624843252.85538888,0.00000000,-0.13962634,4.04587000,3.35959500
1624843252.95512772,0.00000000,-0.13962634,4.04587000,3.35959500
1624843253.05472064,0.00000000,-0.13962634,4.04587000,3.35959500
1624843253.15541697,0.00000000,-0.13962634,4.04587000,3.35959500
1624843253.25448608,0.00000000,-0.12217305,4.04587000,3.35959500
1624843253.35466886,0.00000000,-0.13962634,4.04587000,3.35959500
1624843253.45474529,0.00000000,-0.12217305,4.04587000,3.35959500
1624843253.55481791,0.00000000,-0.12217305,4.04587000,3.35959500
1624843253.65535903,0.00000000,-0.12217305,4.04587000,3.35959500
1624843253.75461316,0.00000000,-0.12217305,4.04587000,3.35959500
1624843253.85520005,0.00000000,-0.12217305,4.04587000,3.35959500
1624843253.95479178,0.00000000,-0.12217305,4.04587000,3.35959500
1624843254.05500221,0.00000000,-0.12217305,4.04587000,3.35959500
1624843254.15483284,0.00000000,-0.12217305,4.04587000,3.35959500
1624843254.25518131,0.00000000,-0.12217305,4.04587000,3.35959500
1624843254.35460877,0.00000000,-0.12217305,4.04587000,3.35959500
1624843254.45481277,0.00000000,-0.10471976,4.04587000,3.35959500
1624843254.55525255,0.00000000,-0.12217305,4.04587000,3.35959500
1624843254.65551400,0.00000000,-0.10471976,4.04587000,3.35959500
1624843254.75594544,0.00000000,-0.10471976,4.04587000,3.35959500
1624843254.85590076,0.00000000,-0.10471976,4.04587000,3.35959500
1624843254.95583010,0.00000000,-0.10471976,4.04587000,3.35959500
1624843255.05627799,0.00000000,-0.10471976,4.04587000,3.35959500
1624843255.15646458,0.00000000,-0.10471976,4.04587000,3.35959500
1624843255.25560999,0.00000000,-0.10471976,4.04587000,3.35959500
1624843255.35545444,0.00000000,-0.10471976,4.04587000,3.35959500
1624843255.45613933,0.00000000,-0.10471976,4.04587000,3.35959500
1624843255.55566645,0.00000000,-0.08726646,4.04587000,3.35959500
1624843255.65610027,0.00000000,-0.10471976,4.04587000,3.35959500
1624843255.75612378,0.00000000,-0.08726646,4.04587000,3.35959500
1624843255.85555577,0.00000000,-0.08726646,4.04587000,3.35959500
1624843255.95577407,0.00000000,-0.08726646,4.04587000,3.35959500
1624843256.05618024,0.00000000,-0.06981317,4.04587000,3.35959500
1624843256.15560508,0.00000000,-0.06981317,4.04587000,3.35959500
1624843256.25619626,0.00000000,-0.06981317,4.04587000,3.35959500
1624843256.35625696,0.00000000,-0.06981317,4.04587000,3.35959500
1624843256.45566559,0.00000000,-0.05235988,4.04587000,3.35959500
1624843256.55583334,0.00000000,-0.05235988,4.04587000,3.35959500
1624843256.65637636,0.00000000,-0.05235988,4.04587000,3.35959500
1624843256.75566459,0.00000000,-0.05235988,4.04587000,3.35959500
1624843256.85589671,0.00000000,-0.05235988,4.04587000,3.35959500
1624843256.95589423,0.00000000,-0.05235988,4.04587000,3.35959500
1624843257.05578613,0.00000000,-0.05235988,4.04587000,3.35959500
1624843257.15586829,0.00000000,-0.03490659,4.04587000,3.35959500
1624843257.25578117,0.00000000,-0.03490659,4.04587000,3.35959500
1624843257.35614228,0.00000000,-0.03490659,4.04587000,3.35959500
1624843257.45588899,0.00000000,-0.03490659,4.04587000,3.35959500
1624843257.55600214,0.00000000,-0.03490659,4.04587000,3.35959500
1624843257.65607738,0.00000000,-0.03490659,4.04587000,3.35959500
1624843257.75639844,0.00000000,-0.03490659,4.04587000,3.35959500
1624843257.85694051,0.00000000,-0.03490659,4.04587000,3.35959500
1624843257.95681334,0.00000000,-0.01745329,4.04587000,3.35959500
1624843258.05700970,0.00000000,-0.01745329,4.04587000,3.35959500
1624843258.15681124,0.00000000,-0.01745329,4.04587000,3.35959500
1624843258.25650764,0.00000000,-0.01745329,4.04587000,3.35959500
1624843258.35712695,0.00000000,-0.01745329,4.04587000,3.35959500
1624843258.45643663,0.00000000,-0.01745329,4.04587000,3.35959500
1624843258.55671954,0.00000000,-0.01745329,4.04587000,3.35959500
1624843258.65701795,0.00000000,-0.01745329,4.04587000,3.35959500
1624843258.75668049,0.00000000,-0.01745329,4.04587000,3.35959500
1624843258.85694313,0.00000000,-0.01745329,4.04587000,3.35959500
1624843258.95731950,0.00000000,-0.01745329,4.04587000,3.35959500
1624843259.05737376,0.00000000,-0.01745329,4.04587000,3.35959500
1624843259.15801454,0.00000000,-0.01745329,4.04587000,3.35959500
1624843259.25832677,0.00000000,-0.01745329,4.04587000,3.35959500
1624843259.35912609,0.00000000,0.00000000,4.04587000,3.35959500
1624843259.45929456,0.00000000,0.00000000,4.04587000,3.35959500
1624843259.55851054,0.00000000,0.00000000,4.04587000,3.35959500
1624843259.65904212,0.00000000,0.00000000,4.04587000,3.35959500
1624843259.75880551,0.00000000,0.00000000,4.04587000,3.35959500
1624843259.85930896,0.00000000,0.00000000,4.04587000,3.35959500
1624843259.95916653,0.00000000,0.00000000,4.04587000,3.35959500
1624843260.05918193,0.00000000,0.00000000,4.04587000,3.35959500
1624843260.15911889,0.00000000,0.00000000,4.04587000,3.35959500
1624843260.25867414,0.00000000,0.00000000,4.04587000,3.35959500
1624843260.35842705,0.00000000,0.00000000,4.04587000,3.35959500
1624843260.45924330,0.00000000,0.00000000,4.04587000,3.35959500
1624843260.55860281,0.00000000,0.00000000,4.04587000,3.35959500
1624843260.65885901,0.00000000,0.00000000,4.04587000,3.35959500
1624843260.75896192,0.00000000,0.00000000,4.04587000,3.35959500
1624843260.85954928,0.00000000,-0.01745329,4.04587000,3.35959500
1624843260.95980644,0.00000000,-0.01745329,4.04587000,3.35959500
1624843261.06023860,0.00000000,-0.01745329,4.04587000,3.35959500
1624843261.16027570,0.00000000,-0.01745329,4.04587000,3.35959500
1624843261.25956964,0.00000000,-0.03490659,4.04587000,3.35959500
1624843261.36003661,0.00000000,-0.03490659,4.04587000,3.35959500
1624843261.46018624,0.00000000,-0.03490659,4.04587000,3.35959500
1624843261.55959535,0.00000000,-0.03490659,4.04587000,3.35959500
1624843261.65975785,0.00000000,-0.05235988,4.04587000,3.35959500
1624843261.75992155,0.00000000,-0.05235988,4.04587000,3.35959500
1624843261.85977292,0.00000000,-0.05235988,4.04587000,3.35959500
1624843261.96050429,0.00000000,-0.05235988,4.04587000,3.35959500
1624843262.05963564,0.00000000,-0.05235988,4.04587000,3.35959500
1624843262.16024876,0.00000000,-0.05235988,4.04587000,3.35959500
1624843262.25956106,0.00000000,-0.05235988,4.04587000,3.35959500
1624843262.35961485,0.00000000,-0.05235988,4.04587000,3.35959500
1624843262.45991230,0.00000000,-0.06981317,4.04587000,3.35959500
1624843262.55968475,0.00000000,-0.06981317,4.04587000,3.35959500
1624843262.66028500,0.00000000,-0.06981317,4.04587000,3.35959500
1624843262.75967932,0.00000000,-0.06981317,4.04587000,3.35959500
1624843262.85950971,-0.02950000,-0.08726646,4.04441500,3.36299000
1624843262.95966387,-0.05950000,-0.08726646,4.04102000,3.36784000
1624843263.06005359,-0.08950000,-0.10471976,4.03617000,3.37463000
1624843263.15984941,-0.11950000,-0.10471976,4.02938000,3.38481500
1624843263.26028132,-0.13350000,-0.10471976,4.02210500,3.39597000
1624843263.35995960,-0.13250000,-0.12217305,4.01434500,3.40664000
1624843263.46040273,-0.11650000,-0.10471976,4.00804000,3.41682500
1624843263.55992246,-0.12350000,-0.12217305,4.00222000,3.42798000
1624843263.65984654,-0.10350000,-0.12217305,3.99640000,3.43671000
1624843263.76029015,-0.10150000,-0.12217305,3.99106500,3.44495500
1624843263.86034727,-0.08950000,-0.12217305,3.98718500,3.45271500
1624843263.95995092,-0.07650000,-0.12217305,3.98330500,3.45999000
1624843264.05942988,-0.07450000,-0.12217305,3.97942500,3.46678000
1624843264.15977287,-0.04550000,-0.12217305,3.97700000,3.47066000
1624843264.26011777,-0.04450000,-0.12217305,3.97506000,3.47454000
1624843264.35973144,-0.04250000,-0.12217305,3.97312000,3.47890500
1624843264.46004605,-0.01300000,-0.12217305,3.97312000,3.47987500
1624843264.55964899,-0.00700000,-0.12217305,3.97215000,3.47987500
1624843264.65984678,0.01100000,-0.12217305,3.97263500,3.47939000
1624843264.75993896,0.01000000,-0.12217305,3.97263500,3.47842000
1624843264.85993004,0.00900000,-0.12217305,3.97360500,3.47842000
1624843264.95973897,0.00900000,-0.12217305,3.97360500,3.47745000
1624843265.06024003,0.00700000,-0.12217305,3.97360500,3.47648000
1624843265.16023111,0.00600000,-0.12217305,3.97360500,3.47648000
1624843265.25973010,0.00500000,-0.12217305,3.97457500,3.47502500
1624843265.35958982,0.00400000,-0.12217305,3.97457500,3.47502500
1624843265.46002054,0.00300000,-0.12217305,3.97457500,3.47405500
1624843265.56014132,0.00200000,-0.12217305,3.97457500,3.47405500
1624843265.66021180,0.00200000,-0.12217305,3.97457500,3.47405500
1624843265.75961494,0.00100000,0.00000000,3.97457500,3.47405500
1624843265.85944414,0.00000000,0.00000000,3.97457500,3.47405500
1624843265.96037650,0.00000000,0.00000000,3.97457500,3.47405500
1624843266.06027746,-0.00100000,-0.13962634,3.97457500,3.47405500
1624843266.16129375,-0.00100000,-0.13962634,3.97457500,3.47405500
1624843266.26092219,-0.00200000,-0.13962634,3.97457500,3.47405500
1624843266.36047816,-0.00200000,-0.13962634,3.97457500,3.47405500
1624843266.46112609,-0.00200000,-0.13962634,3.97457500,3.47454000
1624843266.56040764,-0.00200000,-0.15707963,3.97457500,3.47454000
1624843266.66067505,-0.00300000,-0.15707963,3.97457500,3.47454000
1624843266.76046991,-0.00300000,-0.15707963,3.97457500,3.47454000
1624843266.86114240,-0.00300000,-0.13962634,3.97457500,3.47599500
1624843266.96044517,-0.00300000,-0.13962634,3.97457500,3.47599500
1624843267.06056809,-0.00200000,-0.12217305,3.97409000,3.47599500
1624843267.16108990,-0.00200000,-0.12217305,3.97409000,3.47599500
1624843267.26084995,-0.00200000,-0.12217305,3.97409000,3.47696500
1624843267.36102939,-0.00200000,-0.12217305,3.97409000,3.47696500
1624843267.46140599,-0.00200000,-0.12217305,3.97409000,3.47696500
1624843267.56092882,-0.00200000,-0.12217305,3.97409000,3.47696500
1624843267.66057372,-0.00200000,-0.12217305,3.97409000,3.47696500
1624843267.76041746,-0.00200000,-0.12217305,3.97409000,3.47793500
1624843267.86049509,-0.00200000,-0.12217305,3.97409000,3.47793500
1624843267.96093631,-0.00200000,-0.12217305,3.97409000,3.47793500
1624843268.06060386,-0.00200000,-0.12217305,3.97409000,3.47793500
1624843268.16122437,-0.00200000,-0.12217305,3.97409000,3.47793500
1624843268.26105738,-0.00200000,-0.12217305,3.97409000,3.47890500
1624843268.36130953,-0.00200000,-0.12217305,3.97409000,3.47890500
1624843268.46129966,-0.00200000,-0.12217305,3.97409000,3.47890500
1624843268.56169271,-0.00200000,-0.12217305,3.97409000,3.47890500
1624843268.66218162,-0.00200000,-0.12217305,3.97409000,3.47890500
