Seconds,Detected,Distance,Angle,Child.X,Child.Y,Child.Angle
1624843148.72351980,1,4.00000000,0.00000000,4.00000000,0.00000000,0.00000000
1624843148.82351089,1,4.00000000,0.00000000,4.00000000,0.00000000,0.00000000
1624843148.92354298,1,4.00000000,0.00000000,4.00000000,0.00000000,0.00000000
1624843149.02355766,1,4.00000000,0.00000000,4.00000000,0.00000000,0.00000000
1624843149.12356496,1,4.00000000,0.00000000,4.00000000,0.00000000,0.00000000
1624843149.22355223,1,4.00000000,0.00000000,4.00000000,0.00000000,0.00000000
1624843149.32355213,1,4.00000000,0.00000000,4.00000000,0.00000000,0.00000000
1624843149.42355633,1,4.00000000,0.00000000,4.00000000,0.00000000,0.00000000
1624843149.52354789,1,4.00000000,0.00000000,4.00000000,0.00000000,0.00000000
1624843149.62353349,1,4.00000000,0.00000000,4.00000000,0.00000000,0.00000000
1624843149.72355175,1,4.00000000,0.00000000,4.00000000,0.00000000,0.00000000
1624843149.82357264,1,4.00000000,0.00000000,4.00000000,0.00000000,0.00000000
1624843149.92349792,1,4.00000000,0.00000000,4.00000000,0.00000000,0.00000000
1624843150.02351427,1,4.00000000,0.00000000,4.00000000,0.00000000,0.00000000
1624843150.12352037,1,4.00000000,0.00000000,4.00000000,0.00000000,0.00000000
1624843150.22349858,1,4.00000000,0.00000000,4.00000000,0.00000000,0.00000000
1624843150.32348084,1,4.00000000,0.00000000,4.00000000,0.00000000,0.00000000
1624843150.42350698,1,4.00000000,0.00000000,4.00000000,0.00000000,0.00000000
1624843150.52349854,1,4.00000000,0.00000000,4.00000000,0.00000000,0.00000000
1624843150.62349749,1,4.00000000,0.00000000,4.00000000,0.00000000,0.00000000
1624843150.72351956,1,4.00000000,0.00000000,4.00000000,0.00000000,0.00000000
1624843150.82351732,1,4.00000000,0.00000000,4.00000000,0.00000000,0.00000000
1624843150.92348123,1,4.00000000,0.00000000,4.00000000,0.00000000,0.00000000
1624843151.02345467,1,4.00000000,0.00000000,4.00000000,0.00000000,0.00000000
1624843151.12353659,1,4.00000000,0.00000000,4.00000000,0.00000000,0.00000000
1624843151.22349620,1,4.00000000,0.00000000,4.00000000,0.00000000,0.00000000
1624843151.32355380,1,4.00000000,0.00000000,4.00291000,0.00000000,0.00000000
1624843151.42356467,1,3.99709010,0.00000000,4.00485010,0.00000000,0.00000000
1624843151.52357912,1,3.99223995,0.00000000,4.00484995,0.00000000,0.00000000
1624843151.62357187,1,3.98739004,0.00000000,4.00533504,0.00000000,0.00000000
1624843151.72357488,1,3.98205495,0.00000000,4.00484995,0.00000000,0.00000000
1624843151.82355738,1,3.97720504,0.00000000,4.00485004,0.00000000,0.00000000
1624843151.92355633,1,3.97235489,0.00000000,4.00533489,0.00000000,0.00000000
1624843152.02349401,1,3.96702003,0.00000000,4.00485003,0.00000000,0.00000000
1624843152.12349582,1,3.96216989,0.00000000,4.00484989,0.00000000,0.00000000
1624843152.22351241,1,3.95731997,0.00000000,4.00484997,0.00000000,0.00000000
1624843152.32352638,1,3.95247006,0.00000000,4.00436506,0.00000000,0.00000000
1624843152.42345595,1,3.94810510,0.00000000,4.00485010,0.00000000,0.00000000
1624843152.52350616,1,3.94325495,0.00000000,4.00484995,0.00000000,0.00000000
1624843152.62350345,1,3.93840504,0.00000000,4.00436504,0.00000000,0.00000000
1624843152.72350216,1,3.93404007,0.00000000,4.00485007,0.00000000,0.00000000
1624843152.82351208,1,3.92918992,0.00000000,4.00484992,0.00000000,0.00000000
1624843152.92353272,1,3.92434001,0.00000000,4.00388001,0.00000000,0.00000000
1624843153.02351046,1,3.92045999,0.00000000,4.00436499,0.00000000,0.00000000
1624843153.12347293,1,3.91609502,0.00000000,4.00485002,0.00000000,0.00000000
1624843153.22351861,1,3.91124511,0.00000000,4.00388011,0.00000000,0.00000000
1624843153.32348704,1,3.90736508,0.00000000,4.00388008,0.00000000,0.00000000
1624843153.42349315,1,3.90348506,0.00000000,4.00533506,0.00000000,0.00000000
1624843153.52351236,1,3.89814997,0.00000000,4.00387997,0.00000000,0.00000000
1624843153.62348795,1,3.89426994,0.00000000,4.00387994,0.00000000,0.00000000
1624843153.72356272,1,3.89038992,0.00000000,4.00436492,0.00000000,0.00000000
1624843153.82356262,1,3.88602495,0.00000000,4.00387995,0.00000000,0.00000000
1624843153.92365432,1,3.88214493,0.00000000,4.00387993,0.00000000,0.00000000
1624843154.02351737,1,3.87826490,0.00000000,4.00387990,0.00000000,0.00000000
1624843154.12350583,1,3.87438512,0.00000000,4.00436512,0.00000000,0.00000000
1624843154.22356081,1,3.87001991,0.00000000,4.00387991,0.00000000,0.00000000
1624843154.32357645,1,3.86613989,0.00000000,4.00387989,0.00000000,0.00000000
1624843154.42351770,1,3.86226010,0.00000000,4.00679010,0.00000000,0.00000000
1624843154.52356386,1,3.85546994,0.00000000,4.01018494,0.00000000,0.00000000
1624843154.62350535,1,3.84528494,0.00000000,4.01212494,0.00000000,0.00000000
1624843154.72354364,1,3.83315992,0.00000000,4.01600492,0.00000000,0.00000000
1624843154.82352662,1,3.81715488,0.00000000,4.01891488,0.00000000,0.00000000
1624843154.92351198,1,3.79823995,0.00000000,4.01891495,0.00000000,0.00000000
1624843155.02349949,1,3.77932501,0.00000000,4.01794501,0.00000000,0.00000000
1624843155.12352037,1,3.76137996,0.00000000,4.01891496,0.00000000,0.00000000
1624843155.22354126,1,3.74246502,0.00000000,4.01843002,0.00000000,0.00000000
1624843155.32353139,1,3.72403502,0.00000000,4.01794502,0.00000000,0.00000000
1624843155.42353082,1,3.70608997,0.00000000,4.01794497,0.00000000,0.00000000
1624843155.52352285,1,3.68814492,0.00000000,4.01794492,0.00000000,0.00000000
1624843155.62349129,1,3.67020011,0.00000000,4.01794511,0.00000000,0.00000000
1624843155.72350883,1,3.65225506,0.00000000,4.01697506,0.00000000,0.00000000
1624843155.82351542,1,3.63527989,0.00000000,4.01794489,0.00000000,0.00000000
1624843155.92352653,1,3.61733508,0.00000000,4.01697508,0.00000000,0.00000000
1624843156.02351451,1,3.60035992,0.00000000,4.01697492,0.00000000,0.00000000
1624843156.12356567,1,3.58338499,0.00000000,4.01600499,0.00000000,0.00000000
1624843156.22356892,1,3.56737995,0.00000000,4.01697495,0.00000000,0.00000000
1624843156.32352543,1,3.55040503,0.00000000,4.01600503,0.00000000,0.00000000
1624843156.42356348,1,3.53439999,0.00000000,4.01600499,0.00000000,0.00000000
1624843156.52356648,1,3.51839495,0.00000000,4.01600495,0.00000000,0.00000000
1624843156.62348199,1,3.50238991,0.00000000,4.01600491,0.00000000,0.00000000
1624843156.72354555,1,3.48638511,0.00000000,4.01600511,0.00000000,0.00000000
1624843156.82356453,1,3.47038007,0.00000000,4.01503507,0.00000000,0.00000000
1624843156.92352176,1,3.45534492,0.00000000,4.01600492,0.00000000,0.00000000
1624843157.02357697,1,3.43934011,0.00000000,4.01503511,0.00000000,0.00000000
1624843157.12351561,1,3.42430496,0.00000000,4.01503496,0.00000000,0.00000000
1624843157.22357869,1,3.40927005,0.00000000,4.01503505,0.00000000,0.00000000
1624843157.32350826,1,3.39423490,0.00000000,4.01503490,0.00000000,0.00000000
1624843157.42353749,1,3.37919998,0.00000000,4.01406498,0.00000000,0.00000000
1624843157.52356625,1,3.36513495,0.00000000,4.01503495,0.00000000,0.00000000
1624843157.62351346,1,3.35010004,0.00000000,4.01406504,0.00000000,0.00000000
1624843157.72350883,1,3.33603501,0.00000000,4.01358001,0.00000000,0.00000000
1624843157.82351804,1,3.32245493,0.00000000,4.01406493,0.00000000,0.00000000
1624843157.92352319,1,3.30838990,0.00000000,4.01406490,0.00000000,0.00000000
1624843158.02350545,1,3.29432511,0.00000000,4.01309511,0.00000000,0.00000000
1624843158.12354732,1,3.28122997,0.00000000,4.01406497,0.00000000,0.00000000
1624843158.22349596,1,3.26716495,0.00000000,4.01309495,0.00000000,0.00000000
1624843158.32348251,1,3.25407004,0.00000000,4.01406504,0.00000000,0.00000000
1624843158.42352295,1,3.24000502,0.00000000,4.01261002,0.00000000,0.00000000
1624843158.52351022,1,3.22739506,0.00000000,4.01309506,0.00000000,0.00000000
1624843158.62353492,1,3.21429992,0.00000000,4.01309492,0.00000000,0.00000000
1624843158.72357678,1,3.20120502,0.00000000,4.01212502,0.00000000,0.00000000
1624843158.82360244,1,3.18908000,0.00000000,4.01261000,0.00000000,0.00000000
1624843158.92358041,1,3.17647004,0.00000000,4.01212504,0.00000000,0.00000000
1624843159.02357864,1,3.16434503,0.00000000,4.01212503,0.00000000,0.00000000
1624843159.12352037,1,3.15222001,0.00000000,4.01309501,0.00000000,0.00000000
1624843159.22357702,1,3.13912511,0.00000000,4.01164011,0.00000000,0.00000000
1624843159.32353973,1,3.12748504,0.00000000,4.01115504,0.00000000,0.00000000
1624843159.42351818,1,3.11632991,0.00000000,4.01212491,0.00000000,0.00000000
1624843159.52349210,1,3.10420489,0.00000000,4.01212489,0.00000000,0.00000000
1624843159.62357521,1,3.09208012,0.00000000,4.01067012,0.00000000,0.00000000
1624843159.72352076,1,3.08140993,0.00000000,4.01212493,0.00000000,0.00000000
1624843159.82351422,1,3.06928492,0.00000000,4.01115492,0.00000000,0.00000000
1624843159.92354417,1,3.05813003,0.00000000,4.01067003,0.00000000,0.00000000
1624843160.02350187,1,3.04746008,0.00000000,4.01115508,0.00000000,0.00000000
1624843160.12352419,1,3.03630495,0.00000000,4.01115495,0.00000000,0.00000000
1624843160.22348118,1,3.02515006,0.00000000,4.01067006,0.00000000,0.00000000
1624843160.32352376,1,3.01448011,0.00000000,4.01115511,0.00000000,0.00000000
1624843160.42367053,1,3.00332499,0.00000000,4.01018499,0.00000000,0.00000000
1624843160.52353501,1,2.99313998,0.00000000,4.01066998,0.00000000,0.00000000
1624843160.62352467,1,2.98247004,0.00000000,4.01018504,0.00000000,0.00000000
1624843160.72359562,1,2.97228503,0.00000000,4.01018503,0.00000000,0.00000000
1624843160.82352328,1,2.96210003,0.00000000,4.01067003,0.00000000,0.00000000
1624843160.92358947,1,2.95143008,0.00000000,4.00921508,0.00000000,0.00000000
1624843161.02360630,1,2.94221497,0.00000000,4.01018497,0.00000000,0.00000000
1624843161.12358069,1,2.93202996,0.00000000,4.00969996,0.00000000,0.00000000
1624843161.22355247,1,2.92232990,0.00000000,4.01018490,0.00000000,0.00000000
1624843161.32354021,1,2.91214490,0.00000000,4.00969990,0.00000000,0.00000000
1624843161.42354536,1,2.90244508,0.00000000,4.00921508,0.00000000,0.00000000
1624843161.52355313,1,2.89322996,0.00000000,4.00921496,0.00000000,0.00000000
1624843161.62357664,1,2.88401508,0.00000000,4.00970008,0.00000000,0.00000000
1624843161.72353268,1,2.87431502,0.00000000,4.00921502,0.00000000,0.00000000
1624843161.82351327,1,2.86509991,0.00000000,4.00872991,0.00000000,0.00000000
1624843161.92353654,1,2.85636997,0.00000000,4.00921497,0.00000000,0.00000000
1624843162.02354193,1,2.84715509,0.00000000,4.00873009,0.00000000,0.00000000
1624843162.12351823,1,2.83842492,0.00000000,4.00921492,0.00000000,0.00000000
1624843162.22349763,1,2.82921004,0.00000000,4.00873004,0.00000000,0.00000000
1624843162.32345176,1,2.82048011,0.00000000,4.00824511,0.00000000,0.00000000
1624843162.42351222,1,2.81223512,0.00000000,4.00921512,0.00000000,0.00000000
1624843162.52353692,1,2.80302000,0.00000000,4.00776000,0.00000000,0.00000000
1624843162.62357402,1,2.79525995,0.00000000,4.00921495,0.00000000,0.00000000
1624843162.72357607,1,2.78604507,0.00000000,4.00776007,0.00000000,0.00000000
1624843162.82351589,1,2.77828503,0.00000000,4.00824503,0.00000000,0.00000000
1624843162.92357540,1,2.77004004,0.00000000,4.00776004,0.00000000,0.00000000
1624843163.02357578,1,2.76227999,0.00000000,4.00824499,0.00000000,0.00000000
1624843163.12359524,1,2.75403500,0.00000000,4.00776000,0.00000000,0.00000000
1624843163.22352910,1,2.74627495,0.00000000,4.00824495,0.00000000,0.00000000
1624843163.32356024,1,2.73802996,0.00000000,4.00775996,0.00000000,0.00000000
1624843163.42351532,1,2.73026991,0.00000000,4.00824491,0.00000000,0.00000000
1624843163.52351570,1,2.72202492,0.00000000,4.00678992,0.00000000,0.00000000
1624843163.62353516,1,2.71523499,0.00000000,4.00775999,0.00000000,0.00000000
1624843163.72357035,1,2.70747495,0.00000000,4.00727495,0.00000000,0.00000000
1624843163.82348537,1,2.70020008,0.00000000,4.00776008,0.00000000,0.00000000
1624843163.92348433,1,2.69244003,0.00000000,4.00727503,0.00000000,0.00000000
1624843164.02349567,1,2.68516493,0.00000000,4.00678993,0.00000000,0.00000000
1624843164.12352347,1,2.67837501,0.00000000,4.00824501,0.00000000,0.00000000
1624843164.22352958,1,2.67013001,0.00000000,4.00679001,0.00000000,0.00000000
1624843164.32355380,1,2.66334009,0.00000000,4.00727509,0.00000000,0.00000000
1624843164.42355275,1,2.65606499,0.00000000,4.00581999,0.00000000,0.00000000
1624843164.52358532,1,2.65024495,0.00000000,4.00678995,0.00000000,0.00000000
1624843164.62355137,1,2.64345503,0.00000000,4.00727503,0.00000000,0.00000000
1624843164.72357845,1,2.63617992,0.00000000,4.00678992,0.00000000,0.00000000
1624843164.82355452,1,2.62939000,0.00000000,4.00727500,0.00000000,0.00000000
1624843164.92351413,1,2.62211490,0.00000000,4.00581990,0.00000000,0.00000000
1624843165.02353477,1,2.61629510,0.00000000,4.00727510,0.00000000,0.00000000
1624843165.12354016,1,2.60901999,0.00000000,4.00581999,0.00000000,0.00000000
1624843165.22351384,1,2.60319996,0.00000000,4.00678996,0.00000000,0.00000000
1624843165.32355905,1,2.59641004,0.00000000,4.00630504,0.00000000,0.00000000
1624843165.42353129,1,2.59010506,0.00000000,4.00582006,0.00000000,0.00000000
1624843165.52351332,1,2.58428502,0.00000000,4.00582002,0.00000000,0.00000000
1624843165.62351799,1,2.57846498,0.00000000,4.00727498,0.00000000,0.00000000
1624843165.72352576,1,2.57119012,0.00000000,4.00582012,0.00000000,0.00000000
1624843165.82353282,1,2.56537008,0.00000000,4.00533508,0.00000000,0.00000000
1624843165.92351007,1,2.56003499,0.00000000,4.00581999,0.00000000,0.00000000
1624843166.02349305,1,2.55421495,0.00000000,4.00581995,0.00000000,0.00000000
1624843166.12346482,1,2.54839492,0.00000000,4.00630492,0.00000000,0.00000000
1624843166.22348237,1,2.54208994,0.00000000,4.00581994,0.00000000,0.00000000
1624843166.32349658,1,2.53626990,0.00000000,4.00484990,0.00000000,0.00000000
1624843166.42352128,1,2.53141999,0.00000000,4.00630499,0.00000000,0.00000000
1624843166.52357173,1,2.52511501,0.00000000,4.00485001,0.00000000,0.00000000
1624843166.62353086,1,2.52026510,0.00000000,4.00582010,0.00000000,0.00000000
1624843166.72352767,1,2.51444507,0.00000000,4.00533507,0.00000000,0.00000000
1624843166.82346869,1,2.50910997,0.00000000,4.00581997,0.00000000,0.00000000
1624843166.92357564,1,2.50328994,0.00000000,4.00484994,0.00000000,0.00000000
1624843167.02356529,1,2.49844003,0.00000000,4.00533503,0.00000000,0.00000000
1624843167.12358093,1,2.49310493,0.00000000,4.00484993,0.00000000,0.00000000
1624843167.22352600,1,2.48825502,0.00000000,4.00582002,0.00000000,0.00000000
1624843167.32353997,1,2.48243499,0.00000000,4.00533499,0.00000000,0.00000000
1624843167.42347455,1,2.47709990,0.00000000,4.00775990,0.00000000,0.00000000
1624843167.52353525,1,2.46934009,0.00000000,4.01018509,0.00000000,0.00000000
1624843167.62359548,1,2.45915508,0.00000000,4.00970008,0.00000000,0.00000000
1624843167.72346306,1,2.44945502,0.00000000,4.01018502,0.00000000,0.00000000
1624843167.82354641,1,2.43927002,0.00000000,4.00921502,0.00000000,0.00000000
1624843167.92353439,1,2.43005490,0.00000000,4.00969990,0.00000000,0.00000000
1624843168.02345133,1,2.42035508,0.00000000,4.01018508,0.00000000,0.00000000
1624843168.12344885,1,2.41017008,0.00000000,4.00970008,0.00000000,0.00000000
1624843168.22347045,1,2.40047002,0.00000000,4.00921502,0.00000000,0.00000000
1624843168.32347488,1,2.39125490,0.00000000,4.00921490,0.00000000,0.00000000
1624843168.42347383,1,2.38204002,0.00000000,4.00970002,0.00000000,0.00000000
1624843168.52351594,1,2.37233996,0.00000000,4.00921496,0.00000000,0.00000000
1624843168.62351203,1,2.36312509,0.00000000,4.00873009,0.00000000,0.00000000
1624843168.72351885,1,2.35439491,0.00000000,4.00921491,0.00000000,0.00000000
1624843168.82353544,1,2.34518003,0.00000000,4.00873003,0.00000000,0.00000000
1624843168.92356133,1,2.33645010,0.00000000,4.00921510,0.00000000,0.00000000
1624843169.02356005,1,2.32723498,0.00000000,4.00775998,0.00000000,0.00000000
1624843169.12349439,1,2.31947494,0.00000000,4.00921494,0.00000000,0.00000000
1624843169.22356796,1,2.31026006,0.00000000,4.00824506,0.00000000,0.00000000
1624843169.32353663,1,2.30201507,0.00000000,4.00873007,0.00000000,0.00000000
1624843169.42359400,1,2.29328489,0.00000000,4.00824489,0.00000000,0.00000000
1624843169.52349186,1,2.28503990,0.00000000,4.00872990,0.00000000,0.00000000
1624843169.62357426,1,2.27630997,0.00000000,4.00824497,0.00000000,0.00000000
1624843169.72348952,1,2.26806498,0.00000000,4.00775998,0.00000000,0.00000000
1624843169.82351661,1,2.26030493,0.00000000,4.00824493,0.00000000,0.00000000
1624843169.92351460,1,2.25205994,0.00000000,4.00775994,0.00000000,0.00000000
1624843170.02358389,1,2.24429989,0.00000000,4.00824489,0.00000000,0.00000000
1624843170.12350321,1,2.23605490,0.00000000,4.00775990,0.00000000,0.00000000
1624843170.22352815,1,2.22829509,0.00000000,4.00727509,0.00000000,0.00000000
1624843170.32355618,1,2.22101998,0.00000000,4.00775998,0.00000000,0.00000000
1624843170.42348790,1,2.21325994,0.00000000,4.00678994,0.00000000,0.00000000
1624843170.52350497,1,2.20647001,0.00000000,4.00824501,0.00000000,0.00000000
1624843170.62345219,1,2.19822502,0.00000000,4.00679002,0.00000000,0.00000000
1624843170.72348785,1,2.19143510,0.00000000,4.00824510,0.00000000,0.00000000
1624843170.82350492,1,2.18319011,0.00000000,4.00679011,0.00000000,0.00000000
1624843170.92352247,1,2.17639995,0.00000000,4.00727495,0.00000000,0.00000000
1624843171.02350998,1,2.16912508,0.00000000,4.00679008,0.00000000,0.00000000
1624843171.12352991,1,2.16233492,0.00000000,4.00727492,0.00000000,0.00000000
1624843171.22353101,1,2.15506005,0.00000000,4.00679005,0.00000000,0.00000000
1624843171.32356691,1,2.14826989,0.00000000,4.00678989,0.00000000,0.00000000
1624843171.42356372,1,2.14147997,0.00000000,4.00727497,0.00000000,0.00000000
1624843171.52349663,1,2.13420510,0.00000000,4.00582010,0.00000000,0.00000000
1624843171.62354803,1,2.12838507,0.00000000,4.00727507,0.00000000,0.00000000
1624843171.72349787,1,2.12110996,0.00000000,4.00581996,0.00000000,0.00000000
1624843171.82357025,1,2.11528993,0.00000000,4.00727493,0.00000000,0.00000000
1624843171.92351508,1,2.10801506,0.00000000,4.00582006,0.00000000,0.00000000
1624843172.02362013,1,2.10219502,0.00000000,4.00679002,0.00000000,0.00000000
1624843172.12351513,1,2.09540510,0.00000000,4.00630510,0.00000000,0.00000000
1624843172.22350168,1,2.08909988,0.00000000,4.00581988,0.00000000,0.00000000
1624843172.32360864,1,2.08328009,0.00000000,4.00582009,0.00000000,0.00000000
1624843172.42354679,1,2.07746005,0.00000000,4.00630505,0.00000000,0.00000000
1624843172.52348781,1,2.07115507,0.00000000,4.00582007,0.00000000,0.00000000
1624843172.62351966,1,2.06533504,0.00000000,4.00630504,0.00000000,0.00000000
1624843172.72356462,1,2.05903006,0.00000000,4.00582006,0.00000000,0.00000000
1624843172.82348847,1,2.05321002,0.00000000,4.00582002,0.00000000,0.00000000
1624843172.92348623,1,2.04738998,0.00000000,4.00630498,0.00000000,0.00000000
1624843173.02349114,1,2.04108500,0.00000000,4.00582000,0.00000000,0.00000000
1624843173.12350583,1,2.03526497,0.00000000,4.00484997,0.00000000,0.00000000
1624843173.22348666,1,2.03041506,0.00000000,4.00630506,0.00000000,0.00000000
1624843173.32360053,1,2.02411008,0.00000000,4.00485008,0.00000000,0.00000000
1624843173.42354631,1,2.01925993,0.00000000,4.00581993,0.00000000,0.00000000
1624843173.52354884,1,2.01343989,0.00000000,4.00533489,0.00000000,0.00000000
1624843173.62355304,1,2.00810504,0.00000000,4.00582004,0.00000000,0.00000000
1624843173.72350383,1,2.00228500,0.00000000,4.00485000,0.00000000,0.00000000
1624843173.82361197,1,1.99743497,0.00000000,4.00533497,0.00000000,0.00000000
1624843173.92349124,1,1.99210000,0.00000000,4.00485000,0.00000000,0.00000000
1624843174.02352357,1,1.98724997,0.00000000,4.00484997,0.00000000,0.00000000
1624843174.12352872,1,1.98239994,0.00000000,4.00630494,0.00000000,0.00000000
1624843174.22347212,1,1.97609496,0.00000000,4.00484996,0.00000000,0.00000000
1624843174.32352829,1,1.97124505,0.00000000,4.00485005,0.00000000,0.00000000
1624843174.42347670,1,1.96639502,0.00000000,4.00436502,0.00000000,0.00000000
1624843174.52352667,1,1.96203005,0.00000000,4.00485005,0.00000000,0.00000000
1624843174.62349749,1,1.95718002,0.00000000,4.00485002,0.00000000,0.00000000
1624843174.72357988,1,1.95232999,0.00000000,4.00484999,0.00000000,0.00000000
1624843174.82355309,1,1.94747996,0.00000000,4.00533496,0.00000000,0.00000000
1624843174.92358327,1,1.94214499,0.00000000,4.00387999,0.00000000,0.00000000
1624843175.02353621,1,1.93826497,0.00000000,4.00484997,0.00000000,0.00000000
1624843175.12347817,1,1.93341506,0.00000000,4.00533506,0.00000000,0.00000000
1624843175.22351408,1,1.92807996,0.00000000,4.00387996,0.00000000,0.00000000
1624843175.32354999,1,1.92420006,0.00000000,4.00485006,0.00000000,0.00000000
1624843175.42353106,1,1.91935003,0.00000000,4.00388003,0.00000000,0.00000000
1624843175.52356887,1,1.91547000,0.00000000,4.00436500,0.00000000,0.00000000
1624843175.62353683,1,1.91110504,0.00000000,4.00485004,0.00000000,0.00000000
1624843175.72356272,1,1.90625501,0.00000000,4.00388001,0.00000000,0.00000000
1624843175.82354856,1,1.90237498,0.00000000,4.00436498,0.00000000,0.00000000
1624843175.92352152,1,1.89801002,0.00000000,4.00388002,0.00000000,0.00000000
1624843176.02355170,1,1.89412999,0.00000000,4.00484999,0.00000000,0.00000000
1624843176.12360668,1,1.88927996,0.00000000,4.00387996,0.00000000,0.00000000
1624843176.22356057,1,1.88540006,0.00000000,4.00436506,0.00000000,0.00000000
1624843176.32353592,1,1.88103497,0.00000000,4.00387997,0.00000000,0.00000000
1624843176.42357564,1,1.87715495,0.00000000,4.00387995,0.00000000,0.00000000
1624843176.52350593,1,1.87327504,0.00000000,4.00388004,0.00000000,0.00000000
1624843176.62352133,1,1.86939502,0.00000000,4.00436502,0.00000000,0.00000000
1624843176.72353220,1,1.86503005,0.00000000,4.00388005,0.00000000,0.00000000
1624843176.82348728,1,1.86115003,0.00000000,4.00291003,0.00000000,0.00000000
1624843176.92350531,1,1.85824001,0.00000000,4.00388001,0.00000000,0.00000000
1624843177.02356243,1,1.85435998,0.00000000,4.00387998,0.00000000,0.00000000
1624843177.12355042,1,1.85047996,0.00000000,4.00339496,0.00000000,0.00000000
1624843177.22352791,1,1.84708500,0.00000000,4.00388000,0.00000000,0.00000000
1624843177.32356000,1,1.84320498,0.00000000,4.00387998,0.00000000,0.00000000
1624843177.42357445,1,1.83932495,0.00000000,4.00290995,0.00000000,0.00000000
1624843177.52370167,1,1.83641505,0.00000000,4.00436505,0.00000000,0.00000000
1624843177.62357712,1,1.83204997,0.00000000,4.00290997,0.00000000,0.00000000
1624843177.72357750,1,1.82913995,0.00000000,4.00387995,0.00000000,0.00000000
1624843177.82355571,1,1.82526004,0.00000000,4.00291004,0.00000000,0.00000000
1624843177.92355394,1,1.82235003,0.00000000,4.00388003,0.00000000,0.00000000
1624843178.02354312,1,1.81847000,0.00000000,4.00339500,0.00000000,0.00000000
1624843178.12351131,1,1.81507504,0.00000000,4.00291004,0.00000000,0.00000000
1624843178.22357416,1,1.81216502,0.00000000,4.00388002,0.00000000,0.00000000
1624843178.32351685,1,1.80828500,0.00000000,4.00291000,0.00000000,0.00000000
1624843178.42350912,1,1.80537498,0.00000000,4.00290998,0.00000000,0.00000000
1624843178.52350783,1,1.80246496,0.00000000,4.00339496,0.00000000,0.00000000
1624843178.62351751,1,1.79907000,0.00000000,4.00291000,0.00000000,0.00000000
1624843178.72347379,1,1.79615998,0.00000000,4.00290998,0.00000000,0.00000000
1624843178.82357049,1,1.79324996,0.00000000,4.00387996,0.00000000,0.00000000
1624843178.92354727,1,1.78936994,0.00000000,4.00290994,0.00000000,0.00000000
1624843179.02357125,1,1.78646004,0.00000000,4.00339504,0.00000000,0.00000000
1624843179.12351441,1,1.78306496,0.00000000,4.00290996,0.00000000,0.00000000
1624843179.22350717,1,1.78015494,0.00000000,4.00290994,0.00000000,0.00000000
1624843179.32356882,1,1.77724504,0.00000000,4.00291004,0.00000000,0.00000000
1624843179.42354798,1,1.77433503,0.00000000,4.00194003,0.00000000,0.00000000
1624843179.52350760,1,1.77239501,0.00000000,4.00630501,0.00000000,0.00000000
1624843179.62354636,1,1.76609004,0.00000000,4.00873004,0.00000000,0.00000000
1624843179.72354674,1,1.75735998,0.00000000,4.01212498,0.00000000,0.00000000
1624843179.82356429,1,1.74523497,0.00000000,4.01309497,0.00000000,0.00000000
1624843179.92353654,1,1.73213995,0.00000000,4.01309495,0.00000000,0.00000000
1624843180.02349043,1,1.71904504,0.00000000,4.01261004,0.00000000,0.00000000
1624843180.12349081,1,1.70643497,0.00000000,4.01212497,0.00000000,0.00000000
1624843180.22354317,1,1.69430995,0.00000000,4.01309495,0.00000000,0.00000000
1624843180.32356787,1,1.68121505,0.00000000,4.01309505,0.00000000,0.00000000
1624843180.42348576,1,1.66812003,0.00000000,4.01164003,0.00000000,0.00000000
1624843180.52349138,1,1.65647995,0.00000000,4.01212495,0.00000000,0.00000000
1624843180.62350535,1,1.64435506,0.00000000,4.01212506,0.00000000,0.00000000
1624843180.72349811,1,1.63223004,0.00000000,4.01212504,0.00000000,0.00000000
1624843180.82348228,1,1.62010503,0.00000000,4.01164003,0.00000000,0.00000000
1624843180.92354655,1,1.60846496,0.00000000,4.01115496,0.00000000,0.00000000
1624843181.02355790,1,1.59730995,0.00000000,4.01212495,0.00000000,0.00000000
1624843181.12349868,1,1.58518505,0.00000000,4.01212505,0.00000000,0.00000000
1624843181.22360587,1,1.57306004,0.00000000,4.01067004,0.00000000,0.00000000
1624843181.32354283,1,1.56238997,0.00000000,4.01115497,0.00000000,0.00000000
1624843181.42356682,1,1.55123496,0.00000000,4.01115496,0.00000000,0.00000000
1624843181.52355027,1,1.54007995,0.00000000,4.01066995,0.00000000,0.00000000
1624843181.62354898,1,1.52941000,0.00000000,4.01115500,0.00000000,0.00000000
1624843181.72352886,1,1.51825500,0.00000000,4.01115500,0.00000000,0.00000000
1624843181.82349467,1,1.50709999,0.00000000,4.01066999,0.00000000,0.00000000
1624843181.92355108,1,1.49643004,0.00000000,4.01018504,0.00000000,0.00000000
1624843182.02350354,1,1.48624504,0.00000000,4.01115504,0.00000000,0.00000000
1624843182.12353730,1,1.47509003,0.00000000,4.00970003,0.00000000,0.00000000
1624843182.22350621,1,1.46538997,0.00000000,4.01018497,0.00000000,0.00000000
1624843182.32351303,1,1.45520496,0.00000000,4.01018496,0.00000000,0.00000000
1624843182.42351890,1,1.44501996,0.00000000,4.00969996,0.00000000,0.00000000
1624843182.52354765,1,1.43532002,0.00000000,4.01018502,0.00000000,0.00000000
1624843182.62349510,1,1.42513502,0.00000000,4.00970002,0.00000000,0.00000000
1624843182.72351241,1,1.41543496,0.00000000,4.01018496,0.00000000,0.00000000
1624843182.82347846,1,1.40524995,0.00000000,4.00921495,0.00000000,0.00000000
1624843182.92345142,1,1.39603496,0.00000000,4.00969996,0.00000000,0.00000000
1624843183.02351809,1,1.38633502,0.00000000,4.00921502,0.00000000,0.00000000
1624843183.12349534,1,1.37712002,0.00000000,4.00873002,0.00000000,0.00000000
1624843183.22348499,1,1.36838996,0.00000000,4.00921496,0.00000000,0.00000000
1624843183.32350016,1,1.35917497,0.00000000,4.00969997,0.00000000,0.00000000
1624843183.42349839,1,1.34947503,0.00000000,4.00921503,0.00000000,0.00000000
1624843183.52355909,1,1.34026003,0.00000000,4.00824503,0.00000000,0.00000000
1624843183.62356925,1,1.33201504,0.00000000,4.00873004,0.00000000,0.00000000
1624843183.72354841,1,1.32328498,0.00000000,4.00921498,0.00000000,0.00000000
1624843183.82356668,1,1.31406999,0.00000000,4.00872999,0.00000000,0.00000000
1624843183.92355180,1,1.30534005,0.00000000,4.00824505,0.00000000,0.00000000
1624843184.02355099,1,1.29709494,0.00000000,4.00872994,0.00000000,0.00000000
1624843184.12356210,1,1.28836501,0.00000000,4.00824501,0.00000000,0.00000000
1624843184.22351408,1,1.28012002,0.00000000,4.00776002,0.00000000,0.00000000
1624843184.32348919,1,1.27235997,0.00000000,4.00824497,0.00000000,0.00000000
1624843184.42351627,1,1.26411498,0.00000000,4.00775998,0.00000000,0.00000000
1624843184.52350068,1,1.25635505,0.00000000,4.00824505,0.00000000,0.00000000
1624843184.62350821,1,1.24811006,0.00000000,4.00776006,0.00000000,0.00000000
1624843184.72356200,1,1.24035001,0.00000000,4.00824501,0.00000000,0.00000000
1624843184.82349038,1,1.23210502,0.00000000,4.00776002,0.00000000,0.00000000
1624843184.92355490,1,1.22434497,0.00000000,4.00727497,0.00000000,0.00000000
1624843185.02347326,1,1.21706998,0.00000000,4.00775998,0.00000000,0.00000000
1624843185.12352085,1,1.20931005,0.00000000,4.00824505,0.00000000,0.00000000
1624843185.22355723,1,1.20106494,0.00000000,4.00678994,0.00000000,0.00000000
1624843185.32352018,1,1.19427502,0.00000000,4.00679002,0.00000000,0.00000000
1624843185.42355299,1,1.18748498,0.00000000,4.00727498,0.00000000,0.00000000
1624843185.52351165,1,1.18020999,0.00000000,4.00775999,0.00000000,0.00000000
1624843185.62355185,1,1.17244995,0.00000000,4.00727495,0.00000000,0.00000000
1624843185.72355080,1,1.16517496,0.00000000,4.00678996,0.00000000,0.00000000
1624843185.82358289,1,1.15838504,0.00000000,4.00727504,0.00000000,0.00000000
1624843185.92350602,1,1.15111005,0.00000000,4.00582005,0.00000000,0.00000000
1624843186.02355933,1,1.14529002,0.00000000,4.00727502,0.00000000,0.00000000
1624843186.12357926,1,1.13801503,0.00000000,4.00679003,0.00000000,0.00000000
1624843186.22349548,1,1.13122499,0.00000000,4.00678999,0.00000000,0.00000000
1624843186.32352376,1,1.12443495,0.00000000,4.00630495,0.00000000,0.00000000
1624843186.42358136,1,1.11812997,0.00000000,4.00678997,0.00000000,0.00000000
1624843186.52355003,1,1.11134005,0.00000000,4.00630505,0.00000000,0.00000000
1624843186.62352991,1,1.10503495,0.00000000,4.00678995,0.00000000,0.00000000
1624843186.72355771,1,1.09824502,0.00000000,4.00582002,0.00000000,0.00000000
1624843186.82350206,1,1.09242499,0.00000000,4.00630499,0.00000000,0.00000000
1624843186.92349815,1,1.08612001,0.00000000,4.00582001,0.00000000,0.00000000
1624843187.02348518,1,1.08029997,0.00000000,4.00581997,0.00000000,0.00000000
1624843187.12355018,1,1.07448006,0.00000000,4.00630506,0.00000000,0.00000000
1624843187.22354674,1,1.06817496,0.00000000,4.00581996,0.00000000,0.00000000
1624843187.32349563,1,1.06235504,0.00000000,4.00630504,0.00000000,0.00000000
1624843187.42359519,1,1.05604994,0.00000000,4.00581994,0.00000000,0.00000000
1624843187.52355170,1,1.05023003,0.00000000,4.00582003,0.00000000,0.00000000
1624843187.62355733,1,1.04440999,0.00000000,4.00630499,0.00000000,0.00000000
1624843187.72356677,1,1.03810501,0.00000000,4.00485001,0.00000000,0.00000000
1624843187.82352400,1,1.03325498,0.00000000,4.00581998,0.00000000,0.00000000
1624843187.92356062,1,1.02743495,0.00000000,4.00630495,0.00000000,0.00000000
1624843188.02356839,1,1.02112997,0.00000000,4.00484997,0.00000000,0.00000000
1624843188.12349486,1,1.01628006,0.00000000,4.00485006,0.00000000,0.00000000
1624843188.22357297,1,1.01143003,0.00000000,4.00630503,0.00000000,0.00000000
1624843188.32351589,1,1.00512505,0.00000000,4.00485005,0.00000000,0.00000000
1624843188.42350984,1,1.00027502,0.00000000,4.00485002,0.00000000,0.00000000
1624843188.52350235,1,0.99542499,0.00000000,4.00630499,0.00000000,0.00000000
1624843188.62355161,1,0.98912001,0.00000000,4.00485001,0.00000000,0.00000000
1624843188.72350264,1,0.98426998,0.00000000,4.00484998,0.00000000,0.00000000
1624843188.82351279,1,0.97942001,0.00000000,4.00533501,0.00000000,0.00000000
1624843188.92348289,1,0.97408497,0.00000000,4.00484997,0.00000000,0.00000000
1624843189.02354002,1,0.96923500,0.00000000,4.00485000,0.00000000,0.00000000
1624843189.12350178,1,0.96438497,0.00000000,4.00533497,0.00000000,0.00000000
1624843189.22348285,1,0.95905000,0.00000000,4.00485000,0.00000000,0.00000000
1624843189.32350612,1,0.95420003,0.00000000,4.00485003,0.00000000,0.00000000
1624843189.42352271,1,0.94935000,0.00000000,4.00388000,0.00000000,0.00000000
1624843189.52358794,1,0.94546998,0.00000000,4.00533498,0.00000000,0.00000000
1624843189.62352848,1,0.94013500,0.00000000,4.00485000,0.00000000,0.00000000
1624843189.72355652,1,0.93528497,0.00000000,4.00387997,0.00000000,0.00000000
1624843189.82352281,1,0.93140501,0.00000000,4.00533501,0.00000000,0.00000000
1624843189.92356300,1,0.92606997,0.00000000,4.00387997,0.00000000,0.00000000
1624843190.02351642,1,0.92219001,0.00000000,4.00485001,0.00000000,0.00000000
1624843190.12353468,1,0.91733998,0.00000000,4.00387998,0.00000000,0.00000000
1624843190.22355866,1,0.91346002,0.00000000,4.00436502,0.00000000,0.00000000
1624843190.32356882,1,0.90909499,0.00000000,4.00484999,0.00000000,0.00000000
1624843190.42354727,1,0.90424502,0.00000000,4.00388002,0.00000000,0.00000000
1624843190.52351952,1,0.90036500,0.00000000,4.00388000,0.00000000,0.00000000
1624843190.62352777,1,0.89648497,0.00000000,4.00533497,0.00000000,0.00000000
1624843190.72354078,1,0.89115000,0.00000000,4.00388000,0.00000000,0.00000000
1624843190.82351136,1,0.88726997,0.00000000,4.00387997,0.00000000,0.00000000
1624843190.92357516,1,0.88339001,0.00000000,4.00436501,0.00000000,0.00000000
1624843191.02356076,1,0.87902498,0.00000000,4.00387998,0.00000000,0.00000000
1624843191.12352681,1,0.87514502,0.00000000,4.00388002,0.00000000,0.00000000
1624843191.22352433,1,0.87126499,0.00000000,4.00387999,0.00000000,0.00000000
1624843191.32348871,1,0.86738503,0.00000000,4.00436503,0.00000000,0.00000000
1624843191.42356586,1,0.86302000,0.00000000,4.00291000,0.00000000,0.00000000
1624843191.52355576,1,0.86010998,0.00000000,4.00387998,0.00000000,0.00000000
1624843191.62352562,1,0.85623002,0.00000000,4.00388002,0.00000000,0.00000000
1624843191.72353840,1,0.85235000,0.00000000,4.00388000,0.00000000,0.00000000
1624843191.82358098,1,0.84846997,0.00000000,4.00339497,0.00000000,0.00000000
1624843191.92358446,1,0.84507501,0.00000000,4.00388001,0.00000000,0.00000000
1624843192.02352500,1,0.84119499,0.00000000,4.00290999,0.00000000,0.00000000
1624843192.12350917,1,0.83828503,0.00000000,4.00388003,0.00000000,0.00000000
1624843192.22356439,1,0.83440500,0.00000000,4.00436500,0.00000000,0.00000000
1624843192.32351828,1,0.83003998,0.00000000,4.00290998,0.00000000,0.00000000
1624843192.42354965,1,0.82713002,0.00000000,4.00291002,0.00000000,0.00000000
1624843192.52351475,1,0.82422000,0.00000000,4.00388000,0.00000000,0.00000000
1624843192.62355566,1,0.82033998,0.00000000,4.00290998,0.00000000,0.00000000
1624843192.72351527,1,0.81743002,0.00000000,4.00436502,0.00000000,0.00000000
1624843192.82354426,1,0.81306499,0.00000000,4.00290999,0.00000000,0.00000000
1624843192.92355609,1,0.81015497,0.00000000,4.00290997,0.00000000,0.00000000
1624843193.02351665,1,0.80724502,0.00000000,4.00291002,0.00000000,0.00000000
1624843193.12350965,1,0.80433500,0.00000000,4.00388000,0.00000000,0.00000000
1624843193.22349405,1,0.80045497,0.00000000,4.00339497,0.00000000,0.00000000
1624843193.32353282,1,0.79706001,0.00000000,4.00291001,0.00000000,0.00000000
1624843193.42351437,1,0.79414999,0.00000000,4.00290999,0.00000000,0.00000000
1624843193.52348232,1,0.79123998,0.00000000,4.00290998,0.00000000,0.00000000
1624843193.62355995,1,0.78833002,0.00000000,4.00291002,0.00000000,0.00000000
1624843193.72355342,1,0.78542000,0.00000000,4.00339500,0.00000000,0.00000000
1624843193.82356691,1,0.78202498,0.00000000,4.00290998,0.00000000,0.00000000
1624843193.92352486,1,0.77911502,0.00000000,4.00291002,0.00000000,0.00000000
1624843194.02352214,1,0.77620500,0.00000000,4.00291000,0.00000000,0.00000000
1624843194.12352204,1,0.77329499,0.00000000,4.00290999,0.00000000,0.00000000
1624843194.22354412,1,0.77038503,0.00000000,4.00291003,0.00000000,0.00000000
1624843194.32354593,1,0.76747501,0.00000000,4.00242501,0.00000000,0.00000000
1624843194.42350626,1,0.76504999,0.00000000,4.00290999,0.00000000,0.00000000
1624843194.52353930,1,0.76213998,0.00000000,4.00290998,0.00000000,0.00000000
1624843194.62349677,1,0.75923002,0.00000000,4.00291002,0.00000000,0.00000000
1624843194.72355819,1,0.75632000,0.00000000,4.00194000,0.00000000,0.00000000
1624843194.82347560,1,0.75437999,0.00000000,4.00290999,0.00000000,0.00000000
1624843194.92355299,1,0.75147003,0.00000000,4.00339503,0.00000000,0.00000000
1624843195.02347231,1,0.74807501,0.00000000,4.00194001,0.00000000,0.00000000
1624843195.12350941,1,0.74613500,0.00000000,4.00291000,0.00000000,0.00000000
1624843195.22347665,1,0.74322498,0.00000000,4.00193998,0.00000000,0.00000000
1624843195.32353282,1,0.74128503,0.00000000,4.00291003,0.00000000,0.00000000
1624843195.42352867,1,0.73837501,0.00000000,4.00194001,0.00000000,0.00000000
1624843195.52354169,1,0.73643500,0.00000000,4.00339500,0.00000000,0.00000000
1624843195.62353182,1,0.73303998,0.00000000,4.00193998,0.00000000,0.00000000
1624843195.72356153,1,0.73110002,0.00000000,4.00291002,0.00000000,0.00000000
1624843195.82360435,1,0.72819000,0.00000000,4.00194000,0.00000000,0.00000000
1624843195.92356730,1,0.72624999,0.00000000,4.00290999,0.00000000,0.00000000
1624843196.02351189,1,0.72333997,0.00000000,4.00193997,0.00000000,0.00000000
1624843196.12352300,1,0.72140002,0.00000000,4.00194002,0.00000000,0.00000000
1624843196.22357082,1,0.71946001,0.00000000,4.00339501,0.00000000,0.00000000
1624843196.32355189,1,0.71606499,0.00000000,4.00193999,0.00000000,0.00000000
1624843196.42351079,1,0.71412498,0.00000000,4.00193998,0.00000000,0.00000000
1624843196.52350450,1,0.71218503,0.00000000,4.00194003,0.00000000,0.00000000
1624843196.62352991,1,0.71024501,0.00000000,4.00291001,0.00000000,0.00000000
1624843196.72350550,1,0.70733500,0.00000000,4.00194000,0.00000000,0.00000000
1624843196.82350469,1,0.70539498,0.00000000,4.00193998,0.00000000,0.00000000
1624843196.92351031,1,0.70345497,0.00000000,4.00242497,0.00000000,0.00000000
1624843197.02350497,1,0.70103002,0.00000000,4.00194002,0.00000000,0.00000000
1624843197.12348270,1,0.69909000,0.00000000,4.00194000,0.00000000,0.00000000
1624843197.22349930,1,0.69714999,0.00000000,4.00193999,0.00000000,0.00000000
1624843197.32352400,1,0.69520998,0.00000000,4.00290998,0.00000000,0.00000000
1624843197.42349315,1,0.69230002,0.00000000,4.00194002,0.00000000,0.00000000
1624843197.52355623,1,0.69036001,0.00000000,4.00194001,0.00000000,0.00000000
1624843197.62355638,1,0.68842000,0.00000000,4.00194000,0.00000000,0.00000000
1624843197.72358871,1,0.68647999,0.00000000,4.00242499,0.00000000,0.00000000
1624843197.82355189,1,0.68405497,0.00000000,4.00193997,0.00000000,0.00000000
1624843197.92352581,1,0.68211502,0.00000000,4.00097002,0.00000000,0.00000000
1624843198.02354479,1,0.68114501,0.00000000,4.00194001,0.00000000,0.00000000
1624843198.12351656,1,0.67920500,0.00000000,4.00194000,0.00000000,0.00000000
1624843198.22356462,1,0.67726499,0.00000000,4.00193999,0.00000000,0.00000000
1624843198.32356691,1,0.67532498,0.00000000,4.00193998,0.00000000,0.00000000
1624843198.42350078,1,0.67338502,0.00000000,4.00194002,0.00000000,0.00000000
1624843198.52356839,1,0.67144501,0.00000000,4.00242501,0.00000000,0.00000000
1624843198.62351060,1,0.66902000,0.00000000,4.00097000,0.00000000,0.00000000
1624843198.72354007,1,0.66804999,0.00000000,4.00193999,0.00000000,0.00000000
1624843198.82349229,1,0.66610998,0.00000000,4.00193998,0.00000000,0.00000000
1624843198.92355609,1,0.66417003,0.00000000,4.00194003,0.00000000,0.00000000
1624843199.02348328,1,0.66223001,0.00000000,4.00097001,0.00000000,0.00000000
1624843199.12350821,1,0.66126001,0.00000000,4.00194001,0.00000000,0.00000000
1624843199.22353959,1,0.65932000,0.00000000,4.00194000,0.00000000,0.00000000
1624843199.32355070,1,0.65737998,0.00000000,4.00096998,0.00000000,0.00000000
1624843199.42355704,1,0.65640998,0.00000000,4.00193998,0.00000000,0.00000000
1624843199.52357388,1,0.65447003,0.00000000,4.00242503,0.00000000,0.00000000
1624843199.62356019,1,0.65204501,0.00000000,4.00097001,0.00000000,0.00000000
1624843199.72356319,1,0.65107501,0.00000000,4.00194001,0.00000000,0.00000000
1624843199.82354164,1,0.64913499,0.00000000,4.00096999,0.00000000,0.00000000
1624843199.92351937,1,0.64816499,0.00000000,4.00193999,0.00000000,0.00000000
1624843200.02354026,1,0.64622498,0.00000000,4.00193998,0.00000000,0.00000000
1624843200.12351871,1,0.64428502,0.00000000,4.00097002,0.00000000,0.00000000
1624843200.22350025,1,0.64331502,0.00000000,4.00194002,0.00000000,0.00000000
1624843200.32347727,1,0.64137501,0.00000000,4.00097001,0.00000000,0.00000000
1624843200.42350578,1,0.64040500,0.00000000,4.00194000,0.00000000,0.00000000
1624843200.52344131,1,0.63846499,0.00000000,4.00145499,0.00000000,0.00000000
1624843200.62354612,1,0.63700998,0.00000000,4.00096998,0.00000000,0.00000000
1624843200.72350812,1,0.63603997,0.00000000,4.00193997,0.00000000,0.00000000
1624843200.82349157,1,0.63410002,0.00000000,4.00097002,0.00000000,0.00000000
1624843200.92350268,1,0.63313001,0.00000000,4.00194001,0.00000000,0.00000000
1624843201.02352881,1,0.63119000,0.00000000,4.00097000,0.00000000,0.00000000
1624843201.12354541,1,0.63022000,0.00000000,4.00097000,0.00000000,0.00000000
1624843201.22353768,1,0.62924999,0.00000000,4.00193999,0.00000000,0.00000000
1624843201.32354045,1,0.62730998,0.00000000,4.00096998,0.00000000,0.00000000
1624843201.42356515,1,0.62633997,0.00000000,4.00096997,0.00000000,0.00000000
1624843201.52352214,1,0.62537003,0.00000000,4.00194003,0.00000000,0.00000000
1624843201.62354589,1,0.62343001,0.00000000,4.00097001,0.00000000,0.00000000
1624843201.72351670,1,0.62246001,0.00000000,4.00145501,0.00000000,0.00000000
1624843201.82355142,1,0.62100500,0.00000000,4.00194000,0.00000000,0.00000000
1624843201.92355061,1,0.61906499,0.00000000,4.00096999,0.00000000,0.00000000
1624843202.02351975,1,0.61809498,0.00000000,4.00096998,0.00000000,0.00000000
1624843202.12351346,1,0.61712497,0.00000000,4.00096997,0.00000000,0.00000000
1624843202.22352171,1,0.61615503,0.00000000,4.00194003,0.00000000,0.00000000
1624843202.32349920,1,0.61421502,0.00000000,4.00097002,0.00000000,0.00000000
1624843202.42349911,1,0.61324501,0.00000000,4.00097001,0.00000000,0.00000000
1624843202.52348542,1,0.61227500,0.00000000,4.00097000,0.00000000,0.00000000
1624843202.62348604,1,0.61130500,0.00000000,4.00097000,0.00000000,0.00000000
1624843202.72347593,1,0.61033499,0.00000000,4.00193999,0.00000000,0.00000000
1624843202.82354522,1,0.60839498,0.00000000,4.00096998,0.00000000,0.00000000
1624843202.92355776,1,0.60742497,0.00000000,4.00096997,0.00000000,0.00000000
1624843203.02355623,1,0.60645503,0.00000000,4.00097003,0.00000000,0.00000000
1624843203.12354493,1,0.60548502,0.00000000,4.00145502,0.00000000,0.00000000
1624843203.22355628,1,0.60403001,0.00000000,4.00097001,0.00000000,0.00000000
1624843203.32353687,1,0.60306001,0.00000000,4.00097001,0.00000000,0.00000000
1624843203.42353821,1,0.60209000,0.00000000,4.00097000,0.00000000,0.00000000
1624843203.52353787,1,0.60112000,0.00000000,4.00097000,0.00000000,0.00000000
1624843203.62353802,1,0.60014999,0.00000000,4.00193999,0.00000000,0.00000000
1624843203.72353768,1,0.59820998,0.00000000,4.00096998,0.00000000,0.00000000
1624843203.82353234,1,0.59723997,0.00000000,4.00096997,0.00000000,0.00000000
1624843203.92355871,1,0.59627002,0.00000000,4.00097002,0.00000000,0.00000000
1624843204.02354717,1,0.59530002,0.00000000,4.00097002,0.00000000,0.00000000
1624843204.12351203,1,0.59433001,0.00000000,4.00097001,0.00000000,0.00000000
1624843204.22351074,1,0.59336001,0.00000000,4.00097001,0.00000000,0.00000000
1624843204.32355690,1,0.59239000,0.00000000,4.00097000,0.00000000,0.00000000
1624843204.42347383,1,0.59141999,0.00000000,4.00096999,0.00000000,0.00000000
1624843204.52347589,1,0.59044999,0.00000000,4.00096999,0.00000000,0.00000000
1624843204.62352729,1,0.58947998,0.00000000,3.99999998,0.00000000,0.00000000
1624843204.72347689,1,0.58947998,0.00000000,4.00145498,0.00000000,0.00000000
1624843204.82358718,1,0.58802497,0.00000000,4.00096997,0.00000000,0.00000000
1624843204.92354918,1,0.58705503,0.00000000,4.00097003,0.00000000,0.00000000
1624843205.02353477,1,0.58608502,0.00000000,4.00097002,0.00000000,0.00000000
1624843205.12356019,1,0.58511502,0.00000000,4.00097002,0.00000000,0.00000000
1624843205.22351217,1,0.58414501,0.00000000,4.00097001,0.00000000,0.00000000
1624843205.32353997,1,0.58317500,0.00000000,4.00097000,0.00000000,0.00000000
1624843205.42354274,1,0.58220500,0.00000000,4.00097000,0.00000000,0.00000000
1624843205.52353072,1,0.58123499,0.00000000,4.00096999,0.00000000,0.00000000
1624843205.62354350,1,0.58026499,0.00000000,3.99999999,0.00000000,0.00000000
1624843205.72357845,1,0.58026499,0.00000000,4.00096999,0.00000000,0.00000000
1624843205.82357049,1,0.57929498,0.00000000,4.00096998,0.00000000,0.00000000
1624843205.92349648,1,0.57832497,0.00000000,4.00096997,0.00000000,0.00000000
1624843206.02354407,1,0.57735503,0.00000000,4.00097003,0.00000000,0.00000000
1624843206.12348700,1,0.57638502,0.00000000,4.00000002,0.00000000,0.00000000
1624843206.22357059,1,0.57638502,0.00000000,4.00097002,0.00000000,0.00000000
1624843206.32351780,1,0.57541502,0.00000000,4.00097002,0.00000000,0.00000000
1624843206.42350364,1,0.57444501,0.00000000,4.00097001,0.00000000,0.00000000
1624843206.52350664,1,0.57347500,0.00000000,4.00145500,0.00000000,0.00000000
1624843206.62349057,1,0.57201999,0.00000000,3.99999999,0.00000000,0.00000000
1624843206.72353673,1,0.57201999,0.00000000,4.00096999,0.00000000,0.00000000
1624843206.82351470,1,0.57104999,0.00000000,4.00096999,0.00000000,0.00000000
1624843206.92347574,1,0.57007998,0.00000000,4.00096998,0.00000000,0.00000000
1624843207.02356482,1,0.56910998,0.00000000,3.99999998,0.00000000,0.00000000
1624843207.12353015,1,0.56910998,0.00000000,4.00096998,0.00000000,0.00000000
1624843207.22354293,1,0.56813997,0.00000000,4.00096997,0.00000000,0.00000000
1624843207.32358074,1,0.56717002,0.00000000,4.00097002,0.00000000,0.00000000
1624843207.42354321,1,0.56620002,0.00000000,4.00000002,0.00000000,0.00000000
1624843207.52345443,1,0.56620002,0.00000000,4.00097002,0.00000000,0.00000000
1624843207.62355280,1,0.56523001,0.00000000,4.00097001,0.00000000,0.00000000
1624843207.72353888,1,0.56426001,0.00000000,4.00000001,0.00000000,0.00000000
1624843207.82350874,1,0.56426001,0.00000000,4.00097001,0.00000000,0.00000000
1624843207.92348814,1,0.56329000,0.00000000,4.00097000,0.00000000,0.00000000
1624843208.02349472,1,0.56231999,0.00000000,3.99999999,0.00000000,0.00000000
1624843208.12351012,1,0.56231999,0.00000000,4.00096999,0.00000000,0.00000000
1624843208.22352481,1,0.56134999,0.00000000,4.00096999,0.00000000,0.00000000
1624843208.32352090,1,0.56037998,0.00000000,3.99999998,0.00000000,0.00000000
1624843208.42350268,1,0.56260622,5.00000000,4.00105533,0.04903436,5.00000000
1624843208.52349710,1,0.56827772,10.00000000,4.00120430,0.09868039,10.00000000
1624843208.62355590,1,0.57823461,15.00000000,4.00009175,0.14965813,15.00000000
1624843208.72356153,1,0.59317386,20.00000000,3.99993110,0.20287741,20.00000000
1624843208.82350898,1,0.61096054,24.00000000,4.00067023,0.24850004,24.00000000
1624843208.92355990,1,0.63306618,28.00000000,4.00294926,0.29720657,28.00000000
1624843209.02356219,1,0.65700281,32.00000000,3.99618684,0.35748587,32.96428797
1624843209.12353086,1,0.68416005,35.00000000,3.99186235,0.41105635,36.92857594
1624843209.22354507,1,0.71454525,37.00000000,3.99345449,0.45911477,39.98052645
1624843209.32354259,1,0.74632370,39.00000000,3.99321160,0.50846558,42.94481442
1624843209.42351341,1,0.78001612,41.00000000,3.98119237,0.57010594,46.96105290
1624843209.52350664,1,0.81472868,41.00000000,3.99575338,0.60475052,47.92534087
1624843209.62352824,1,0.85159528,43.00000000,3.97575338,0.67053130,51.94157935
1624843209.72354817,1,0.88974607,43.00000000,3.97622442,0.72040447,53.95781783
1624843209.82351327,1,0.92766738,43.00000000,3.97492391,0.76901103,55.88639377
1624843209.92350173,1,0.96739346,43.00000000,3.97062886,0.82146382,57.90263225
1624843210.02350116,1,1.00722134,42.00000000,3.97851431,0.86456179,58.91887073
1624843210.12352133,1,1.04866397,42.00000000,3.97137082,0.91951579,60.93510921
1624843210.22356820,1,1.08926523,41.00000000,3.97753577,0.96442475,61.86368515
1624843210.32352066,1,1.13123405,41.00000000,3.96481010,1.02055492,63.87992363
1624843210.42350340,1,1.17331243,40.00000000,3.96747962,1.06830178,64.89616211
1624843210.52350259,1,1.21591878,39.00000000,3.95107507,1.12599405,66.87668856
1624843210.62352204,1,1.25771248,37.00000000,3.97055510,1.16651006,66.89292705
1624843210.72350955,1,1.30014598,36.00000000,3.96979876,1.21634071,67.90916553
1624843210.82354927,1,1.34277976,35.00000000,3.96948240,1.26677511,68.83774146
1624843210.92356038,1,1.38487911,34.00000000,3.96654657,1.31809433,69.85397995
1624843211.02355385,1,1.42650068,33.00000000,3.96141715,1.36858246,70.87021843
1624843211.12354422,1,1.46906018,32.00000000,3.95552242,1.42099189,71.88645691
1624843211.22354293,1,1.51082492,31.00000000,3.97425205,1.46427382,71.85074488
1624843211.32355523,1,1.55285132,31.00000000,3.94046309,1.52467878,73.86698336
1624843211.42354870,1,1.59450781,29.00000000,3.95976717,1.56899130,73.79555930
1624843211.52353454,1,1.63578701,28.00000000,3.94820560,1.62229972,74.81179778
1624843211.62354445,1,1.67663395,27.00000000,3.96374482,1.66842252,74.86374829
1624843211.72353578,1,1.71679115,26.00000000,3.95216451,1.72005377,75.79232423
1624843211.82355261,1,1.75799513,25.00000000,3.93780393,1.77417194,76.80856271
1624843211.92350006,1,1.79816616,23.00000000,3.98218708,1.81449872,75.86051322
1624843212.02349162,1,1.83696342,23.00000000,3.93728283,1.87397328,77.78908916
1624843212.12355065,1,1.87649632,21.00000000,3.98175588,1.91403868,76.84103967
1624843212.22352052,1,1.91569066,21.00000000,3.93395944,1.97455404,78.76961561
1624843212.32354546,1,1.95442677,19.00000000,3.97898978,2.01617311,77.82156612
1624843212.42350197,1,1.99196970,19.00000000,3.92444880,2.07663516,79.83780460
1624843212.52348208,1,2.02951384,17.00000000,3.97294359,2.11746146,78.80209257
1624843212.62356257,1,2.06678605,16.00000000,3.98726541,2.16492853,78.76638054
1624843212.72355509,1,2.10367393,16.00000000,3.96280613,2.22041073,79.81833105
1624843212.82354045,1,2.13960218,15.00000000,3.97628968,2.26766204,79.78261902
1624843212.92357659,1,2.17570424,15.00000000,3.95242421,2.32199330,80.74690699
1624843213.02352285,1,2.21140409,14.00000000,3.96249044,2.37064512,80.79885750
1624843213.12356067,1,2.24661183,13.00000000,3.97532240,2.41924051,80.76314547
1624843213.22353983,1,2.28101635,13.00000000,3.94429907,2.47457641,81.81509598
1624843213.32355309,1,2.31468439,12.00000000,3.95682530,2.52273065,81.77938395
1624843213.42357731,1,2.34816790,11.00000000,3.96791143,2.57069539,81.74367192
1624843213.52353120,1,2.38193607,10.00000000,3.97644313,2.61945775,81.79562243
1624843213.62349582,1,2.41560173,10.00000000,3.94629696,2.67424657,82.75991040
1624843213.72351193,1,2.44842911,9.00000000,3.99762739,2.71803200,81.75991040
1624843213.82351375,1,2.48040819,9.00000000,3.96569798,2.77229099,82.72419837
1624843213.92349863,1,2.51242352,8.00000000,3.97282776,2.82131101,82.77614888
1624843214.02348924,1,2.54440880,7.00000000,4.02570464,2.86501906,81.77614888
1624843214.12349987,1,2.57553315,8.00000000,3.94741756,2.92489822,83.74043685
1624843214.22349596,1,2.60668921,7.00000000,4.00035809,2.96942866,82.74043685
1624843214.32353187,1,2.63697362,7.00000000,3.96095476,3.02406200,83.79238737
1624843214.42351031,1,2.66722465,6.00000000,4.01433847,3.06809834,82.79238737
1624843214.52345252,1,2.69713688,6.00000000,3.97786149,3.12297520,83.75667533
1624843214.62345624,1,2.72647572,6.00000000,3.98541712,3.17202503,83.75667533
1624843214.72358775,1,2.75589442,6.00000000,3.94634956,3.22678010,84.72096330
1624843214.82354689,1,2.78442430,5.00000000,4.00120425,3.27163565,83.72096330
1624843214.92354250,1,2.81248999,5.00000000,3.95677731,3.32556408,84.77291382
1624843215.02353477,1,2.84105515,4.00000000,4.01308233,3.36991735,83.77291382
1624843215.12353730,1,2.86958742,4.00000000,4.02005720,3.42059127,83.77291382
1624843215.22354984,1,2.89673948,4.00000000,3.97837568,3.47428817,84.73720179
1624843215.32357335,1,2.92438936,4.00000000,3.98382184,3.52461649,84.73720179
1624843215.42353177,1,2.95118189,4.00000000,3.99064436,3.57360607,84.73720179
1624843215.52354169,1,2.97833061,4.00000000,3.94706422,3.62761281,85.70148975
1624843215.62348938,1,3.00505710,3.00000000,4.00424109,3.67412679,84.70148975
1624843215.72357082,1,3.03043532,3.00000000,4.00949463,3.72219158,84.70148975
1624843215.82350540,1,3.05727172,3.00000000,4.01585283,3.77316330,84.70148975
1624843215.92352915,1,3.08258390,3.00000000,4.02158528,3.82213233,84.70148975
1624843216.02350402,1,3.10843229,3.00000000,3.97001009,3.87783851,85.75344027
1624843216.12350345,1,3.13288116,2.00000000,4.03019138,3.92243071,84.75344027
1624843216.22350240,1,3.15774226,3.00000000,3.98045143,3.97696810,85.75344027
1624843216.32349157,1,3.18220830,3.00000000,3.98517311,4.02610197,85.75344027
1624843216.42349648,1,3.15732026,3.00000000,3.98672518,4.02747226,85.75344027
1624843216.52348614,1,3.13094378,3.00000000,3.93510257,4.03033271,86.71772824
1624843216.62349129,1,3.10508919,2.00000000,3.99060756,4.02713566,85.71772824
1624843216.72350836,1,3.07875180,2.00000000,3.99155095,4.02803181,85.71772824
1624843216.82349682,1,3.05144739,2.00000000,3.99242212,4.02650862,85.71772824
1624843216.92354536,1,3.02559376,2.00000000,3.99291662,4.02691716,85.71772824
1624843217.02358770,1,2.99929428,2.00000000,3.99386284,4.02688111,85.71772824
1624843217.12348843,1,2.97295761,2.00000000,3.93937080,4.02989883,86.76967875
1624843217.22354198,1,2.94717956,1.00000000,3.99215656,4.02603520,85.76967875
1624843217.32357240,1,2.92181015,1.00000000,3.99222516,4.02546991,85.76967875
1624843217.42358899,1,2.89699912,1.00000000,3.99233495,4.02594648,85.76967875
1624843217.52354193,1,2.87170458,1.00000000,3.99240908,4.02448585,85.76967875
1624843217.62350750,1,2.84786081,1.00000000,3.99404522,4.02592704,85.76967875
1624843217.72358465,1,2.82245469,1.00000000,3.99411111,4.02435514,85.76967875
1624843217.82358360,1,2.79861093,1.00000000,3.99429225,4.02482633,85.76967875
1624843217.92350030,1,2.77428341,1.00000000,3.99443771,4.02336009,85.76967875
1624843218.02358270,1,2.75140691,1.00000000,3.99469020,4.02479592,85.76967875
1624843218.12354183,1,2.72707963,1.00000000,3.94806764,4.02633022,86.73396672
1624843218.22354174,1,2.70427704,0.00000000,3.99580455,4.02374459,85.73396672
1624843218.32354927,1,2.68091702,0.00000000,3.99600685,4.02227430,85.73396672
1624843218.42352605,1,2.65900755,0.00000000,3.99437706,4.00042552,85.73396672
1624843218.52351856,1,2.65900755,0.00000000,3.99777206,4.04553052,85.73396672
1624843218.62354803,1,2.61377501,0.00000000,3.99634732,4.02224831,85.73396672
1624843218.72349596,1,2.61377501,0.00000000,3.99731732,4.04407331,85.73396672
1624843218.82353115,1,2.57003021,0.00000000,3.99406325,4.00044971,85.73396672
1624843218.92349577,1,2.57003021,0.00000000,3.99697325,4.04361471,85.73396672
1624843219.02356911,1,2.52676916,0.00000000,3.99472517,4.02132851,85.73396672
1624843219.12362003,1,2.52676916,0.00000000,3.99666517,4.04266851,85.73396672
1624843219.22356319,1,2.50590158,0.00000000,3.99511288,4.02185874,85.73396672
1624843219.32356691,1,2.48447537,0.00000000,3.99448904,4.02134691,85.73396672
1624843219.42353940,1,2.46360779,0.00000000,3.99487675,4.02042214,85.73396672
1624843219.52354240,1,2.44363236,0.00000000,3.99436083,4.02184206,85.73396672
1624843219.62355471,1,2.42228127,0.00000000,3.99374257,4.02043511,85.73396672
1624843219.72352409,1,2.40238070,0.00000000,3.99468722,4.02047469,85.73396672
1624843219.82351828,1,2.38236761,0.00000000,3.99416849,4.01943204,85.73396672
1624843219.92358947,1,2.36343431,0.00000000,3.99373009,4.02043620,85.73396672
1624843220.02350020,1,2.34353399,0.00000000,3.99418976,4.01999102,85.73396672
1624843220.12350845,1,2.32404208,0.00000000,3.99370980,4.01946811,85.73396672
1624843220.22352600,1,2.30510879,0.00000000,3.99327140,4.01950227,85.73396672
1624843220.32351589,1,2.28617573,0.00000000,3.99380301,4.01953667,85.73396672
1624843220.42352939,1,2.26716709,0.00000000,3.99335901,4.01949570,85.73396672
1624843220.52355051,1,2.24823380,0.00000000,3.99292061,4.01855986,85.73396672
1624843220.62351060,1,2.23026800,0.00000000,3.99255418,4.01907384,85.73396672
1624843220.72353077,1,2.21181846,0.00000000,3.99312176,4.01862041,85.73396672
1624843220.82354832,1,2.19377685,0.00000000,3.99274969,4.01857379,85.73396672
1624843220.92348599,1,2.17581081,0.00000000,3.99238324,4.01763253,85.73396672
1624843221.02355385,1,2.15881205,0.00000000,3.99257374,4.01862586,85.73396672
1624843221.12354302,1,2.14080834,0.00000000,3.99220449,4.01764704,85.73396672
1624843221.22353125,1,2.12380958,0.00000000,3.99287999,4.01767037,85.73396672
1624843221.32354474,1,2.10673451,0.00000000,3.99257982,4.01761761,85.73396672
1624843221.42354393,1,2.08973575,0.00000000,3.99228533,4.01764094,85.73396672
1624843221.52352476,1,2.07273722,0.00000000,3.99199085,4.01669451,85.73396672
1624843221.62350512,1,2.05670547,0.00000000,3.99176828,4.01671218,85.73396672
1624843221.72353935,1,2.04067373,0.00000000,3.99154572,4.01769986,85.73396672
1624843221.82351279,1,2.02367520,0.00000000,3.99125124,4.01675343,85.73396672
1624843221.92349362,1,2.00764370,0.00000000,3.99102870,4.01677134,85.73396672
1624843222.02355480,1,1.99161232,0.00000000,3.99080616,4.01581937,85.73396672
1624843222.12352610,1,1.97654772,0.00000000,3.99162554,4.01680151,85.73396672
1624843222.22348237,1,1.96043921,0.00000000,3.99139727,4.01577263,85.73396672
1624843222.32356262,1,1.94537461,0.00000000,3.99124665,4.01578477,85.73396672
1624843222.42351389,1,1.93031013,0.00000000,3.99158104,4.01579703,85.73396672
1624843222.52352476,1,1.91520703,0.00000000,3.99142756,4.01577077,85.73396672
1624843222.62356305,1,1.90014255,0.00000000,3.99127695,4.01578303,85.73396672
1624843222.72354245,1,1.88507795,0.00000000,3.99112633,4.01482517,85.73396672
1624843222.82356668,1,1.87098038,0.00000000,3.99104765,4.01531666,85.73396672
1624843222.92354250,1,1.85639942,0.00000000,3.99093301,4.01484109,85.73396672
1624843223.02355027,1,1.84230185,0.00000000,3.99085432,4.01484758,85.73396672
1624843223.12355256,1,1.82820427,0.00000000,3.98980564,4.01485407,85.73396672
1624843223.22356820,1,1.81418467,0.00000000,3.98973276,4.01493830,85.73396672
1624843223.32355261,1,1.80008733,0.00000000,3.98965409,4.01397503,85.73396672
1624843223.42355680,1,1.78695667,0.00000000,3.98964733,4.01494574,85.73396672
1624843223.52353787,1,1.77285933,0.00000000,3.98956866,4.01349747,85.73396672
1624843223.62353921,1,1.76021218,0.00000000,3.98959787,4.01398035,85.73396672
1624843223.72352481,1,1.74708164,0.00000000,3.98959113,4.01398119,85.73396672
1624843223.82355666,1,1.73395109,0.00000000,3.98958438,4.01398202,85.73396672
1624843223.92349815,1,1.72082055,0.00000000,3.98957763,4.01398285,85.73396672
1624843224.02349114,1,1.70769000,0.00000000,3.98957088,4.01252869,85.73396672
1624843224.12353230,1,1.69600964,0.00000000,3.98870200,4.01397569,85.73396672
1624843224.22356319,1,1.68295813,0.00000000,3.98918613,4.01308534,85.73396672
1624843224.32347822,1,1.67075479,0.00000000,3.98924836,4.01304081,85.73396672
1624843224.42349052,1,1.65859115,0.00000000,3.98931353,4.01255087,85.73396672
1624843224.52348113,1,1.64691079,0.00000000,3.98941466,4.01302787,85.73396672
1624843224.62348294,1,1.63474703,0.00000000,3.98850983,4.01302281,85.73396672
1624843224.72349620,1,1.62266266,0.00000000,3.98858090,4.01309693,85.73396672
1624843224.82355833,1,1.61049891,0.00000000,3.98864607,4.01163687,85.73396672
1624843224.92351747,1,1.59978533,0.00000000,3.98881911,4.01307798,85.73396672
1624843225.02355742,1,1.58762157,0.00000000,3.98888428,4.01210292,85.73396672
1624843225.12350774,1,1.57642460,0.00000000,3.98805137,4.01160697,85.73396672
1624843225.22350740,1,1.56579077,0.00000000,3.98823034,4.01215761,85.73396672
1624843225.32372212,1,1.55459380,0.00000000,3.98836743,4.01214666,85.73396672
1624843225.42356229,1,1.54339671,0.00000000,3.98850450,4.01165059,85.73396672
1624843225.52354956,1,1.53268313,0.00000000,3.98770755,4.01212169,85.73396672
1624843225.62348866,1,1.52156639,0.00000000,3.98785060,4.01122075,85.73396672
1624843225.72354531,1,1.51133597,0.00000000,3.98805958,4.01168867,85.73396672
1624843225.82355618,1,1.50062227,0.00000000,3.98726262,4.01118966,85.73396672
1624843225.92349362,1,1.49047256,-1.00000000,4.01340098,4.00909169,84.73396672
1624843226.02350998,1,1.48024213,-1.00000000,4.01343203,4.00957445,84.73396672
1624843226.12352681,1,1.46952844,-1.00000000,4.01341872,4.00909097,84.73396672
1624843226.22357202,1,1.45929801,-1.00000000,4.01247977,4.00908873,84.73396672
1624843226.32351255,1,1.44914865,-1.00000000,4.01251826,4.00771221,84.73396672
1624843226.42351770,1,1.44036806,-1.00000000,4.01316738,4.00915367,84.73396672
1624843226.52350855,1,1.43009722,-1.00000000,4.01222472,4.00862619,84.73396672
1624843226.62350273,1,1.42043102,-1.00000000,4.01230755,4.00821578,84.73396672
1624843226.72354412,1,1.41116714,-1.00000000,4.01242731,4.00917601,84.73396672
1624843226.82354164,1,1.40093672,-1.00000000,4.01148836,4.00771877,84.73396672
1624843226.92355561,1,1.39223754,-1.00000000,4.03497321,4.00592453,83.76967875
1624843227.02358294,1,1.38297355,0.00000000,4.01092131,4.00882526,84.76967875
1624843227.12347555,1,1.37322640,0.00000000,4.01100276,4.00833370,84.76967875
1624843227.22353816,1,1.36396253,0.00000000,4.01015827,4.00783839,84.76967875
1624843227.32352471,1,1.35526335,0.00000000,4.01033526,4.00839044,84.76967875
1624843227.42354870,1,1.34599936,0.00000000,4.01046076,4.00692502,84.76967875
1624843227.52351522,1,1.33818531,0.00000000,4.01071843,4.00835850,84.76967875
1624843227.62353516,1,1.32892144,0.00000000,4.00987394,4.00834820,84.76967875
1624843227.72354484,1,1.31973910,0.00000000,4.01000688,4.00696410,84.76967875
1624843227.82356334,1,1.31192493,0.00000000,4.01026455,4.00839747,84.76967875
1624843227.92355704,1,1.30266106,0.00000000,4.00942005,4.00693217,84.76967875
1624843228.02351546,1,1.29492855,0.00000000,4.00968516,4.00747685,84.76967875
1624843228.12349153,1,1.28663111,0.00000000,4.00989877,4.00794396,84.76967875
1624843228.22350740,1,1.27785051,0.00000000,4.01006834,4.00744492,84.76967875
1624843228.32351232,1,1.26955318,0.00000000,4.00931195,4.00694214,84.76967875
1624843228.42352009,1,1.26182067,0.00000000,4.00957706,4.00748683,84.76967875
1624843228.52353787,1,1.25352323,0.00000000,4.00979067,4.00601393,84.76967875
1624843228.62349582,1,1.24667573,0.00000000,4.00916645,4.00743994,84.76967875
1624843228.72354341,1,1.23845994,0.00000000,4.00987251,4.00701836,84.76967875
1624843228.82356477,1,1.23060513,0.00000000,4.01012647,4.00647125,84.76967875
1624843228.92354679,1,1.22327459,0.00000000,4.00945822,4.00693124,84.76967875
1624843229.02351975,1,1.21554172,0.00000000,4.00972329,4.00602056,84.76967875
1624843229.12353969,1,1.20869434,0.00000000,4.01006909,4.00744669,84.76967875
1624843229.22355032,1,1.20039713,0.00000000,4.00931272,4.00597404,84.76967875
1624843229.32357216,1,1.19363093,0.00000000,4.00966591,4.00651101,84.76967875
1624843229.42357087,1,1.18630028,0.00000000,4.00996765,4.00697087,84.76967875
1624843229.52347708,1,1.17848635,0.00000000,4.00925534,4.00646448,84.76967875
1624843229.62350893,1,1.17123687,0.00000000,4.00956448,4.00603519,84.76967875
1624843229.72355223,1,1.16438949,0.00000000,4.00894027,4.00552132,84.76967875
1624843229.82352877,1,1.15810668,0.00000000,4.00933754,4.00605467,84.76967875
1624843229.92355156,1,1.15125930,0.00000000,4.00968333,4.00602580,84.76967875
1624843230.02354193,1,1.14441204,0.00000000,4.00905914,4.00648205,84.76967875
1624843230.12350941,1,1.13716245,0.00000000,4.00936827,4.00508264,84.76967875
1624843230.22352839,1,1.13128173,0.00000000,4.00883218,4.00650141,84.76967875
1624843230.32350039,1,1.12403214,0.00000000,4.00914131,4.00510200,84.76967875
1624843230.42350316,1,1.11815143,0.00000000,4.00860523,4.00603577,84.76967875
1624843230.52353239,1,1.11138523,0.00000000,4.00895843,4.00560275,84.76967875
1624843230.62347984,1,1.10502112,0.00000000,4.00934828,4.00508514,84.76967875
1624843230.72356153,1,1.09914052,0.00000000,4.00881221,4.00650403,84.76967875
1624843230.82355690,1,1.09189093,0.00000000,4.00912134,4.00510462,84.76967875
1624843230.92354465,1,1.08601022,0.00000000,4.00858525,4.00506839,84.76967875
1624843231.02354860,1,1.08021057,0.00000000,4.00902656,4.00559789,84.76967875
1624843231.12348962,1,1.07384658,0.00000000,4.00844642,4.00508040,84.76967875
1624843231.22355628,1,1.06804693,0.00000000,4.00888773,4.00512490,84.76967875
1624843231.32353783,1,1.06216621,0.00000000,4.00835164,4.00557367,84.76967875
1624843231.42353129,1,1.05588329,0.00000000,4.00923389,4.00513690,84.76967875
1624843231.52356243,1,1.04996228,0.00000000,4.00869414,4.00457555,84.76967875
1624843231.62353897,1,1.04464579,0.00000000,4.00917949,4.00510119,84.76967875
1624843231.72357011,1,1.03876531,0.00000000,4.00864343,4.00506520,84.76967875
1624843231.82351637,1,1.03296542,0.00000000,4.00908471,4.00462446,84.76967875
1624843231.92353201,1,1.02756822,0.00000000,4.00859270,4.00506973,84.76967875
1624843232.02351952,1,1.02176833,0.00000000,4.00903399,4.00414399,84.76967875
1624843232.12349677,1,1.01685464,0.00000000,4.00858606,4.00555576,84.76967875
1624843232.22357249,1,1.01057136,0.00000000,4.00898328,4.00414864,84.76967875
1624843232.32350874,1,1.00565755,0.00000000,4.00853534,4.00410529,84.76967875
1624843232.42350340,1,1.00082421,0.00000000,4.00906473,4.00462708,84.76967875
1624843232.52354240,1,0.99542725,0.00000000,4.00857275,4.00507259,84.76967875
1624843232.62353373,1,0.98962724,0.00000000,4.00804402,4.00414673,84.76967875
1624843232.72350645,1,0.98479408,0.00000000,4.00857343,4.00466869,84.76967875
1624843232.82352495,1,0.97939688,0.00000000,4.00808142,4.00414396,84.76967875
1624843232.92350483,1,0.97456366,0.00000000,4.00861083,4.00321086,84.76967875
1624843233.02354407,1,0.97061652,0.00000000,4.00825101,4.00413016,84.76967875
1624843233.12354994,1,0.96578324,0.00000000,4.00878041,4.00465200,84.76967875
1624843233.22357321,1,0.96038622,0.00000000,4.00828842,4.00412745,84.76967875
1624843233.32353210,1,0.95555288,0.00000000,4.00784781,4.00416424,84.76967875
1624843233.42353106,1,0.95071965,0.00000000,4.00837722,4.00371614,84.76967875
1624843233.52350092,1,0.94628918,0.00000000,4.00797334,4.00415411,84.76967875
1624843233.62354732,1,0.94145590,0.00000000,4.00850274,4.00419096,84.76967875
1624843233.72355795,1,0.93654221,0.00000000,4.00805481,4.00317773,84.76967875
1624843233.82356429,1,0.93267548,0.00000000,4.00770232,4.00466210,84.76967875
1624843233.92350435,1,0.92735898,0.00000000,4.00818767,4.00324774,84.76967875
1624843234.02355933,1,0.92341185,0.00000000,4.00782785,4.00416703,84.76967875
1624843234.12348604,1,0.91857851,0.00000000,4.00835724,4.00371882,84.76967875
1624843234.22349262,1,0.91414821,1.00000000,3.99205303,4.00450269,85.76967875
1624843234.32354379,1,0.91028148,0.00000000,4.00760089,4.00321634,84.76967875
1624843234.42352080,1,0.90641487,0.00000000,4.00821841,4.00421582,84.76967875
1624843234.52351832,1,0.90150118,0.00000000,4.00777048,4.00368759,84.76967875
1624843234.62348604,1,0.89715111,0.00000000,4.00737393,4.00323564,84.76967875
1624843234.72354865,1,0.89328456,0.00000000,4.00799146,4.00326519,84.76967875
1624843234.82352996,1,0.88933748,0.00000000,4.00763164,4.00321454,84.76967875
1624843234.92357087,1,0.88547075,0.00000000,4.00824915,4.00372891,84.76967875
1624843235.02353621,1,0.88104057,1.00000000,3.99252081,4.00446525,85.76967875
1624843235.12351251,1,0.87717378,0.00000000,4.00749281,4.00322649,84.76967875
1624843235.22352815,1,0.87330711,0.00000000,4.00859532,4.00325592,84.76967875
1624843235.32355952,1,0.86932045,1.00000000,3.99311127,4.00490206,85.76967875
1624843235.42355752,1,0.86497015,1.00000000,3.99279036,4.00444361,85.76967875
1624843235.52355289,1,0.86110330,0.00000000,4.00845283,4.00225792,84.76967875
1624843235.62355328,1,0.85812354,1.00000000,3.99325532,4.00440565,85.76967875
1624843235.72357082,1,0.85425651,1.00000000,3.99297006,4.00491416,85.76967875
1624843235.82352185,1,0.84990633,1.00000000,3.99264917,4.00348582,85.76967875
1624843235.92352128,1,0.84700620,0.00000000,4.00813774,4.00325452,84.76967875
1624843236.02353382,1,0.84305954,1.00000000,3.99311411,4.00441769,85.76967875
1624843236.12350488,1,0.83919263,1.00000000,3.99282886,4.00347132,85.76967875
1624843236.22354650,1,0.83629256,0.00000000,3.99410476,4.00490554,85.73396672
1624843236.32358813,1,0.83186257,0.00000000,3.99377522,4.00339782,85.73396672
1624843236.42347884,1,0.83455926,-4.00000000,4.05187921,4.00263919,81.73396672
1624843236.52350140,1,0.84023798,-7.00000000,4.09604790,4.00467713,78.73396672
1624843236.62348557,1,0.84790152,-11.00000000,4.15611847,4.00152220,74.73396672
1624843236.72351837,1,0.85905069,-14.00000000,4.20211687,4.00269938,71.73396672
1624843236.82351947,1,0.87272519,-17.00000000,4.24940141,4.00411320,68.73396672
1624843236.92353606,1,0.88857663,-20.00000000,4.29804687,4.00379328,65.73396672
1624843237.02357101,1,0.90778905,-23.00000000,4.36323474,3.99644550,61.76967875
1624843237.12351632,1,0.92881924,-25.00000000,4.40147436,4.00302270,59.76967875
1624843237.22352839,1,0.95163155,-28.00000000,4.46986089,3.99021709,55.71772824
1624843237.32354879,1,0.97688389,-29.00000000,4.51239856,3.99562742,53.75344027
1624843237.42355084,1,1.00302625,-31.00000000,4.57008246,3.98689856,50.70148975
1624843237.52354002,1,1.03222036,-32.00000000,4.62950009,3.97892572,47.77291382
1624843237.62353873,1,1.06160343,-32.00000000,4.66355938,3.99181739,46.72096330
1624843237.72353220,1,1.09274280,-33.00000000,4.72554378,3.97905467,43.79238737
1624843237.82356787,1,1.12489319,-33.00000000,4.76387683,3.99014545,42.74043685
1624843237.92349696,1,1.15824032,-34.00000000,4.82952204,3.97080794,39.72419837
1624843238.02355194,1,1.19268370,-34.00000000,4.88211585,3.96588225,37.79562243
1624843238.12350583,1,1.22782898,-33.00000000,4.91250959,3.99139089,37.74367192
1624843238.22354412,1,1.26284790,-34.00000000,4.97936163,3.96467763,34.81509598
1624843238.32354188,1,1.30007255,-33.00000000,5.02534452,3.97173312,33.79885750
1624843238.42346931,1,1.33632112,-33.00000000,5.08287312,3.95770259,31.78261902
1624843238.52350903,1,1.37342191,-32.00000000,5.11686963,3.98282105,31.81833105
1624843238.62348032,1,1.41063368,-32.00000000,5.17585357,3.96562792,29.80209257
1624843238.72350693,1,1.44877946,-31.00000000,5.22443740,3.96848136,28.78585409
1624843238.82348156,1,1.48643947,-30.00000000,5.27381353,3.96824812,27.76961561
1624843238.92352748,1,1.52448666,-29.00000000,5.32220749,3.97032628,26.84103967
1624843239.02348566,1,1.56274509,-28.00000000,5.36086326,3.99215602,26.78908916
1624843239.12351227,1,1.60125208,-28.00000000,5.42259540,3.96584835,24.86051322
1624843239.22349691,1,1.64059043,-27.00000000,5.47416703,3.96072729,23.84427474
1624843239.32355189,1,1.68028772,-26.00000000,5.51545632,3.98071624,23.79232423
1624843239.42351747,1,1.71967912,-26.00000000,5.57783614,3.94810963,21.86374829
1624843239.52354240,1,1.76002514,-25.00000000,5.61975378,3.96650320,21.81179778
1624843239.62354350,1,1.80066156,-24.00000000,5.67296422,3.95621199,20.79555930
1624843239.72355890,1,1.84174895,-23.00000000,5.71533200,3.97575247,20.83127133
1624843239.82355547,1,1.88280201,-23.00000000,5.78101887,3.93190512,18.81503285
1624843239.92357111,1,1.92361510,-21.00000000,5.81201964,3.98175908,19.85074488
1624843240.02354646,1,1.96553743,-21.00000000,5.87766875,3.93490253,17.83450640
1624843240.12354541,1,2.00748992,-19.00000000,5.91151456,3.98607366,18.87021843
1624843240.22353768,1,2.04841113,-19.00000000,5.96595270,3.96652147,17.81826792
1624843240.32356191,1,2.09117961,-18.00000000,6.02162839,3.95114052,16.88969198
1624843240.42348289,1,2.13287020,-17.00000000,6.06596171,3.96479716,16.83774146
1624843240.52350307,1,2.17577672,-16.00000000,6.11197055,3.98143344,16.87345350
1624843240.62351441,1,2.21756816,-16.00000000,6.16734469,3.96066940,15.90916553
1624843240.72352076,1,2.25993824,-15.00000000,6.21253269,3.97322272,15.85721501
1624843240.82346988,1,2.30334878,-15.00000000,6.26990426,3.95061672,14.89292705
1624843240.92350173,1,2.34546661,-14.00000000,6.31309291,3.96035611,14.84097653
1624843241.02349663,1,2.39147091,-13.00000000,6.35718028,3.97358026,14.87668856
1624843241.12350702,1,2.43968177,-13.00000000,6.41398240,3.94618752,13.91240060
1624843241.22350502,1,2.48796296,-12.00000000,6.45003938,3.99985222,14.91240060
1624843241.32348728,1,2.53631091,-12.00000000,6.50832880,3.96718837,13.86045008
1624843241.42354941,1,2.58472157,-12.00000000,6.56539493,3.93646562,12.89616211
1624843241.52353644,1,2.63319182,-11.00000000,6.60199507,3.99199030,13.89616211
1624843241.62357855,1,2.68171811,-11.00000000,6.65957129,3.95974300,12.93187414
1624843241.72356319,1,2.73029757,-10.00000000,6.69584956,4.01696335,13.93187414
1624843241.82355642,1,2.77892733,-11.00000000,6.76527598,3.93166860,11.87992363
1624843241.92348456,1,2.82760501,-10.00000000,6.81254769,3.94341402,11.91563566
1624843242.02353692,1,2.87632823,-9.00000000,6.84942780,4.00250071,12.91563566
1624843242.12354708,1,2.92509437,-9.00000000,6.90848284,3.96094746,11.86368515
1624843242.22352290,1,2.97390151,-8.00000000,6.94513401,4.02168140,12.86368515
1624843242.32352448,1,3.02274752,-9.00000000,7.01408927,3.93115155,10.89939718
1624843242.42349339,1,3.02274752,-8.00000000,7.00366216,3.98286707,11.89939718
1624843242.52353692,1,3.02274752,-8.00000000,7.01373245,3.93300151,10.93510921
1624843242.62348652,1,3.02274752,-7.00000000,7.00327311,3.98471052,11.93510921
1624843242.72354865,1,3.02274752,-7.00000000,7.00327311,3.98471052,11.93510921
1624843242.82349443,1,3.02274752,-7.00000000,7.01425114,3.93031029,10.88315870
1624843242.92351675,1,3.02274752,-6.00000000,7.00383869,3.98202876,11.88315870
1624843243.02352166,1,3.02274752,-6.00000000,7.01389484,3.93216035,10.91887073
1624843243.12355232,1,3.02274752,-5.00000000,7.00345016,3.98387232,11.91887073
1624843243.22355890,1,3.02274752,-5.00000000,7.00345016,3.98387232,11.91887073
1624843243.32350945,1,3.02274752,-5.00000000,7.00345016,3.98387232,11.91887073
1624843243.42352319,1,3.02274752,-5.00000000,7.01353739,3.93401019,10.95458276
1624843243.52354074,1,3.02274752,-4.00000000,7.00306047,3.98571564,11.95458276
1624843243.62355733,1,3.02274752,-4.00000000,7.00306047,3.98571564,11.95458276
1624843243.72355580,1,3.02274752,-4.00000000,7.01405700,3.93131914,10.90263225
1624843243.82353377,1,3.02274752,-3.00000000,7.00362697,3.98303407,11.90263225
1624843243.92350984,1,3.02274752,-3.00000000,7.00362697,3.98303407,11.90263225
1624843244.02354336,1,3.02274752,-3.00000000,7.00362697,3.98303407,11.90263225
1624843244.12353158,1,3.02274752,-3.00000000,7.01370007,3.93316908,10.93834428
1624843244.22350645,1,3.02274752,-2.00000000,7.00323781,3.98487750,11.93834428
1624843244.32352638,1,3.02274752,-2.00000000,7.00323781,3.98487750,11.93834428
1624843244.42354488,1,3.02274752,-2.00000000,7.00323781,3.98487750,11.93834428
1624843244.52351665,1,3.02274752,-2.00000000,7.00323781,3.98487750,11.93834428
1624843244.62349629,1,3.02274752,-2.00000000,7.01421891,3.93047789,10.88639377
1624843244.72346759,1,3.02274752,-1.00000000,7.00380354,3.98219578,11.88639377
1624843244.82353854,1,3.02274752,-1.00000000,7.00380354,3.98219578,11.88639377
1624843244.92350960,1,3.02274752,-1.00000000,7.00380354,3.98219578,11.88639377
1624843245.02351832,1,3.02274752,-1.00000000,7.00380354,3.98219578,11.88639377
1624843245.12349892,1,3.02274752,-1.00000000,7.00380354,3.98219578,11.88639377
1624843245.22347617,1,3.02274752,-1.00000000,7.00380354,3.98219578,11.88639377
1624843245.32352018,1,3.02274752,-1.00000000,7.00380354,3.98219578,11.88639377
1624843245.42349601,1,3.02274752,-1.00000000,7.00380354,3.98219578,11.88639377
1624843245.52348900,1,3.02274752,-1.00000000,7.01386251,3.93232793,10.92210580
1624843245.62349153,1,3.02274752,0.00000000,7.00341490,3.98403931,11.92210580
1624843245.72357130,1,3.02274752,0.00000000,7.00341490,3.98403931,11.92210580
1624843245.82355738,1,3.02274752,0.00000000,7.00341490,3.98403931,11.92210580
1624843245.92353344,1,3.02274752,0.00000000,7.00341490,3.98403931,11.92210580
1624843246.02355814,1,3.02274752,0.00000000,7.00341490,3.98403931,11.92210580
1624843246.12348604,1,3.02274752,0.00000000,7.00341490,3.98403931,11.92210580
1624843246.22353077,1,3.02274752,0.00000000,7.00341490,3.98403931,11.92210580
1624843246.32352138,1,3.02274752,0.00000000,7.00341490,3.98403931,11.92210580
1624843246.42352247,1,3.02274752,0.00000000,7.00341490,3.98403931,11.92210580
1624843246.52355742,1,3.02274752,0.00000000,7.00341490,3.98403931,11.92210580
1624843246.62351799,1,3.02274752,0.00000000,7.00341490,3.98403931,11.92210580
1624843246.72349977,1,3.02274752,0.00000000,7.00341490,3.98403931,11.92210580
1624843246.82353878,1,3.02274752,0.00000000,7.00341490,3.98403931,11.92210580
1624843246.92349696,1,3.02274752,0.00000000,7.00341490,3.98403931,11.92210580
1624843247.02355671,1,3.02274752,0.00000000,7.00341490,3.98403931,11.92210580
1624843247.12354970,1,3.02274752,0.00000000,7.00341490,3.98403931,11.92210580
1624843247.22350597,1,3.02274752,0.00000000,7.00341490,3.98403931,11.92210580
1624843247.32348585,1,3.02274752,0.00000000,7.00341490,3.98403931,11.92210580
1624843247.42349291,1,3.01255083,-1.00000000,7.00385053,3.93039592,10.92210580
1624843247.52355599,1,3.00315189,-2.00000000,7.00410351,3.87706558,9.92210580
1624843247.62349796,1,2.99455857,-2.00000000,6.99563872,3.87558488,9.92210580
1624843247.72348237,1,2.98677754,-3.00000000,6.99650784,3.82281895,8.92210580
1624843247.82355595,1,2.97981548,-4.00000000,6.99724720,3.77029311,7.92210580
1624843247.92356730,1,2.97367787,-5.00000000,6.99787249,3.71798222,6.92210580
1624843248.02352953,1,2.96836972,-6.00000000,6.99839778,3.66586042,5.92210580
1624843248.12351561,1,2.96389580,-7.00000000,6.99883574,3.61390119,4.92210580
1624843248.22353101,1,2.96025991,-8.00000000,7.00218624,3.51234658,2.95781783
1624843248.32353520,1,2.95746469,-8.00000000,6.99939475,3.51220235,2.95781783
1624843248.42353535,1,2.95551300,-9.00000000,6.99965772,3.46056631,1.95781783
1624843248.52357578,1,2.95440626,-10.00000000,6.99986345,3.40898173,0.95781783
1624843248.62362885,1,2.95414567,-11.00000000,6.99947705,3.30318542,-1.09413268
1624843248.72350597,1,2.95473099,-11.00000000,7.00006226,3.30317424,-1.09413268
1624843248.82351279,1,2.95616221,-12.00000000,7.00005791,3.25157277,-2.09413268
1624843248.92354274,1,2.95843792,-13.00000000,6.99688936,3.15021574,-4.05842065
1624843249.02355599,1,2.96155596,-13.00000000,6.99999958,3.14999506,-4.05842065
1624843249.12352896,1,2.96551394,-14.00000000,6.99501546,3.04844550,-6.02270862
1624843249.22356176,1,2.97030854,-14.00000000,6.99978359,3.04794243,-6.02270862
1624843249.32351637,1,2.97593570,-15.00000000,6.99230191,2.94158511,-8.07465913
1624843249.42352080,1,2.98239040,-15.00000000,6.99122441,2.89104412,-9.03894710
1624843249.52349138,1,2.98966742,-15.00000000,6.99841105,2.88990086,-9.03894710
1624843249.62350655,1,2.99776101,-16.00000000,6.98764254,2.78292750,-11.09089761
1624843249.72350025,1,3.00666428,-16.00000000,6.98622799,2.73164199,-12.05518558
1624843249.82355380,1,3.01637030,-16.00000000,6.99571996,2.72961485,-12.05518558
1624843249.92351604,1,3.02687120,-17.00000000,6.98258114,2.62633042,-14.01947355
1624843250.02354622,1,3.03815889,-16.00000000,6.99286406,2.62092359,-14.07142406
1624843250.12354565,1,3.05022430,-16.00000000,7.00456743,2.61799011,-14.07142406
1624843250.22359109,1,3.06305861,-17.00000000,6.98974411,2.51346656,-16.03571203
1624843250.32356906,1,3.07665205,-17.00000000,6.98808699,2.46006900,-17.00000000
1624843250.42352152,1,3.09099460,-17.00000000,6.98617533,2.40625763,-17.96428797
1624843250.52355862,1,3.10607576,-17.00000000,6.98398065,2.35201747,-18.92857594
1624843250.62352085,1,3.12188506,-17.00000000,6.99893503,2.34688910,-18.92857594
1624843250.72351718,1,3.13841128,-18.00000000,6.97621144,2.23588488,-20.98052645
1624843250.82353258,1,3.15564346,-18.00000000,6.97286890,2.18028880,-21.94481442
1624843250.92354894,1,3.17356968,-17.00000000,6.99023491,2.17542451,-21.90910239
1624843251.02355242,1,3.19217849,-17.00000000,6.98513296,2.11430919,-22.96105290
1624843251.12354636,1,3.21145821,-17.00000000,7.00288515,2.10678807,-22.96105290
1624843251.22354102,1,3.23139644,-18.00000000,6.97628677,1.99776517,-24.92534087
1624843251.32351232,1,3.25198126,-18.00000000,6.96929618,1.93517881,-25.97729138
1624843251.42353845,1,3.27320051,-18.00000000,6.96382667,1.87656754,-26.94157935
1624843251.52354717,1,3.29504204,-17.00000000,6.98422767,1.86850271,-26.90586732
1624843251.62354469,1,3.31749320,-17.00000000,6.97618848,1.80428321,-27.95781783
1624843251.72353125,1,3.34054208,-17.00000000,6.96977300,1.74404165,-28.92210580
1624843251.82346439,1,3.36417603,-17.00000000,6.99045928,1.73261179,-28.92210580
1624843251.92349124,1,3.38838315,-17.00000000,6.98364936,1.67122514,-29.88639377
1624843252.02353573,1,3.41315103,-17.00000000,6.97340143,1.60484155,-30.93834428
1624843252.12355852,1,3.43846750,-17.00000000,6.96494808,1.54244285,-31.90263225
1624843252.22352004,1,3.46432066,-17.00000000,6.95278849,1.47509440,-32.95458276
1624843252.32355189,1,3.49069881,-16.00000000,6.97610543,1.46257140,-32.91887073
1624843252.42355371,1,3.51758957,-16.00000000,6.99867863,1.44795759,-32.91887073
1624843252.52353835,1,3.54498196,-17.00000000,6.95388965,1.33220289,-34.88315870
1624843252.62350202,1,3.57286382,-16.00000000,6.97490779,1.31360050,-34.93510921
1624843252.72351336,1,3.60122418,-16.00000000,6.96303376,1.24796738,-35.89939718
1624843252.82353234,1,3.63005161,-16.00000000,6.95014743,1.18187893,-36.86368515
1624843252.92356277,1,3.65933537,-15.00000000,7.01144343,1.21574108,-35.86368515
1624843253.02350307,1,3.68906403,-16.00000000,6.95623319,1.09266326,-37.91563566
1624843253.12353683,1,3.71922755,-15.00000000,6.98145363,1.07595704,-37.87992363
1624843253.22349930,1,3.74981499,-15.00000000,6.96282741,1.00322662,-38.93187414
1624843253.32354069,1,3.78081632,-15.00000000,6.94654297,0.93458606,-39.89616211
1624843253.42355156,1,3.81222153,-14.00000000,7.01286563,0.96585945,-38.89616211
1624843253.52355456,1,3.84402013,-15.00000000,6.95312257,0.84476434,-40.86045008
1624843253.62350965,1,3.87620330,-14.00000000,6.97516236,0.82105245,-40.91240060
1624843253.72349787,1,3.90876079,-14.00000000,6.99976643,0.79973041,-40.91240060
1624843253.82350802,1,3.94168377,-15.00000000,6.93441390,0.67758361,-42.87668856
1624843253.92351770,1,3.97496295,-14.00000000,6.96048677,0.65675584,-42.84097653
1624843254.02352166,1,4.00858927,-14.00000000,6.93460656,0.58038846,-43.89292705
1624843254.12351108,1,4.04255486,-13.00000000,7.00755454,0.60810913,-42.89292705
1624843254.22355962,1,4.07685041,-14.00000000,6.93581367,0.48401943,-44.85721501
1624843254.32357240,1,4.11146784,-13.00000000,6.95772217,0.45696090,-44.90916553
1624843254.42356229,1,4.14639950,-13.00000000,6.98246171,0.43229967,-44.90916553
1624843254.52357173,1,4.18163681,-13.00000000,6.95731559,0.35800026,-45.87345350
1624843254.62354875,1,4.21717262,-13.00000000,6.93069768,0.28350752,-46.83774146
1624843254.72356057,1,4.25299978,-12.00000000,7.00890396,0.30862189,-45.83774146
1624843254.82355499,1,4.28911018,-13.00000000,6.92197614,0.17769625,-47.88969198
1624843254.92349839,1,4.32549715,-12.00000000,6.94837530,0.15251088,-47.85397995
1624843255.02354622,1,4.36215353,-12.00000000,6.97297255,0.12533248,-47.85397995
1624843255.12351251,1,4.39907312,-12.00000000,6.94243763,0.04874310,-48.81826792
1624843255.22351527,1,4.43624878,-11.00000000,7.02474167,0.07225158,-47.81826792
1624843255.32348490,1,4.47367430,-12.00000000,6.92924765,-0.06091593,-49.87021843
1624843255.42349672,1,4.47367430,-11.00000000,6.93137907,-0.05911808,-49.83450640
1624843255.52355814,1,4.47367430,-10.00000000,6.99060436,-0.00823832,-48.83450640
1624843255.62349057,1,4.47367430,-10.00000000,6.92827811,-0.06173299,-49.88645691
1624843255.72351170,1,4.47367430,-9.00000000,6.98754951,-0.01090694,-48.88645691
1624843255.82349586,1,4.47367430,-9.00000000,6.93041004,-0.05993574,-49.85074488
1624843255.92349648,1,4.47367430,-8.00000000,6.98964975,-0.00907276,-48.85074488
1624843256.02351618,1,4.47367430,-8.00000000,6.93254085,-0.05813716,-49.81503285
1624843256.12350011,1,4.47367430,-7.00000000,6.99174884,-0.00723727,-48.81503285
1624843256.22353768,1,4.47367430,-7.00000000,6.92944078,-0.06075312,-49.86698336
1624843256.32360697,1,4.47367430,-6.00000000,6.98869490,-0.00990694,-48.86698336
1624843256.42356896,1,4.47367430,-6.00000000,6.93157210,-0.05895515,-49.83127133
1624843256.52358341,1,4.47367430,-5.00000000,6.99079452,-0.00807204,-48.83127133
1624843256.62358761,1,4.47367430,-5.00000000,6.99079452,-0.00807204,-48.83127133
1624843256.72355461,1,4.47367430,-5.00000000,6.93370229,-0.05715585,-49.79555930
1624843256.82355309,1,4.47367430,-4.00000000,6.99289298,-0.00623584,-48.79555930
1624843256.92352200,1,4.47367430,-4.00000000,6.99289298,-0.00623584,-48.79555930
1624843257.02351117,1,4.47367430,-4.00000000,6.99289298,-0.00623584,-48.79555930
1624843257.12349892,1,4.47367430,-4.00000000,6.93060311,-0.05977287,-49.84750981
1624843257.22345328,1,4.47367430,-3.00000000,6.98983995,-0.00890654,-48.84750981
1624843257.32353592,1,4.47367430,-3.00000000,6.98983995,-0.00890654,-48.84750981
1624843257.42353916,1,4.47367430,-3.00000000,6.98983995,-0.00890654,-48.84750981
1624843257.52353573,1,4.47367430,-3.00000000,6.93273382,-0.05797417,-49.81179778
1624843257.62349319,1,4.47367430,-2.00000000,6.99193894,-0.00707094,-48.81179778
1624843257.72355723,1,4.47367430,-2.00000000,6.99193894,-0.00707094,-48.81179778
1624843257.82354546,1,4.47367430,-2.00000000,6.99193894,-0.00707094,-48.81179778
1624843257.92350841,1,4.47367430,-2.00000000,6.99193894,-0.00707094,-48.81179778
1624843258.02355170,1,4.47367430,-2.00000000,6.92963390,-0.06059030,-49.86374829
1624843258.12352991,1,4.47367430,-1.00000000,6.98888515,-0.00974077,-48.86374829
1624843258.22354102,1,4.47367430,-1.00000000,6.98888515,-0.00974077,-48.86374829
1624843258.32358170,1,4.47367430,-1.00000000,6.98888515,-0.00974077,-48.86374829
1624843258.42357421,1,4.47367430,-1.00000000,6.98888515,-0.00974077,-48.86374829
1624843258.52354670,1,4.47367430,-1.00000000,6.98888515,-0.00974077,-48.86374829
1624843258.62352943,1,4.47367430,-1.00000000,6.98888515,-0.00974077,-48.86374829
1624843258.72356510,1,4.47367430,-1.00000000,6.98888515,-0.00974077,-48.86374829
1624843258.82351875,1,4.47367430,-1.00000000,6.98888515,-0.00974077,-48.86374829
1624843258.92351365,1,4.47367430,-1.00000000,6.93176511,-0.05879221,-49.82803626
1624843259.02352095,1,4.47367430,0.00000000,6.99098466,-0.00790576,-48.82803626
1624843259.12358975,1,4.47367430,0.00000000,6.99098466,-0.00790576,-48.82803626
1624843259.22356915,1,4.47367430,0.00000000,6.99098466,-0.00790576,-48.82803626
1624843259.32351613,1,4.47367430,0.00000000,6.99098466,-0.00790576,-48.82803626
1624843259.42355323,1,4.47367430,0.00000000,6.99098466,-0.00790576,-48.82803626
1624843259.52356052,1,4.47367430,0.00000000,6.99098466,-0.00790576,-48.82803626
1624843259.62349534,1,4.47367430,0.00000000,6.99098466,-0.00790576,-48.82803626
1624843259.72355676,1,4.47367430,0.00000000,6.99098466,-0.00790576,-48.82803626
1624843259.82352281,1,4.47367430,0.00000000,6.99098466,-0.00790576,-48.82803626
1624843259.92350030,1,4.47367430,0.00000000,6.99098466,-0.00790576,-48.82803626
1624843260.02348423,1,4.47367430,0.00000000,6.99098466,-0.00790576,-48.82803626
1624843260.12347651,1,4.47367430,0.00000000,6.99098466,-0.00790576,-48.82803626
1624843260.22356844,1,4.47367430,0.00000000,6.99098466,-0.00790576,-48.82803626
1624843260.32358909,1,4.47367430,0.00000000,6.99098466,-0.00790576,-48.82803626
1624843260.42352319,1,4.44081640,0.00000000,6.96935361,0.01682760,-48.82803626
1624843260.52352023,1,4.40828037,-1.00000000,6.88958054,-0.00882394,-49.82803626
1624843260.62353206,1,4.37607384,-1.00000000,6.86880463,0.01578545,-49.82803626
1624843260.72354841,1,4.34420443,-2.00000000,6.78988684,-0.00826540,-50.82803626
1624843260.82353830,1,4.31267881,-2.00000000,6.76997369,0.01617495,-50.82803626
1624843260.92356777,1,4.28150511,-3.00000000,6.69194198,-0.00635049,-51.82803626
1624843261.02352667,1,4.25069094,-3.00000000,6.67289809,0.01787436,-51.82803626
1624843261.12358689,1,4.22024393,-4.00000000,6.59578055,-0.00320369,-52.82803626
1624843261.22354412,1,4.19017267,-4.00000000,6.57761122,0.02075786,-52.82803626
1624843261.32353997,1,4.16048479,-5.00000000,6.50143277,0.00104692,-53.82803626
1624843261.42354560,1,4.13118887,-6.00000000,6.36840032,-0.05691995,-55.79232423
1624843261.52353263,1,4.10229301,-5.00000000,6.41101332,0.00774401,-54.79232423
1624843261.62350988,1,4.07380581,-6.00000000,6.33613989,-0.00946386,-55.79232423
1624843261.72354221,1,4.04573631,-6.00000000,6.32035939,0.01374976,-55.79232423
1624843261.82350469,1,4.01809263,-7.00000000,6.18438822,-0.04214106,-57.84427474
1624843261.92357302,1,3.99088383,-6.00000000,6.22855005,0.01847819,-56.84427474
1624843262.02350283,1,3.96411920,-7.00000000,6.15566236,0.00355310,-57.84427474
1624843262.12350368,1,3.93780756,-8.00000000,6.08315728,-0.01024015,-58.84427474
1624843262.22350669,1,3.91195798,-8.00000000,6.01315759,-0.02170575,-59.80856271
1624843262.32354450,1,3.88657975,-8.00000000,6.00039511,0.00022992,-59.80856271
1624843262.42359805,1,3.86168218,-9.00000000,5.92932515,-0.01163414,-60.80856271
1624843262.52351713,1,3.83727455,-9.00000000,5.85560431,-0.02412156,-61.86051322
1624843262.62355208,1,3.81336641,-9.00000000,5.84432876,-0.00303931,-61.86051322
1624843262.72358155,1,3.78996706,-10.00000000,5.77469497,-0.01309155,-62.86051322
1624843262.82353473,1,3.76708603,-10.00000000,5.70759728,-0.02117408,-63.82480119
1624843262.92345548,1,3.74473286,-10.00000000,5.69773690,-0.00111324,-63.82480119
1624843263.02348900,1,3.72291708,-11.00000000,5.57117109,-0.03246688,-65.78908916
1624843263.12356091,1,3.70534015,-10.00000000,5.61931553,0.01544849,-64.78908916
1624843263.22349310,1,3.69044256,-11.00000000,5.48755999,-0.01842664,-66.84103967
1624843263.32357216,1,3.67844057,-11.00000000,5.47604981,0.00279319,-66.84103967
1624843263.42351341,1,3.67084908,-11.00000000,5.40878547,-0.00289014,-67.80532764
1624843263.52352619,1,3.66486120,-11.00000000,5.34146065,-0.00949403,-68.76961561
1624843263.62354255,1,3.65912151,-11.00000000,5.33307720,0.00604112,-68.76961561
1624843263.72348142,1,3.65292406,-12.00000000,5.20224632,-0.02220710,-70.82156612
1624843263.82349586,1,3.64801335,-11.00000000,5.19696045,-0.00809130,-70.78585409
1624843263.92345357,1,3.64137721,-11.00000000,5.18944150,0.00642017,-70.78585409
1624843264.02350760,1,3.63467264,-12.00000000,5.05969577,-0.02011754,-72.83780460
1624843264.12347484,1,3.62761593,-11.00000000,5.05589367,-0.00543218,-72.80209257
1624843264.22357726,1,3.62068629,-11.00000000,4.99160425,-0.00954887,-73.76638054
1624843264.32351971,1,3.61388111,-11.00000000,4.98727683,0.00086499,-73.76638054
1624843264.42352343,1,3.60447073,-12.00000000,4.85814528,-0.02008010,-75.81833105
1624843264.52353668,1,3.59554482,-11.00000000,4.85619106,-0.00651148,-75.78261902
1624843264.62352061,1,3.58771491,-11.00000000,4.85426802,0.00204860,-75.78261902
1624843264.72352219,1,3.57676673,-12.00000000,4.73124873,-0.01541174,-77.74690699
1624843264.82348251,1,3.56575108,-12.00000000,4.66529609,-0.01843809,-78.79885750
1624843264.92351770,1,3.55460477,-11.00000000,4.72388041,0.00410778,-77.79885750
1624843265.02354980,1,3.54375911,-12.00000000,4.60339397,-0.00892777,-79.76314547
1624843265.12351203,1,3.53437066,-12.00000000,4.53776512,-0.01160422,-80.81509598
1624843265.22357011,1,3.52489567,-12.00000000,4.47761243,-0.01219682,-81.77938395
1624843265.32354236,1,3.51610661,-12.00000000,4.47635573,-0.00349807,-81.77938395
1624843265.42351031,1,3.50896931,-12.00000000,4.41778776,-0.00584099,-82.74367192
1624843265.52355003,1,3.50096917,-12.00000000,4.35294333,-0.00543798,-83.79562243
1624843265.62349582,1,3.49524570,-12.00000000,4.35232477,-0.00071803,-83.79562243
1624843265.72350240,1,3.48926353,-13.00000000,4.23255717,-0.00565838,-85.75991040
1624843265.82349753,1,3.48495579,-13.00000000,4.17371367,-0.00520651,-86.72419837
1624843265.92355108,1,3.48136091,-13.00000000,4.17350825,-0.00161751,-86.72419837
1624843266.02347708,1,3.47848129,-13.00000000,4.17334370,0.00125741,-86.72419837
1624843266.12350845,1,3.47631836,-14.00000000,4.11261886,0.00047857,-87.72419837
1624843266.22350836,1,3.47487378,-15.00000000,3.98815109,-0.00079226,-89.77614888
1624843266.32351613,1,3.47414804,-15.00000000,3.98814825,-0.00006652,-89.77614888
1624843266.42348289,1,3.47414804,-15.00000000,3.92967962,0.00019706,-90.74043685
1624843266.52351451,1,3.47414804,-14.00000000,3.92652987,0.00023920,-90.79238737
1624843266.62348986,1,3.47414804,-13.00000000,3.92869508,0.00069493,-90.75667533
1624843266.72351503,1,3.47463298,-12.00000000,3.93085421,0.00018210,-90.72096330
