Seconds,Desired Distance
1624843148.81044388,3.50000000
1624843148.91000891,3.50000000
1624843149.00996375,3.50000000
1624843149.11004353,3.50000000
1624843149.20999885,3.50000000
1624843149.31007147,3.50000000
1624843149.41001701,3.50000000
1624843149.50982285,3.50000000
1624843149.60986042,3.50000000
1624843149.70996165,3.50000000
1624843149.80998063,3.50000000
1624843149.90976524,3.50000000
1624843150.00980258,3.50000000
1624843150.10977650,3.50000000
1624843150.20961547,3.50000000
1624843150.30962038,3.50000000
1624843150.40961671,3.50000000
1624843150.50961161,3.50000000
1624843150.60991001,3.50000000
1624843150.70999074,3.50000000
1624843150.80979705,3.50000000
1624843150.90964890,3.50000000
1624843151.00978947,3.50000000
1624843151.10978341,3.50000000
1624843151.20978403,3.50000000
1624843151.31005931,3.50000000
1624843151.41004300,3.50000000
1624843151.50999427,3.50000000
1624843151.61000896,3.50000000
1624843151.71006107,3.50000000
1624843151.80991530,3.50000000
1624843151.90990353,3.50000000
1624843152.00969219,3.50000000
1624843152.10967684,3.50000000
1624843152.20989347,3.50000000
1624843152.30980110,3.50000000
1624843152.40962815,3.50000000
1624843152.50966191,3.50000000
1624843152.60964394,3.50000000
1624843152.70965457,3.50000000
1624843152.80961537,3.50000000
1624843152.90981364,3.50000000
1624843153.00968337,3.50000000
1624843153.10967398,3.50000000
1624843153.20964527,3.50000000
1624843153.30988836,3.50000000
1624843153.40966988,3.50000000
1624843153.50980997,3.50000000
1624843153.60974860,3.50000000
1624843153.70997691,3.50000000
1624843153.80983090,3.50000000
1624843153.90994048,2.00000000
1624843154.00974751,2.00000000
1624843154.10962915,2.00000000
1624843154.20992088,2.00000000
1624843154.30978251,2.00000000
1624843154.40976977,2.00000000
1624843154.50994086,2.00000000
1624843154.60969663,2.00000000
1624843154.70992136,2.00000000
1624843154.80974412,2.00000000
1624843154.90974712,2.00000000
1624843155.00984573,2.00000000
1624843155.10975647,2.00000000
1624843155.20992470,2.00000000
1624843155.30985236,2.00000000
1624843155.40984559,2.00000000
1624843155.50976276,2.00000000
1624843155.60964394,2.00000000
1624843155.70961905,2.00000000
1624843155.80964112,2.00000000
1624843155.90982342,2.00000000
1624843156.00989103,2.00000000
1624843156.10992384,2.00000000
1624843156.20999265,2.00000000
1624843156.30969119,2.00000000
1624843156.40986896,2.00000000
1624843156.50985551,2.00000000
1624843156.60967040,2.00000000
1624843156.70989370,2.00000000
1624843156.81023955,2.00000000
1624843156.90964055,2.00000000
1624843157.00987244,2.00000000
1624843157.10969400,2.00000000
1624843157.20991421,2.00000000
1624843157.30974817,2.00000000
1624843157.40977597,2.00000000
1624843157.51009035,2.00000000
1624843157.60964489,2.00000000
1624843157.70971513,2.00000000
1624843157.81026578,2.00000000
1624843157.90977526,2.00000000
1624843158.01005530,2.00000000
1624843158.10985541,2.00000000
1624843158.20962667,2.00000000
1624843158.30968046,2.00000000
1624843158.40978456,2.00000000
1624843158.50977182,2.00000000
1624843158.60976720,2.00000000
1624843158.70996189,2.00000000
1624843158.80990553,2.00000000
1624843158.90986300,2.00000000
1624843159.01001644,2.00000000
1624843159.10973024,2.00000000
1624843159.21003890,2.00000000
1624843159.30978847,2.00000000
1624843159.40984797,2.00000000
1624843159.50990152,2.00000000
1624843159.60991669,2.00000000
1624843159.70969677,2.00000000
1624843159.80969596,2.00000000
1624843159.90994954,2.00000000
1624843160.00978184,2.00000000
1624843160.10975623,2.00000000
1624843160.20979095,2.00000000
1624843160.30996728,2.00000000
1624843160.40985966,2.00000000
1624843160.50982499,2.00000000
1624843160.60989118,2.00000000
1624843160.70991755,2.00000000
1624843160.80966330,2.00000000
1624843160.90995669,2.00000000
1624843161.00986075,2.00000000
1624843161.10995984,2.00000000
1624843161.20982242,2.00000000
1624843161.30973268,2.00000000
1624843161.40984249,2.00000000
1624843161.50977802,2.00000000
1624843161.60989738,2.00000000
1624843161.70974565,2.00000000
1624843161.80978060,2.00000000
1624843161.90975070,2.00000000
1624843162.00973248,2.00000000
1624843162.10984635,2.00000000
1624843162.20985317,2.00000000
1624843162.30961490,2.00000000
1624843162.40988827,2.00000000
1624843162.50993395,2.00000000
1624843162.60999179,2.00000000
1624843162.70987225,2.00000000
1624843162.80972052,2.00000000
1624843162.90984082,2.00000000
1624843163.00985336,2.00000000
1624843163.10971808,2.00000000
1624843163.20973945,2.00000000
1624843163.31006384,2.00000000
1624843163.40970898,2.00000000
1624843163.50980258,2.00000000
1624843163.60995746,2.00000000
1624843163.70992708,2.00000000
1624843163.80979443,2.00000000
1624843163.90986419,2.00000000
1624843164.00967264,2.00000000
1624843164.10977936,2.00000000
1624843164.21027327,2.00000000
1624843164.31004333,2.00000000
1624843164.40987468,2.00000000
1624843164.50989985,2.00000000
1624843164.60988355,2.00000000
1624843164.70987606,2.00000000
1624843164.80985618,2.00000000
1624843164.90966868,2.00000000
1624843165.00986457,2.00000000
1624843165.10982323,2.00000000
1624843165.20966315,2.00000000
1624843165.30991411,2.00000000
1624843165.40972686,2.00000000
1624843165.50974584,2.00000000
1624843165.60973763,2.00000000
1624843165.70981884,2.00000000
1624843165.80977893,2.00000000
1624843165.90965199,2.00000000
1624843166.00973034,2.00000000
1624843166.10978985,2.00000000
1624843166.20971680,2.00000000
1624843166.30993652,2.00000000
1624843166.40981627,2.00000000
1624843166.50989652,2.00000000
1624843166.60994816,2.00000000
1624843166.71000886,2.00000000
1624843166.80965519,2.00000000
1624843166.91005874,1.50000000
1624843167.00994444,1.50000000
1624843167.10994625,1.50000000
1624843167.20972109,1.50000000
1624843167.30989146,1.50000000
1624843167.40968561,1.50000000
1624843167.50984097,1.50000000
1624843167.61000586,1.50000000
1624843167.70971942,1.50000000
1624843167.80987716,1.50000000
1624843167.90981483,1.50000000
1624843168.00961399,1.50000000
1624843168.10961199,1.50000000
1624843168.20968008,1.50000000
1624843168.30975127,1.50000000
1624843168.40972614,1.50000000
1624843168.51012087,1.50000000
1624843168.60990143,1.50000000
1624843168.70981765,1.50000000
1624843168.80992818,1.50000000
1624843168.90995598,1.50000000
1624843169.00997210,1.50000000
1624843169.10970521,1.50000000
1624843169.21008015,1.50000000
1624843169.30985069,1.50000000
1624843169.40999436,1.50000000
1624843169.50973129,1.50000000
1624843169.60988712,1.50000000
1624843169.70966339,1.50000000
1624843169.80980968,1.50000000
1624843169.90976429,1.50000000
1624843170.00981760,1.50000000
1624843170.10972261,1.50000000
1624843170.20974684,1.50000000
1624843170.30991864,1.50000000
1624843170.40996885,1.50000000
1624843170.50982594,1.50000000
1624843170.60965538,1.50000000
1624843170.70965934,1.50000000
1624843170.80986047,1.50000000
1624843170.90981722,1.50000000
1624843171.00984859,1.50000000
1624843171.10980010,1.50000000
1624843171.20989418,1.50000000
1624843171.30987191,1.50000000
1624843171.40994692,1.50000000
1624843171.50966263,1.50000000
1624843171.61003470,1.50000000
1624843171.70976472,1.50000000
1624843171.81001353,1.50000000
1624843171.90973353,1.50000000
1624843172.00993156,1.50000000
1624843172.10972762,1.50000000
1624843172.20967007,1.50000000
1624843172.30999184,1.50000000
1624843172.40996099,1.50000000
1624843172.50969052,1.50000000
1624843172.60987258,1.50000000
1624843172.70965385,1.50000000
1624843172.80994511,1.50000000
1624843172.90978122,1.50000000
1624843173.00991797,1.50000000
1624843173.10970688,1.50000000
1624843173.20981264,1.50000000
1624843173.30994630,1.50000000
1624843173.40997243,1.50000000
1624843173.50972009,1.50000000
1624843173.60987782,1.50000000
1624843173.70966959,1.50000000
1624843173.80995965,1.50000000
1624843173.90984964,1.50000000
1624843174.01013708,1.50000000
1624843174.10981750,1.50000000
1624843174.20967650,1.50000000
1624843174.30982375,1.50000000
1624843174.40968704,1.50000000
1624843174.50970936,1.50000000
1624843174.60966969,1.50000000
1624843174.70971346,1.50000000
1624843174.80989790,1.50000000
1624843174.90996575,1.50000000
1624843175.00988913,1.50000000
1624843175.10975671,1.50000000
1624843175.21010995,1.50000000
1624843175.31024861,1.50000000
1624843175.40980649,1.50000000
1624843175.51014686,1.50000000
1624843175.60981393,1.50000000
1624843175.70986080,1.50000000
1624843175.80983377,1.50000000
1624843175.90985131,1.50000000
1624843176.01001549,1.50000000
1624843176.11004472,1.50000000
1624843176.20963430,1.50000000
1624843176.30980492,1.50000000
1624843176.40985847,1.50000000
1624843176.50974464,1.50000000
1624843176.60975647,1.50000000
1624843176.70987058,1.50000000
1624843176.80981898,1.50000000
1624843176.90990496,1.50000000
1624843177.00983238,1.50000000
1624843177.10984969,1.50000000
1624843177.20991230,1.50000000
1624843177.30995321,1.50000000
1624843177.40989447,1.50000000
1624843177.50991702,1.50000000
1624843177.60995364,1.50000000
1624843177.70996380,1.50000000
1624843177.81009293,1.50000000
1624843177.91010380,1.50000000
1624843178.00990200,1.50000000
1624843178.10978651,1.50000000
1624843178.20970464,1.50000000
1624843178.30977941,1.50000000
1624843178.40970826,1.50000000
1624843178.50975180,1.50000000
1624843178.60977960,1.50000000
1624843178.70974898,1.50000000
1624843178.80996585,1.50000000
1624843178.90972567,1.50000000
1624843179.01005316,0.50000000
1624843179.10978007,0.50000000
1624843179.20989418,0.50000000
1624843179.30987358,0.50000000
1624843179.40996695,0.50000000
1624843179.50980282,0.50000000
1624843179.60991430,0.50000000
1624843179.70990705,0.50000000
1624843179.80992389,0.50000000
1624843179.90991449,0.50000000
1624843180.00980663,0.50000000
1624843180.10970736,0.50000000
1624843180.20993567,0.50000000
1624843180.30987430,0.50000000
1624843180.40978861,0.50000000
1624843180.50977230,0.50000000
1624843180.60972404,0.50000000
1624843180.70979810,0.50000000
1624843180.80981040,0.50000000
1624843180.90969586,0.50000000
1624843181.00996780,0.50000000
1624843181.10987043,0.50000000
1624843181.21004558,0.50000000
1624843181.31001496,0.50000000
1624843181.40986633,0.50000000
1624843181.50987601,0.50000000
1624843181.60974693,0.50000000
1624843181.70995593,0.50000000
1624843181.80980301,0.50000000
1624843181.90989161,0.50000000
1624843182.00981402,0.50000000
1624843182.10990119,0.50000000
1624843182.20968556,0.50000000
1624843182.30985069,0.50000000
1624843182.40999436,0.50000000
1624843182.50995851,0.50000000
1624843182.60984445,0.50000000
1624843182.70974565,0.50000000
1624843182.80981255,0.50000000
1624843182.91006279,0.50000000
1624843183.00977063,0.50000000
1624843183.10978580,0.50000000
1624843183.21004033,0.50000000
1624843183.30985546,0.50000000
1624843183.40994954,0.50000000
1624843183.51004910,0.50000000
1624843183.60998511,0.50000000
1624843183.70994115,0.50000000
1624843183.80984497,0.50000000
1624843183.90983009,0.50000000
1624843184.00988746,0.50000000
1624843184.10994029,0.50000000
1624843184.20975709,0.50000000
1624843184.30972719,0.50000000
1624843184.40976787,0.50000000
1624843184.50968695,0.50000000
1624843184.60966158,0.50000000
1624843184.70978069,0.50000000
1624843184.80970073,0.50000000
1624843184.90989065,0.50000000
1624843185.01005983,0.50000000
1624843185.11031795,0.50000000
1624843185.21014905,0.50000000
1624843185.31004143,0.50000000
1624843185.41026902,0.50000000
1624843185.50989866,0.50000000
1624843185.60992861,0.50000000
1624843185.70986748,0.50000000
1624843185.80984497,0.50000000
1624843185.90974927,0.50000000
1624843186.01002359,0.50000000
1624843186.10997725,0.50000000
1624843186.20970821,0.50000000
1624843186.30971861,0.50000000
1624843186.41000819,0.50000000
1624843186.50963807,0.50000000
1624843186.60988665,0.50000000
1624843186.70978069,0.50000000
1624843186.80976462,0.50000000
1624843186.90991998,0.50000000
1624843187.01013350,0.50000000
1624843187.10986495,0.50000000
1624843187.20985007,0.50000000
1624843187.30975223,0.50000000
1624843187.40996647,0.50000000
1624843187.50994420,0.50000000
1624843187.60985422,0.50000000
1624843187.70984554,0.50000000
1624843187.80979252,0.50000000
1624843187.91001058,0.50000000
1624843188.00999093,0.50000000
1624843188.10979462,0.50000000
1624843188.20988917,0.50000000
1624843188.30979037,0.50000000
1624843188.40974259,0.50000000
1624843188.50977302,0.50000000
1624843188.60976315,0.50000000
1624843188.70977473,0.50000000
1624843188.80973649,0.50000000
1624843188.90988898,0.50000000
1624843189.00985551,0.50000000
1624843189.10978889,0.50000000
1624843189.20989466,0.50000000
1624843189.30988526,0.50000000
1624843189.40995693,0.50000000
1624843189.50999856,0.50000000
1624843189.60982943,0.50000000
1624843189.70987272,0.50000000
1624843189.80977821,0.50000000
1624843189.90993571,0.50000000
1624843190.00981736,0.50000000
1624843190.10984969,0.50000000
1624843190.20994186,0.50000000
1624843190.30997682,0.50000000
1624843190.40973115,0.50000000
1624843190.50970960,0.50000000
1624843190.60976696,0.50000000
1624843190.70993733,0.50000000
1624843190.80980921,0.50000000
1624843190.90989113,0.50000000
1624843191.00996375,0.50000000
1624843191.10981297,0.50000000
1624843191.20986032,0.50000000
1624843191.31003046,0.50000000
1624843191.40990806,0.50000000
1624843191.51009679,0.50000000
1624843191.60988069,0.50000000
1624843191.71017504,0.50000000
1624843191.81012058,0.50000000
1624843191.90980530,0.50000000
1624843192.01004815,0.50000000
1624843192.10973692,0.50000000
1624843192.21003103,0.50000000
1624843192.30990505,0.50000000
1624843192.40982533,0.50000000
1624843192.50977445,0.50000000
1624843192.61002636,0.50000000
1624843192.70986056,0.50000000
1624843192.81005192,0.50000000
1624843192.90972757,0.50000000
1624843193.00986075,0.50000000
1624843193.10983706,0.50000000
1624843193.20999813,0.50000000
1624843193.30989146,0.50000000
1624843193.40993357,0.50000000
1624843193.50997090,0.50000000
1624843193.60989690,0.50000000
1624843193.70988488,0.50000000
1624843193.80993581,0.50000000
1624843193.90981960,0.50000000
1624843194.00993395,0.50000000
1624843194.10968947,0.50000000
1624843194.20988679,0.50000000
1624843194.30991220,0.50000000
1624843194.40972972,0.50000000
1624843194.50991011,0.50000000
1624843194.60963988,0.50000000
1624843194.70985293,0.50000000
1624843194.80968285,0.50000000
1624843194.90965343,0.50000000
1624843195.00988770,0.50000000
1624843195.10974216,0.50000000
1624843195.21005392,0.50000000
1624843195.31003189,0.50000000
1624843195.40989304,0.50000000
1624843195.50994301,0.50000000
1624843195.60984778,0.50000000
1624843195.71002102,0.50000000
1624843195.81005573,0.50000000
1624843195.90996289,0.50000000
1624843196.00976324,0.50000000
1624843196.10989475,0.50000000
1624843196.20994782,0.50000000
1624843196.30971384,0.50000000
1624843196.40973973,0.50000000
1624843196.50983715,0.50000000
1624843196.60981441,0.50000000
1624843196.70982552,0.50000000
1624843196.80977154,0.50000000
1624843196.90973353,0.50000000
1624843197.00996852,0.50000000
1624843197.10969329,0.50000000
1624843197.21000051,0.50000000
1624843197.30988073,0.50000000
1624843197.40987134,0.50000000
1624843197.50999570,0.50000000
1624843197.60995030,0.50000000
1624843197.70999575,0.50000000
1624843197.80993176,0.50000000
1624843197.90977144,0.50000000
1624843198.00999141,0.50000000
1624843198.10971594,0.50000000
1624843198.20988011,0.50000000
1624843198.30979490,0.50000000
1624843198.40969753,0.50000000
1624843198.50988054,0.50000000
1624843198.60977817,0.50000000
1624843198.70980477,0.50000000
1624843198.80988503,0.50000000
1624843198.90975356,0.50000000
1624843199.01002479,0.50000000
1624843199.11024261,0.50000000
1624843199.20996594,0.50000000
1624843199.30989814,0.50000000
1624843199.41001630,0.50000000
1624843199.50993013,0.50000000
1624843199.60999227,0.50000000
1624843199.70986223,0.50000000
1624843199.80988979,0.50000000
1624843199.90988660,0.50000000
1624843200.00990081,0.50000000
1624843200.10971594,0.50000000
1624843200.20975065,0.50000000
1624843200.30965662,0.50000000
1624843200.40969396,0.50000000
1624843200.50963831,0.50000000
1624843200.60990977,0.50000000
1624843200.70979738,0.50000000
1624843200.80988383,0.50000000
1624843200.91019344,0.50000000
1624843201.00991893,0.50000000
1624843201.10989022,0.50000000
1624843201.21015954,0.50000000
1624843201.30992317,0.50000000
1624843201.40991044,0.50000000
1624843201.50990701,0.50000000
1624843201.60982418,0.50000000
1624843201.70980096,0.50000000
1624843201.80990601,0.50000000
1624843201.90998793,0.50000000
1624843202.00963807,0.50000000
1624843202.10969067,0.50000000
1624843202.20985937,0.50000000
1624843202.30981565,0.50000000
1624843202.40965629,0.50000000
1624843202.50970244,0.50000000
1624843202.60971999,0.50000000
1624843202.70999479,0.50000000
1624843202.80990148,0.50000000
1624843202.90997076,0.50000000
1624843203.00991750,0.50000000
1624843203.10998559,0.50000000
1624843203.20993018,0.50000000
1624843203.30986714,0.50000000
1624843203.40993547,0.50000000
1624843203.50971007,0.50000000
1624843203.60978055,0.50000000
1624843203.70989966,0.50000000
1624843203.80994892,0.50000000
1624843203.90991378,0.50000000
1624843204.00975609,0.50000000
1624843204.10975552,0.50000000
1624843204.20983315,0.50000000
1624843204.30992699,0.50000000
1624843204.40973854,0.50000000
1624843204.50978947,0.50000000
1624843204.61003566,0.50000000
1624843204.70999479,0.50000000
1624843204.80989289,0.50000000
1624843204.90992832,0.50000000
1624843205.00986886,0.50000000
1624843205.10989881,0.50000000
1624843205.20986056,0.50000000
1624843205.30983186,0.50000000
1624843205.40988851,0.50000000
1624843205.50985551,0.50000000
1624843205.61016798,0.50000000
1624843205.70994735,0.50000000
1624843205.81009984,0.50000000
1624843205.90974355,0.50000000
1624843206.00986576,0.50000000
1624843206.10966611,0.50000000
1624843206.20993638,0.50000000
1624843206.30969763,0.50000000
1624843206.40972471,0.50000000
1624843206.50978875,0.50000000
1624843206.60988259,0.50000000
1624843206.70985198,0.50000000
1624843206.81001186,0.50000000
1624843206.90986109,0.50000000
1624843207.00993562,0.50000000
1624843207.10981774,0.50000000
1624843207.20991445,0.50000000
1624843207.30988383,0.50000000
1624843207.40998173,0.50000000
1624843207.50965405,0.50000000
1624843207.60983610,0.50000000
1624843207.70986390,0.50000000
1624843207.80971885,0.50000000
1624843207.90970969,0.50000000
1624843208.00964642,0.50000000
1624843208.10977697,0.50000000
1624843208.20974588,0.50000000
1624843208.30986094,0.50000000
1624843208.40973330,0.50000000
1624843208.50985742,0.50000000
1624843208.61016679,0.50000000
1624843208.71005392,0.50000000
1624843208.80984163,0.50000000
1624843208.90987492,0.50000000
1624843209.00991869,0.50000000
1624843209.10971093,0.50000000
1624843209.20986223,0.50000000
1624843209.30997920,0.50000000
1624843209.40984774,0.50000000
1624843209.50983047,0.50000000
1624843209.60986590,0.50000000
1624843209.70998812,0.50000000
1624843209.80967331,0.50000000
1624843209.90987444,0.50000000
1624843210.00979900,0.50000000
1624843210.10971761,0.50000000
1624843210.21011877,0.50000000
1624843210.31010842,0.50000000
1624843210.40983081,0.50000000
1624843210.50991726,0.50000000
1624843210.60987401,0.50000000
1624843210.70990539,0.50000000
1624843210.81000257,0.50000000
1624843210.91001534,0.50000000
1624843211.00986576,0.50000000
1624843211.10992551,0.50000000
1624843211.21000814,0.50000000
1624843211.30999184,0.50000000
1624843211.40999508,0.50000000
1624843211.50994587,0.50000000
1624843211.60987425,0.50000000
1624843211.70978570,0.50000000
1624843211.80990624,0.50000000
1624843211.90964651,0.50000000
1624843212.00970650,0.50000000
1624843212.10983944,0.50000000
1624843212.20966792,0.50000000
1624843212.30968404,0.50000000
1624843212.40984130,0.50000000
1624843212.50987387,0.50000000
1624843212.61024070,0.50000000
1624843212.71001434,0.50000000
1624843212.81000757,0.50000000
1624843212.91006279,0.50000000
1624843213.00985384,0.50000000
1624843213.10992622,0.50000000
1624843213.20995188,0.50000000
1624843213.30985570,0.50000000
1624843213.40996122,0.50000000
1624843213.50982809,0.50000000
1624843213.60967851,0.50000000
1624843213.70981288,0.50000000
1624843213.80981588,0.50000000
1624843213.90965104,0.50000000
1624843214.00970078,0.50000000
1624843214.10969877,0.50000000
1624843214.20973301,0.50000000
1624843214.30976534,0.50000000
1624843214.40978765,0.50000000
1624843214.50972986,0.50000000
1624843214.60979199,0.50000000
1624843214.70984745,0.50000000
1624843214.80997896,0.50000000
1624843214.90993810,0.50000000
1624843215.00994253,0.50000000
1624843215.10987425,0.50000000
1624843215.20993876,0.50000000
1624843215.31000161,0.50000000
1624843215.40999079,0.50000000
1624843215.51000404,0.50000000
1624843215.60969925,0.50000000
1624843215.70987654,0.50000000
1624843215.80970073,0.50000000
1624843215.91002703,0.50000000
1624843216.00971699,0.50000000
1624843216.10972142,0.50000000
1624843216.20979738,0.50000000
1624843216.30977750,0.50000000
1624843216.40981078,0.50000000
1624843216.50976515,0.50000000
1624843216.60974813,0.50000000
1624843216.70972729,0.50000000
1624843216.80986786,0.50000000
1624843216.90993834,0.50000000
1624843217.01000690,0.50000000
1624843217.11002159,0.50000000
1624843217.20983696,0.50000000
1624843217.30984020,0.50000000
1624843217.40990686,0.50000000
1624843217.50992990,0.50000000
1624843217.60973907,0.50000000
1624843217.70988774,0.50000000
1624843217.80972290,0.50000000
1624843217.90972257,0.50000000
1624843218.00997949,0.50000000
1624843218.10976195,0.50000000
1624843218.20987248,0.50000000
1624843218.30987358,0.50000000
1624843218.40973496,0.50000000
1624843218.51004100,0.50000000
1624843218.60987091,0.50000000
1624843218.70976782,0.50000000
1624843218.80986190,0.50000000
1624843218.91002321,0.50000000
1624843219.01002383,0.50000000
1624843219.10992146,0.50000000
1624843219.20998526,0.50000000
1624843219.30986404,0.50000000
1624843219.40988231,0.50000000
1624843219.50976062,0.50000000
1624843219.60966420,0.50000000
1624843219.70990705,0.50000000
1624843219.80980873,0.50000000
1624843219.90989804,0.50000000
1624843220.00985003,0.50000000
1624843220.10974765,0.50000000
1624843220.20981359,0.50000000
1624843220.30983973,0.50000000
1624843220.40994453,0.50000000
1624843220.50993061,0.50000000
1624843220.60982203,0.50000000
1624843220.70987535,0.50000000
1624843220.80998254,0.50000000
1624843220.90990186,0.50000000
1624843221.00986648,0.50000000
1624843221.11001825,0.50000000
1624843221.20992970,0.50000000
1624843221.30992699,0.50000000
1624843221.41001940,0.50000000
1624843221.50976300,0.50000000
1624843221.60976338,0.50000000
1624843221.70995522,0.50000000
1624843221.80966997,0.50000000
1624843221.90970230,0.50000000
1624843222.00974560,0.50000000
1624843222.10970259,0.50000000
1624843222.20969319,0.50000000
1624843222.30990815,0.50000000
1624843222.40971446,0.50000000
1624843222.50987339,0.50000000
1624843222.60969496,0.50000000
1624843222.71005368,0.50000000
1624843222.80997419,0.50000000
1624843222.90997458,0.50000000
1624843223.00995898,0.50000000
1624843223.10998034,0.50000000
1624843223.20988107,0.50000000
1624843223.30988646,0.50000000
1624843223.40993452,0.50000000
1624843223.50990772,0.50000000
1624843223.60998559,0.50000000
1624843223.70974684,0.50000000
1624843223.80996227,0.50000000
1624843223.90967107,0.50000000
1624843224.00972533,0.50000000
1624843224.10987067,0.50000000
1624843224.20968294,0.50000000
1624843224.30985498,0.50000000
1624843224.40971780,0.50000000
1624843224.50988293,0.50000000
1624843224.60987544,0.50000000
1624843224.70995808,0.50000000
1624843224.80988836,0.50000000
1624843224.90989137,0.50000000
1624843225.00992417,0.50000000
1624843225.10976362,0.50000000
1624843225.20994973,0.50000000
1624843225.30982995,0.50000000
1624843225.40994549,0.50000000
1624843225.50998569,0.50000000
1624843225.60971284,0.50000000
1624843225.70985103,0.50000000
1624843225.80970502,0.50000000
1624843225.90962148,0.50000000
1624843226.00989676,0.50000000
1624843226.10972738,0.50000000
1624843226.20982790,0.50000000
1624843226.30997920,0.50000000
1624843226.40989375,0.50000000
1624843226.50980377,0.50000000
1624843226.60983253,0.50000000
1624843226.70996952,0.50000000
1624843226.80987787,0.50000000
1624843226.90988302,0.50000000
1624843227.00992441,0.50000000
1624843227.10969758,0.50000000
1624843227.20983863,0.50000000
1624843227.30994153,0.50000000
1624843227.41003585,0.50000000
1624843227.50969815,0.50000000
1624843227.60987163,0.50000000
1624843227.70987868,0.50000000
1624843227.80985641,0.50000000
1624843227.90990043,0.50000000
1624843228.00972295,0.50000000
1624843228.10967803,0.50000000
1624843228.20987105,0.50000000
1624843228.30972147,0.50000000
1624843228.40972638,0.50000000
1624843228.50989819,0.50000000
1624843228.60969472,0.50000000
1624843228.71001863,0.50000000
1624843228.80988693,0.50000000
1624843228.91004443,0.50000000
1624843229.00982714,0.50000000
1624843229.10981297,0.50000000
1624843229.20986986,0.50000000
1624843229.30986881,0.50000000
1624843229.40998101,0.50000000
1624843229.50970721,0.50000000
1624843229.60990644,0.50000000
1624843229.70986342,0.50000000
1624843229.80985379,0.50000000
1624843229.90991211,0.50000000
1624843230.00984883,0.50000000
1624843230.10980392,0.50000000
1624843230.20976019,0.50000000
1624843230.30965757,0.50000000
1624843230.40979671,0.50000000
1624843230.50985670,0.50000000
1624843230.60986018,0.50000000
1624843230.70989680,0.50000000
1624843230.80992508,0.50000000
1624843230.90987754,0.50000000
1624843231.00991464,0.50000000
1624843231.10977626,0.50000000
1624843231.20986485,0.50000000
1624843231.30985498,0.50000000
1624843231.40986872,0.50000000
1624843231.50995350,0.50000000
1624843231.60962248,0.50000000
1624843231.70984125,0.50000000
1624843231.80982256,0.50000000
1624843231.90981793,0.50000000
1624843232.00981951,0.50000000
1624843232.10971522,0.50000000
1624843232.20968056,0.50000000
1624843232.30975080,0.50000000
1624843232.40984678,0.50000000
1624843232.50995827,0.50000000
1624843232.60985637,0.50000000
1624843232.71006584,0.50000000
1624843232.81018424,0.50000000
1624843232.91002703,0.50000000
1624843233.01019192,0.50000000
1624843233.10998368,0.50000000
1624843233.20996499,0.50000000
1624843233.30993319,0.50000000
1624843233.40988684,0.50000000
1624843233.50985003,0.50000000
1624843233.60979867,0.50000000
1624843233.70999837,0.50000000
1624843233.81004477,0.50000000
1624843233.90969038,0.50000000
1624843234.01000977,0.50000000
1624843234.10967183,0.50000000
1624843234.20981526,0.50000000
1624843234.30978370,0.50000000
1624843234.40972900,0.50000000
1624843234.50975442,0.50000000
1624843234.60963130,0.50000000
1624843234.70986485,0.50000000
1624843234.80977488,0.50000000
1624843234.90963364,0.50000000
1624843235.00997353,0.50000000
1624843235.10981941,0.50000000
1624843235.20985675,0.50000000
1624843235.30988526,0.50000000
1624843235.40989971,0.50000000
1624843235.50987720,0.50000000
1624843235.60984063,0.50000000
1624843235.70991397,0.50000000
1624843235.81007910,0.50000000
1624843235.90998292,0.50000000
1624843236.00988841,0.50000000
1624843236.10993981,0.50000000
1624843236.20994401,0.50000000
1624843236.30990005,0.50000000
1624843236.40972638,0.50000000
1624843236.50976133,0.50000000
1624843236.60971451,0.50000000
1624843236.70982218,0.50000000
1624843236.81004310,0.50000000
1624843236.90977430,0.50000000
1624843237.00994396,0.50000000
1624843237.10976958,0.50000000
1624843237.20992422,0.50000000
1624843237.30992055,0.50000000
1624843237.40990639,0.50000000
1624843237.50988865,0.50000000
1624843237.60992861,0.50000000
1624843237.70982766,0.50000000
1624843237.80986428,0.50000000
1624843237.90970111,0.50000000
1624843238.00986123,0.50000000
1624843238.10973024,0.50000000
1624843238.20973015,0.50000000
1624843238.31001306,0.50000000
1624843238.40967035,0.50000000
1624843238.50981617,0.50000000
1624843238.60971928,0.50000000
1624843238.70974135,0.50000000
1624843238.80971408,0.50000000
1624843238.90995455,0.50000000
1624843239.00978017,0.50000000
1624843239.10980201,0.50000000
1624843239.20982265,0.50000000
1624843239.30987835,0.50000000
1624843239.40989590,0.50000000
1624843239.50988531,0.50000000
1624843239.60991240,0.50000000
1624843239.70996404,0.50000000
1624843239.80985737,0.50000000
1624843239.90991950,0.50000000
1624843240.00993252,0.50000000
1624843240.10975981,0.50000000
1624843240.21017981,0.50000000
1624843240.31024146,0.50000000
1624843240.40991831,0.50000000
1624843240.50988865,0.50000000
1624843240.60983038,0.50000000
1624843240.70973945,0.50000000
1624843240.80970573,0.50000000
1624843240.90971041,0.50000000
1624843241.00990272,0.50000000
1624843241.10981941,0.50000000
1624843241.20987773,0.50000000
1624843241.31001520,0.50000000
1624843241.40989447,0.50000000
1624843241.50997567,0.50000000
1624843241.60991764,0.50000000
1624843241.70990276,0.50000000
1624843241.80991626,0.50000000
1624843241.90971828,0.50000000
1624843242.00992584,0.50000000
1624843242.10991335,0.50000000
1624843242.20970941,0.50000000
1624843242.30986881,0.50000000
1624843242.40974784,0.50000000
1624843242.50996065,0.50000000
1624843242.60971832,0.50000000
1624843242.70973396,0.50000000
1624843242.80974793,0.50000000
1624843242.90978146,0.50000000
1624843243.00985575,0.50000000
1624843243.10974073,0.50000000
1624843243.20972633,0.50000000
1624843243.30995345,0.50000000
1624843243.40997028,0.50000000
1624843243.50986505,0.50000000
1624843243.60999322,0.50000000
1624843243.71010423,0.50000000
1624843243.80991578,0.50000000
1624843243.90985489,0.50000000
1624843244.00983000,0.50000000
1624843244.10986662,0.50000000
1624843244.20974684,0.50000000
1624843244.30981541,0.50000000
1624843244.40992904,0.50000000
1624843244.50984120,0.50000000
1624843244.60980272,0.50000000
1624843244.70969701,0.50000000
1624843244.80989552,0.50000000
1624843244.90976977,0.50000000
1624843245.00987148,0.50000000
1624843245.10979724,0.50000000
1624843245.20967340,0.50000000
1624843245.30991364,0.50000000
1624843245.40984774,0.50000000
1624843245.50997829,0.50000000
1624843245.60994744,0.50000000
1624843245.70987797,0.50000000
1624843245.80996728,0.50000000
1624843245.90998507,0.50000000
1624843246.00996828,0.50000000
1624843246.10982895,0.50000000
1624843246.20996904,0.50000000
1624843246.30993557,0.50000000
1624843246.40999556,0.50000000
1624843246.50988030,0.50000000
1624843246.60970140,0.50000000
1624843246.70965648,0.50000000
1624843246.80988979,0.50000000
1624843246.90967369,0.50000000
1624843247.00970054,0.50000000
1624843247.10978556,0.50000000
1624843247.20976567,0.50000000
1624843247.30961037,0.50000000
1624843247.40960169,0.50000000
1624843247.51003861,0.50000000
1624843247.60982442,0.50000000
1624843247.70989180,0.50000000
1624843247.80995417,0.50000000
1624843247.90997863,0.50000000
1624843248.00986457,0.50000000
1624843248.10968590,0.50000000
1624843248.20985436,0.50000000
1624843248.30993199,0.50000000
1624843248.40986109,0.50000000
1624843248.50989866,0.50000000
1624843248.60973716,0.50000000
1624843248.71001005,0.50000000
1624843248.80985141,0.50000000
1624843248.91015053,0.50000000
1624843249.00996757,0.50000000
1624843249.10976052,0.50000000
1624843249.20983124,0.50000000
1624843249.30979443,0.50000000
1624843249.40995240,0.50000000
1624843249.50971675,0.50000000
1624843249.60989475,0.50000000
1624843249.70983481,0.50000000
1624843249.80990434,0.50000000
1624843249.91002226,0.50000000
1624843250.00989747,0.50000000
1624843250.10996389,0.50000000
1624843250.20987082,0.50000000
1624843250.30990958,1.50000000
1624843250.40974832,1.50000000
1624843250.50993729,1.50000000
1624843250.60982537,1.50000000
1624843250.70987296,1.50000000
1624843250.80965638,1.50000000
1624843250.90966797,1.50000000
1624843251.00997543,1.50000000
1624843251.10968113,1.50000000
1624843251.20963430,1.50000000
1624843251.30974460,1.50000000
1624843251.40990019,1.50000000
1624843251.50975585,1.50000000
1624843251.60986900,1.50000000
1624843251.70990300,1.50000000
1624843251.80990124,1.50000000
1624843251.90987349,1.50000000
1624843252.01002645,1.50000000
1624843252.10994554,1.50000000
1624843252.20970178,1.50000000
1624843252.30986285,1.50000000
1624843252.40989876,1.50000000
1624843252.51019645,1.50000000
1624843252.60985661,1.50000000
1624843252.70977640,1.50000000
1624843252.80990171,1.50000000
1624843252.90972257,1.50000000
1624843253.00980139,1.50000000
1624843253.10968995,1.50000000
1624843253.20985007,1.50000000
1624843253.30971742,1.50000000
1624843253.41001010,1.50000000
1624843253.50974298,1.50000000
1624843253.60980630,1.50000000
1624843253.70990443,1.50000000
1624843253.80991030,1.50000000
1624843253.90988445,1.50000000
1624843254.00982523,1.50000000
1624843254.11001611,3.50000000
1624843254.20997691,3.50000000
1624843254.30991244,3.50000000
1624843254.40989542,3.50000000
1624843254.50989628,3.50000000
1624843254.60986280,3.50000000
1624843254.70992208,3.50000000
1624843254.80980706,3.50000000
1624843254.90981174,3.50000000
1624843255.00967932,3.50000000
1624843255.10974860,3.50000000
1624843255.20961785,3.50000000
1624843255.30960202,3.50000000
1624843255.40989900,3.50000000
1624843255.50976777,3.50000000
1624843255.60993242,3.50000000
1624843255.70981288,3.50000000
1624843255.80979609,3.50000000
1624843255.90993619,3.50000000
1624843256.01001787,3.50000000
1624843256.10984778,3.50000000
1624843256.20986080,3.50000000
1624843256.31000900,3.50000000
1624843256.40991235,3.50000000
1624843256.50983429,3.50000000
1624843256.60991406,3.50000000
1624843256.70988178,3.50000000
1624843256.80989742,3.50000000
1624843256.90992117,3.50000000
1624843257.00986695,3.50000000
1624843257.10980344,3.50000000
1624843257.20964599,3.50000000
1624843257.30983162,3.50000000
1624843257.40989184,3.50000000
1624843257.50989151,3.50000000
1624843257.60977268,3.50000000
1624843257.70984411,3.50000000
1624843257.80987954,3.50000000
1624843257.90975261,3.50000000
1624843258.00990009,3.50000000
1624843258.11000299,3.50000000
1624843258.20991921,3.50000000
1624843258.30989146,3.50000000
1624843258.40993452,3.50000000
1624843258.50973368,3.50000000
1624843258.60990858,3.50000000
1624843258.70986366,3.50000000
1624843258.80976200,3.50000000
1624843258.90979624,3.50000000
1624843259.00989032,3.50000000
1624843259.10982943,3.50000000
1624843259.20965242,3.50000000
1624843259.30971146,3.50000000
1624843259.40984011,3.50000000
1624843259.50966382,3.50000000
1624843259.60990596,3.50000000
1624843259.70991659,3.50000000
1624843259.80993462,3.50000000
1624843259.90996289,3.50000000
1624843260.01002336,3.50000000
1624843260.10984302,3.50000000
1624843260.20995116,3.50000000
1624843260.30988073,3.50000000
1624843260.40985990,3.50000000
1624843260.50986147,3.50000000
1624843260.60983109,3.50000000
1624843260.71002221,3.50000000
1624843260.80997491,3.50000000
1624843260.90969157,3.50000000
1624843261.00997567,3.50000000
1624843261.10999942,3.50000000
1624843261.20973659,3.50000000
1624843261.30993223,3.50000000
1624843261.40962172,3.50000000
1624843261.50985146,3.50000000
1624843261.60984182,3.50000000
1624843261.70987105,3.50000000
1624843261.80981946,3.50000000
1624843261.90975595,3.50000000
1624843262.01009488,3.50000000
1624843262.10978341,3.50000000
1624843262.20986438,3.50000000
1624843262.30996680,3.50000000
1624843262.40995383,3.50000000
1624843262.50963879,3.50000000
1624843262.60988021,3.50000000
1624843262.70984387,3.50000000
1624843262.80985618,3.50000000
1624843262.90972614,3.50000000
1624843263.00971723,3.50000000
1624843263.10993242,3.50000000
1624843263.20973086,3.50000000
1624843263.30985236,3.50000000
1624843263.40974188,3.50000000
1624843263.50979662,3.50000000
1624843263.60973024,3.50000000
1624843263.70972705,3.50000000
1624843263.80968332,3.50000000
1624843263.90981293,3.50000000
1624843264.00991988,3.50000000
1624843264.11025453,3.50000000
1624843264.20992160,3.50000000
1624843264.30982780,3.50000000
1624843264.40980268,3.50000000
1624843264.50984049,3.50000000
1624843264.60977888,3.50000000
1624843264.70992112,3.50000000
1624843264.80966163,3.50000000
1624843264.90986109,3.50000000
1624843265.00991893,3.50000000
1624843265.10977316,3.50000000
1624843265.20988750,3.50000000
1624843265.30967712,3.50000000
1624843265.40980077,3.50000000
1624843265.50977421,3.50000000
1624843265.60977459,3.50000000
1624843265.71005630,3.50000000
1624843265.80988574,3.50000000
1624843265.90994382,3.50000000
1624843266.00984573,3.50000000
1624843266.10974932,3.50000000
1624843266.20984864,3.50000000
1624843266.30981159,3.50000000
1624843266.40994978,3.50000000
1624843266.50998735,3.50000000
1624843266.60980678,3.50000000
1624843266.70981717,3.50000000
1624843266.80987263,3.50000000
