Seconds,Desired Distance
1626735738.54737163,3.50000000
1626735738.64725661,3.50000000
1626735738.74724579,3.50000000
1626735738.84711361,3.50000000
1626735738.94724345,3.50000000
1626735739.04699087,3.50000000
1626735739.14721298,3.50000000
1626735739.24696207,3.50000000
1626735739.34691119,3.50000000
1626735739.44696760,3.50000000
1626735739.54694414,3.50000000
1626735739.64718390,3.50000000
1626735739.74698091,3.50000000
1626735739.84718990,3.50000000
1626735739.94717121,3.50000000
1626735740.04688334,3.50000000
1626735740.14690232,3.50000000
1626735740.24689817,3.50000000
1626735740.34688687,3.50000000
1626735740.44717789,3.50000000
1626735740.54692817,3.50000000
1626735740.64691472,3.50000000
1626735740.74692512,3.50000000
1626735740.84711051,3.50000000
1626735740.94704747,3.50000000
1626735741.04719043,3.50000000
1626735741.14718652,3.50000000
1626735741.24716496,3.50000000
1626735741.34721136,3.50000000
1626735741.44710398,3.50000000
1626735741.54715061,3.50000000
1626735741.64702296,3.50000000
1626735741.74717426,3.50000000
1626735741.84715366,3.50000000
1626735741.94725561,3.50000000
1626735742.04722023,3.50000000
1626735742.14731073,3.50000000
1626735742.24688768,3.50000000
1626735742.34687781,3.50000000
1626735742.44686151,3.50000000
1626735742.54687905,3.50000000
1626735742.64691448,3.50000000
1626735742.74714828,3.50000000
1626735742.84697700,3.50000000
1626735742.94729662,3.50000000
1626735743.04715157,3.50000000
1626735743.14703250,3.50000000
1626735743.24719071,3.50000000
1626735743.34719467,3.50000000
1626735743.44718170,3.50000000
1626735743.54720688,3.50000000
1626735743.64720988,3.50000000
1626735743.74699926,3.50000000
1626735743.84701562,3.50000000
1626735743.94692731,3.50000000
1626735744.04718757,3.50000000
1626735744.14716816,3.50000000
1626735744.24697757,3.50000000
1626735744.34722042,3.50000000
1626735744.44696593,3.50000000
1626735744.54720974,3.50000000
1626735744.64713478,3.50000000
1626735744.74726987,3.50000000
1626735744.84725142,3.50000000
1626735744.94725394,3.50000000
1626735745.04711580,3.50000000
1626735745.14701176,3.50000000
1626735745.24722385,3.50000000
1626735745.34717536,3.50000000
1626735745.44698596,3.50000000
1626735745.54698753,3.50000000
1626735745.64690280,3.50000000
1626735745.74694014,3.50000000
1626735745.84698296,3.50000000
1626735745.94700956,3.50000000
1626735746.04723310,3.50000000
1626735746.14703631,3.50000000
1626735746.24718618,3.50000000
1626735746.34716654,3.50000000
1626735746.44715095,3.50000000
1626735746.54721665,3.50000000
1626735746.64701700,3.50000000
1626735746.74700785,3.50000000
1626735746.84718919,3.50000000
1626735746.94704485,3.50000000
1626735747.04703689,3.50000000
1626735747.14703202,3.50000000
1626735747.24717879,3.50000000
1626735747.34705925,3.50000000
1626735747.44724035,3.50000000
1626735747.54691458,3.50000000
1626735747.64692712,3.50000000
1626735747.74692655,3.50000000
1626735747.84701967,3.50000000
1626735747.94701004,3.50000000
1626735748.04706693,3.50000000
1626735748.14703894,3.50000000
1626735748.24729729,3.50000000
1626735748.34703374,3.50000000
1626735748.44722414,3.50000000
1626735748.54757643,3.50000000
1626735748.64692998,3.50000000
1626735748.74696279,3.50000000
1626735748.84692478,3.50000000
1626735748.94701099,3.50000000
1626735749.04718661,3.50000000
1626735749.14701557,3.50000000
1626735749.24719000,3.50000000
1626735749.34702277,3.50000000
1626735749.44718218,3.50000000
1626735749.54700828,3.50000000
1626735749.64719343,3.50000000
1626735749.74688649,3.50000000
1626735749.84701109,3.50000000
1626735749.94728780,3.50000000
1626735750.04720497,3.50000000
1626735750.14691567,3.50000000
1626735750.24719596,3.50000000
1626735750.34719634,3.50000000
1626735750.44705153,3.50000000
1626735750.54702520,3.50000000
1626735750.64718223,3.50000000
1626735750.74718618,3.50000000
1626735750.84719563,3.50000000
1626735750.94709253,3.50000000
1626735751.04710698,3.50000000
1626735751.14718986,3.50000000
1626735751.24717712,3.50000000
1626735751.34718537,3.50000000
1626735751.44717765,3.50000000
1626735751.54703069,3.50000000
1626735751.64704657,3.50000000
1626735751.74695444,3.50000000
1626735751.84718013,3.50000000
1626735751.94695759,3.50000000
1626735752.04691172,3.50000000
1626735752.14690852,3.50000000
1626735752.24699974,3.50000000
1626735752.34715128,3.50000000
1626735752.44732380,3.50000000
1626735752.54714966,3.50000000
1626735752.64721704,3.50000000
1626735752.74721599,3.50000000
1626735752.84700990,3.50000000
1626735752.94705701,3.50000000
1626735753.04717970,3.50000000
1626735753.14704657,3.50000000
1626735753.24705696,3.50000000
1626735753.34700370,3.50000000
1626735753.44703007,3.50000000
1626735753.54726434,3.50000000
1626735753.64738345,2.00000000
1626735753.74712801,2.00000000
1626735753.84717202,2.00000000
1626735753.94697070,2.00000000
1626735754.04692864,2.00000000
1626735754.14719462,2.00000000
1626735754.24717712,2.00000000
1626735754.34702635,2.00000000
1626735754.44716072,2.00000000
1626735754.54697323,2.00000000
1626735754.64717674,2.00000000
1626735754.74700642,2.00000000
1626735754.84717917,2.00000000
1626735754.94690275,2.00000000
1626735755.04705453,2.00000000
1626735755.14741516,2.00000000
1626735755.24713326,2.00000000
1626735755.34720850,2.00000000
1626735755.44722772,2.00000000
1626735755.54721212,2.00000000
1626735755.64693570,2.00000000
1626735755.74698949,2.00000000
1626735755.84699106,2.00000000
1626735755.94714904,2.00000000
1626735756.04706264,2.00000000
1626735756.14718342,2.00000000
1626735756.24717665,2.00000000
1626735756.34720969,2.00000000
1626735756.44716501,2.00000000
1626735756.54715300,2.00000000
1626735756.64703703,2.00000000
1626735756.74726009,2.00000000
1626735756.84695888,2.00000000
1626735756.94716167,2.00000000
1626735757.04718471,2.00000000
1626735757.14714670,2.00000000
1626735757.24695730,2.00000000
1626735757.34715676,2.00000000
1626735757.44717431,2.00000000
1626735757.54715919,2.00000000
1626735757.64698315,2.00000000
1626735757.74714160,2.00000000
1626735757.84720445,2.00000000
1626735757.94709635,2.00000000
1626735758.04722595,2.00000000
1626735758.14728928,2.00000000
1626735758.24716902,2.00000000
1626735758.34700108,2.00000000
1626735758.44715452,2.00000000
1626735758.54717112,2.00000000
1626735758.64713216,2.00000000
1626735758.74701095,2.00000000
1626735758.84717107,2.00000000
1626735758.94698787,2.00000000
1626735759.04716325,2.00000000
1626735759.14703584,2.00000000
1626735759.24716735,2.00000000
1626735759.34692073,2.00000000
1626735759.44717455,2.00000000
1626735759.54698920,2.00000000
1626735759.64718056,2.00000000
1626735759.74718404,2.00000000
1626735759.84703660,2.00000000
1626735759.94728804,2.00000000
1626735760.04719281,2.00000000
1626735760.14700103,2.00000000
1626735760.24717712,2.00000000
1626735760.34718156,2.00000000
1626735760.44722652,2.00000000
1626735760.54703069,2.00000000
1626735760.64717555,2.00000000
1626735760.74717903,2.00000000
1626735760.84701014,2.00000000
1626735760.94698668,2.00000000
1626735761.04717493,2.00000000
1626735761.14718485,2.00000000
1626735761.24716902,2.00000000
1626735761.34719038,2.00000000
1626735761.44716525,2.00000000
1626735761.54722714,2.00000000
1626735761.64703059,2.00000000
1626735761.74701500,2.00000000
1626735761.84717917,2.00000000
1626735761.94705820,2.00000000
1626735762.04702687,2.00000000
1626735762.14723158,2.00000000
1626735762.24706769,2.00000000
1626735762.34706426,2.00000000
1626735762.44719338,2.00000000
1626735762.54718304,2.00000000
1626735762.64721394,2.00000000
1626735762.74702406,2.00000000
1626735762.84720922,2.00000000
1626735762.94713926,2.00000000
1626735763.04718399,2.00000000
1626735763.14719629,2.00000000
1626735763.24718404,2.00000000
1626735763.34714961,2.00000000
1626735763.44713926,2.00000000
1626735763.54724526,2.00000000
1626735763.64719510,2.00000000
1626735763.74702930,2.00000000
1626735763.84717631,2.00000000
1626735763.94698501,2.00000000
1626735764.04721594,2.00000000
1626735764.14717412,2.00000000
1626735764.24717760,2.00000000
1626735764.34721732,2.00000000
1626735764.44714308,2.00000000
1626735764.54717374,2.00000000
1626735764.64719248,2.00000000
1626735764.74702883,2.00000000
1626735764.84712195,2.00000000
1626735764.94702792,2.00000000
1626735765.04699731,2.00000000
1626735765.14701939,2.00000000
1626735765.24704909,1.50000000
1626735765.34700060,1.50000000
1626735765.44703841,1.50000000
1626735765.54718637,1.50000000
1626735765.64722681,1.50000000
1626735765.74718332,1.50000000
1626735765.84723854,1.50000000
1626735765.94719386,1.50000000
1626735766.04719925,1.50000000
1626735766.14719439,1.50000000
1626735766.24718523,1.50000000
1626735766.34720421,1.50000000
1626735766.44719362,1.50000000
1626735766.54719329,1.50000000
1626735766.64721012,1.50000000
1626735766.74717689,1.50000000
1626735766.84703994,1.50000000
1626735766.94703650,1.50000000
1626735767.04703093,1.50000000
1626735767.14726210,1.50000000
1626735767.24726963,1.50000000
1626735767.34718847,1.50000000
1626735767.44719052,1.50000000
1626735767.54717588,1.50000000
1626735767.64702654,1.50000000
1626735767.74717355,1.50000000
1626735767.84711599,1.50000000
1626735767.94703412,1.50000000
1626735768.04717398,1.50000000
1626735768.14717317,1.50000000
1626735768.24717665,1.50000000
1626735768.34709573,1.50000000
1626735768.44718003,1.50000000
1626735768.54716372,1.50000000
1626735768.64718580,1.50000000
1626735768.74711823,1.50000000
1626735768.84713984,1.50000000
1626735768.94719458,1.50000000
1626735769.04721403,1.50000000
1626735769.14719176,1.50000000
1626735769.24706388,1.50000000
1626735769.34705043,1.50000000
1626735769.44709611,1.50000000
1626735769.54705834,1.50000000
1626735769.64708948,1.50000000
1626735769.74719715,1.50000000
1626735769.84725618,1.50000000
1626735769.94697618,1.50000000
1626735770.04698467,1.50000000
1626735770.14702082,1.50000000
1626735770.24702692,1.50000000
1626735770.34705591,1.50000000
1626735770.44702601,1.50000000
1626735770.54712868,1.50000000
1626735770.64697075,1.50000000
1626735770.74716997,1.50000000
1626735770.84700012,1.50000000
1626735770.94715095,1.50000000
1626735771.04717040,1.50000000
1626735771.14714861,1.50000000
1626735771.24716139,1.50000000
1626735771.34717631,1.50000000
1626735771.44715309,1.50000000
1626735771.54717064,1.50000000
1626735771.64720488,1.50000000
1626735771.74710870,1.50000000
1626735771.84717369,1.50000000
1626735771.94722033,1.50000000
1626735772.04715919,1.50000000
1626735772.14714932,1.50000000
1626735772.24723077,1.50000000
1626735772.34733081,1.50000000
1626735772.44705510,1.50000000
1626735772.54716253,1.50000000
1626735772.64718580,1.50000000
1626735772.74715829,1.50000000
1626735772.84699559,1.50000000
1626735772.94705343,1.50000000
1626735773.04717326,1.50000000
1626735773.14721727,1.50000000
1626735773.24719858,1.50000000
1626735773.34720922,1.50000000
1626735773.44717169,1.50000000
1626735773.54721069,1.50000000
1626735773.64717960,1.50000000
1626735773.74719214,1.50000000
1626735773.84716940,1.50000000
1626735773.94695997,1.50000000
1626735774.04717493,1.50000000
1626735774.14718580,1.50000000
1626735774.24719429,1.50000000
1626735774.34718966,1.50000000
1626735774.44718194,1.50000000
1626735774.54714847,1.50000000
1626735774.64716768,1.50000000
1626735774.74722219,1.50000000
1626735774.84718943,1.50000000
1626735774.94719052,1.50000000
1626735775.04716682,1.50000000
1626735775.14716935,1.50000000
1626735775.24716997,1.50000000
1626735775.34717369,1.50000000
1626735775.44717002,1.50000000
1626735775.54716778,1.50000000
1626735775.64718652,1.50000000
1626735775.74717999,1.50000000
1626735775.84716654,1.50000000
1626735775.94715452,1.50000000
1626735776.04703832,1.50000000
1626735776.14709377,1.50000000
1626735776.24716282,1.50000000
1626735776.34714437,1.50000000
1626735776.44718575,1.50000000
1626735776.54717088,1.50000000
1626735776.64703751,1.50000000
1626735776.74715757,1.50000000
1626735776.84717822,1.50000000
1626735776.94703341,1.50000000
1626735777.04719567,1.50000000
1626735777.14719129,1.50000000
1626735777.24723577,1.50000000
1626735777.34717822,1.50000000
1626735777.44721007,0.50000000
1626735777.54715967,0.50000000
1626735777.64716411,0.50000000
1626735777.74716401,0.50000000
1626735777.84705830,0.50000000
1626735777.94705081,0.50000000
1626735778.04715443,0.50000000
1626735778.14696050,0.50000000
1626735778.24720788,0.50000000
1626735778.34722686,0.50000000
1626735778.44720435,0.50000000
1626735778.54716587,0.50000000
1626735778.64717865,0.50000000
1626735778.74716234,0.50000000
1626735778.84696984,0.50000000
1626735778.94710636,0.50000000
1626735779.04699492,0.50000000
1626735779.14716864,0.50000000
1626735779.24700165,0.50000000
1626735779.34705448,0.50000000
1626735779.44702530,0.50000000
1626735779.54702806,0.50000000
1626735779.64699125,0.50000000
1626735779.74717140,0.50000000
1626735779.84716892,0.50000000
1626735779.94705653,0.50000000
1626735780.04716730,0.50000000
1626735780.14699364,0.50000000
1626735780.24716020,0.50000000
1626735780.34710336,0.50000000
1626735780.44703388,0.50000000
1626735780.54722404,0.50000000
1626735780.64700675,0.50000000
1626735780.74714017,0.50000000
1626735780.84700489,0.50000000
1626735780.94715667,0.50000000
1626735781.04716253,0.50000000
1626735781.14718294,0.50000000
1626735781.24717736,0.50000000
1626735781.34716821,0.50000000
1626735781.44716454,0.50000000
1626735781.54716229,0.50000000
1626735781.64717221,0.50000000
1626735781.74723554,0.50000000
1626735781.84725571,0.50000000
1626735781.94702983,0.50000000
1626735782.04716015,0.50000000
1626735782.14702606,0.50000000
1626735782.24716949,0.50000000
1626735782.34702992,0.50000000
1626735782.44715118,0.50000000
1626735782.54713511,0.50000000
1626735782.64713931,0.50000000
1626735782.74705243,0.50000000
1626735782.84702492,0.50000000
1626735782.94720149,0.50000000
1626735783.04703426,0.50000000
1626735783.14716268,0.50000000
1626735783.24719429,0.50000000
1626735783.34718227,0.50000000
1626735783.44715261,0.50000000
1626735783.54718757,0.50000000
1626735783.64715838,0.50000000
1626735783.74717712,0.50000000
1626735783.84699154,0.50000000
1626735783.94696116,0.50000000
1626735784.04717207,0.50000000
1626735784.14718747,0.50000000
1626735784.24702692,0.50000000
1626735784.34717083,0.50000000
1626735784.44718075,0.50000000
1626735784.54713750,0.50000000
1626735784.64715409,0.50000000
1626735784.74720979,0.50000000
1626735784.84717274,0.50000000
1626735784.94714904,0.50000000
1626735785.04702497,0.50000000
1626735785.14699411,0.50000000
1626735785.24702382,0.50000000
1626735785.34700775,0.50000000
1626735785.44702268,0.50000000
1626735785.54702449,0.50000000
1626735785.64703703,0.50000000
1626735785.74700332,0.50000000
1626735785.84700632,0.50000000
1626735785.94715476,0.50000000
1626735786.04702950,0.50000000
1626735786.14703941,0.50000000
1626735786.24702454,0.50000000
1626735786.34717226,0.50000000
1626735786.44701552,0.50000000
1626735786.54702950,0.50000000
1626735786.64699435,0.50000000
1626735786.74717307,0.50000000
1626735786.84699297,0.50000000
1626735786.94715381,0.50000000
1626735787.04703140,0.50000000
1626735787.14713693,0.50000000
1626735787.24702644,0.50000000
1626735787.34711623,0.50000000
1626735787.44702983,0.50000000
1626735787.54718304,0.50000000
1626735787.64718223,0.50000000
1626735787.74720168,0.50000000
1626735787.84693217,0.50000000
1626735787.94715166,0.50000000
1626735788.04718709,0.50000000
1626735788.14703059,0.50000000
1626735788.24717641,0.50000000
1626735788.34717441,0.50000000
1626735788.44716239,0.50000000
1626735788.54717827,0.50000000
1626735788.64702725,0.50000000
1626735788.74702621,0.50000000
1626735788.84715104,0.50000000
1626735788.94702697,0.50000000
1626735789.04715657,0.50000000
1626735789.14716482,0.50000000
1626735789.24718833,0.50000000
1626735789.34715700,0.50000000
1626735789.44719791,0.50000000
1626735789.54716444,0.50000000
1626735789.64718461,0.50000000
1626735789.74721289,0.50000000
1626735789.84703398,0.50000000
1626735789.94702387,0.50000000
1626735790.04717040,0.50000000
1626735790.14716578,0.50000000
1626735790.24718070,0.50000000
1626735790.34722733,0.50000000
1626735790.44720745,0.50000000
1626735790.54723096,0.50000000
1626735790.64705062,0.50000000
1626735790.74709272,0.50000000
1626735790.84701014,0.50000000
1626735790.94701791,0.50000000
1626735791.04701853,0.50000000
1626735791.14720011,0.50000000
1626735791.24699593,0.50000000
1626735791.34700060,0.50000000
1626735791.44716191,0.50000000
1626735791.54722834,0.50000000
1626735791.64702630,0.50000000
1626735791.74699450,0.50000000
1626735791.84716153,0.50000000
1626735791.94699407,0.50000000
1626735792.04718137,0.50000000
1626735792.14703941,0.50000000
1626735792.24715996,0.50000000
1626735792.34700608,0.50000000
1626735792.44716835,0.50000000
1626735792.54718781,0.50000000
1626735792.64706612,0.50000000
1626735792.74713087,0.50000000
1626735792.84717965,0.50000000
1626735792.94705701,0.50000000
1626735793.04716587,0.50000000
1626735793.14717793,0.50000000
1626735793.24718118,0.50000000
1626735793.34716392,0.50000000
1626735793.44725776,0.50000000
1626735793.54708695,0.50000000
1626735793.64721394,0.50000000
1626735793.74720192,0.50000000
1626735793.84722114,0.50000000
1626735793.94697833,0.50000000
1626735794.04722023,0.50000000
1626735794.14703298,0.50000000
1626735794.24704337,0.50000000
1626735794.34704518,0.50000000
1626735794.44703341,0.50000000
1626735794.54718852,0.50000000
1626735794.64720058,0.50000000
1626735794.74714756,0.50000000
1626735794.84696794,0.50000000
1626735794.94699049,0.50000000
1626735795.04699302,0.50000000
1626735795.14715028,0.50000000
1626735795.24714470,0.50000000
1626735795.34714842,0.50000000
1626735795.44716406,0.50000000
1626735795.54714584,0.50000000
1626735795.64704061,0.50000000
1626735795.74720931,0.50000000
1626735795.84724689,0.50000000
1626735795.94699383,0.50000000
1626735796.04715943,0.50000000
1626735796.14715767,0.50000000
1626735796.24713564,0.50000000
1626735796.34715819,0.50000000
1626735796.44703007,0.50000000
1626735796.54716873,0.50000000
1626735796.64724016,0.50000000
1626735796.74721742,0.50000000
1626735796.84703279,0.50000000
1626735796.94709802,0.50000000
1626735797.04709768,0.50000000
1626735797.14722824,0.50000000
1626735797.24725652,0.50000000
1626735797.34724164,0.50000000
1626735797.44723010,0.50000000
1626735797.54723287,0.50000000
1626735797.64704370,0.50000000
1626735797.74717236,0.50000000
1626735797.84704447,0.50000000
1626735797.94717288,0.50000000
1626735798.04721904,0.50000000
1626735798.14716697,0.50000000
1626735798.24716425,0.50000000
1626735798.34717083,0.50000000
1626735798.44722629,0.50000000
1626735798.54723740,0.50000000
1626735798.64715719,0.50000000
1626735798.74715090,0.50000000
1626735798.84697318,0.50000000
1626735798.94716334,0.50000000
1626735799.04702282,0.50000000
1626735799.14714575,0.50000000
1626735799.24717975,0.50000000
1626735799.34703302,0.50000000
1626735799.44729829,0.50000000
1626735799.54717946,0.50000000
1626735799.64716697,0.50000000
1626735799.74714327,0.50000000
1626735799.84719634,0.50000000
1626735799.94718170,0.50000000
1626735800.04723692,0.50000000
1626735800.14718151,0.50000000
1626735800.24724317,0.50000000
1626735800.34721923,0.50000000
1626735800.44725680,0.50000000
1626735800.54720712,0.50000000
1626735800.64711452,0.50000000
1626735800.74723625,0.50000000
1626735800.84705639,0.50000000
1626735800.94713926,0.50000000
1626735801.04719496,0.50000000
1626735801.14717960,0.50000000
1626735801.24706030,0.50000000
1626735801.34703612,0.50000000
1626735801.44703341,0.50000000
1626735801.54721832,0.50000000
1626735801.64720201,0.50000000
1626735801.74717259,0.50000000
1626735801.84697175,0.50000000
1626735801.94722390,0.50000000
1626735802.04702330,0.50000000
1626735802.14716554,0.50000000
1626735802.24699473,0.50000000
1626735802.34702229,0.50000000
1626735802.44722486,0.50000000
1626735802.54706526,0.50000000
1626735802.64701295,0.50000000
1626735802.74717712,0.50000000
1626735802.84696698,0.50000000
1626735802.94715738,0.50000000
1626735803.04706049,0.50000000
1626735803.14716625,0.50000000
1626735803.24717140,0.50000000
1626735803.34717846,0.50000000
1626735803.44717956,0.50000000
1626735803.54722762,0.50000000
1626735803.64718103,0.50000000
1626735803.74716043,0.50000000
1626735803.84697485,0.50000000
1626735803.94695735,0.50000000
1626735804.04717898,0.50000000
1626735804.14720893,0.50000000
1626735804.24719191,0.50000000
1626735804.34727263,0.50000000
1626735804.44720292,0.50000000
1626735804.54717493,0.50000000
1626735804.64720106,0.50000000
1626735804.74716854,0.50000000
1626735804.84697580,0.50000000
1626735804.94718528,0.50000000
1626735805.04717827,0.50000000
1626735805.14718986,0.50000000
1626735805.24688220,0.50000000
1626735805.34699965,0.50000000
1626735805.44715548,0.50000000
1626735805.54717779,0.50000000
1626735805.64715338,0.50000000
1626735805.74718356,0.50000000
1626735805.84698749,0.50000000
1626735805.94702411,0.50000000
1626735806.04703450,0.50000000
1626735806.14702797,0.50000000
1626735806.24716711,0.50000000
1626735806.34703708,0.50000000
1626735806.44702983,0.50000000
1626735806.54715157,0.50000000
1626735806.64719892,0.50000000
1626735806.74716520,0.50000000
1626735806.84700012,0.50000000
1626735806.94704723,0.50000000
1626735807.04702950,0.50000000
1626735807.14715719,0.50000000
1626735807.24714971,0.50000000
1626735807.34718060,0.50000000
1626735807.44720984,0.50000000
1626735807.54720545,0.50000000
1626735807.64720631,0.50000000
1626735807.74717426,0.50000000
1626735807.84699631,0.50000000
1626735807.94715762,0.50000000
1626735808.04697990,0.50000000
1626735808.14705729,0.50000000
1626735808.24702239,0.50000000
1626735808.34720612,0.50000000
1626735808.44720674,0.50000000
1626735808.54717565,0.50000000
1626735808.64717674,0.50000000
1626735808.74717903,0.50000000
1626735808.84699965,0.50000000
1626735808.94716311,0.50000000
1626735809.04717231,0.50000000
1626735809.14703393,0.50000000
1626735809.24715114,0.50000000
1626735809.34720874,0.50000000
1626735809.44715786,0.50000000
1626735809.54719114,0.50000000
1626735809.64705467,0.50000000
1626735809.74721384,0.50000000
1626735809.84699726,0.50000000
1626735809.94722843,0.50000000
1626735810.04720426,0.50000000
1626735810.14719915,0.50000000
1626735810.24717593,0.50000000
1626735810.34723949,0.50000000
1626735810.44714427,0.50000000
1626735810.54705977,0.50000000
1626735810.64702964,0.50000000
1626735810.74716258,0.50000000
1626735810.84695053,0.50000000
1626735810.94713306,0.50000000
1626735811.04721880,0.50000000
1626735811.14718628,0.50000000
1626735811.24717259,0.50000000
1626735811.34719896,0.50000000
1626735811.44724584,0.50000000
1626735811.54713821,0.50000000
1626735811.64720798,0.50000000
1626735811.74722815,0.50000000
1626735811.84719586,0.50000000
1626735811.94720769,1.50000000
1626735812.04704285,1.50000000
1626735812.14718366,1.50000000
1626735812.24722457,1.50000000
1626735812.34706020,1.50000000
1626735812.44720626,1.50000000
1626735812.54723954,1.50000000
1626735812.64717150,1.50000000
1626735812.74718308,1.50000000
1626735812.84702921,1.50000000
1626735812.94709659,1.50000000
1626735813.04737282,1.50000000
1626735813.14702487,1.50000000
1626735813.24714875,1.50000000
1626735813.34706688,1.50000000
1626735813.44717813,1.50000000
1626735813.54702306,1.50000000
1626735813.64719462,1.50000000
1626735813.74700332,1.50000000
1626735813.84697771,1.50000000
1626735813.94697404,1.50000000
1626735814.04725528,1.50000000
1626735814.14699674,1.50000000
1626735814.24717617,1.50000000
1626735814.34717250,1.50000000
1626735814.44717169,1.50000000
1626735814.54718900,1.50000000
1626735814.64717746,1.50000000
1626735814.74719119,1.50000000
1626735814.84721279,1.50000000
1626735814.94728303,1.50000000
1626735815.04718924,1.50000000
1626735815.14716506,1.50000000
1626735815.24716473,1.50000000
1626735815.34717417,1.50000000
1626735815.44718528,1.50000000
1626735815.54718447,1.50000000
1626735815.64716816,1.50000000
1626735815.74718714,1.50000000
1626735815.84704423,1.50000000
1626735815.94718218,1.50000000
1626735816.04718089,1.50000000
1626735816.14720154,1.50000000
1626735816.24718285,1.50000000
1626735816.34718251,1.50000000
1626735816.44699931,1.50000000
1626735816.54715276,1.50000000
1626735816.64697766,1.50000000
1626735816.74716330,1.50000000
1626735816.84697247,1.50000000
1626735816.94696379,1.50000000
1626735817.04695988,1.50000000
1626735817.14715505,1.50000000
1626735817.24697113,1.50000000
1626735817.34698701,1.50000000
1626735817.44720006,1.50000000
1626735817.54719925,1.50000000
1626735817.64719224,1.50000000
1626735817.74720001,1.50000000
1626735817.84699869,1.50000000
1626735817.94718075,1.50000000
1626735818.04721379,1.50000000
1626735818.14716482,1.50000000
1626735818.24718094,1.50000000
1626735818.34713268,1.50000000
1626735818.44718313,1.50000000
1626735818.54716325,1.50000000
1626735818.64718318,1.50000000
1626735818.74713874,1.50000000
1626735818.84720850,1.50000000
1626735818.94723034,1.50000000
1626735819.04720736,1.50000000
1626735819.14701343,1.50000000
1626735819.24716473,1.50000000
1626735819.34718299,1.50000000
1626735819.44717741,1.50000000
1626735819.54719090,1.50000000
1626735819.64716721,1.50000000
1626735819.74719429,1.50000000
1626735819.84722924,1.50000000
1626735819.94703674,1.50000000
1626735820.04716563,1.50000000
1626735820.14722061,1.50000000
1626735820.24703217,1.50000000
1626735820.34705853,1.50000000
1626735820.44715977,1.50000000
1626735820.54716396,1.50000000
1626735820.64723563,1.50000000
1626735820.74717903,1.50000000
1626735820.84699631,1.50000000
1626735820.94714904,1.50000000
1626735821.04702973,1.50000000
1626735821.14696145,1.50000000
1626735821.24724269,1.50000000
1626735821.34724760,1.50000000
1626735821.44723082,1.50000000
1626735821.54725766,1.50000000
1626735821.64722157,1.50000000
1626735821.74724913,1.50000000
1626735821.84725308,1.50000000
1626735821.94722629,1.50000000
1626735822.04720807,1.50000000
1626735822.14722729,1.50000000
1626735822.24725270,1.50000000
1626735822.34726024,1.50000000
1626735822.44724774,1.50000000
1626735822.54725337,1.50000000
1626735822.64723706,1.50000000
1626735822.74724483,1.50000000
1626735822.84703445,1.50000000
1626735822.94718456,1.50000000
1626735823.04704404,1.50000000
1626735823.14716554,1.50000000
1626735823.24716330,1.50000000
1626735823.34716821,1.50000000
1626735823.44717193,1.50000000
1626735823.54699755,1.50000000
1626735823.64718008,1.50000000
1626735823.74717951,1.50000000
1626735823.84703231,1.50000000
1626735823.94696069,1.50000000
1626735824.04713869,1.50000000
1626735824.14714789,1.50000000
1626735824.24716759,1.50000000
1626735824.34716320,1.50000000
1626735824.44718885,1.50000000
1626735824.54717302,1.50000000
1626735824.64715505,1.50000000
1626735824.74720359,1.50000000
1626735824.84714603,1.50000000
1626735824.94717598,1.50000000
1626735825.04718781,1.50000000
1626735825.14718342,1.50000000
1626735825.24716163,1.50000000
1626735825.34718347,1.50000000
1626735825.44718051,1.50000000
1626735825.54718161,1.50000000
1626735825.64714265,1.50000000
1626735825.74716163,1.50000000
1626735825.84704733,1.50000000
1626735825.94698811,1.50000000
1626735826.04698706,1.50000000
1626735826.14702153,1.50000000
1626735826.24709797,1.50000000
1626735826.34732723,1.50000000
1626735826.44705796,1.50000000
1626735826.54710174,1.50000000
1626735826.64722824,1.50000000
1626735826.74723816,1.50000000
1626735826.84699059,1.50000000
1626735826.94703698,1.50000000
1626735827.04703116,1.50000000
1626735827.14705801,1.50000000
1626735827.24722338,1.50000000
1626735827.34705925,1.50000000
1626735827.44721103,1.50000000
1626735827.54705715,1.50000000
1626735827.64720154,1.50000000
1626735827.74723768,1.50000000
1626735827.84725022,1.50000000
1626735827.94703555,1.50000000
1626735828.04705667,1.50000000
1626735828.14705992,1.50000000
1626735828.24723530,1.50000000
1626735828.34709835,1.50000000
1626735828.44713712,1.50000000
1626735828.54716563,1.50000000
1626735828.64722776,1.50000000
1626735828.74720716,1.50000000
1626735828.84704781,1.50000000
1626735828.94721818,1.50000000
1626735829.04726100,1.50000000
1626735829.14715743,1.50000000
1626735829.24717116,1.50000000
1626735829.34714532,1.50000000
1626735829.44723058,1.50000000
1626735829.54716849,1.50000000
1626735829.64717031,1.50000000
1626735829.74723053,1.50000000
1626735829.84700942,1.50000000
1626735829.94719958,1.50000000
1626735830.04721308,1.50000000
1626735830.14718723,1.50000000
1626735830.24716663,1.50000000
1626735830.34714174,1.50000000
1626735830.44717050,1.50000000
1626735830.54716754,1.50000000
1626735830.64717078,1.50000000
1626735830.74712420,1.50000000
1626735830.84714198,1.50000000
1626735830.94720173,1.50000000
1626735831.04727411,1.50000000
1626735831.14725614,1.50000000
1626735831.24725127,1.50000000
1626735831.34726310,1.50000000
1626735831.44722652,1.50000000
1626735831.54724336,1.50000000
1626735831.64703488,1.50000000
1626735831.74715734,1.50000000
1626735831.84719682,1.50000000
1626735831.94732642,1.50000000
1626735832.04700136,1.50000000
1626735832.14699411,1.50000000
1626735832.24699450,1.50000000
1626735832.34729242,1.50000000
1626735832.44725323,1.50000000
1626735832.54728365,1.50000000
1626735832.64704633,1.50000000
1626735832.74704599,1.50000000
1626735832.84691715,1.50000000
1626735832.94719839,1.50000000
1626735833.04714656,1.50000000
1626735833.14719486,1.50000000
1626735833.24713945,1.50000000
1626735833.34715652,1.50000000
1626735833.44714737,1.50000000
1626735833.54717183,1.50000000
1626735833.64720654,1.50000000
1626735833.74718118,1.50000000
1626735833.84691501,1.50000000
1626735833.94693089,1.50000000
1626735834.04717779,1.50000000
1626735834.14722323,1.50000000
1626735834.24718332,1.50000000
1626735834.34717655,1.50000000
1626735834.44719625,1.50000000
1626735834.54697585,1.50000000
1626735834.64718485,1.50000000
1626735834.74720144,1.50000000
1626735834.84721994,1.50000000
1626735834.94719768,1.50000000
1626735835.04706216,1.50000000
1626735835.14719391,1.50000000
1626735835.24704003,1.50000000
1626735835.34720421,1.50000000
1626735835.44717026,1.50000000
1626735835.54727077,1.50000000
1626735835.64724565,1.50000000
1626735835.74720955,1.50000000
1626735835.84697604,1.50000000
1626735835.94703007,1.50000000
1626735836.04700637,1.50000000
1626735836.14721131,1.50000000
1626735836.24737573,1.50000000
1626735836.34704113,1.50000000
1626735836.44715500,1.50000000
1626735836.54710674,1.50000000
1626735836.64699364,1.50000000
1626735836.74711466,1.50000000
1626735836.84717298,1.50000000
1626735836.94713378,1.50000000
1626735837.04713511,1.50000000
1626735837.14720702,1.50000000
1626735837.24719810,1.50000000
1626735837.34719753,1.50000000
1626735837.44718719,1.50000000
1626735837.54724550,1.50000000
1626735837.64742136,1.50000000
1626735837.74720764,1.50000000
1626735837.84716988,1.50000000
1626735837.94722962,1.50000000
1626735838.04720664,1.50000000
1626735838.14725828,1.50000000
1626735838.24726677,1.50000000
1626735838.34723067,1.50000000
1626735838.44726586,1.50000000
1626735838.54726529,1.50000000
1626735838.64740086,1.50000000
1626735838.74727559,1.50000000
1626735838.84720588,1.50000000
1626735838.94715309,1.50000000
1626735839.04719210,1.50000000
1626735839.14697337,1.50000000
1626735839.24732399,1.50000000
1626735839.34726667,1.50000000
1626735839.44731641,1.50000000
1626735839.54752159,1.50000000
1626735839.64713573,1.50000000
1626735839.74714470,1.50000000
1626735839.84716272,1.50000000
1626735839.94709730,1.50000000
1626735840.04702902,1.50000000
1626735840.14721370,1.50000000
1626735840.24721408,1.50000000
1626735840.34720135,1.50000000
1626735840.44705987,1.50000000
1626735840.54716802,1.50000000
1626735840.64704156,1.50000000
1626735840.74717903,1.50000000
1626735840.84720087,1.50000000
1626735840.94718003,1.50000000
1626735841.04725409,1.50000000
1626735841.14723539,1.50000000
1626735841.24716926,1.50000000
1626735841.34717560,1.50000000
1626735841.44716573,1.50000000
1626735841.54717016,1.50000000
1626735841.64716125,1.50000000
1626735841.74715972,1.50000000
1626735841.84717751,1.50000000
1626735841.94705296,1.50000000
1626735842.04720330,1.50000000
1626735842.14715958,1.50000000
1626735842.24720073,1.50000000
1626735842.34715343,1.50000000
1626735842.44714832,1.50000000
1626735842.54719663,1.50000000
1626735842.64715242,1.50000000
1626735842.74714518,1.50000000
1626735842.84714651,1.50000000
1626735842.94720030,1.50000000
1626735843.04714108,1.50000000
1626735843.14713836,1.50000000
1626735843.24721098,1.50000000
1626735843.34715509,1.50000000
1626735843.44716287,1.50000000
1626735843.54717374,1.50000000
1626735843.64713907,1.50000000
1626735843.74713659,1.50000000
1626735843.84716582,1.50000000
1626735843.94696045,1.50000000
1626735844.04715919,1.50000000
1626735844.14699244,1.50000000
1626735844.24719143,1.50000000
1626735844.34717250,1.50000000
1626735844.44716930,1.50000000
1626735844.54713273,1.50000000
1626735844.64699340,1.50000000
1626735844.74714732,1.50000000
1626735844.84703279,1.50000000
1626735844.94715643,1.50000000
1626735845.04714060,1.50000000
1626735845.14722681,1.50000000
1626735845.24713039,1.50000000
1626735845.34716082,1.50000000
1626735845.44717097,1.50000000
1626735845.54717326,1.50000000
1626735845.64716792,1.50000000
1626735845.74702525,1.50000000
1626735845.84699273,1.50000000
1626735845.94716930,1.50000000
1626735846.04702473,1.50000000
1626735846.14712620,1.50000000
1626735846.24716711,1.50000000
1626735846.34703040,1.50000000
1626735846.44704747,1.50000000
1626735846.54710746,1.50000000
1626735846.64714551,1.50000000
1626735846.74716926,1.50000000
1626735846.84703970,1.50000000
1626735846.94714522,1.50000000
1626735847.04721117,1.50000000
1626735847.14716387,1.50000000
1626735847.24719381,1.50000000
1626735847.34720969,1.50000000
1626735847.44721246,1.50000000
1626735847.54721785,1.50000000
1626735847.64714265,1.50000000
1626735847.74720907,1.50000000
1626735847.84703684,1.50000000
1626735847.94715428,1.50000000
1626735848.04715991,1.50000000
1626735848.14723539,1.50000000
1626735848.24723577,1.50000000
1626735848.34711337,1.50000000
1626735848.44723487,1.50000000
1626735848.54696226,1.50000000
1626735848.64720726,1.50000000
1626735848.74705744,1.50000000
1626735848.84706831,1.50000000
1626735848.94722438,1.50000000
1626735849.04723096,1.50000000
1626735849.14722562,1.50000000
1626735849.24724841,1.50000000
1626735849.34705591,1.50000000
1626735849.44724035,1.50000000
1626735849.54724073,1.50000000
1626735849.64724135,1.50000000
1626735849.74723530,1.50000000
1626735849.84706426,1.50000000
1626735849.94702172,1.50000000
1626735850.04705834,1.50000000
1626735850.14703465,1.50000000
1626735850.24705768,1.50000000
1626735850.34711194,1.50000000
1626735850.44702721,1.50000000
1626735850.54711127,1.50000000
1626735850.64709187,1.50000000
1626735850.74705172,1.50000000
1626735850.84704256,1.50000000
1626735850.94696951,1.50000000
1626735851.04693985,1.50000000
1626735851.14699411,1.50000000
1626735851.24721622,1.50000000
1626735851.34722161,1.50000000
1626735851.44722962,1.50000000
1626735851.54711604,1.50000000
1626735851.64718032,1.50000000
1626735851.74726963,1.50000000
1626735851.84724617,1.50000000
1626735851.94722724,1.50000000
1626735852.04728174,1.50000000
1626735852.14725709,1.50000000
1626735852.24713445,1.50000000
1626735852.34723067,1.50000000
1626735852.44722533,1.50000000
1626735852.54723763,1.50000000
1626735852.64723778,1.50000000
1626735852.74723864,1.50000000
1626735852.84702587,1.50000000
1626735852.94724178,1.50000000
1626735853.04724884,1.50000000
1626735853.14723611,1.50000000
1626735853.24709821,1.50000000
1626735853.34716105,1.50000000
1626735853.44718432,1.50000000
1626735853.54715204,1.50000000
1626735853.64714336,1.50000000
1626735853.74714565,1.50000000
1626735853.84699655,1.50000000
1626735853.94699454,1.50000000
1626735854.04718900,1.50000000
1626735854.14719176,1.50000000
1626735854.24721169,1.50000000
1626735854.34713769,1.50000000
1626735854.44716644,1.50000000
1626735854.54714155,1.50000000
1626735854.64720631,1.50000000
1626735854.74723768,1.50000000
1626735854.84717607,1.50000000
1626735854.94722104,1.50000000
1626735855.04720092,1.50000000
1626735855.14721608,1.50000000
1626735855.24719381,1.50000000
1626735855.34705448,1.50000000
1626735855.44722009,1.50000000
1626735855.54720354,1.50000000
1626735855.64699936,1.50000000
1626735855.74717641,1.50000000
1626735855.84699154,1.50000000
1626735855.94718361,1.50000000
1626735856.04717374,1.50000000
1626735856.14717579,1.50000000
1626735856.24716449,1.50000000
1626735856.34716868,1.50000000
1626735856.44716287,1.50000000
1626735856.54716253,1.50000000
1626735856.64716005,1.50000000
1626735856.74717927,1.50000000
1626735856.84701777,1.50000000
1626735856.94703364,1.50000000
1626735857.04714322,1.50000000
1626735857.14699316,1.50000000
1626735857.24717927,1.50000000
1626735857.34714293,1.50000000
1626735857.44714165,1.50000000
1626735857.54718113,1.50000000
1626735857.64715195,1.50000000
1626735857.74714947,1.50000000
1626735857.84705615,1.50000000
1626735857.94720483,1.50000000
1626735858.04720044,1.50000000
1626735858.14720941,1.50000000
1626735858.24721074,1.50000000
1626735858.34716630,1.50000000
1626735858.44721699,1.50000000
1626735858.54717779,1.50000000
1626735858.64697266,1.50000000
1626735858.74717927,1.50000000
1626735858.84704232,1.50000000
1626735858.94703579,1.50000000
1626735859.04716992,1.50000000
1626735859.14701867,1.50000000
1626735859.24718714,1.50000000
1626735859.34702229,1.50000000
1626735859.44702768,1.50000000
1626735859.54718876,1.50000000
1626735859.64718676,1.50000000
1626735859.74715471,1.50000000
1626735859.84699202,1.50000000
1626735859.94716239,1.50000000
1626735860.04712200,1.50000000
1626735860.14699960,1.50000000
1626735860.24705648,1.50000000
1626735860.34702325,1.50000000
1626735860.44716907,1.50000000
1626735860.54718423,1.50000000
1626735860.64726019,1.50000000
1626735860.74724197,1.50000000
1626735860.84705949,1.50000000
1626735860.94723034,1.50000000
1626735861.04706979,1.50000000
1626735861.14722419,1.50000000
1626735861.24724746,1.50000000
1626735861.34717774,1.50000000
1626735861.44713068,1.50000000
1626735861.54717660,1.50000000
1626735861.64710307,1.50000000
1626735861.74713516,1.50000000
1626735861.84704661,1.50000000
1626735861.94718003,1.50000000
1626735862.04719043,1.50000000
1626735862.14714599,1.50000000
1626735862.24716544,1.50000000
1626735862.34715033,1.50000000
1626735862.44715858,1.50000000
1626735862.54716253,1.50000000
1626735862.64712572,1.50000000
1626735862.74716067,1.50000000
1626735862.84699750,1.50000000
1626735862.94726014,1.50000000
1626735863.04721904,1.50000000
1626735863.14717841,1.50000000
1626735863.24702120,1.50000000
1626735863.34716535,1.50000000
1626735863.44712901,1.50000000
1626735863.54697728,1.50000000
1626735863.64716887,1.50000000
1626735863.74717283,1.50000000
1626735863.84706998,1.50000000
1626735863.94697165,1.50000000
1626735864.04719162,1.50000000
1626735864.14720392,1.50000000
1626735864.24714708,1.50000000
1626735864.34716320,1.50000000
1626735864.44701719,1.50000000
1626735864.54701829,1.50000000
1626735864.64716244,1.50000000
1626735864.74706244,1.50000000
1626735864.84698558,1.50000000
1626735864.94703627,1.50000000
1626735865.04717112,1.50000000
1626735865.14700818,1.50000000
1626735865.24692869,1.50000000
1626735865.34715104,1.50000000
1626735865.44702268,1.50000000
1626735865.54701805,1.50000000
1626735865.64702559,1.50000000
1626735865.74706173,1.50000000
1626735865.84703302,1.50000000
1626735865.94717717,1.50000000
1626735866.04718065,1.50000000
1626735866.14704823,1.50000000
1626735866.24717498,1.50000000
1626735866.34741068,1.50000000
1626735866.44706345,1.50000000
1626735866.54724550,1.50000000
1626735866.64722610,1.50000000
1626735866.74722314,1.50000000
1626735866.84704638,1.50000000
1626735866.94713449,1.50000000
1626735867.04702568,1.50000000
1626735867.14715242,1.50000000
1626735867.24713564,1.50000000
1626735867.34729695,1.50000000
1626735867.44704175,1.50000000
1626735867.54715896,1.50000000
1626735867.64705849,1.50000000
1626735867.74716854,1.50000000
1626735867.84697437,1.50000000
1626735867.94716787,1.50000000
1626735868.04715395,1.50000000
1626735868.14696860,1.50000000
1626735868.24722266,1.50000000
1626735868.34718227,1.50000000
1626735868.44714212,1.50000000
1626735868.54713178,1.50000000
1626735868.64716244,1.50000000
1626735868.74715066,1.50000000
1626735868.84702563,1.50000000
1626735868.94715905,1.50000000
1626735869.04714799,1.50000000
1626735869.14716959,1.50000000
1626735869.24717736,1.50000000
1626735869.34717679,1.50000000
1626735869.44717288,1.50000000
1626735869.54714584,1.50000000
1626735869.64716315,1.50000000
1626735869.74718761,1.50000000
1626735869.84702492,1.50000000
1626735869.94713593,1.50000000
1626735870.04719543,1.50000000
1626735870.14703441,1.50000000
1626735870.24719691,1.50000000
1626735870.34716702,1.50000000
1626735870.44713831,1.50000000
1626735870.54702425,1.50000000
1626735870.64731050,1.50000000
1626735870.74716735,1.50000000
1626735870.84717155,1.50000000
1626735870.94709992,1.50000000
1626735871.04713154,1.50000000
1626735871.14703393,1.50000000
1626735871.24718595,1.50000000
1626735871.34710264,1.50000000
1626735871.44715810,1.50000000
1626735871.54717970,1.50000000
1626735871.64731979,3.50000000
1626735871.74718165,3.50000000
1626735871.84699368,3.50000000
1626735871.94716287,3.50000000
1626735872.04702497,3.50000000
1626735872.14714813,3.50000000
1626735872.24717712,3.50000000
1626735872.34698629,3.50000000
1626735872.44720626,3.50000000
1626735872.54724002,3.50000000
1626735872.64716887,3.50000000
1626735872.74700022,3.50000000
1626735872.84700584,3.50000000
1626735872.94703126,3.50000000
1626735873.04718208,3.50000000
1626735873.14723778,3.50000000
1626735873.24718285,3.50000000
1626735873.34715080,3.50000000
1626735873.44718266,3.50000000
1626735873.54716921,3.50000000
1626735873.64697361,3.50000000
1626735873.74702716,3.50000000
1626735873.84692812,3.50000000
1626735873.94696498,3.50000000
1626735874.04716921,3.50000000
1626735874.14723921,3.50000000
1626735874.24726820,3.50000000
1626735874.34722614,3.50000000
1626735874.44721437,3.50000000
1626735874.54722023,3.50000000
1626735874.64702201,3.50000000
1626735874.74715519,3.50000000
1626735874.84699249,3.50000000
1626735874.94712329,3.50000000
1626735875.04698658,3.50000000
1626735875.14700079,3.50000000
1626735875.24714351,3.50000000
1626735875.34716320,3.50000000
1626735875.44717884,3.50000000
1626735875.54713154,3.50000000
1626735875.64708948,3.50000000
1626735875.74708366,3.50000000
1626735875.84697175,3.50000000
1626735875.94713497,3.50000000
1626735876.04692936,3.50000000
1626735876.14717126,3.50000000
