Seconds,ChildArea,Child Observation Distance,Robot bounds proximity
1626735736.03830481,0,0.00000000,0.00000000
1626735736.13826680,0,0.00000000,0.00000000
1626735736.23827195,0,0.00000000,0.00000000
1626735736.33826542,0,0.00000000,0.00000000
1626735736.43829083,0,0.00000000,0.00000000
1626735736.53827596,0,0.00000000,0.00000000
1626735736.63827181,0,0.00000000,0.00000000
1626735736.73827243,0,0.00000000,0.00000000
1626735736.83827972,0,0.00000000,0.00000000
1626735736.93825245,0,0.00000000,0.00000000
1626735737.03824186,0,0.00000000,0.00000000
1626735737.13826871,0,0.00000000,0.00000000
1626735737.23831987,0,0.00000000,0.00000000
1626735737.33829856,0,0.00000000,0.00000000
1626735737.43828821,0,0.00000000,0.00000000
1626735737.53829980,0,0.00000000,0.00000000
1626735737.63825130,0,0.00000000,0.00000000
1626735737.73827529,0,0.00000000,0.00000000
1626735737.83826971,0,0.00000000,0.00000000
1626735737.93824387,0,0.00000000,0.00000000
1626735738.03828049,0,0.00000000,0.00000000
1626735738.13825488,0,0.00000000,0.00000000
1626735738.23824310,0,0.00000000,0.00000000
1626735738.33827615,0,0.00000000,0.00000000
1626735738.43829751,0,0.00000000,0.00000000
1626735738.53825879,0,0.00000000,0.00000000
1626735738.63825321,0,0.00000000,0.00000000
1626735738.73829842,0,0.00000000,0.00000000
1626735738.83827090,0,0.00000000,0.00000000
1626735738.93828106,0,0.00000000,0.00000000
1626735739.03835464,0,0.00000000,0.00000000
1626735739.13828039,0,0.00000000,0.00000000
1626735739.23829770,0,0.00000000,0.00000000
1626735739.33826280,0,0.00000000,0.00000000
1626735739.43827176,0,0.00000000,0.00000000
1626735739.53827882,0,0.00000000,0.00000000
1626735739.63830709,0,0.00000000,0.00000000
1626735739.73829150,0,0.00000000,0.00000000
1626735739.83828521,0,0.00000000,0.00000000
1626735739.93829989,0,0.00000000,0.00000000
1626735740.03827119,0,0.00000000,0.00000000
1626735740.13827395,0,0.00000000,0.00000000
1626735740.23827052,0,0.00000000,0.00000000
1626735740.33827043,0,0.00000000,0.00000000
1626735740.43831134,0,0.00000000,0.00000000
1626735740.53827262,0,0.00000000,0.00000000
1626735740.63826895,0,0.00000000,0.00000000
1626735740.73826838,0,0.00000000,0.00000000
1626735740.83828044,0,0.00000000,0.00000000
1626735740.93825269,0,0.00000000,0.00000000
1626735741.03830981,0,0.00000000,0.00000000
1626735741.13830519,0,0.00000000,0.00000000
1626735741.23830009,0,0.00000000,0.00000000
1626735741.33827019,0,0.00000000,0.00000000
1626735741.43830490,0,0.00000000,0.00000000
1626735741.53830624,0,0.00000000,0.00000000
1626735741.63825178,0,0.00000000,0.00000000
1626735741.73827982,0,0.00000000,0.00000000
1626735741.83828926,0,0.00000000,0.00000000
1626735741.93826509,0,0.00000000,0.00000000
1626735742.03829718,0,0.00000000,0.00000000
1626735742.13826990,0,0.00000000,0.00000000
1626735742.23827291,0,0.00000000,0.00000000
1626735742.33826733,0,0.00000000,0.00000000
1626735742.43827701,0,0.00000000,0.00000000
1626735742.53827548,0,0.00000000,0.00000000
1626735742.63824344,0,0.00000000,0.00000000
1626735742.73830080,0,0.00000000,0.00000000
1626735742.83832717,0,0.00000000,0.00000000
1626735742.93829489,0,0.00000000,0.00000000
1626735743.03831935,0,0.00000000,0.00000000
1626735743.13828206,0,0.00000000,0.00000000
1626735743.23828125,0,0.00000000,0.00000000
1626735743.33827901,0,0.00000000,0.00000000
1626735743.43826389,0,0.00000000,0.00000000
1626735743.53826380,0,0.00000000,0.00000000
1626735743.63827348,0,0.00000000,0.00000000
1626735743.73828173,0,0.00000000,0.00000000
1626735743.83827925,0,0.00000000,0.00000000
1626735743.93824506,0,0.00000000,0.00000000
1626735744.03829384,0,0.00000000,0.00000000
1626735744.13827085,0,0.00000000,0.00000000
1626735744.23825383,0,0.00000000,0.00000000
1626735744.33830619,0,0.00000000,0.00000000
1626735744.43845987,0,0.00000000,0.00000000
1626735744.53827810,0,0.00000000,0.00000000
1626735744.63825202,0,0.00000000,0.00000000
1626735744.73829532,0,0.00000000,0.00000000
1626735744.83828497,0,0.00000000,0.00000000
1626735744.93827796,0,0.00000000,0.00000000
1626735745.03825355,0,0.00000000,0.00000000
1626735745.13828039,0,0.00000000,0.00000000
1626735745.23828316,1,1.00000000,0.00000000
1626735745.33829927,1,0.94999981,0.00000000
1626735745.43827891,1,0.90000010,0.00000000
1626735745.53824711,1,0.84999990,0.00000000
1626735745.63827300,1,0.80000019,0.00000000
1626735745.73827386,1,0.75000000,0.00000000
1626735745.83825970,1,0.70290981,0.00000000
1626735745.93831015,1,0.65581996,0.00000000
1626735746.03830338,1,0.60921497,0.00000000
1626735746.13831568,1,0.55678990,0.00000000
1626735746.23826051,1,0.51115503,0.00000000
1626735746.33830190,1,0.46309518,0.00000000
1626735746.43830228,1,0.41358009,0.00000000
1626735746.53829789,1,0.36503505,0.00000000
1626735746.63827944,1,0.31406519,0.00000000
1626735746.73824978,1,0.26406521,0.00000000
1626735746.83834553,1,0.21406523,0.00000000
1626735746.93825412,1,0.16406477,0.00000000
1626735747.03825593,1,0.11309479,0.00000000
1626735747.13825154,1,0.06358018,0.00000000
1626735747.23829627,1,0.01406514,0.00000000
1626735747.33828068,2,0.00000000,0.00000000
1626735747.43830276,2,0.00000000,0.00000000
1626735747.53824544,2,0.00000000,0.00000000
1626735747.63824439,2,0.00000000,0.00000000
1626735747.73824525,2,0.00000000,0.00000000
1626735747.83827877,2,0.00000000,0.00000000
1626735747.93828702,2,0.00000000,0.00000000
1626735748.03831363,2,0.00000000,0.00000000
1626735748.13828683,2,0.00000000,0.00000000
1626735748.23833323,2,0.00000000,0.00000000
1626735748.33826947,2,0.00000000,0.00000000
1626735748.43829203,2,0.00000000,0.00000000
1626735748.53826046,2,0.00000000,0.00000000
1626735748.63827205,2,0.00000000,0.00000000
1626735748.73828173,2,0.00000000,0.00000000
1626735748.83827281,2,0.00000000,0.00000000
1626735748.93826771,2,0.00000000,0.00000000
1626735749.03830147,2,0.00000000,0.00000000
1626735749.13825440,2,0.00000000,0.00000000
1626735749.23830318,2,0.00000000,0.00000000
1626735749.33828306,2,0.00000000,0.00000000
1626735749.43830204,2,0.00000000,0.00000000
1626735749.53825188,2,0.00000000,0.00000000
1626735749.63830400,2,0.00000000,0.00000000
1626735749.73826981,2,0.00000000,0.00000000
1626735749.83831096,2,0.00000000,0.00000000
1626735749.93830395,2,0.00000000,0.00000000
1626735750.03828645,2,0.00000000,0.00000000
1626735750.13824677,2,0.00000000,0.00000000
1626735750.23829579,2,0.00000000,0.00000000
1626735750.33829832,2,0.00000000,0.00000000
1626735750.43828225,2,0.00000000,0.00000000
1626735750.53827739,2,0.00000000,0.00000000
1626735750.63828373,2,0.00000000,0.00000000
1626735750.73829579,2,0.00000000,0.00000000
1626735750.83829093,2,0.00000000,0.00000000
1626735750.93829727,2,0.00000000,0.00000000
1626735751.03831434,2,0.00000000,0.00000000
1626735751.13829708,2,0.00000000,0.00000000
1626735751.23829985,2,0.00000000,0.00000000
1626735751.33828568,2,0.00000000,0.00000000
1626735751.43827868,2,0.00000000,0.00000000
1626735751.53828049,2,0.00000000,0.00000000
1626735751.63827181,2,0.00000000,0.00000000
1626735751.73831201,2,0.00000000,0.00000000
1626735751.83829618,2,0.00000000,0.00000000
1626735751.93826747,2,0.00000000,0.00000000
1626735752.03827047,2,0.00000000,0.00000000
1626735752.13826919,2,0.00000000,0.00000000
1626735752.23826790,2,0.00000000,0.00000000
1626735752.33828115,2,0.00000000,0.00000000
1626735752.43830228,2,0.00000000,0.00000000
1626735752.53830361,2,0.00000000,0.00000000
1626735752.63830066,2,0.00000000,0.00000000
1626735752.73828411,2,0.00000000,0.00000000
1626735752.83831167,2,0.00000000,0.00000000
1626735752.93824744,2,0.00000000,0.00000000
1626735753.03825808,2,0.00000000,0.00000000
1626735753.13831687,2,0.00000000,0.00000000
1626735753.23828101,2,0.00000000,0.00000000
1626735753.33827376,2,0.00000000,0.00000000
1626735753.43827915,2,0.00000000,0.00000000
1626735753.53830338,2,0.00000000,0.00000000
1626735753.63829684,2,0.00000000,0.00000000
1626735753.73829293,2,0.00000000,0.00000000
1626735753.83830428,2,0.00000000,0.00000000
1626735753.93833017,2,0.00000000,0.00000000
1626735754.03828478,2,0.00000000,0.00000000
1626735754.13829732,2,0.00000000,0.00000000
1626735754.23827672,2,0.00000000,0.00000000
1626735754.33828878,2,0.00000000,0.00000000
1626735754.43829036,2,0.00000000,0.00000000
1626735754.53832150,2,0.00000000,0.00000000
1626735754.63831067,2,0.00000000,0.00000000
1626735754.73831797,2,0.00000000,0.00000000
1626735754.83830523,2,0.00000000,0.00000000
1626735754.93834639,2,0.00000000,0.00000000
1626735755.03825903,2,0.00000000,0.00000000
1626735755.13828802,2,0.00000000,0.00000000
1626735755.23826027,2,0.00000000,0.00000000
1626735755.33826065,2,0.00000000,0.00000000
1626735755.43830395,2,0.00000000,0.00000000
1626735755.53830075,2,0.00000000,0.00000000
1626735755.63826990,2,0.00000000,0.00000000
1626735755.73826528,2,0.00000000,0.00000000
1626735755.83827209,2,0.00000000,0.00000000
1626735755.93827796,2,0.00000000,0.00000000
1626735756.03825140,2,0.00000000,0.00000000
1626735756.13828349,2,0.00000000,0.00000000
1626735756.23828506,2,0.00000000,0.00000000
1626735756.33828640,2,0.00000000,0.00000000
1626735756.43825603,2,0.00000000,0.00000000
1626735756.53830409,2,0.00000000,0.00000000
1626735756.63831639,2,0.00000000,0.00000000
1626735756.73831153,2,0.00000000,0.00000000
1626735756.83827305,2,0.00000000,0.00000000
1626735756.93828368,2,0.00000000,0.00000000
1626735757.03829837,2,0.00000000,0.00000000
1626735757.13829803,2,0.00000000,0.00000000
1626735757.23832726,2,0.00000000,0.00000000
1626735757.33829761,2,0.00000000,0.00000000
1626735757.43829799,2,0.00000000,0.00000000
1626735757.53827739,2,0.00000000,0.00000000
1626735757.63832784,2,0.00000000,0.00000000
1626735757.73829556,2,0.00000000,0.00000000
1626735757.83829880,2,0.00000000,0.00000000
1626735757.93831182,2,0.00000000,0.00000000
1626735758.03829622,2,0.00000000,0.00000000
1626735758.13829851,2,0.00000000,0.00000000
1626735758.23829937,2,0.00000000,0.00000000
1626735758.33830619,2,0.00000000,0.00000000
1626735758.43829679,2,0.00000000,0.00000000
1626735758.53829956,2,0.00000000,0.00000000
1626735758.63830447,2,0.00000000,0.00000000
1626735758.73831868,2,0.00000000,0.00000000
1626735758.83828497,2,0.00000000,0.00000000
1626735758.93825555,2,0.00000000,0.00000000
1626735759.03829980,2,0.00000000,0.00000000
1626735759.13831496,2,0.00000000,0.00000000
1626735759.23830009,2,0.00000000,0.00000000
1626735759.33824587,2,0.00000000,0.00000000
1626735759.43827152,2,0.00000000,0.00000000
1626735759.53827524,2,0.00000000,0.00000000
1626735759.63829994,2,0.00000000,0.00000000
1626735759.73830342,2,0.00000000,0.00000000
1626735759.83827424,2,0.00000000,0.00000000
1626735759.93829751,2,0.00000000,0.00000000
1626735760.03829885,2,0.00000000,0.00000000
1626735760.13830709,2,0.00000000,0.00000000
1626735760.23827958,2,0.00000000,0.00000000
1626735760.33829761,2,0.00000000,0.00000000
1626735760.43828177,2,0.00000000,0.00000000
1626735760.53829551,2,0.00000000,0.00000000
1626735760.63827920,2,0.00000000,0.00000000
1626735760.73828125,2,0.00000000,0.00000000
1626735760.83828640,2,0.00000000,0.00000000
1626735760.93828607,2,0.00000000,0.00000000
1626735761.03827596,2,0.00000000,0.00000000
1626735761.13828444,2,0.00000000,0.00000000
1626735761.23828030,2,0.00000000,0.00000000
1626735761.33827615,2,0.00000000,0.00000000
1626735761.43829870,2,0.00000000,0.00000000
1626735761.53829908,2,0.00000000,0.00000000
1626735761.63829565,2,0.00000000,0.00000000
1626735761.73830891,2,0.00000000,0.00000000
1626735761.83825803,2,0.00000000,0.00000000
1626735761.93829036,2,0.00000000,0.00000000
1626735762.03830624,2,0.00000000,0.00000000
1626735762.13827920,2,0.00000000,0.00000000
1626735762.23830867,2,0.00000000,0.00000000
1626735762.33829379,2,0.00000000,0.00000000
1626735762.43829560,2,0.00000000,0.00000000
1626735762.53829765,2,0.00000000,0.00000000
1626735762.63829875,2,0.00000000,0.00000000
1626735762.73829532,2,0.00000000,0.00000000
1626735762.83829498,2,0.00000000,0.00000000
1626735762.93830466,2,0.00000000,0.00000000
1626735763.03829908,2,0.00000000,0.00000000
1626735763.13829994,2,0.00000000,0.00000000
1626735763.23829985,2,0.00000000,0.00000000
1626735763.33829951,2,0.00000000,0.00000000
1626735763.43830156,2,0.00000000,0.00000000
1626735763.53829980,2,0.00000000,0.00000000
1626735763.63829660,2,0.00000000,0.00000000
1626735763.73829556,2,0.00000000,0.00000000
1626735763.83829117,2,0.00000000,0.00000000
1626735763.93831968,2,0.00000000,0.00000000
1626735764.03829765,2,0.00000000,0.00000000
1626735764.13830066,2,0.00000000,0.00000000
1626735764.23830056,2,0.00000000,0.00000000
1626735764.33830595,2,0.00000000,0.00000000
1626735764.43829966,2,0.00000000,0.00000000
1626735764.53829837,2,0.00000000,0.00000000
1626735764.63830066,2,0.00000000,0.00000000
1626735764.73829722,2,0.00000000,0.00000000
1626735764.83829188,2,0.00000000,0.00000000
1626735764.93830276,2,0.00000000,0.00000000
1626735765.03830910,2,0.00000000,0.00000000
1626735765.13830614,2,0.00000000,0.00000000
1626735765.23831463,2,0.00000000,0.00000000
1626735765.33830547,2,0.00000000,0.00000000
1626735765.43824792,2,0.00000000,0.00000000
1626735765.53829908,2,0.00000000,0.00000000
1626735765.63825727,2,0.00000000,0.00000000
1626735765.73828077,2,0.00000000,0.00000000
1626735765.83830619,2,0.00000000,0.00000000
1626735765.93829894,2,0.00000000,0.00000000
1626735766.03829861,2,0.00000000,0.00000000
1626735766.13829899,2,0.00000000,0.00000000
1626735766.23829889,2,0.00000000,0.00000000
1626735766.33829880,2,0.00000000,0.00000000
1626735766.43830585,2,0.00000000,0.00000000
1626735766.53830242,2,0.00000000,0.00000000
1626735766.63830233,2,0.00000000,0.00000000
1626735766.73829985,2,0.00000000,0.00000000
1626735766.83829784,2,0.00000000,0.00000000
1626735766.93828630,2,0.00000000,0.00000000
1626735767.03829575,2,0.00000000,0.00000000
1626735767.13829875,2,0.00000000,0.00000000
1626735767.23830914,2,0.00000000,0.00000000
1626735767.33830166,2,0.00000000,0.00000000
1626735767.43830037,2,0.00000000,0.00000000
1626735767.53830051,2,0.00000000,0.00000000
1626735767.63829708,2,0.00000000,0.00000000
1626735767.73829865,2,0.00000000,0.00000000
1626735767.83830309,2,0.00000000,0.00000000
1626735767.93829608,2,0.00000000,0.00000000
1626735768.03830123,2,0.00000000,0.00000000
1626735768.13830042,2,0.00000000,0.00000000
1626735768.23830032,2,0.00000000,0.00000000
1626735768.33825207,2,0.00000000,0.00000000
1626735768.43829703,2,0.00000000,0.00000000
1626735768.53829837,2,0.00000000,0.00000000
1626735768.63830042,2,0.00000000,0.00000000
1626735768.73830056,2,0.00000000,0.00000000
1626735768.83828235,2,0.00000000,0.00000000
1626735768.93828225,2,0.00000000,0.00000000
1626735769.03829861,2,0.00000000,0.00000000
1626735769.13829923,2,0.00000000,0.00000000
1626735769.23829651,2,0.00000000,0.00000000
1626735769.33829355,2,0.00000000,0.00000000
1626735769.43829465,2,0.00000000,0.00000000
1626735769.53830552,2,0.00000000,0.00000000
1626735769.63829088,2,0.00000000,0.00000000
1626735769.73829675,2,0.00000000,0.00000000
1626735769.83826613,2,0.00000000,0.00000000
1626735769.93827891,2,0.00000000,0.00000000
1626735770.03829503,2,0.00000000,0.00000000
1626735770.13830614,2,0.00000000,0.00000000
1626735770.23829389,2,0.00000000,0.00000000
1626735770.33829689,2,0.00000000,0.00000000
1626735770.43825078,2,0.00000000,0.00000000
1626735770.53824878,2,0.00000000,0.00000000
1626735770.63830996,2,0.00000000,0.00000000
1626735770.73830438,2,0.00000000,0.00000000
1626735770.83830714,2,0.00000000,0.00000000
1626735770.93825912,2,0.00000000,0.00000000
1626735771.03828168,2,0.00000000,0.00000000
1626735771.13828135,2,0.00000000,0.00000000
1626735771.23829842,2,0.00000000,0.00000000
1626735771.33829975,2,0.00000000,0.00000000
1626735771.43830323,2,0.00000000,0.00000000
1626735771.53829956,2,0.00000000,0.00000000
1626735771.63827991,2,0.00000000,0.00000000
1626735771.73829627,2,0.00000000,0.00000000
1626735771.83829618,2,0.00000000,0.00000000
1626735771.93830037,2,0.00000000,0.00000000
1626735772.03829956,2,0.00000000,0.00000000
1626735772.13829851,2,0.00000000,0.00000000
1626735772.23829985,2,0.00000000,0.00000000
1626735772.33829832,2,0.00000000,0.00000000
1626735772.43829560,2,0.00000000,0.00000000
1626735772.53830218,2,0.00000000,0.00000000
1626735772.63829970,2,0.00000000,0.00000000
1626735772.73830342,2,0.00000000,0.00000000
1626735772.83828902,2,0.00000000,0.00000000
1626735772.93830705,2,0.00000000,0.00000000
1626735773.03828120,2,0.00000000,0.00000000
1626735773.13828206,2,0.00000000,0.00000000
1626735773.23828244,2,0.00000000,0.00000000
1626735773.33829832,2,0.00000000,0.00000000
1626735773.43828201,2,0.00000000,0.00000000
1626735773.53828216,2,0.00000000,0.00000000
1626735773.63827920,2,0.00000000,0.00000000
1626735773.73828220,2,0.00000000,0.00000000
1626735773.83828187,2,0.00000000,0.00000000
1626735773.93824553,2,0.00000000,0.00000000
1626735774.03825641,2,0.00000000,0.00000000
1626735774.13829184,2,0.00000000,0.00000000
1626735774.23829937,2,0.00000000,0.00000000
1626735774.33829999,2,0.00000000,0.00000000
1626735774.43830037,2,0.00000000,0.00000000
1626735774.53827953,2,0.00000000,0.00000000
1626735774.63828015,2,0.00000000,0.00000000
1626735774.73830009,2,0.00000000,0.00000000
1626735774.83829927,2,0.00000000,0.00000000
1626735774.93830132,2,0.00000000,0.00000000
1626735775.03830147,2,0.00000000,0.00000000
1626735775.13830042,2,0.00000000,0.00000000
1626735775.23829889,2,0.00000000,0.00000000
1626735775.33830118,2,0.00000000,0.00000000
1626735775.43829989,2,0.00000000,0.00000000
1626735775.53830028,2,0.00000000,0.00000000
1626735775.63829684,2,0.00000000,0.00000000
1626735775.73828220,2,0.00000000,0.00000000
1626735775.83830047,2,0.00000000,0.00000000
1626735775.93829966,2,0.00000000,0.00000000
1626735776.03829837,2,0.00000000,0.00000000
1626735776.13829708,2,0.00000000,0.00000000
1626735776.23829818,2,0.00000000,0.00000000
1626735776.33829880,2,0.00000000,0.00000000
1626735776.43829775,2,0.00000000,0.00000000
1626735776.53829789,2,0.00000000,0.00000000
1626735776.63829446,2,0.00000000,0.00000000
1626735776.73829603,2,0.00000000,0.00000000
1626735776.83829975,2,0.00000000,0.00000000
1626735776.93829656,2,0.00000000,0.00000000
1626735777.03830433,2,0.00000000,0.00000000
1626735777.13828182,2,0.00000000,0.00000000
1626735777.23828197,2,0.00000000,0.00000000
1626735777.33826208,2,0.00000000,0.00000000
1626735777.43826175,2,0.00000000,0.00000000
1626735777.53830004,2,0.00000000,0.00000000
1626735777.63828111,2,0.00000000,0.00000000
1626735777.73828721,2,0.00000000,0.00000000
1626735777.83828831,2,0.00000000,0.00000000
1626735777.93830132,2,0.00000000,0.00000000
1626735778.03829789,2,0.00000000,0.00000000
1626735778.13830781,2,0.00000000,0.00000000
1626735778.23829818,2,0.00000000,0.00000000
1626735778.33829975,2,0.00000000,0.00000000
1626735778.43829942,2,0.00000000,0.00000000
1626735778.53830075,2,0.00000000,0.00000000
1626735778.63829947,2,0.00000000,0.00000000
1626735778.73830104,2,0.00000000,0.00000000
1626735778.83828807,2,0.00000000,0.00000000
1626735778.93829679,2,0.00000000,0.00000000
1626735779.03831005,2,0.00000000,0.00000000
1626735779.13829613,2,0.00000000,0.00000000
1626735779.23831344,2,0.00000000,0.00000000
1626735779.33829618,2,0.00000000,0.00000000
1626735779.43828583,2,0.00000000,0.00000000
1626735779.53831196,2,0.00000000,0.00000000
1626735779.63829780,2,0.00000000,0.00000000
1626735779.73827887,2,0.00000000,0.00000000
1626735779.83827972,2,0.00000000,0.00000000
1626735779.93828893,2,0.00000000,0.00000000
1626735780.03829932,2,0.00000000,0.00000000
1626735780.13831115,2,0.00000000,0.00000000
1626735780.23829961,2,0.00000000,0.00000000
1626735780.33830261,2,0.00000000,0.00000000
1626735780.43829703,2,0.00000000,0.00000000
1626735780.53829789,2,0.00000000,0.00000000
1626735780.63831162,2,0.00000000,0.00000000
1626735780.73829746,2,0.00000000,0.00000000
1626735780.83828878,2,0.00000000,0.00000000
1626735780.93830729,2,0.00000000,0.00000000
1626735781.03829741,2,0.00000000,0.00000000
1626735781.13829923,2,0.00000000,0.00000000
1626735781.23829913,2,0.00000000,0.00000000
1626735781.33830500,2,0.00000000,0.00000000
1626735781.43830132,2,0.00000000,0.00000000
1626735781.53830004,2,0.00000000,0.00000000
1626735781.63829899,2,0.00000000,0.00000000
1626735781.73829818,2,0.00000000,0.00000000
1626735781.83829880,2,0.00000000,0.00000000
1626735781.93829679,2,0.00000000,0.00000000
1626735782.03829741,2,0.00000000,0.00000000
1626735782.13829637,2,0.00000000,0.00000000
1626735782.23830223,2,0.00000000,0.00000000
1626735782.33829689,2,0.00000000,0.00000000
1626735782.43829870,2,0.00000000,0.00000000
1626735782.53829932,2,0.00000000,0.00000000
1626735782.63830018,2,0.00000000,0.00000000
1626735782.73829699,2,0.00000000,0.00000000
1626735782.83825231,2,0.00000000,0.00000000
1626735782.93829989,2,0.00000000,0.00000000
1626735783.03829741,2,0.00000000,0.00000000
1626735783.13829923,2,0.00000000,0.00000000
1626735783.23830104,2,0.00000000,0.00000000
1626735783.33830237,2,0.00000000,0.00000000
1626735783.43830013,2,0.00000000,0.00000000
1626735783.53830361,2,0.00000000,0.00000000
1626735783.63830042,2,0.00000000,0.00000000
1626735783.73827982,2,0.00000000,0.00000000
1626735783.83828259,2,0.00000000,0.00000000
1626735783.93831587,2,0.00000000,0.00000000
1626735784.03829503,2,0.00000000,0.00000000
1626735784.13827896,2,0.00000000,0.00000000
1626735784.23829675,2,0.00000000,0.00000000
1626735784.33825827,2,0.00000000,0.00000000
1626735784.43827891,2,0.00000000,0.00000000
1626735784.53828025,2,0.00000000,0.00000000
1626735784.63830066,2,0.00000000,0.00000000
1626735784.73828053,2,0.00000000,0.00000000
1626735784.83825803,2,0.00000000,0.00000000
1626735784.93827939,2,0.00000000,0.00000000
1626735785.03828835,2,0.00000000,0.00000000
1626735785.13830709,2,0.00000000,0.00000000
1626735785.23829889,2,0.00000000,0.00000000
1626735785.33830738,2,0.00000000,0.00000000
1626735785.43829489,2,0.00000000,0.00000000
1626735785.53829575,2,0.00000000,0.00000000
1626735785.63825464,2,0.00000000,0.00000000
1626735785.73830628,2,0.00000000,0.00000000
1626735785.83829689,2,0.00000000,0.00000000
1626735785.93829846,2,0.00000000,0.00000000
1626735786.03829718,2,0.00000000,0.00000000
1626735786.13829541,2,0.00000000,0.00000000
1626735786.23829556,2,0.00000000,0.00000000
1626735786.33828068,2,0.00000000,0.00000000
1626735786.43829727,2,0.00000000,0.00000000
1626735786.53829646,2,0.00000000,0.00000000
1626735786.63830686,2,0.00000000,0.00000000
1626735786.73829937,2,0.00000000,0.00000000
1626735786.83829117,2,0.00000000,0.00000000
1626735786.93829966,2,0.00000000,0.00000000
1626735787.03830314,2,0.00000000,0.00000000
1626735787.13829923,2,0.00000000,0.00000000
1626735787.23829842,2,0.00000000,0.00000000
1626735787.33829784,2,0.00000000,0.00000000
1626735787.43829656,2,0.00000000,0.00000000
1626735787.53829980,2,0.00000000,0.00000000
1626735787.63829994,2,0.00000000,0.00000000
1626735787.73830009,2,0.00000000,0.00000000
1626735787.83829093,2,0.00000000,0.00000000
1626735787.93830109,2,0.00000000,0.00000000
1626735788.03830123,2,0.00000000,0.00000000
1626735788.13829732,2,0.00000000,0.00000000
1626735788.23829961,2,0.00000000,0.00000000
1626735788.33830142,2,0.00000000,0.00000000
1626735788.43830037,2,0.00000000,0.00000000
1626735788.53830075,2,0.00000000,0.00000000
1626735788.63829780,2,0.00000000,0.00000000
1626735788.73829961,2,0.00000000,0.00000000
1626735788.83829880,2,0.00000000,0.00000000
1626735788.93830085,2,0.00000000,0.00000000
1626735789.03829813,2,0.00000000,0.00000000
1626735789.13830113,2,0.00000000,0.00000000
1626735789.23830056,2,0.00000000,0.00000000
1626735789.33830047,2,0.00000000,0.00000000
1626735789.43830109,2,0.00000000,0.00000000
1626735789.53830051,2,0.00000000,0.00000000
1626735789.63830090,2,0.00000000,0.00000000
1626735789.73830080,2,0.00000000,0.00000000
1626735789.83826780,2,0.00000000,0.00000000
1626735789.93829727,2,0.00000000,0.00000000
1626735790.03829861,2,0.00000000,0.00000000
1626735790.13830066,2,0.00000000,0.00000000
1626735790.23830080,2,0.00000000,0.00000000
1626735790.33828163,2,0.00000000,0.00000000
1626735790.43828273,2,0.00000000,0.00000000
1626735790.53828144,2,0.00000000,0.00000000
1626735790.63829732,2,0.00000000,0.00000000
1626735790.73828721,2,0.00000000,0.00000000
1626735790.83831334,2,0.00000000,0.00000000
1626735790.93827295,2,0.00000000,0.00000000
1626735791.03830671,2,0.00000000,0.00000000
1626735791.13827944,2,0.00000000,0.00000000
1626735791.23831272,2,0.00000000,0.00000000
1626735791.33830667,2,0.00000000,0.00000000
1626735791.43828058,2,0.00000000,0.00000000
1626735791.53828192,2,0.00000000,0.00000000
1626735791.63829780,2,0.00000000,0.00000000
1626735791.73830724,2,0.00000000,0.00000000
1626735791.83830404,2,0.00000000,0.00000000
1626735791.93831038,2,0.00000000,0.00000000
1626735792.03829765,2,0.00000000,0.00000000
1626735792.13830805,2,0.00000000,0.00000000
1626735792.23829818,2,0.00000000,0.00000000
1626735792.33830738,2,0.00000000,0.00000000
1626735792.43827963,2,0.00000000,0.00000000
1626735792.53829980,2,0.00000000,0.00000000
1626735792.63829732,2,0.00000000,0.00000000
1626735792.73829842,2,0.00000000,0.00000000
1626735792.83830047,2,0.00000000,0.00000000
1626735792.93829679,2,0.00000000,0.00000000
1626735793.03829980,2,0.00000000,0.00000000
1626735793.13830018,2,0.00000000,0.00000000
1626735793.23830104,2,0.00000000,0.00000000
1626735793.33830047,2,0.00000000,0.00000000
1626735793.43830180,2,0.00000000,0.00000000
1626735793.53829837,2,0.00000000,0.00000000
1626735793.63830400,2,0.00000000,0.00000000
1626735793.73830152,2,0.00000000,0.00000000
1626735793.83830023,2,0.00000000,0.00000000
1626735793.93831944,2,0.00000000,0.00000000
1626735794.03829741,2,0.00000000,0.00000000
1626735794.13828731,2,0.00000000,0.00000000
1626735794.23829508,2,0.00000000,0.00000000
1626735794.33829618,2,0.00000000,0.00000000
1626735794.43829632,2,0.00000000,0.00000000
1626735794.53829861,2,0.00000000,0.00000000
1626735794.63828063,2,0.00000000,0.00000000
1626735794.73826194,2,0.00000000,0.00000000
1626735794.83828497,2,0.00000000,0.00000000
1626735794.93830872,2,0.00000000,0.00000000
1626735795.03830481,2,0.00000000,0.00000000
1626735795.13825941,2,0.00000000,0.00000000
1626735795.23827291,2,0.00000000,0.00000000
1626735795.33828020,2,0.00000000,0.00000000
1626735795.43828011,2,0.00000000,0.00000000
1626735795.53829646,2,0.00000000,0.00000000
1626735795.63829637,2,0.00000000,0.00000000
1626735795.73829913,2,0.00000000,0.00000000
1626735795.83830023,2,0.00000000,0.00000000
1626735795.93830776,2,0.00000000,0.00000000
1626735796.03828049,2,0.00000000,0.00000000
1626735796.13828182,2,0.00000000,0.00000000
1626735796.23828697,2,0.00000000,0.00000000
1626735796.33827925,2,0.00000000,0.00000000
1626735796.43829656,2,0.00000000,0.00000000
1626735796.53825855,2,0.00000000,0.00000000
1626735796.63828492,2,0.00000000,0.00000000
1626735796.73828769,2,0.00000000,0.00000000
1626735796.83825135,2,0.00000000,0.00000000
1626735796.93829441,2,0.00000000,0.00000000
1626735797.03829598,2,0.00000000,0.00000000
1626735797.13828826,2,0.00000000,0.00000000
1626735797.23828149,2,0.00000000,0.00000000
1626735797.33828187,2,0.00000000,0.00000000
1626735797.43828344,2,0.00000000,0.00000000
1626735797.53829932,2,0.00000000,0.00000000
1626735797.63829613,2,0.00000000,0.00000000
1626735797.73827934,2,0.00000000,0.00000000
1626735797.83826995,2,0.00000000,0.00000000
1626735797.93829846,2,0.00000000,0.00000000
1626735798.03830314,2,0.00000000,0.00000000
1626735798.13829994,2,0.00000000,0.00000000
1626735798.23830557,2,0.00000000,0.00000000
1626735798.33830070,2,0.00000000,0.00000000
1626735798.43830490,2,0.00000000,0.00000000
1626735798.53830028,2,0.00000000,0.00000000
1626735798.63830304,2,0.00000000,0.00000000
1626735798.73830819,2,0.00000000,0.00000000
1626735798.83829069,2,0.00000000,0.00000000
1626735798.93829656,2,0.00000000,0.00000000
1626735799.03830862,2,0.00000000,0.00000000
1626735799.13826060,2,0.00000000,0.00000000
1626735799.23828030,2,0.00000000,0.00000000
1626735799.33829641,2,0.00000000,0.00000000
1626735799.43825865,2,0.00000000,0.00000000
1626735799.53826165,2,0.00000000,0.00000000
1626735799.63828635,2,0.00000000,0.00000000
1626735799.73828125,2,0.00000000,0.00000000
1626735799.83830595,2,0.00000000,0.00000000
1626735799.93830013,2,0.00000000,0.00000000
1626735800.03830266,2,0.00000000,0.00000000
1626735800.13830614,2,0.00000000,0.00000000
1626735800.23830223,2,0.00000000,0.00000000
1626735800.33830166,2,0.00000000,0.00000000
1626735800.43830204,2,0.00000000,0.00000000
1626735800.53827929,2,0.00000000,0.00000000
1626735800.63827968,2,0.00000000,0.00000000
1626735800.73829985,2,0.00000000,0.00000000
1626735800.83827949,2,0.00000000,0.00000000
1626735800.93829727,2,0.00000000,0.00000000
1626735801.03826904,2,0.00000000,0.00000000
1626735801.13827968,2,0.00000000,0.00000000
1626735801.23829794,1,0.00000006,0.00000000
1626735801.33829498,1,0.05000001,0.00000000
1626735801.43827176,1,0.09999996,0.00000000
1626735801.53825784,1,0.15097003,0.00000000
1626735801.63828325,1,0.19999998,0.00000000
1626735801.73825955,1,0.25000005,0.00000000
1626735801.83830667,1,0.30000000,0.00000000
1626735801.93829441,1,0.35290995,0.00000000
1626735802.03828621,1,0.40630501,0.00000000
1626735802.13829923,1,0.45872998,0.00000000
1626735802.23829961,1,0.50582000,0.00000000
1626735802.33829451,1,0.55824491,0.00000000
1626735802.43829894,1,0.61212511,0.00000000
1626735802.53829718,1,0.66164005,0.00000000
1626735802.63830686,1,0.71212493,0.00000000
1626735802.73829842,1,0.76115511,0.00000000
1626735802.83827472,1,0.81212493,0.00000000
1626735802.93827796,1,0.86067011,0.00000000
1626735803.03829718,1,0.91115511,0.00000000
1626735803.13829970,1,0.96115494,0.00000000
1626735803.23828244,0,0.00000000,0.00000000
1626735803.33829927,0,0.00000000,0.00000000
1626735803.43829966,0,0.00000000,0.00000000
1626735803.53830218,0,0.00000000,0.00000000
1626735803.63830018,0,0.00000000,0.00000000
1626735803.73830056,0,0.00000000,0.00000000
1626735803.83828425,0,0.00000000,0.00000000
1626735803.93827009,0,0.00000000,0.00000000
1626735804.03827882,0,0.00000000,0.00000000
1626735804.13830018,0,0.00000000,0.00000000
1626735804.23830032,0,0.00000000,0.00000000
1626735804.33829999,0,0.00000000,0.00000000
1626735804.43830061,0,0.00000000,0.00000000
1626735804.53830028,0,0.00000000,0.00000000
1626735804.63828182,0,0.00000000,0.00000000
1626735804.73830032,0,0.00000000,0.00000000
1626735804.83830023,0,0.00000000,0.00000000
1626735804.93825889,0,0.00000000,0.00000000
1626735805.03830409,0,0.00000000,0.00000000
1626735805.13830018,0,0.00000000,0.00000000
1626735805.23827004,0,0.00000000,0.00000000
1626735805.33830953,0,0.00000000,0.00000000
1626735805.43829918,0,0.00000000,0.00000000
1626735805.53830028,0,0.00000000,0.00000000
1626735805.63828254,0,0.00000000,0.00000000
1626735805.73830104,0,0.00000000,0.00000000
1626735805.83830094,0,0.00000000,0.00000000
1626735805.93829727,0,0.00000000,0.00000000
1626735806.03829527,0,0.00000000,0.00000000
1626735806.13829613,0,0.00000000,0.00000000
1626735806.23826098,0,0.00000000,0.00000000
1626735806.33829832,0,0.00000000,0.00000000
1626735806.43829584,0,0.00000000,0.00000000
1626735806.53828096,0,0.00000000,0.00000000
1626735806.63828087,0,0.00000000,0.00000000
1626735806.73830080,0,0.00000000,0.00000000
1626735806.83830857,0,0.00000000,0.00000000
1626735806.93828154,0,0.00000000,0.00000000
1626735807.03828311,0,0.00000000,0.00000000
1626735807.13829851,0,0.00000000,0.00000000
1626735807.23829937,0,0.00000000,0.00000000
1626735807.33829999,0,0.00000000,0.00000000
1626735807.43830085,0,0.00000000,0.00000000
1626735807.53830266,0,0.00000000,0.00000000
1626735807.63830495,0,0.00000000,0.00000000
1626735807.73830342,0,0.00000000,0.00000000
1626735807.83831096,0,0.00000000,0.00000000
1626735807.93829846,0,0.00000000,0.00000000
1626735808.03827691,0,0.00000000,0.00000000
1626735808.13827205,0,0.00000000,0.00000000
1626735808.23828626,0,0.00000000,0.00000000
1626735808.33827853,0,0.00000000,0.00000000
1626735808.43830419,0,0.00000000,0.00000000
1626735808.53830051,0,0.00000000,0.00000000
1626735808.63830233,0,0.00000000,0.00000000
1626735808.73829842,0,0.00000000,0.00000000
1626735808.83827853,0,0.00000000,0.00000000
1626735808.93826580,0,0.00000000,0.00000000
1626735809.03830719,0,0.00000000,0.00000000
1626735809.13829112,0,0.00000000,0.00000000
1626735809.23827767,0,0.00000000,0.00000000
1626735809.33829927,0,0.00000000,0.00000000
1626735809.43826222,0,0.00000000,0.00000000
1626735809.53828788,0,0.00000000,0.00000000
1626735809.63829637,0,0.00000000,0.00000000
1626735809.73829818,0,0.00000000,0.00000000
1626735809.83831096,0,0.00000000,0.00000000
1626735809.93830299,0,0.00000000,0.00000000
1626735810.03830528,0,0.00000000,0.00000000
1626735810.13830447,0,0.00000000,0.00000000
1626735810.23830748,0,0.00000000,0.00000000
1626735810.33831382,0,0.00000000,0.00000000
1626735810.43829656,0,0.00000000,0.00000000
1626735810.53829765,0,0.00000000,0.00000000
1626735810.63829494,0,0.00000000,0.00000000
1626735810.73826218,0,0.00000000,0.00000000
1626735810.83827376,0,0.00000000,0.00000000
1626735810.93829656,0,0.00000000,0.00000000
1626735811.03830433,0,0.00000000,0.00000000
1626735811.13829899,0,0.00000000,0.00000000
1626735811.23829889,0,0.00000000,0.00000000
1626735811.33829880,0,0.00000000,0.00000000
1626735811.43829942,0,0.00000000,0.00000000
1626735811.53829908,0,0.00000000,0.00000000
1626735811.63829923,0,0.00000000,0.00000000
1626735811.73829985,0,0.00000000,0.00000000
1626735811.83830142,0,0.00000000,0.00000000
1626735811.93829918,0,0.00000000,0.00000000
1626735812.03829646,0,0.00000000,0.00000000
1626735812.13829756,0,0.00000000,0.00000000
1626735812.23829675,0,0.00000000,0.00000000
1626735812.33829856,1,0.95000010,0.00000000
1626735812.43829679,1,0.89999991,0.00000000
1626735812.53829861,1,0.84999996,0.00000000
1626735812.63829899,1,0.80000000,0.00000000
1626735812.73829937,1,0.75000005,0.00000000
1626735812.83825684,1,0.70000010,0.00000000
1626735812.93829632,1,0.64805991,0.00000000
1626735813.03829765,1,0.59999997,0.00000000
1626735813.13829780,1,0.54903002,0.00000000
1626735813.23829889,1,0.49805995,0.00000000
1626735813.33829808,1,0.44903001,0.00000000
1626735813.43829918,1,0.39902995,0.00000000
1626735813.53829622,1,0.35000000,0.00000000
1626735813.63829732,1,0.29806005,0.00000000
1626735813.73830724,1,0.24999999,0.00000000
1626735813.83827162,1,0.19903003,0.00000000
1626735813.93826580,1,0.14902997,0.00000000
1626735814.03829646,1,0.10000002,0.00000000
1626735814.13831043,1,0.04805995,0.00000000
1626735814.23830342,1,0.00000001,0.00000000
1626735814.33829880,2,0.00000000,0.00000000
1626735814.43829894,2,0.00000000,0.00000000
1626735814.53830552,2,0.00000000,0.00000000
1626735814.63829851,2,0.00000000,0.00000000
1626735814.73829889,2,0.00000000,0.00000000
1626735814.83830714,2,0.00000000,0.00000000
1626735814.93829846,2,0.00000000,0.00000000
1626735815.03830123,2,0.00000000,0.00000000
1626735815.13829827,2,0.00000000,0.00000000
1626735815.23829818,2,0.00000000,0.00000000
1626735815.33829975,2,0.00000000,0.00000000
1626735815.43827987,2,0.00000000,0.00000000
1626735815.53828096,2,0.00000000,0.00000000
1626735815.63828158,2,0.00000000,0.00000000
1626735815.73829889,2,0.00000000,0.00000000
1626735815.83825231,2,0.00000000,0.00000000
1626735815.93829942,2,0.00000000,0.00000000
1626735816.03829908,2,0.00000000,0.00000000
1626735816.13829947,2,0.00000000,0.00000000
1626735816.23830223,2,0.00000000,0.00000000
1626735816.33829999,2,0.00000000,0.00000000
1626735816.43830776,2,0.00000000,0.00000000
1626735816.53827786,2,0.00000000,0.00000000
1626735816.63831067,2,0.00000000,0.00000000
1626735816.73829579,2,0.00000000,0.00000000
1626735816.83825493,2,0.00000000,0.00000000
1626735816.93834972,2,0.00000000,0.00000000
1626735817.03835249,2,0.00000000,0.00000000
1626735817.13829613,2,0.00000000,0.00000000
1626735817.23826694,2,0.00000000,0.00000000
1626735817.33830833,2,0.00000000,0.00000000
1626735817.43830228,2,0.00000000,0.00000000
1626735817.53829718,2,0.00000000,0.00000000
1626735817.63829923,2,0.00000000,0.00000000
1626735817.73829865,2,0.00000000,0.00000000
1626735817.83824873,2,0.00000000,0.00000000
1626735817.93827033,2,0.00000000,0.00000000
1626735818.03829980,2,0.00000000,0.00000000
1626735818.13830495,2,0.00000000,0.00000000
1626735818.23829889,2,0.00000000,0.00000000
1626735818.33829880,2,0.00000000,0.00000000
1626735818.43826294,2,0.00000000,0.00000000
1626735818.53828073,2,0.00000000,0.00000000
1626735818.63829899,2,0.00000000,0.00000000
1626735818.73829937,2,0.00000000,0.00000000
1626735818.83827853,2,0.00000000,0.00000000
1626735818.93830013,2,0.00000000,0.00000000
1626735819.03830218,2,0.00000000,0.00000000
1626735819.13829660,2,0.00000000,0.00000000
1626735819.23829675,2,0.00000000,0.00000000
1626735819.33826137,2,0.00000000,0.00000000
1626735819.43828034,2,0.00000000,0.00000000
1626735819.53826022,2,0.00000000,0.00000000
1626735819.63828111,2,0.00000000,0.00000000
1626735819.73827958,2,0.00000000,0.00000000
1626735819.83828235,2,0.00000000,0.00000000
1626735819.93828654,2,0.00000000,0.00000000
1626735820.03830242,2,0.00000000,0.00000000
1626735820.13830018,2,0.00000000,0.00000000
1626735820.23829627,2,0.00000000,0.00000000
1626735820.33829427,2,0.00000000,0.00000000
1626735820.43829894,2,0.00000000,0.00000000
1626735820.53830075,2,0.00000000,0.00000000
1626735820.63830090,2,0.00000000,0.00000000
1626735820.73830056,2,0.00000000,0.00000000
1626735820.83830786,2,0.00000000,0.00000000
1626735820.93829775,2,0.00000000,0.00000000
1626735821.03830290,2,0.00000000,0.00000000
1626735821.13835144,2,0.00000000,0.00000000
1626735821.23827648,2,0.00000000,0.00000000
1626735821.33829641,2,0.00000000,0.00000000
1626735821.43829703,2,0.00000000,0.00000000
1626735821.53829741,2,0.00000000,0.00000000
1626735821.63830042,2,0.00000000,0.00000000
1626735821.73829985,2,0.00000000,0.00000000
1626735821.83829904,2,0.00000000,0.00000000
1626735821.93829942,2,0.00000000,0.00000000
1626735822.03829694,2,0.00000000,0.00000000
1626735822.13829708,2,0.00000000,0.00000000
1626735822.23828673,2,0.00000000,0.00000000
1626735822.33829856,2,0.00000000,0.00000000
1626735822.43826270,2,0.00000000,0.00000000
1626735822.53826261,2,0.00000000,0.00000000
1626735822.63827848,2,0.00000000,0.00000000
1626735822.73830819,2,0.00000000,0.00000000
1626735822.83827996,2,0.00000000,0.00000000
1626735822.93829918,2,0.00000000,0.00000000
1626735823.03829789,2,0.00000000,0.00000000
1626735823.13829732,2,0.00000000,0.00000000
1626735823.23828197,2,0.00000000,0.00000000
1626735823.33828092,2,0.00000000,0.00000000
1626735823.43825936,2,0.00000000,0.00000000
1626735823.53824806,2,0.00000000,0.00000000
1626735823.63825774,2,0.00000000,0.00000000
1626735823.73829603,2,0.00000000,0.00000000
1626735823.83830333,2,0.00000000,0.00000000
1626735823.93831682,2,0.00000000,0.00000000
1626735824.03827786,2,0.00000000,0.00000000
1626735824.13826299,2,0.00000000,0.00000000
1626735824.23828173,2,0.00000000,0.00000000
1626735824.33827996,2,0.00000000,0.00000000
1626735824.43826199,2,0.00000000,0.00000000
1626735824.53828001,2,0.00000000,0.00000000
1626735824.63829803,2,0.00000000,0.00000000
1626735824.73829961,2,0.00000000,0.00000000
1626735824.83827853,2,0.00000000,0.00000000
1626735824.93828201,2,0.00000000,0.00000000
1626735825.03825927,2,0.00000000,0.00000000
1626735825.13825941,2,0.00000000,0.00000000
1626735825.23827958,2,0.00000000,0.00000000
1626735825.33829784,2,0.00000000,0.00000000
1626735825.43827868,2,0.00000000,0.00000000
1626735825.53829885,2,0.00000000,0.00000000
1626735825.63827872,2,0.00000000,0.00000000
1626735825.73829889,2,0.00000000,0.00000000
1626735825.83829761,2,0.00000000,0.00000000
1626735825.93827248,2,0.00000000,0.00000000
1626735826.03830528,2,0.00000000,0.00000000
1626735826.13829780,2,0.00000000,0.00000000
1626735826.23829460,2,0.00000000,0.00000000
1626735826.33830214,2,0.00000000,0.00000000
1626735826.43830776,2,0.00000000,0.00000000
1626735826.53829551,2,0.00000000,0.00000000
1626735826.63827753,2,0.00000000,0.00000000
1626735826.73830295,2,0.00000000,0.00000000
1626735826.83831334,2,0.00000000,0.00000000
1626735826.93830514,2,0.00000000,0.00000000
1626735827.03830671,2,0.00000000,0.00000000
1626735827.13829589,2,0.00000000,0.00000000
1626735827.23829842,2,0.00000000,0.00000000
1626735827.33829832,2,0.00000000,0.00000000
1626735827.43827844,2,0.00000000,0.00000000
1626735827.53829670,2,0.00000000,0.00000000
1626735827.63830066,2,0.00000000,0.00000000
1626735827.73828030,2,0.00000000,0.00000000
1626735827.83829641,2,0.00000000,0.00000000
1626735827.93830776,2,0.00000000,0.00000000
1626735828.03824854,2,0.00000000,0.00000000
1626735828.13828754,2,0.00000000,0.00000000
1626735828.23829985,2,0.00000000,0.00000000
1626735828.33825278,2,0.00000000,0.00000000
1626735828.43829894,2,0.00000000,0.00000000
1626735828.53829765,2,0.00000000,0.00000000
1626735828.63830304,2,0.00000000,0.00000000
1626735828.73829889,2,0.00000000,0.00000000
1626735828.83825684,2,0.00000000,0.00000000
1626735828.93830085,2,0.00000000,0.00000000
1626735829.03826189,2,0.00000000,0.00000000
1626735829.13829803,2,0.00000000,0.00000000
1626735829.23827934,2,0.00000000,0.00000000
1626735829.33827829,2,0.00000000,0.00000000
1626735829.43825960,2,0.00000000,0.00000000
1626735829.53829503,2,0.00000000,0.00000000
1626735829.63825917,2,0.00000000,0.00000000
1626735829.73826170,2,0.00000000,0.00000000
1626735829.83826995,2,0.00000000,0.00000000
1626735829.93825793,2,0.00000000,0.00000000
1626735830.03825760,2,0.00000000,0.00000000
1626735830.13825917,2,0.00000000,0.00000000
1626735830.23826742,2,0.00000000,0.00000000
1626735830.33830547,2,0.00000000,0.00000000
1626735830.43829703,2,0.00000000,0.00000000
1626735830.53825641,2,0.00000000,0.00000000
1626735830.63826418,2,0.00000000,0.00000000
1626735830.73825645,2,0.00000000,0.00000000
1626735830.83825493,2,0.00000000,0.00000000
1626735830.93827653,2,0.00000000,0.00000000
1626735831.03830218,2,0.00000000,0.00000000
1626735831.13826036,2,0.00000000,0.00000000
1626735831.23830414,2,0.00000000,0.00000000
1626735831.33830357,2,0.00000000,0.00000000
1626735831.43830013,2,0.00000000,0.00000000
1626735831.53830504,2,0.00000000,0.00000000
1626735831.63831639,2,0.00000000,0.00000000
1626735831.73833823,2,0.00000000,0.00000000
1626735831.83830023,2,0.00000000,0.00000000
1626735831.93829584,2,0.00000000,0.00000000
1626735832.03831768,2,0.00000000,0.00000000
1626735832.13824415,2,0.00000000,0.00000000
1626735832.23831415,2,0.00000000,0.00000000
1626735832.33826470,2,0.00000000,0.00000000
1626735832.43829799,2,0.00000000,0.00000000
1626735832.53830338,2,0.00000000,0.00000000
1626735832.63829088,2,0.00000000,0.00000000
1626735832.73828602,2,0.00000000,0.00000000
1626735832.83832026,2,0.00000000,0.00000000
1626735832.93829465,2,0.00000000,0.00000000
1626735833.03830409,2,0.00000000,0.00000000
1626735833.13830471,2,0.00000000,0.00000000
1626735833.23829389,2,0.00000000,0.00000000
1626735833.33830404,2,0.00000000,0.00000000
1626735833.43827963,2,0.00000000,0.00000000
1626735833.53826618,2,0.00000000,0.00000000
1626735833.63830829,2,0.00000000,0.00000000
1626735833.73829818,2,0.00000000,0.00000000
1626735833.83826852,2,0.00000000,0.00000000
1626735833.93827128,2,0.00000000,0.00000000
1626735834.03828430,2,0.00000000,0.00000000
1626735834.13825941,2,0.00000000,0.00000000
1626735834.23827982,2,0.00000000,0.00000000
1626735834.33830142,2,0.00000000,0.00000000
1626735834.43828082,2,0.00000000,0.00000000
1626735834.53829598,2,0.00000000,0.00000000
1626735834.63827944,2,0.00000000,0.00000000
1626735834.73828292,2,0.00000000,0.00000000
1626735834.83828092,2,0.00000000,0.00000000
1626735834.93827844,2,0.00000000,0.00000000
1626735835.03829718,2,0.00000000,0.00000000
1626735835.13827825,2,0.00000000,0.00000000
1626735835.23828459,2,0.00000000,0.00000000
1626735835.33828044,2,0.00000000,0.00000000
1626735835.43828130,2,0.00000000,0.00000000
1626735835.53828001,2,0.00000000,0.00000000
1626735835.63829637,2,0.00000000,0.00000000
1626735835.73829913,2,0.00000000,0.00000000
1626735835.83827925,2,0.00000000,0.00000000
1626735835.93829727,2,0.00000000,0.00000000
1626735836.03830576,2,0.00000000,0.00000000
1626735836.13827586,2,0.00000000,0.00000000
1626735836.23830438,2,0.00000000,0.00000000
1626735836.33831477,2,0.00000000,0.00000000
1626735836.43829322,2,0.00000000,0.00000000
1626735836.53829360,2,0.00000000,0.00000000
1626735836.63830829,2,0.00000000,0.00000000
1626735836.73829508,2,0.00000000,0.00000000
1626735836.83829808,2,0.00000000,0.00000000
1626735836.93829942,2,0.00000000,0.00000000
1626735837.03829885,2,0.00000000,0.00000000
1626735837.13828111,2,0.00000000,0.00000000
1626735837.23830009,2,0.00000000,0.00000000
1626735837.33829832,2,0.00000000,0.00000000
1626735837.43829870,2,0.00000000,0.00000000
1626735837.53829932,2,0.00000000,0.00000000
1626735837.63829875,2,0.00000000,0.00000000
1626735837.73830128,2,0.00000000,0.00000000
1626735837.83830357,2,0.00000000,0.00000000
1626735837.93829441,2,0.00000000,0.00000000
1626735838.03827286,2,0.00000000,0.00000000
1626735838.13829803,2,0.00000000,0.00000000
1626735838.23829794,2,0.00000000,0.00000000
1626735838.33826327,2,0.00000000,0.00000000
1626735838.43829870,2,0.00000000,0.00000000
1626735838.53830314,2,0.00000000,0.00000000
1626735838.63829970,2,0.00000000,0.00000000
1626735838.73829794,2,0.00000000,0.00000000
1626735838.83830118,2,0.00000000,0.00000000
1626735838.93829966,2,0.00000000,0.00000000
1626735839.03830576,2,0.00000000,0.00000000
1626735839.13831019,2,0.00000000,0.00000000
1626735839.23829699,2,0.00000000,0.00000000
1626735839.33829927,2,0.00000000,0.00000000
1626735839.43830085,2,0.00000000,0.00000000
1626735839.53829980,2,0.00000000,0.00000000
1626735839.63829780,2,0.00000000,0.00000000
1626735839.73829770,2,0.00000000,0.00000000
1626735839.83828688,2,0.00000000,0.00000000
1626735839.93829656,2,0.00000000,0.00000000
1626735840.03829527,2,0.00000000,0.00000000
1626735840.13829875,2,0.00000000,0.00000000
1626735840.23830056,2,0.00000000,0.00000000
1626735840.33829856,2,0.00000000,0.00000000
1626735840.43830490,2,0.00000000,0.00000000
1626735840.53829980,2,0.00000000,0.00000000
1626735840.63829637,2,0.00000000,0.00000000
1626735840.73829794,2,0.00000000,0.00000000
1626735840.83829808,2,0.00000000,0.00000000
1626735840.93829918,2,0.00000000,0.00000000
1626735841.03829932,2,0.00000000,0.00000000
1626735841.13830256,2,0.00000000,0.00000000
1626735841.23829961,2,0.00000000,0.00000000
1626735841.33829975,2,0.00000000,0.00000000
1626735841.43829846,2,0.00000000,0.00000000
1626735841.53829908,2,0.00000000,0.00000000
1626735841.63829899,2,0.00000000,0.00000000
1626735841.73829937,2,0.00000000,0.00000000
1626735841.83826232,2,0.00000000,0.00000000
1626735841.93829608,2,0.00000000,0.00000000
1626735842.03829956,2,0.00000000,0.00000000
1626735842.13829947,2,0.00000000,0.00000000
1626735842.23830128,2,0.00000000,0.00000000
1626735842.33829999,2,0.00000000,0.00000000
1626735842.43829918,2,0.00000000,0.00000000
1626735842.53829885,2,0.00000000,0.00000000
1626735842.63829899,2,0.00000000,0.00000000
1626735842.73826289,2,0.00000000,0.00000000
1626735842.83829880,2,0.00000000,0.00000000
1626735842.93830538,2,0.00000000,0.00000000
1626735843.03829765,2,0.00000000,0.00000000
1626735843.13829756,2,0.00000000,0.00000000
1626735843.23829937,2,0.00000000,0.00000000
1626735843.33829641,2,0.00000000,0.00000000
1626735843.43829870,2,0.00000000,0.00000000
1626735843.53829694,2,0.00000000,0.00000000
1626735843.63829923,2,0.00000000,0.00000000
1626735843.73829889,2,0.00000000,0.00000000
1626735843.83829999,2,0.00000000,0.00000000
1626735843.93831825,2,0.00000000,0.00000000
1626735844.03827500,2,0.00000000,0.00000000
1626735844.13830686,2,0.00000000,0.00000000
1626735844.23829699,2,0.00000000,0.00000000
1626735844.33828020,2,0.00000000,0.00000000
1626735844.43829870,2,0.00000000,0.00000000
1626735844.53829813,2,0.00000000,0.00000000
1626735844.63830757,2,0.00000000,0.00000000
1626735844.73826146,2,0.00000000,0.00000000
1626735844.83828306,2,0.00000000,0.00000000
1626735844.93830323,2,0.00000000,0.00000000
1626735845.03831172,2,0.00000000,0.00000000
1626735845.13826036,2,0.00000000,0.00000000
1626735845.23827600,2,0.00000000,0.00000000
1626735845.33829975,2,0.00000000,0.00000000
1626735845.43829727,2,0.00000000,0.00000000
1626735845.53829718,2,0.00000000,0.00000000
1626735845.63829970,2,0.00000000,0.00000000
1626735845.73829532,2,0.00000000,0.00000000
1626735845.83830595,2,0.00000000,0.00000000
1626735845.93827701,2,0.00000000,0.00000000
1626735846.03829598,2,0.00000000,0.00000000
1626735846.13827777,2,0.00000000,0.00000000
1626735846.23828077,2,0.00000000,0.00000000
1626735846.33829570,2,0.00000000,0.00000000
1626735846.43829513,2,0.00000000,0.00000000
1626735846.53825617,2,0.00000000,0.00000000
1626735846.63832092,2,0.00000000,0.00000000
1626735846.73830485,2,0.00000000,0.00000000
1626735846.83826065,2,0.00000000,0.00000000
1626735846.93829703,2,0.00000000,0.00000000
1626735847.03829885,2,0.00000000,0.00000000
1626735847.13828087,2,0.00000000,0.00000000
1626735847.23829913,2,0.00000000,0.00000000
1626735847.33827949,2,0.00000000,0.00000000
1626735847.43829751,2,0.00000000,0.00000000
1626735847.53827977,2,0.00000000,0.00000000
1626735847.63829851,2,0.00000000,0.00000000
1626735847.73829865,2,0.00000000,0.00000000
1626735847.83826065,2,0.00000000,0.00000000
1626735847.93829846,2,0.00000000,0.00000000
1626735848.03829932,2,0.00000000,0.00000000
1626735848.13829899,2,0.00000000,0.00000000
1626735848.23829865,2,0.00000000,0.00000000
1626735848.33829641,2,0.00000000,0.00000000
1626735848.43830347,2,0.00000000,0.00000000
1626735848.53835297,2,0.00000000,0.00000000
1626735848.63829541,2,0.00000000,0.00000000
1626735848.73829603,2,0.00000000,0.00000000
1626735848.83826208,2,0.00000000,0.00000000
1626735848.93830013,2,0.00000000,0.00000000
1626735849.03829908,2,0.00000000,0.00000000
1626735849.13829875,2,0.00000000,0.00000000
1626735849.23829913,2,0.00000000,0.00000000
1626735849.33829618,2,0.00000000,0.00000000
1626735849.43829870,2,0.00000000,0.00000000
1626735849.53829956,2,0.00000000,0.00000000
1626735849.63829970,2,0.00000000,0.00000000
1626735849.73829842,2,0.00000000,0.00000000
1626735849.83831215,2,0.00000000,0.00000000
1626735849.93828630,2,0.00000000,0.00000000
1626735850.03829360,2,0.00000000,0.00000000
1626735850.13830709,2,0.00000000,0.00000000
1626735850.23829508,2,0.00000000,0.00000000
1626735850.33829498,2,0.00000000,0.00000000
1626735850.43829536,2,0.00000000,0.00000000
1626735850.53831100,2,0.00000000,0.00000000
1626735850.63829541,2,0.00000000,0.00000000
1626735850.73829627,2,0.00000000,0.00000000
1626735850.83829474,2,0.00000000,0.00000000
1626735850.93831086,2,0.00000000,0.00000000
1626735851.03824735,2,0.00000000,0.00000000
1626735851.13831568,2,0.00000000,0.00000000
1626735851.23827815,2,0.00000000,0.00000000
1626735851.33830142,2,0.00000000,0.00000000
1626735851.43828225,2,0.00000000,0.00000000
1626735851.53830361,2,0.00000000,0.00000000
1626735851.63825989,2,0.00000000,0.00000000
1626735851.73829985,2,0.00000000,0.00000000
1626735851.83828187,2,0.00000000,0.00000000
1626735851.93829727,2,0.00000000,0.00000000
1626735852.03828096,2,0.00000000,0.00000000
1626735852.13825965,2,0.00000000,0.00000000
1626735852.23828077,2,0.00000000,0.00000000
1626735852.33830047,2,0.00000000,0.00000000
1626735852.43830323,2,0.00000000,0.00000000
1626735852.53830171,2,0.00000000,0.00000000
1626735852.63828015,2,0.00000000,0.00000000
1626735852.73830009,2,0.00000000,0.00000000
1626735852.83830476,2,0.00000000,0.00000000
1626735852.93829989,2,0.00000000,0.00000000
1626735853.03828096,2,0.00000000,0.00000000
1626735853.13828087,2,0.00000000,0.00000000
1626735853.23829675,2,0.00000000,0.00000000
1626735853.33829951,2,0.00000000,0.00000000
1626735853.43828392,2,0.00000000,0.00000000
1626735853.53830028,2,0.00000000,0.00000000
1626735853.63830209,2,0.00000000,0.00000000
1626735853.73830080,2,0.00000000,0.00000000
1626735853.83825445,2,0.00000000,0.00000000
1626735853.93830633,2,0.00000000,0.00000000
1626735854.03830647,2,0.00000000,0.00000000
1626735854.13829970,2,0.00000000,0.00000000
1626735854.23827982,2,0.00000000,0.00000000
1626735854.33828235,2,0.00000000,0.00000000
1626735854.43828297,2,0.00000000,0.00000000
1626735854.53828335,2,0.00000000,0.00000000
1626735854.63828397,2,0.00000000,0.00000000
1626735854.73828435,2,0.00000000,0.00000000
1626735854.83826280,2,0.00000000,0.00000000
1626735854.93828344,2,0.00000000,0.00000000
1626735855.03830075,2,0.00000000,0.00000000
1626735855.13830185,2,0.00000000,0.00000000
1626735855.23828602,2,0.00000000,0.00000000
1626735855.33829737,2,0.00000000,0.00000000
1626735855.43827963,2,0.00000000,0.00000000
1626735855.53828073,2,0.00000000,0.00000000
1626735855.63830733,2,0.00000000,0.00000000
1626735855.73828053,2,0.00000000,0.00000000
1626735855.83830881,2,0.00000000,0.00000000
1626735855.93828177,2,0.00000000,0.00000000
1626735856.03828216,2,0.00000000,0.00000000
1626735856.13828683,2,0.00000000,0.00000000
1626735856.23828316,2,0.00000000,0.00000000
1626735856.33828044,2,0.00000000,0.00000000
1626735856.43828130,2,0.00000000,0.00000000
1626735856.53828120,2,0.00000000,0.00000000
1626735856.63828850,2,0.00000000,0.00000000
1626735856.73828125,2,0.00000000,0.00000000
1626735856.83825755,2,0.00000000,0.00000000
1626735856.93828869,2,0.00000000,0.00000000
1626735857.03828096,2,0.00000000,0.00000000
1626735857.13830829,2,0.00000000,0.00000000
1626735857.23828053,2,0.00000000,0.00000000
1626735857.33828592,2,0.00000000,0.00000000
1626735857.43828249,2,0.00000000,0.00000000
1626735857.53828359,2,0.00000000,0.00000000
1626735857.63828111,2,0.00000000,0.00000000
1626735857.73828101,2,0.00000000,0.00000000
1626735857.83827329,2,0.00000000,0.00000000
1626735857.93827581,2,0.00000000,0.00000000
1626735858.03827548,2,0.00000000,0.00000000
1626735858.13825488,2,0.00000000,0.00000000
1626735858.23833632,2,0.00000000,0.00000000
1626735858.33830094,2,0.00000000,0.00000000
1626735858.43828034,2,0.00000000,0.00000000
1626735858.53827929,2,0.00000000,0.00000000
1626735858.63832092,2,0.00000000,0.00000000
1626735858.73827410,2,0.00000000,0.00000000
1626735858.83829594,2,0.00000000,0.00000000
1626735858.93827939,2,0.00000000,0.00000000
1626735859.03827691,2,0.00000000,0.00000000
1626735859.13829660,2,0.00000000,0.00000000
1626735859.23830199,2,0.00000000,0.00000000
1626735859.33829546,2,0.00000000,0.00000000
1626735859.43825126,2,0.00000000,0.00000000
1626735859.53830457,2,0.00000000,0.00000000
1626735859.63830090,2,0.00000000,0.00000000
1626735859.73829770,2,0.00000000,0.00000000
1626735859.83825517,2,0.00000000,0.00000000
1626735859.93829703,2,0.00000000,0.00000000
1626735860.03830075,2,0.00000000,0.00000000
1626735860.13828540,2,0.00000000,0.00000000
1626735860.23824811,2,0.00000000,0.00000000
1626735860.33831453,2,0.00000000,0.00000000
1626735860.43829966,2,0.00000000,0.00000000
1626735860.53827977,2,0.00000000,0.00000000
1626735860.63825393,2,0.00000000,0.00000000
1626735860.73832512,2,0.00000000,0.00000000
1626735860.83829665,2,0.00000000,0.00000000
1626735860.93828082,2,0.00000000,0.00000000
1626735861.03829646,2,0.00000000,0.00000000
1626735861.13825512,2,0.00000000,0.00000000
1626735861.23830485,2,0.00000000,0.00000000
1626735861.33827972,2,0.00000000,0.00000000
1626735861.43829918,2,0.00000000,0.00000000
1626735861.53829908,2,0.00000000,0.00000000
1626735861.63830042,2,0.00000000,0.00000000
1626735861.73829889,2,0.00000000,0.00000000
1626735861.83829641,2,0.00000000,0.00000000
1626735861.93830204,2,0.00000000,0.00000000
1626735862.03830361,2,0.00000000,0.00000000
1626735862.13829923,2,0.00000000,0.00000000
1626735862.23829937,2,0.00000000,0.00000000
1626735862.33829880,2,0.00000000,0.00000000
1626735862.43829942,2,0.00000000,0.00000000
1626735862.53830171,2,0.00000000,0.00000000
1626735862.63829947,2,0.00000000,0.00000000
1626735862.73828244,2,0.00000000,0.00000000
1626735862.83829594,2,0.00000000,0.00000000
1626735862.93829775,2,0.00000000,0.00000000
1626735863.03829861,2,0.00000000,0.00000000
1626735863.13829827,2,0.00000000,0.00000000
1626735863.23829699,2,0.00000000,0.00000000
1626735863.33829808,2,0.00000000,0.00000000
1626735863.43830085,2,0.00000000,0.00000000
1626735863.53827310,2,0.00000000,0.00000000
1626735863.63829756,2,0.00000000,0.00000000
1626735863.73830605,2,0.00000000,0.00000000
1626735863.83829618,2,0.00000000,0.00000000
1626735863.93831611,2,0.00000000,0.00000000
1626735864.03829813,2,0.00000000,0.00000000
1626735864.13830590,2,0.00000000,0.00000000
1626735864.23830581,2,0.00000000,0.00000000
1626735864.33830833,2,0.00000000,0.00000000
1626735864.43830800,2,0.00000000,0.00000000
1626735864.53829455,2,0.00000000,0.00000000
1626735864.63829017,2,0.00000000,0.00000000
1626735864.73828745,2,0.00000000,0.00000000
1626735864.83825421,2,0.00000000,0.00000000
1626735864.93828940,2,0.00000000,0.00000000
1626735865.03829789,2,0.00000000,0.00000000
1626735865.13838506,2,0.00000000,0.00000000
1626735865.23830724,2,0.00000000,0.00000000
1626735865.33830380,2,0.00000000,0.00000000
1626735865.43829560,2,0.00000000,0.00000000
1626735865.53829479,2,0.00000000,0.00000000
1626735865.63838649,2,0.00000000,0.00000000
1626735865.73829770,2,0.00000000,0.00000000
1626735865.83829594,2,0.00000000,0.00000000
1626735865.93828583,2,0.00000000,0.00000000
1626735866.03828645,2,0.00000000,0.00000000
1626735866.13829541,2,0.00000000,0.00000000
1626735866.23827863,2,0.00000000,0.00000000
1626735866.33828068,2,0.00000000,0.00000000
1626735866.43838668,2,0.00000000,0.00000000
1626735866.53827977,2,0.00000000,0.00000000
1626735866.63828087,2,0.00000000,0.00000000
1626735866.73828149,2,0.00000000,0.00000000
1626735866.83829951,2,0.00000000,0.00000000
1626735866.93828106,2,0.00000000,0.00000000
1626735867.03829598,2,0.00000000,0.00000000
1626735867.13829708,2,0.00000000,0.00000000
1626735867.23829937,2,0.00000000,0.00000000
1626735867.33826327,2,0.00000000,0.00000000
1626735867.43829894,2,0.00000000,0.00000000
1626735867.53829837,2,0.00000000,0.00000000
1626735867.63829541,2,0.00000000,0.00000000
1626735867.73829865,2,0.00000000,0.00000000
1626735867.83825850,2,0.00000000,0.00000000
1626735867.93829894,2,0.00000000,0.00000000
1626735868.03829980,2,0.00000000,0.00000000
1626735868.13828850,2,0.00000000,0.00000000
1626735868.23829770,2,0.00000000,0.00000000
1626735868.33829904,1,0.04999992,0.00000000
1626735868.43829918,1,0.10000011,0.00000000
1626735868.53826690,1,0.15000006,0.00000000
1626735868.63829875,1,0.20000001,0.00000000
1626735868.73828483,1,0.24999997,0.00000000
1626735868.83826041,1,0.30048492,0.00000000
1626735868.93829799,1,0.35290993,0.00000000
1626735869.03829956,1,0.40581998,0.00000000
1626735869.13829994,1,0.45921490,0.00000000
1626735869.23830009,1,0.50969997,0.00000000
1626735869.33830047,1,0.55921510,0.00000000
1626735869.43829942,1,0.61018494,0.00000000
1626735869.53830028,1,0.65969989,0.00000000
1626735869.63830543,1,0.71018502,0.00000000
1626735869.73829198,1,0.75872997,0.00000000
1626735869.83829618,1,0.80921498,0.00000000
1626735869.93829012,1,0.86018506,0.00000000
1626735870.03829837,1,0.90873001,0.00000000
1626735870.13830042,1,0.95921503,0.00000000
1626735870.23830533,0,0.00000000,0.00000000
1626735870.33830595,0,0.00000000,0.00000000
1626735870.43830037,0,0.00000000,0.00000000
1626735870.53829861,0,0.00000000,0.00000000
1626735870.63829851,0,0.00000000,0.00000000
1626735870.73830605,0,0.00000000,0.00000000
1626735870.83825636,0,0.00000000,0.00000000
1626735870.93829775,0,0.00000000,0.00000000
1626735871.03826761,0,0.00000000,0.00000000
1626735871.13829732,0,0.00000000,0.00000000
1626735871.23829722,0,0.00000000,0.00000000
1626735871.33828354,0,0.00000000,0.00000000
1626735871.43828726,0,0.00000000,0.00000000
1626735871.53828382,0,0.00000000,0.00000000
1626735871.63828421,0,0.00000000,0.00000000
1626735871.73830152,0,0.00000000,0.00000000
1626735871.83829021,0,0.00000000,0.00000000
1626735871.93827748,0,0.00000000,0.00000000
1626735872.03829718,0,0.00000000,0.00000000
1626735872.13829827,0,0.00000000,0.00000000
1626735872.23828149,0,0.00000000,0.00000000
1626735872.33831716,0,0.00000000,0.00000000
1626735872.43830132,0,0.00000000,0.00000000
1626735872.53830528,0,0.00000000,0.00000000
1626735872.63830614,0,0.00000000,0.00000000
1626735872.73831201,0,0.00000000,0.00000000
1626735872.83830810,0,0.00000000,0.00000000
1626735872.93829703,0,0.00000000,0.00000000
1626735873.03829861,0,0.00000000,0.00000000
1626735873.13827944,0,0.00000000,0.00000000
1626735873.23825932,0,0.00000000,0.00000000
1626735873.33830285,0,0.00000000,0.00000000
1626735873.43830204,0,0.00000000,0.00000000
1626735873.53830147,0,0.00000000,0.00000000
1626735873.63831615,0,0.00000000,0.00000000
1626735873.73828721,0,0.00000000,0.00000000
1626735873.83827996,0,0.00000000,0.00000000
1626735873.93831182,0,0.00000000,0.00000000
1626735874.03830314,0,0.00000000,0.00000000
1626735874.13830543,0,0.00000000,0.00000000
1626735874.23830175,0,0.00000000,0.00000000
1626735874.33829904,0,0.00000000,0.00000000
1626735874.43830872,0,0.00000000,0.00000000
1626735874.53829980,0,0.00000000,0.00000000
1626735874.63831019,0,0.00000000,0.00000000
1626735874.73828483,0,0.00000000,0.00000000
1626735874.83825135,0,0.00000000,0.00000000
1626735874.93828940,0,0.00000000,0.00000000
1626735875.03831959,0,0.00000000,0.00000000
1626735875.13825083,0,0.00000000,0.00000000
1626735875.23829651,0,0.00000000,0.00000000
1626735875.33830905,0,0.00000000,0.00000000
1626735875.43830681,0,0.00000000,0.00000000
1626735875.53829932,0,0.00000000,0.00000000
1626735875.63829613,0,0.00000000,0.00000000
1626735875.73831058,0,0.00000000,0.00000000
1626735875.83824730,0,0.00000000,0.00000000
1626735875.93825865,0,0.00000000,0.00000000
1626735876.03834677,0,0.00000000,0.00000000
1626735876.13826823,0,0.00000000,0.00000000
1626735876.23831701,0,0.00000000,0.00000000
1626735876.33829641,0,0.00000000,0.00000000
1626735876.43828416,0,0.00000000,0.00000000
1626735876.53828144,0,0.00000000,0.00000000
1626735876.63832426,0,0.00000000,0.00000000
1626735876.73825765,0,0.00000000,0.00000000
1626735876.83830237,0,0.00000000,0.00000000
1626735876.93830490,0,0.00000000,0.00000000
1626735877.03834796,0,0.00000000,0.00000000
1626735877.13826180,0,0.00000000,0.00000000
1626735877.23829818,0,0.00000000,0.00000000
1626735877.33827209,0,0.00000000,0.00000000
1626735877.43826699,0,0.00000000,0.00000000
1626735877.53826857,0,0.00000000,0.00000000
1626735877.63831115,0,0.00000000,0.00000000
1626735877.73826551,0,0.00000000,0.00000000
1626735877.83829546,0,0.00000000,0.00000000
1626735877.93830538,0,0.00000000,0.00000000
1626735878.03829932,0,0.00000000,0.00000000
1626735878.13830447,0,0.00000000,0.00000000
1626735878.23831940,0,0.00000000,0.00000000
1626735878.33829570,0,0.00000000,0.00000000
1626735878.43832493,0,0.00000000,0.00000000
1626735878.53825903,0,0.00000000,0.00000000
1626735878.63829899,0,0.00000000,0.00000000
1626735878.73830843,0,0.00000000,0.00000000
1626735878.83830094,0,0.00000000,0.00000000
1626735878.93834352,0,0.00000000,0.00000000
1626735879.03829980,0,0.00000000,0.00000000
1626735879.13831425,0,0.00000000,0.00000000
1626735879.23829651,0,0.00000000,0.00000000
1626735879.33830857,0,0.00000000,0.00000000
1626735879.43829894,0,0.00000000,0.00000000
1626735879.53830004,0,0.00000000,0.00000000
1626735879.63830256,0,0.00000000,0.00000000
1626735879.73829961,0,0.00000000,0.00000000
1626735879.83830094,0,0.00000000,0.00000000
1626735879.93829775,0,0.00000000,0.00000000
1626735880.03825784,0,0.00000000,0.00000000
