Seconds,x,y,z,w
1626735742.85153937,0.00000000,0.00000000,0.00000000,0.00000000
1626735742.95158887,0.00000000,0.00000000,0.00000000,0.00000000
1626735743.05156040,0.00000000,0.00000000,0.00000000,0.00000000
1626735743.15155196,0.00000000,0.00000000,0.00000000,0.00000000
1626735743.25155354,0.00000000,0.00000000,0.00000000,0.00000000
1626735743.35156298,0.00000000,0.00000000,0.00000000,0.00000000
1626735743.45156550,0.00000000,0.00000000,0.00000000,0.00000000
1626735743.55153656,0.00000000,0.00000000,0.00000000,0.00000000
1626735743.65156102,0.00000000,0.00000000,0.00000000,0.00000000
1626735743.75154519,0.00000000,0.00000000,0.00000000,0.00000000
1626735743.85154843,0.00000000,0.00000000,0.00000000,0.00000000
1626735743.95154452,0.00000000,0.00000000,0.00000000,0.00000000
1626735744.05157161,0.00000000,0.00000000,0.00000000,0.00000000
1626735744.15155935,0.00000000,0.00000000,0.00000000,0.00000000
1626735744.25153542,0.00000000,0.00000000,0.00000000,0.00000000
1626735744.35152793,0.00000000,0.00000000,0.00000000,0.00000000
1626735744.45154524,0.00000000,0.00000000,0.00000000,0.00000000
1626735744.55157113,0.00000000,0.00000000,0.00000000,0.00000000
1626735744.65158057,0.00000000,0.00000000,0.00000000,0.00000000
1626735744.75157475,0.00000000,0.00000000,0.00000000,0.00000000
1626735744.85153627,0.00000000,0.00000000,0.00000000,0.00000000
1626735744.95154548,0.00000000,0.00000000,0.00000000,0.00000000
1626735745.05155206,0.00000000,0.00000000,0.00000000,0.00000000
1626735745.15156388,0.00000000,0.00000000,0.00000000,0.00000000
1626735745.25155115,0.00000000,0.00000000,0.00000000,0.00000000
1626735745.35156465,0.00000000,0.00000000,0.00000000,0.00000000
1626735745.45159435,0.00000000,0.00000000,0.00000000,0.00000000
1626735745.55152321,0.00000000,0.00000000,0.00000000,0.00000000
1626735745.65151548,0.00000000,0.00000000,0.00000000,0.00000000
1626735745.75151086,0.00000000,0.00000000,0.00000000,0.00000000
1626735745.85152435,0.00000000,0.00000000,0.00000000,0.00000000
1626735745.95153522,0.00000000,0.00000000,0.00000000,0.00000000
1626735746.05157256,0.00000000,0.00000000,0.00000000,0.00000000
1626735746.15156436,0.00000000,0.00000000,0.00000000,0.00000000
1626735746.25155544,0.00000000,0.00000000,0.00000000,0.00000000
1626735746.35154414,0.00000000,0.00000000,0.00000000,0.00000000
1626735746.45158505,0.00000000,0.00000000,0.00000000,0.00000000
1626735746.55155492,0.00000000,0.00000000,0.00000000,0.00000000
1626735746.65152192,0.00000000,0.00000000,0.00000000,0.00000000
1626735746.75152397,0.00000000,0.00000000,0.00000000,0.00000000
1626735746.85155010,0.00000000,0.00000000,0.00000000,0.00000000
1626735746.95152259,0.00000000,0.00000000,0.00000000,0.00000000
1626735747.05154967,0.00000000,0.00000000,0.00000000,0.00000000
1626735747.15155792,0.00000000,0.00000000,0.00000000,0.00000000
1626735747.25154090,0.00000000,0.00000000,0.00000000,0.00000000
1626735747.35155010,0.00000000,0.00000000,0.00000000,0.00000000
1626735747.45153666,0.00000000,0.00000000,0.00000000,0.00000000
1626735747.55151582,0.00000000,0.00000000,0.00000000,0.00000000
1626735747.65151358,0.00000000,0.00000000,0.00000000,0.00000000
1626735747.75155449,0.00000000,0.00000000,0.00000000,0.00000000
1626735747.85152674,0.00000000,0.00000000,0.00000000,0.00000000
1626735747.95153427,0.00000000,0.00000000,0.00000000,0.00000000
1626735748.05153966,0.00000000,0.00000000,0.00000000,0.00000000
1626735748.15155268,0.00000000,0.00000000,0.00000000,0.00000000
1626735748.25157452,0.00000000,0.00000000,0.00000000,0.00000000
1626735748.35159230,0.00000000,0.00000000,0.00000000,0.00000000
1626735748.45158029,0.00000000,0.00000000,0.00000000,0.00000000
1626735748.55155540,0.00000000,0.00000000,0.00000000,0.00000000
1626735748.65154600,0.00000000,0.00000000,0.00000000,0.00000000
1626735748.75153637,0.00000000,0.00000000,0.00000000,0.00000000
1626735748.85153890,0.00000000,0.00000000,0.00000000,0.00000000
1626735748.95153308,0.00000000,0.00000000,0.00000000,0.00000000
1626735749.05154037,0.00000000,0.00000000,0.00000000,0.00000000
1626735749.15157080,0.00000000,0.00000000,0.00000000,0.00000000
1626735749.25157428,0.00000000,0.00000000,0.00000000,0.00000000
1626735749.35155225,0.00000000,0.00000000,0.00000000,0.00000000
1626735749.45156240,0.00000000,0.00000000,0.00000000,0.00000000
1626735749.55153704,0.00000000,0.00000000,0.00000000,0.00000000
1626735749.65154123,0.00000000,0.00000000,0.00000000,0.00000000
1626735749.75151944,0.00000000,0.00000000,0.00000000,0.00000000
1626735749.85153413,0.00000000,0.00000000,0.00000000,0.00000000
1626735749.95157719,0.00000000,0.00000000,0.00000000,0.00000000
1626735750.05158019,0.00000000,0.00000000,0.00000000,0.00000000
1626735750.15154696,0.00000000,0.00000000,0.00000000,0.00000000
1626735750.25155950,0.00000000,0.00000000,0.00000000,0.00000000
1626735750.35155702,0.00000000,0.00000000,0.00000000,0.00000000
1626735750.45156431,0.00000000,0.00000000,0.00000000,0.00000000
1626735750.55155492,0.00000000,0.00000000,0.00000000,0.00000000
1626735750.65158772,0.00000000,0.00000000,0.00000000,0.00000000
1626735750.75157404,0.00000000,0.00000000,0.00000000,0.00000000
1626735750.85156131,0.00000000,0.00000000,0.00000000,0.00000000
1626735750.95156789,0.00000000,0.00000000,0.00000000,0.00000000
1626735751.05158401,0.00000000,0.00000000,0.00000000,0.00000000
1626735751.15155244,0.00000000,0.00000000,0.00000000,0.00000000
1626735751.25156116,0.00000000,0.00000000,0.00000000,0.00000000
1626735751.35158634,0.00000000,0.00000000,0.00000000,0.00000000
1626735751.45158291,0.00000000,0.00000000,0.00000000,0.00000000
1626735751.55155826,0.00000000,0.00000000,0.00000000,0.00000000
1626735751.65154433,0.00000000,0.00000000,0.00000000,0.00000000
1626735751.75152135,0.00000000,0.00000000,0.00000000,0.00000000
1626735751.85155749,0.00000000,0.00000000,0.00000000,0.00000000
1626735751.95153689,0.00000000,0.00000000,0.00000000,0.00000000
1626735752.05154753,0.00000000,0.00000000,0.00000000,0.00000000
1626735752.15154433,0.00000000,0.00000000,0.00000000,0.00000000
1626735752.25151825,0.00000000,0.00000000,0.00000000,0.00000000
1626735752.35156155,0.00000000,0.00000000,0.00000000,0.00000000
1626735752.45157456,0.00000000,0.00000000,0.00000000,0.00000000
1626735752.55157566,0.00000000,0.00000000,0.00000000,0.00000000
1626735752.65154314,0.00000000,0.00000000,0.00000000,0.00000000
1626735752.75154734,0.00000000,0.00000000,0.00000000,0.00000000
1626735752.85152745,0.00000000,0.00000000,0.00000000,0.00000000
1626735752.95153737,0.00000000,0.00000000,0.00000000,0.00000000
1626735753.05157328,0.00000000,0.00000000,0.00000000,0.00000000
1626735753.15155888,0.00000000,0.00000000,0.00000000,0.00000000
1626735753.25154495,0.00000000,0.00000000,0.00000000,0.00000000
1626735753.35155678,0.00000000,0.00000000,0.00000000,0.00000000
1626735753.45153427,0.00000000,0.00000000,0.00000000,0.00000000
1626735753.55154896,0.00000000,0.00000000,0.00000000,0.00000000
1626735753.65155244,0.00000000,0.00000000,0.00000000,0.00000000
1626735753.75155973,0.00000000,0.00000000,0.00000000,0.00000000
1626735753.85154414,0.00000000,0.00000000,0.00000000,0.00000000
1626735753.95151949,0.00000000,0.00000000,0.00000000,0.00000000
1626735754.05151796,0.00000000,0.00000000,0.00000000,0.00000000
1626735754.15155435,0.00000000,0.00000000,0.00000000,0.00000000
1626735754.25158358,0.00000000,0.00000000,0.00000000,0.00000000
1626735754.35155940,0.00000000,0.00000000,0.00000000,0.00000000
1626735754.45154142,0.00000000,0.00000000,0.00000000,0.00000000
1626735754.55154681,0.00000000,0.00000000,0.00000000,0.00000000
1626735754.65157437,0.00000000,0.00000000,0.00000000,0.00000000
1626735754.75154853,0.00000000,0.00000000,0.00000000,0.00000000
1626735754.85155320,0.00000000,0.00000000,0.00000000,0.00000000
1626735754.95153928,0.00000000,0.00000000,0.00000000,0.00000000
1626735755.05155730,0.00000000,0.00000000,0.00000000,0.00000000
1626735755.15152955,0.00000000,0.00000000,0.00000000,0.00000000
1626735755.25157404,50.00000000,0.00000000,0.00000000,0.00000000
1626735755.35158277,45.24000000,0.00000000,0.00000000,0.00000000
1626735755.45155478,40.94000000,0.00000000,0.00000000,0.00000000
1626735755.55155849,37.04000000,0.00000000,0.00000000,0.00000000
1626735755.65154290,33.52000000,0.00000000,0.00000000,0.00000000
1626735755.75154781,30.33000000,0.00000000,0.00000000,0.00000000
1626735755.85155606,27.44000000,0.00000000,0.00000000,0.00000000
1626735755.95152593,24.83000000,0.00000000,0.00000000,0.00000000
1626735756.05155945,22.47000000,0.00000000,0.00000000,0.00000000
1626735756.15157890,20.33000000,0.00000000,0.00000000,0.00000000
1626735756.25158095,18.39000000,0.00000000,0.00000000,0.00000000
1626735756.35157537,16.64000000,0.00000000,0.00000000,0.00000000
1626735756.45157433,15.06000000,0.00000000,0.00000000,0.00000000
1626735756.55157423,13.63000000,0.00000000,0.00000000,0.00000000
1626735756.65155983,12.33000000,0.00000000,0.00000000,0.00000000
1626735756.75154924,11.16000000,0.00000000,0.00000000,0.00000000
1626735756.85156155,10.09000000,0.00000000,0.00000000,0.00000000
1626735756.95161891,9.13000000,0.00000000,0.00000000,0.00000000
1626735757.05158591,8.26000000,0.00000000,0.00000000,0.00000000
1626735757.15154481,7.48000000,0.00000000,0.00000000,0.00000000
1626735757.25154424,6.77000000,0.00000000,0.00000000,0.00000000
1626735757.35157728,6.12000000,0.00000000,0.00000000,0.00000000
1626735757.45153809,5.54000000,0.00000000,0.00000000,0.00000000
1626735757.55153656,5.01000000,0.00000000,0.00000000,0.00000000
1626735757.65156555,4.54000000,0.00000000,0.00000000,0.00000000
1626735757.75153518,4.10000000,0.00000000,0.00000000,0.00000000
1626735757.85153246,3.71000000,0.00000000,0.00000000,0.00000000
1626735757.95154667,3.36000000,0.00000000,0.00000000,0.00000000
1626735758.05159640,3.04000000,0.00000000,0.00000000,0.00000000
1626735758.15158248,2.75000000,0.00000000,0.00000000,0.00000000
1626735758.25158381,2.49000000,0.00000000,0.00000000,0.00000000
1626735758.35152769,2.25000000,0.00000000,0.00000000,0.00000000
1626735758.45154309,2.04000000,0.00000000,0.00000000,0.00000000
1626735758.55154085,1.84000000,0.00000000,0.00000000,0.00000000
1626735758.65158081,1.67000000,0.00000000,0.00000000,0.00000000
1626735758.75152850,1.51000000,0.00000000,0.00000000,0.00000000
1626735758.85154963,1.37000000,0.00000000,0.00000000,0.00000000
1626735758.95154572,1.24000000,0.00000000,0.00000000,0.00000000
1626735759.05157781,1.12000000,0.00000000,0.00000000,0.00000000
1626735759.15156054,1.01000000,0.00000000,0.00000000,0.00000000
1626735759.25158262,0.92000000,0.00000000,0.00000000,0.00000000
1626735759.35154629,0.83000000,0.00000000,0.00000000,0.00000000
1626735759.45157194,0.75000000,0.00000000,0.00000000,0.00000000
1626735759.55151939,0.68000000,0.00000000,0.00000000,0.00000000
1626735759.65153098,0.61000000,0.00000000,0.00000000,0.00000000
1626735759.75153780,0.56000000,0.00000000,0.00000000,0.00000000
1626735759.85155082,0.50000000,0.00000000,0.00000000,0.00000000
1626735759.95153594,0.45000000,0.00000000,0.00000000,0.00000000
1626735760.05155540,0.41000000,0.00000000,0.00000000,0.00000000
1626735760.15155435,0.37000000,0.00000000,0.00000000,0.00000000
1626735760.25155258,0.34000000,0.00000000,0.00000000,0.00000000
1626735760.35157394,0.30000000,0.00000000,0.00000000,0.00000000
1626735760.45157409,0.28000000,0.00000000,0.00000000,0.00000000
1626735760.55156279,0.25000000,0.00000000,0.00000000,0.00000000
1626735760.65157866,0.23000000,0.00000000,0.00000000,0.00000000
1626735760.75157332,0.20000000,0.00000000,0.00000000,0.00000000
1626735760.85155582,0.18000000,0.00000000,0.00000000,0.00000000
1626735760.95156097,0.17000000,0.00000000,0.00000000,0.00000000
1626735761.05157185,0.15000000,0.00000000,0.00000000,0.00000000
1626735761.15157795,0.14000000,0.00000000,0.00000000,0.00000000
1626735761.25157356,0.12000000,0.00000000,0.00000000,0.00000000
1626735761.35157967,0.11000000,0.00000000,0.00000000,0.00000000
1626735761.45157504,0.10000000,0.00000000,0.00000000,0.00000000
1626735761.55157542,0.09000000,0.00000000,0.00000000,0.00000000
1626735761.65156150,0.08000000,0.00000000,0.00000000,0.00000000
1626735761.75155377,0.08000000,0.00000000,0.00000000,0.00000000
1626735761.85157180,0.07000000,0.00000000,0.00000000,0.00000000
1626735761.95156717,0.06000000,0.00000000,0.00000000,0.00000000
1626735762.05154943,0.06000000,0.00000000,0.00000000,0.00000000
1626735762.15157175,0.00000000,0.00000000,0.00000000,0.00000000
1626735762.25157166,0.00000000,0.00000000,0.00000000,0.00000000
1626735762.35157108,0.00000000,0.00000000,0.00000000,0.00000000
1626735762.45155358,0.00000000,0.00000000,0.00000000,0.00000000
1626735762.55155468,0.00000000,0.00000000,0.00000000,0.00000000
1626735762.65157866,0.00000000,0.00000000,0.00000000,0.00000000
1626735762.75152731,0.00000000,0.00000000,0.00000000,0.00000000
1626735762.85157871,0.00000000,0.00000000,0.00000000,0.00000000
1626735762.95157337,0.00000000,0.00000000,0.00000000,0.00000000
1626735763.05155754,0.00000000,0.00000000,0.00000000,0.00000000
1626735763.15156150,0.00000000,0.00000000,0.00000000,0.00000000
1626735763.25155711,0.00000000,0.00000000,0.00000000,0.00000000
1626735763.35157537,0.00000000,0.00000000,0.00000000,0.00000000
1626735763.45157409,0.00000000,0.00000000,0.00000000,0.00000000
1626735763.55153799,0.00000000,0.00000000,0.00000000,0.00000000
1626735763.65153956,0.00000000,0.00000000,0.00000000,0.00000000
1626735763.75152707,0.00000000,0.00000000,0.00000000,0.00000000
1626735763.85155249,0.00000000,0.00000000,0.00000000,0.00000000
1626735763.95151758,0.00000000,0.00000000,0.00000000,0.00000000
1626735764.05156016,0.00000000,0.00000000,0.00000000,0.00000000
1626735764.15155935,0.00000000,0.00000000,0.00000000,0.00000000
1626735764.25157428,0.00000000,0.00000000,0.00000000,0.00000000
1626735764.35155678,0.00000000,0.00000000,0.00000000,0.00000000
1626735764.45157647,0.00000000,0.00000000,0.00000000,0.00000000
1626735764.55157590,0.00000000,0.00000000,0.00000000,0.00000000
1626735764.65153790,0.00000000,0.00000000,0.00000000,0.00000000
1626735764.75154948,0.00000000,0.00000000,0.00000000,0.00000000
1626735764.85156727,0.00000000,0.00000000,0.00000000,0.00000000
1626735764.95156312,0.00000000,0.00000000,0.00000000,0.00000000
1626735765.05154967,0.00000000,0.00000000,0.00000000,0.00000000
1626735765.15154862,0.00000000,0.00000000,0.00000000,0.00000000
1626735765.25154686,0.00000000,0.00000000,0.00000000,0.00000000
1626735765.35154724,0.00000000,0.00000000,0.00000000,0.00000000
1626735765.45155382,0.00000000,0.00000000,0.00000000,0.00000000
1626735765.55157876,0.00000000,0.00000000,0.00000000,0.00000000
1626735765.65155506,0.00000000,0.00000000,0.00000000,0.00000000
1626735765.75157404,0.00000000,0.00000000,0.00000000,0.00000000
1626735765.85157514,0.00000000,0.00000000,0.00000000,0.00000000
1626735765.95157576,0.00000000,0.00000000,0.00000000,0.00000000
1626735766.05157423,0.00000000,0.00000000,0.00000000,0.00000000
1626735766.15155530,0.00000000,0.00000000,0.00000000,0.00000000
1626735766.25157499,0.00000000,0.00000000,0.00000000,0.00000000
1626735766.35155606,0.00000000,0.00000000,0.00000000,0.00000000
1626735766.45157552,0.00000000,0.00000000,0.00000000,0.00000000
1626735766.55157495,0.00000000,0.00000000,0.00000000,0.00000000
1626735766.65157461,0.00000000,0.00000000,0.00000000,0.00000000
1626735766.75157523,0.00000000,0.00000000,0.00000000,0.00000000
1626735766.85155082,0.00000000,0.00000000,0.00000000,0.00000000
1626735766.95155120,0.00000000,0.00000000,0.00000000,0.00000000
1626735767.05156231,0.00000000,0.00000000,0.00000000,0.00000000
1626735767.15157890,0.00000000,0.00000000,0.00000000,0.00000000
1626735767.25158215,0.00000000,0.00000000,0.00000000,0.00000000
1626735767.35157371,0.00000000,0.00000000,0.00000000,0.00000000
1626735767.45157385,0.00000000,0.00000000,0.00000000,0.00000000
1626735767.55157423,0.00000000,0.00000000,0.00000000,0.00000000
1626735767.65156484,0.00000000,0.00000000,0.00000000,0.00000000
1626735767.75157428,0.00000000,0.00000000,0.00000000,0.00000000
1626735767.85157466,0.00000000,0.00000000,0.00000000,0.00000000
1626735767.95153093,0.00000000,0.00000000,0.00000000,0.00000000
1626735768.05157232,0.00000000,0.00000000,0.00000000,0.00000000
1626735768.15157294,0.00000000,0.00000000,0.00000000,0.00000000
1626735768.25157356,0.00000000,0.00000000,0.00000000,0.00000000
1626735768.35156369,0.00000000,0.00000000,0.00000000,0.00000000
1626735768.45157290,0.00000000,0.00000000,0.00000000,0.00000000
1626735768.55157328,0.00000000,0.00000000,0.00000000,0.00000000
1626735768.65157390,0.00000000,0.00000000,0.00000000,0.00000000
1626735768.75158000,0.00000000,0.00000000,0.00000000,0.00000000
1626735768.85157442,0.00000000,0.00000000,0.00000000,0.00000000
1626735768.95157361,0.00000000,0.00000000,0.00000000,0.00000000
1626735769.05158019,0.00000000,0.00000000,0.00000000,0.00000000
1626735769.15157485,0.00000000,0.00000000,0.00000000,0.00000000
1626735769.25152469,0.00000000,0.00000000,0.00000000,0.00000000
1626735769.35152650,0.00000000,0.00000000,0.00000000,0.00000000
1626735769.45152402,0.00000000,0.00000000,0.00000000,0.00000000
1626735769.55152035,0.00000000,0.00000000,0.00000000,0.00000000
1626735769.65151930,0.00000000,0.00000000,0.00000000,0.00000000
1626735769.75157309,0.00000000,0.00000000,0.00000000,0.00000000
1626735769.85158134,0.00000000,0.00000000,0.00000000,0.00000000
1626735769.95152688,0.00000000,0.00000000,0.00000000,0.00000000
1626735770.05156112,0.00000000,0.00000000,0.00000000,0.00000000
1626735770.15153289,0.00000000,0.00000000,0.00000000,0.00000000
1626735770.25156260,0.00000000,0.00000000,0.00000000,0.00000000
1626735770.35156202,0.00000000,0.00000000,0.00000000,0.00000000
1626735770.45156193,0.00000000,0.00000000,0.00000000,0.00000000
1626735770.55157661,0.00000000,0.00000000,0.00000000,0.00000000
1626735770.65155053,0.00000000,0.00000000,0.00000000,0.00000000
1626735770.75157118,0.00000000,0.00000000,0.00000000,0.00000000
1626735770.85156727,0.00000000,0.00000000,0.00000000,0.00000000
1626735770.95157290,0.00000000,0.00000000,0.00000000,0.00000000
1626735771.05155516,0.00000000,0.00000000,0.00000000,0.00000000
1626735771.15157366,0.00000000,0.00000000,0.00000000,0.00000000
1626735771.25157428,0.00000000,0.00000000,0.00000000,0.00000000
1626735771.35155487,0.00000000,0.00000000,0.00000000,0.00000000
1626735771.45155692,0.00000000,0.00000000,0.00000000,0.00000000
1626735771.55155420,0.00000000,0.00000000,0.00000000,0.00000000
1626735771.65155363,0.00000000,0.00000000,0.00000000,0.00000000
1626735771.75155497,0.00000000,0.00000000,0.00000000,0.00000000
1626735771.85155559,0.00000000,0.00000000,0.00000000,0.00000000
1626735771.95155644,0.00000000,0.00000000,0.00000000,0.00000000
1626735772.05155683,0.00000000,0.00000000,0.00000000,0.00000000
1626735772.15156007,0.00000000,0.00000000,0.00000000,0.00000000
1626735772.25155497,0.00000000,0.00000000,0.00000000,0.00000000
1626735772.35157394,0.00000000,0.00000000,0.00000000,0.00000000
1626735772.45153189,0.00000000,0.00000000,0.00000000,0.00000000
1626735772.55157304,0.00000000,0.00000000,0.00000000,0.00000000
1626735772.65155458,0.00000000,0.00000000,0.00000000,0.00000000
1626735772.75157428,0.00000000,0.00000000,0.00000000,0.00000000
1626735772.85155559,0.00000000,0.00000000,0.00000000,0.00000000
1626735772.95156693,0.00000000,0.00000000,0.00000000,0.00000000
1626735773.05157065,0.00000000,0.00000000,0.00000000,0.00000000
1626735773.15157413,0.00000000,0.00000000,0.00000000,0.00000000
1626735773.25157237,0.00000000,0.00000000,0.00000000,0.00000000
1626735773.35157347,0.00000000,0.00000000,0.00000000,0.00000000
1626735773.45157361,0.00000000,0.00000000,0.00000000,0.00000000
1626735773.55157304,0.00000000,0.00000000,0.00000000,0.00000000
1626735773.65157747,0.00000000,0.00000000,0.00000000,0.00000000
1626735773.75157404,0.00000000,0.00000000,0.00000000,0.00000000
1626735773.85157394,0.00000000,0.00000000,0.00000000,0.00000000
1626735773.95156717,0.00000000,0.00000000,0.00000000,0.00000000
1626735774.05157042,0.00000000,0.00000000,0.00000000,0.00000000
1626735774.15157318,0.00000000,0.00000000,0.00000000,0.00000000
1626735774.25157523,0.00000000,0.00000000,0.00000000,0.00000000
1626735774.35157466,0.00000000,0.00000000,0.00000000,0.00000000
1626735774.45157385,0.00000000,0.00000000,0.00000000,0.00000000
1626735774.55157924,0.00000000,0.00000000,0.00000000,0.00000000
1626735774.65155101,0.00000000,0.00000000,0.00000000,0.00000000
1626735774.75157595,0.00000000,0.00000000,0.00000000,0.00000000
1626735774.85157442,0.00000000,0.00000000,0.00000000,0.00000000
1626735774.95157695,0.00000000,0.00000000,0.00000000,0.00000000
1626735775.05157542,0.00000000,0.00000000,0.00000000,0.00000000
1626735775.15157390,0.00000000,0.00000000,0.00000000,0.00000000
1626735775.25157499,0.00000000,0.00000000,0.00000000,0.00000000
1626735775.35157490,0.00000000,0.00000000,0.00000000,0.00000000
1626735775.45157385,0.00000000,0.00000000,0.00000000,0.00000000
1626735775.55157495,0.00000000,0.00000000,0.00000000,0.00000000
1626735775.65157437,0.00000000,0.00000000,0.00000000,0.00000000
1626735775.75157332,0.00000000,0.00000000,0.00000000,0.00000000
1626735775.85158038,0.00000000,0.00000000,0.00000000,0.00000000
1626735775.95155478,0.00000000,0.00000000,0.00000000,0.00000000
1626735776.05152535,0.00000000,0.00000000,0.00000000,0.00000000
1626735776.15155768,0.00000000,0.00000000,0.00000000,0.00000000
1626735776.25157309,0.00000000,0.00000000,0.00000000,0.00000000
1626735776.35157394,0.00000000,0.00000000,0.00000000,0.00000000
1626735776.45157862,0.00000000,0.00000000,0.00000000,0.00000000
1626735776.55157924,0.00000000,0.00000000,0.00000000,0.00000000
1626735776.65155697,0.00000000,0.00000000,0.00000000,0.00000000
1626735776.75157261,0.00000000,0.00000000,0.00000000,0.00000000
1626735776.85158491,0.00000000,0.00000000,0.00000000,0.00000000
1626735776.95154548,0.00000000,0.00000000,0.00000000,0.00000000
1626735777.05155778,0.00000000,0.00000000,0.00000000,0.00000000
1626735777.15157461,0.00000000,0.00000000,0.00000000,0.00000000
1626735777.25157690,0.00000000,0.00000000,0.00000000,0.00000000
1626735777.35157394,0.00000000,0.00000000,0.00000000,0.00000000
1626735777.45158124,0.00000000,0.00000000,0.00000000,0.00000000
1626735777.55153584,0.00000000,0.00000000,0.00000000,0.00000000
1626735777.65153980,0.00000000,0.00000000,0.00000000,0.00000000
1626735777.75157523,0.00000000,0.00000000,0.00000000,0.00000000
1626735777.85154247,0.00000000,0.00000000,0.00000000,0.00000000
1626735777.95156956,0.00000000,0.00000000,0.00000000,0.00000000
1626735778.05155063,0.00000000,0.00000000,0.00000000,0.00000000
1626735778.15152431,0.00000000,0.00000000,0.00000000,0.00000000
1626735778.25155449,0.00000000,0.00000000,0.00000000,0.00000000
1626735778.35153794,0.00000000,0.00000000,0.00000000,0.00000000
1626735778.45155525,0.00000000,0.00000000,0.00000000,0.00000000
1626735778.55155492,0.00000000,0.00000000,0.00000000,0.00000000
1626735778.65154028,0.00000000,0.00000000,0.00000000,0.00000000
1626735778.75157714,0.00000000,0.00000000,0.00000000,0.00000000
1626735778.85155654,0.00000000,0.00000000,0.00000000,0.00000000
1626735778.95158100,0.00000000,0.00000000,0.00000000,0.00000000
1626735779.05154371,0.00000000,0.00000000,0.00000000,0.00000000
1626735779.15153241,0.00000000,0.00000000,0.00000000,0.00000000
1626735779.25155139,0.00000000,0.00000000,0.00000000,0.00000000
1626735779.35156369,0.00000000,0.00000000,0.00000000,0.00000000
1626735779.45156384,0.00000000,0.00000000,0.00000000,0.00000000
1626735779.55156684,0.00000000,0.00000000,0.00000000,0.00000000
1626735779.65156031,0.00000000,0.00000000,0.00000000,0.00000000
1626735779.75157380,0.00000000,0.00000000,0.00000000,0.00000000
1626735779.85157537,0.00000000,0.00000000,0.00000000,0.00000000
1626735779.95156360,0.00000000,0.00000000,0.00000000,0.00000000
1626735780.05157232,0.00000000,0.00000000,0.00000000,0.00000000
1626735780.15154839,0.00000000,0.00000000,0.00000000,0.00000000
1626735780.25157237,0.00000000,0.00000000,0.00000000,0.00000000
1626735780.35155201,0.00000000,0.00000000,0.00000000,0.00000000
1626735780.45152593,0.00000000,0.00000000,0.00000000,0.00000000
1626735780.55153537,0.00000000,0.00000000,0.00000000,0.00000000
1626735780.65155172,100.00000000,0.00000000,0.00000000,0.00000000
1626735780.75155616,90.48000000,0.00000000,0.00000000,0.00000000
1626735780.85153794,81.87000000,0.00000000,0.00000000,0.00000000
1626735780.95155430,74.08000000,0.00000000,0.00000000,0.00000000
1626735781.05158257,67.03000000,0.00000000,0.00000000,0.00000000
1626735781.15155435,60.65000000,0.00000000,0.00000000,0.00000000
1626735781.25157261,54.88000000,0.00000000,0.00000000,0.00000000
1626735781.35155392,49.66000000,0.00000000,0.00000000,0.00000000
1626735781.45156074,44.93000000,0.00000000,0.00000000,0.00000000
1626735781.55157614,40.66000000,0.00000000,0.00000000,0.00000000
1626735781.65158129,36.79000000,0.00000000,0.00000000,0.00000000
1626735781.75157452,33.29000000,0.00000000,0.00000000,0.00000000
1626735781.85154819,30.12000000,0.00000000,0.00000000,0.00000000
1626735781.95153260,27.25000000,0.00000000,0.00000000,0.00000000
1626735782.05154777,24.66000000,0.00000000,0.00000000,0.00000000
1626735782.15153790,22.31000000,0.00000000,0.00000000,0.00000000
1626735782.25154781,20.19000000,0.00000000,0.00000000,0.00000000
1626735782.35156488,18.27000000,0.00000000,0.00000000,0.00000000
1626735782.45157266,16.53000000,0.00000000,0.00000000,0.00000000
1626735782.55157423,14.96000000,0.00000000,0.00000000,0.00000000
1626735782.65158010,13.53000000,0.00000000,0.00000000,0.00000000
1626735782.75156569,12.25000000,0.00000000,0.00000000,0.00000000
1626735782.85152268,11.08000000,0.00000000,0.00000000,0.00000000
1626735782.95157218,10.03000000,0.00000000,0.00000000,0.00000000
1626735783.05153584,9.07000000,0.00000000,0.00000000,0.00000000
1626735783.15155339,8.21000000,0.00000000,0.00000000,0.00000000
1626735783.25155473,7.43000000,0.00000000,0.00000000,0.00000000
1626735783.35155487,6.72000000,0.00000000,0.00000000,0.00000000
1626735783.45157385,6.08000000,0.00000000,0.00000000,0.00000000
1626735783.55157590,5.50000000,0.00000000,0.00000000,0.00000000
1626735783.65157604,4.98000000,0.00000000,0.00000000,0.00000000
1626735783.75155091,4.50000000,0.00000000,0.00000000,0.00000000
1626735783.85154867,4.08000000,0.00000000,0.00000000,0.00000000
1626735783.95154643,3.69000000,0.00000000,0.00000000,0.00000000
1626735784.05157065,3.34000000,0.00000000,0.00000000,0.00000000
1626735784.15157485,3.02000000,0.00000000,0.00000000,0.00000000
1626735784.25157356,2.73000000,0.00000000,0.00000000,0.00000000
1626735784.35155416,2.47000000,0.00000000,0.00000000,0.00000000
1626735784.45157552,2.24000000,0.00000000,0.00000000,0.00000000
1626735784.55156064,2.02000000,0.00000000,0.00000000,0.00000000
1626735784.65169358,1.83000000,0.00000000,0.00000000,0.00000000
1626735784.75155425,1.66000000,0.00000000,0.00000000,0.00000000
1626735784.85155630,1.50000000,0.00000000,0.00000000,0.00000000
1626735784.95158625,1.36000000,0.00000000,0.00000000,0.00000000
1626735785.05152917,1.23000000,0.00000000,0.00000000,0.00000000
1626735785.15155649,1.11000000,0.00000000,0.00000000,0.00000000
1626735785.25156617,1.01000000,0.00000000,0.00000000,0.00000000
1626735785.35154772,0.91000000,0.00000000,0.00000000,0.00000000
1626735785.45156121,0.82000000,0.00000000,0.00000000,0.00000000
1626735785.55152512,0.74000000,0.00000000,0.00000000,0.00000000
1626735785.65156555,0.67000000,0.00000000,0.00000000,0.00000000
1626735785.75155187,0.61000000,0.00000000,0.00000000,0.00000000
1626735785.85154462,0.55000000,0.00000000,0.00000000,0.00000000
1626735785.95153451,0.50000000,0.00000000,0.00000000,0.00000000
1626735786.05152845,0.45000000,0.00000000,0.00000000,0.00000000
1626735786.15152645,0.41000000,0.00000000,0.00000000,0.00000000
1626735786.25152564,0.37000000,0.00000000,0.00000000,0.00000000
1626735786.35153198,0.33000000,0.00000000,0.00000000,0.00000000
1626735786.45155025,0.30000000,0.00000000,0.00000000,0.00000000
1626735786.55154943,0.27000000,0.00000000,0.00000000,0.00000000
1626735786.65152001,0.25000000,0.00000000,0.00000000,0.00000000
1626735786.75155115,0.22000000,0.00000000,0.00000000,0.00000000
1626735786.85154939,0.20000000,0.00000000,0.00000000,0.00000000
1626735786.95155263,0.18000000,0.00000000,0.00000000,0.00000000
1626735787.05156374,0.17000000,0.00000000,0.00000000,0.00000000
1626735787.15155268,0.15000000,0.00000000,0.00000000,0.00000000
1626735787.25155520,0.14000000,0.00000000,0.00000000,0.00000000
1626735787.35154963,0.12000000,0.00000000,0.00000000,0.00000000
1626735787.45154858,0.11000000,0.00000000,0.00000000,0.00000000
1626735787.55155587,0.10000000,0.00000000,0.00000000,0.00000000
1626735787.65155602,0.09000000,0.00000000,0.00000000,0.00000000
1626735787.75157499,0.08000000,0.00000000,0.00000000,0.00000000
1626735787.85153580,0.07000000,0.00000000,0.00000000,0.00000000
1626735787.95155787,0.07000000,0.00000000,0.00000000,0.00000000
1626735788.05157900,0.06000000,0.00000000,0.00000000,0.00000000
1626735788.15156364,0.06000000,0.00000000,0.00000000,0.00000000
1626735788.25157166,0.00000000,0.00000000,0.00000000,0.00000000
1626735788.35157251,0.00000000,0.00000000,0.00000000,0.00000000
1626735788.45154715,0.00000000,0.00000000,0.00000000,0.00000000
1626735788.55154848,0.00000000,0.00000000,0.00000000,0.00000000
1626735788.65153670,0.00000000,0.00000000,0.00000000,0.00000000
1626735788.75153446,0.00000000,0.00000000,0.00000000,0.00000000
1626735788.85154700,0.00000000,0.00000000,0.00000000,0.00000000
1626735788.95153737,0.00000000,0.00000000,0.00000000,0.00000000
1626735789.05154204,0.00000000,0.00000000,0.00000000,0.00000000
1626735789.15154552,0.00000000,0.00000000,0.00000000,0.00000000
1626735789.25154877,0.00000000,0.00000000,0.00000000,0.00000000
1626735789.35154843,0.00000000,0.00000000,0.00000000,0.00000000
1626735789.45154929,0.00000000,0.00000000,0.00000000,0.00000000
1626735789.55158186,0.00000000,0.00000000,0.00000000,0.00000000
1626735789.65158010,0.00000000,0.00000000,0.00000000,0.00000000
1626735789.75153637,0.00000000,0.00000000,0.00000000,0.00000000
1626735789.85152745,0.00000000,0.00000000,0.00000000,0.00000000
1626735789.95155311,0.00000000,0.00000000,0.00000000,0.00000000
1626735790.05157852,0.00000000,0.00000000,0.00000000,0.00000000
1626735790.15155339,0.00000000,0.00000000,0.00000000,0.00000000
1626735790.25155020,0.00000000,0.00000000,0.00000000,0.00000000
1626735790.35155535,0.00000000,0.00000000,0.00000000,0.00000000
1626735790.45155478,0.00000000,0.00000000,0.00000000,0.00000000
1626735790.55155349,0.00000000,0.00000000,0.00000000,0.00000000
1626735790.65152717,0.00000000,0.00000000,0.00000000,0.00000000
1626735790.75155091,0.00000000,0.00000000,0.00000000,0.00000000
1626735790.85152626,0.00000000,0.00000000,0.00000000,0.00000000
1626735790.95152354,0.00000000,0.00000000,0.00000000,0.00000000
1626735791.05152035,0.00000000,0.00000000,0.00000000,0.00000000
1626735791.15155172,0.00000000,0.00000000,0.00000000,0.00000000
1626735791.25152326,0.00000000,0.00000000,0.00000000,0.00000000
1626735791.35152340,0.00000000,0.00000000,0.00000000,0.00000000
1626735791.45155716,0.00000000,0.00000000,0.00000000,0.00000000
1626735791.55153704,0.00000000,0.00000000,0.00000000,0.00000000
1626735791.65156484,0.00000000,0.00000000,0.00000000,0.00000000
1626735791.75154972,0.00000000,0.00000000,0.00000000,0.00000000
1626735791.85153556,0.00000000,0.00000000,0.00000000,0.00000000
1626735791.95152307,0.00000000,0.00000000,0.00000000,0.00000000
1626735792.05157804,0.00000000,0.00000000,0.00000000,0.00000000
1626735792.15155602,0.00000000,0.00000000,0.00000000,0.00000000
1626735792.25155544,0.00000000,0.00000000,0.00000000,0.00000000
1626735792.35156751,0.00000000,0.00000000,0.00000000,0.00000000
1626735792.45157385,0.00000000,0.00000000,0.00000000,0.00000000
1626735792.55157471,0.00000000,0.00000000,0.00000000,0.00000000
1626735792.65155745,0.00000000,0.00000000,0.00000000,0.00000000
1626735792.75155282,0.00000000,0.00000000,0.00000000,0.00000000
1626735792.85155416,0.00000000,0.00000000,0.00000000,0.00000000
1626735792.95153046,0.00000000,0.00000000,0.00000000,0.00000000
1626735793.05155182,0.00000000,0.00000000,0.00000000,0.00000000
1626735793.15155435,0.00000000,0.00000000,0.00000000,0.00000000
1626735793.25157738,0.00000000,0.00000000,0.00000000,0.00000000
1626735793.35155416,0.00000000,0.00000000,0.00000000,0.00000000
1626735793.45155549,0.00000000,0.00000000,0.00000000,0.00000000
1626735793.55156326,0.00000000,0.00000000,0.00000000,0.00000000
1626735793.65155363,0.00000000,0.00000000,0.00000000,0.00000000
1626735793.75155568,0.00000000,0.00000000,0.00000000,0.00000000
1626735793.85155702,0.00000000,0.00000000,0.00000000,0.00000000
1626735793.95155144,0.00000000,0.00000000,0.00000000,0.00000000
1626735794.05153155,0.00000000,0.00000000,0.00000000,0.00000000
1626735794.15155363,0.00000000,0.00000000,0.00000000,0.00000000
1626735794.25152278,0.00000000,0.00000000,0.00000000,0.00000000
1626735794.35154939,0.00000000,0.00000000,0.00000000,0.00000000
1626735794.45155311,0.00000000,0.00000000,0.00000000,0.00000000
1626735794.55155349,0.00000000,0.00000000,0.00000000,0.00000000
1626735794.65155411,0.00000000,0.00000000,0.00000000,0.00000000
1626735794.75156116,0.00000000,0.00000000,0.00000000,0.00000000
1626735794.85155320,0.00000000,0.00000000,0.00000000,0.00000000
1626735794.95154881,0.00000000,0.00000000,0.00000000,0.00000000
1626735795.05152440,0.00000000,0.00000000,0.00000000,0.00000000
1626735795.15157890,0.00000000,0.00000000,0.00000000,0.00000000
1626735795.25155020,0.00000000,0.00000000,0.00000000,0.00000000
1626735795.35157442,0.00000000,0.00000000,0.00000000,0.00000000
1626735795.45157433,0.00000000,0.00000000,0.00000000,0.00000000
1626735795.55155492,0.00000000,0.00000000,0.00000000,0.00000000
1626735795.65156436,0.00000000,0.00000000,0.00000000,0.00000000
1626735795.75155544,0.00000000,0.00000000,0.00000000,0.00000000
1626735795.85154510,0.00000000,0.00000000,0.00000000,0.00000000
1626735795.95155120,0.00000000,0.00000000,0.00000000,0.00000000
1626735796.05157185,0.00000000,0.00000000,0.00000000,0.00000000
1626735796.15157986,0.00000000,0.00000000,0.00000000,0.00000000
1626735796.25155354,0.00000000,0.00000000,0.00000000,0.00000000
1626735796.35157609,0.00000000,0.00000000,0.00000000,0.00000000
1626735796.45156384,0.00000000,0.00000000,0.00000000,0.00000000
1626735796.55157161,0.00000000,0.00000000,0.00000000,0.00000000
1626735796.65155458,0.00000000,0.00000000,0.00000000,0.00000000
1626735796.75157475,0.00000000,0.00000000,0.00000000,0.00000000
1626735796.85154939,0.00000000,0.00000000,0.00000000,0.00000000
1626735796.95152426,0.00000000,0.00000000,0.00000000,0.00000000
1626735797.05155253,0.00000000,0.00000000,0.00000000,0.00000000
1626735797.15155077,0.00000000,0.00000000,0.00000000,0.00000000
1626735797.25155544,0.00000000,0.00000000,0.00000000,0.00000000
1626735797.35155439,0.00000000,0.00000000,0.00000000,0.00000000
1626735797.45157433,0.00000000,0.00000000,0.00000000,0.00000000
1626735797.55157495,0.00000000,0.00000000,0.00000000,0.00000000
1626735797.65152764,0.00000000,0.00000000,0.00000000,0.00000000
1626735797.75155449,0.00000000,0.00000000,0.00000000,0.00000000
1626735797.85154915,0.00000000,0.00000000,0.00000000,0.00000000
1626735797.95155549,0.00000000,0.00000000,0.00000000,0.00000000
1626735798.05157757,0.00000000,0.00000000,0.00000000,0.00000000
1626735798.15157318,0.00000000,0.00000000,0.00000000,0.00000000
1626735798.25157428,0.00000000,0.00000000,0.00000000,0.00000000
1626735798.35155392,0.00000000,0.00000000,0.00000000,0.00000000
1626735798.45157242,0.00000000,0.00000000,0.00000000,0.00000000
1626735798.55157375,0.00000000,0.00000000,0.00000000,0.00000000
1626735798.65157914,0.00000000,0.00000000,0.00000000,0.00000000
1626735798.75157666,0.00000000,0.00000000,0.00000000,0.00000000
1626735798.85151935,0.00000000,0.00000000,0.00000000,0.00000000
1626735798.95155215,0.00000000,0.00000000,0.00000000,0.00000000
1626735799.05153704,0.00000000,0.00000000,0.00000000,0.00000000
1626735799.15157151,0.00000000,0.00000000,0.00000000,0.00000000
1626735799.25157475,0.00000000,0.00000000,0.00000000,0.00000000
1626735799.35156894,0.00000000,0.00000000,0.00000000,0.00000000
1626735799.45157170,0.00000000,0.00000000,0.00000000,0.00000000
1626735799.55157423,0.00000000,0.00000000,0.00000000,0.00000000
1626735799.65157509,0.00000000,0.00000000,0.00000000,0.00000000
1626735799.75157356,0.00000000,0.00000000,0.00000000,0.00000000
1626735799.85155702,0.00000000,0.00000000,0.00000000,0.00000000
1626735799.95157933,0.00000000,0.00000000,0.00000000,0.00000000
1626735800.05157375,0.00000000,0.00000000,0.00000000,0.00000000
1626735800.15157390,0.00000000,0.00000000,0.00000000,0.00000000
1626735800.25158334,0.00000000,0.00000000,0.00000000,0.00000000
1626735800.35157323,0.00000000,0.00000000,0.00000000,0.00000000
1626735800.45157433,0.00000000,0.00000000,0.00000000,0.00000000
1626735800.55155349,0.00000000,0.00000000,0.00000000,0.00000000
1626735800.65153551,0.00000000,0.00000000,0.00000000,0.00000000
1626735800.75153732,0.00000000,0.00000000,0.00000000,0.00000000
1626735800.85155010,0.00000000,0.00000000,0.00000000,0.00000000
1626735800.95154905,0.00000000,0.00000000,0.00000000,0.00000000
1626735801.05155349,0.00000000,0.00000000,0.00000000,0.00000000
1626735801.15158129,0.00000000,0.00000000,0.00000000,0.00000000
1626735801.25153160,0.00000000,0.00000000,0.00000000,0.00000000
1626735801.35155535,0.00000000,0.00000000,0.00000000,0.00000000
1626735801.45156169,0.00000000,0.00000000,0.00000000,0.00000000
1626735801.55157328,0.00000000,0.00000000,0.00000000,0.00000000
1626735801.65155697,0.00000000,0.00000000,0.00000000,0.00000000
1626735801.75155330,0.00000000,0.00000000,0.00000000,0.00000000
1626735801.85154843,0.00000000,0.00000000,0.00000000,0.00000000
1626735801.95155478,0.00000000,0.00000000,0.00000000,0.00000000
1626735802.05154657,-50.00000000,0.00000000,0.00000000,0.00000000
1626735802.15155339,-45.24000000,0.00000000,0.00000000,0.00000000
1626735802.25154948,-40.94000000,0.00000000,0.00000000,0.00000000
1626735802.35153103,-37.04000000,0.00000000,0.00000000,0.00000000
1626735802.45154047,-33.52000000,0.00000000,0.00000000,0.00000000
1626735802.55154967,-30.33000000,0.00000000,0.00000000,0.00000000
1626735802.65152216,-27.44000000,0.00000000,0.00000000,0.00000000
1626735802.75155210,-24.83000000,0.00000000,0.00000000,0.00000000
1626735802.85153556,-22.47000000,0.00000000,0.00000000,0.00000000
1626735802.95154977,-20.33000000,0.00000000,0.00000000,0.00000000
1626735803.05154991,-18.39000000,0.00000000,0.00000000,0.00000000
1626735803.15157366,-16.64000000,0.00000000,0.00000000,0.00000000
1626735803.25158048,-15.06000000,0.00000000,0.00000000,0.00000000
1626735803.35157681,-13.63000000,0.00000000,0.00000000,0.00000000
1626735803.45158195,-12.33000000,0.00000000,0.00000000,0.00000000
1626735803.55155468,-11.16000000,0.00000000,0.00000000,0.00000000
1626735803.65153885,-10.09000000,0.00000000,0.00000000,0.00000000
1626735803.75155067,-9.13000000,0.00000000,0.00000000,0.00000000
1626735803.85155034,-8.26000000,0.00000000,0.00000000,0.00000000
1626735803.95160580,-7.48000000,0.00000000,0.00000000,0.00000000
1626735804.05157495,-6.77000000,0.00000000,0.00000000,0.00000000
1626735804.15155911,-6.12000000,0.00000000,0.00000000,0.00000000
1626735804.25156140,-5.54000000,0.00000000,0.00000000,0.00000000
1626735804.35155463,-5.01000000,0.00000000,0.00000000,0.00000000
1626735804.45155621,-4.54000000,0.00000000,0.00000000,0.00000000
1626735804.55155754,-4.10000000,0.00000000,0.00000000,0.00000000
1626735804.65157342,-3.71000000,0.00000000,0.00000000,0.00000000
1626735804.75155592,-3.36000000,0.00000000,0.00000000,0.00000000
1626735804.85156727,-3.04000000,0.00000000,0.00000000,0.00000000
1626735804.95159268,-2.75000000,0.00000000,0.00000000,0.00000000
1626735805.05155540,-2.49000000,0.00000000,0.00000000,0.00000000
1626735805.15155435,-2.25000000,0.00000000,0.00000000,0.00000000
1626735805.25151634,-2.04000000,0.00000000,0.00000000,0.00000000
1626735805.35155773,-1.84000000,0.00000000,0.00000000,0.00000000
1626735805.45157218,-1.67000000,0.00000000,0.00000000,0.00000000
1626735805.55157399,-1.51000000,0.00000000,0.00000000,0.00000000
1626735805.65157771,-1.37000000,0.00000000,0.00000000,0.00000000
1626735805.75155354,-1.24000000,0.00000000,0.00000000,0.00000000
1626735805.85154319,-1.12000000,0.00000000,0.00000000,0.00000000
1626735805.95156074,-1.01000000,0.00000000,0.00000000,0.00000000
1626735806.05155540,-0.92000000,0.00000000,0.00000000,0.00000000
1626735806.15155554,-0.83000000,0.00000000,0.00000000,0.00000000
1626735806.25155354,-0.75000000,0.00000000,0.00000000,0.00000000
1626735806.35152817,-0.68000000,0.00000000,0.00000000,0.00000000
1626735806.45154572,-0.61000000,0.00000000,0.00000000,0.00000000
1626735806.55154514,-0.56000000,0.00000000,0.00000000,0.00000000
1626735806.65154743,-0.50000000,0.00000000,0.00000000,0.00000000
1626735806.75154638,-0.45000000,0.00000000,0.00000000,0.00000000
1626735806.85152102,-0.41000000,0.00000000,0.00000000,0.00000000
1626735806.95153213,-0.37000000,0.00000000,0.00000000,0.00000000
1626735807.05153275,-0.34000000,0.00000000,0.00000000,0.00000000
1626735807.15152884,-0.30000000,0.00000000,0.00000000,0.00000000
1626735807.25155592,-0.28000000,0.00000000,0.00000000,0.00000000
1626735807.35154963,-0.25000000,0.00000000,0.00000000,0.00000000
1626735807.45157480,-0.23000000,0.00000000,0.00000000,0.00000000
1626735807.55154967,-0.20000000,0.00000000,0.00000000,0.00000000
1626735807.65154982,-0.18000000,0.00000000,0.00000000,0.00000000
1626735807.75154757,-0.17000000,0.00000000,0.00000000,0.00000000
1626735807.85152006,-0.15000000,0.00000000,0.00000000,0.00000000
1626735807.95159984,-0.14000000,0.00000000,0.00000000,0.00000000
1626735808.05152607,-0.12000000,0.00000000,0.00000000,0.00000000
1626735808.15157199,-0.11000000,0.00000000,0.00000000,0.00000000
1626735808.25152850,-0.10000000,0.00000000,0.00000000,0.00000000
1626735808.35157323,-0.09000000,0.00000000,0.00000000,0.00000000
1626735808.45157385,-0.08000000,0.00000000,0.00000000,0.00000000
1626735808.55157328,-0.08000000,0.00000000,0.00000000,0.00000000
1626735808.65157461,-0.07000000,0.00000000,0.00000000,0.00000000
1626735808.75157452,-0.06000000,0.00000000,0.00000000,0.00000000
1626735808.85152936,-0.06000000,0.00000000,0.00000000,0.00000000
1626735808.95157480,0.00000000,0.00000000,0.00000000,0.00000000
1626735809.05157614,0.00000000,0.00000000,0.00000000,0.00000000
1626735809.15156507,0.00000000,0.00000000,0.00000000,0.00000000
1626735809.25155544,0.00000000,0.00000000,0.00000000,0.00000000
1626735809.35158062,0.00000000,0.00000000,0.00000000,0.00000000
1626735809.45154023,0.00000000,0.00000000,0.00000000,0.00000000
1626735809.55155659,0.00000000,0.00000000,0.00000000,0.00000000
1626735809.65155220,0.00000000,0.00000000,0.00000000,0.00000000
1626735809.75155354,0.00000000,0.00000000,0.00000000,0.00000000
1626735809.85153890,0.00000000,0.00000000,0.00000000,0.00000000
1626735809.95155263,0.00000000,0.00000000,0.00000000,0.00000000
1626735810.05155396,0.00000000,0.00000000,0.00000000,0.00000000
1626735810.15155387,0.00000000,0.00000000,0.00000000,0.00000000
1626735810.25155354,0.00000000,0.00000000,0.00000000,0.00000000
1626735810.35155392,0.00000000,0.00000000,0.00000000,0.00000000
1626735810.45155478,0.00000000,0.00000000,0.00000000,0.00000000
1626735810.55154943,0.00000000,0.00000000,0.00000000,0.00000000
1626735810.65154862,0.00000000,0.00000000,0.00000000,0.00000000
1626735810.75155282,0.00000000,0.00000000,0.00000000,0.00000000
1626735810.85152268,0.00000000,0.00000000,0.00000000,0.00000000
1626735810.95155120,0.00000000,0.00000000,0.00000000,0.00000000
1626735811.05157232,0.00000000,0.00000000,0.00000000,0.00000000
1626735811.15154862,0.00000000,0.00000000,0.00000000,0.00000000
1626735811.25154781,0.00000000,0.00000000,0.00000000,0.00000000
1626735811.35154700,0.00000000,0.00000000,0.00000000,0.00000000
1626735811.45154715,0.00000000,0.00000000,0.00000000,0.00000000
1626735811.55154777,0.00000000,0.00000000,0.00000000,0.00000000
1626735811.65155053,0.00000000,0.00000000,0.00000000,0.00000000
1626735811.75155520,0.00000000,0.00000000,0.00000000,0.00000000
1626735811.85155392,0.00000000,0.00000000,0.00000000,0.00000000
1626735811.95157623,0.00000000,0.00000000,0.00000000,0.00000000
1626735812.05152678,0.00000000,0.00000000,0.00000000,0.00000000
1626735812.15155244,0.00000000,0.00000000,0.00000000,0.00000000
1626735812.25155401,0.00000000,0.00000000,0.00000000,0.00000000
1626735812.35153079,0.00000000,0.00000000,0.00000000,0.00000000
1626735812.45154667,0.00000000,0.00000000,0.00000000,0.00000000
1626735812.55154061,0.00000000,0.00000000,0.00000000,0.00000000
1626735812.65155387,0.00000000,0.00000000,0.00000000,0.00000000
1626735812.75158119,0.00000000,0.00000000,0.00000000,0.00000000
1626735812.85156107,0.00000000,0.00000000,0.00000000,0.00000000
1626735812.95156050,0.00000000,0.00000000,0.00000000,0.00000000
1626735813.05157328,0.00000000,0.00000000,0.00000000,0.00000000
1626735813.15152955,0.00000000,0.00000000,0.00000000,0.00000000
1626735813.25155950,0.00000000,0.00000000,0.00000000,0.00000000
1626735813.35156608,0.00000000,0.00000000,0.00000000,0.00000000
1626735813.45153642,0.00000000,0.00000000,0.00000000,0.00000000
1626735813.55152798,0.00000000,0.00000000,0.00000000,0.00000000
1626735813.65153694,0.00000000,0.00000000,0.00000000,0.00000000
1626735813.75152230,0.00000000,0.00000000,0.00000000,0.00000000
1626735813.85151625,0.00000000,0.00000000,0.00000000,0.00000000
1626735813.95153904,0.00000000,0.00000000,0.00000000,0.00000000
1626735814.05154800,0.00000000,0.00000000,0.00000000,0.00000000
1626735814.15152192,100.00000000,0.00000000,0.00000000,0.00000000
1626735814.25154376,90.48000000,0.00000000,0.00000000,0.00000000
1626735814.35156131,81.87000000,0.00000000,0.00000000,0.00000000
1626735814.45156240,74.08000000,0.00000000,0.00000000,0.00000000
1626735814.55156541,67.03000000,0.00000000,0.00000000,0.00000000
1626735814.65155697,60.65000000,0.00000000,0.00000000,0.00000000
1626735814.75155973,54.88000000,0.00000000,0.00000000,0.00000000
1626735814.85156322,49.66000000,0.00000000,0.00000000,0.00000000
1626735814.95158029,44.93000000,0.00000000,0.00000000,0.00000000
1626735815.05157423,40.66000000,0.00000000,0.00000000,0.00000000
1626735815.15157652,36.79000000,0.00000000,0.00000000,0.00000000
1626735815.25158095,33.29000000,0.00000000,0.00000000,0.00000000
1626735815.35155702,30.12000000,0.00000000,0.00000000,0.00000000
1626735815.45155549,27.25000000,0.00000000,0.00000000,0.00000000
1626735815.55155468,24.66000000,0.00000000,0.00000000,0.00000000
1626735815.65157461,22.31000000,0.00000000,0.00000000,0.00000000
1626735815.75156021,20.19000000,0.00000000,0.00000000,0.00000000
1626735815.85155106,18.27000000,0.00000000,0.00000000,0.00000000
1626735815.95157623,16.53000000,0.00000000,0.00000000,0.00000000
1626735816.05153990,14.96000000,0.00000000,0.00000000,0.00000000
1626735816.15155530,13.53000000,0.00000000,0.00000000,0.00000000
1626735816.25155663,12.25000000,0.00000000,0.00000000,0.00000000
1626735816.35155725,11.08000000,0.00000000,0.00000000,0.00000000
1626735816.45154643,10.03000000,0.00000000,0.00000000,0.00000000
1626735816.55155420,9.07000000,0.00000000,0.00000000,0.00000000
1626735816.65152168,8.21000000,0.00000000,0.00000000,0.00000000
1626735816.75155258,7.43000000,0.00000000,0.00000000,0.00000000
1626735816.85155249,6.72000000,0.00000000,0.00000000,0.00000000
1626735816.95154881,6.08000000,0.00000000,0.00000000,0.00000000
1626735817.05161309,5.50000000,0.00000000,0.00000000,0.00000000
1626735817.15153694,4.98000000,0.00000000,0.00000000,0.00000000
1626735817.25151730,4.50000000,0.00000000,0.00000000,0.00000000
1626735817.35155988,4.08000000,0.00000000,0.00000000,0.00000000
1626735817.45157480,3.69000000,0.00000000,0.00000000,0.00000000
1626735817.55157590,3.34000000,0.00000000,0.00000000,0.00000000
1626735817.65157509,3.02000000,0.00000000,0.00000000,0.00000000
1626735817.75157619,2.73000000,0.00000000,0.00000000,0.00000000
1626735817.85155773,2.47000000,0.00000000,0.00000000,0.00000000
1626735817.95154810,2.24000000,0.00000000,0.00000000,0.00000000
1626735818.05154920,2.02000000,0.00000000,0.00000000,0.00000000
1626735818.15155339,1.83000000,0.00000000,0.00000000,0.00000000
1626735818.25157619,1.66000000,0.00000000,0.00000000,0.00000000
1626735818.35157466,1.50000000,0.00000000,0.00000000,0.00000000
1626735818.45157456,1.36000000,0.00000000,0.00000000,0.00000000
1626735818.55157495,1.23000000,0.00000000,0.00000000,0.00000000
1626735818.65157628,1.11000000,0.00000000,0.00000000,0.00000000
1626735818.75157452,1.01000000,0.00000000,0.00000000,0.00000000
1626735818.85157466,0.91000000,0.00000000,0.00000000,0.00000000
1626735818.95157671,0.82000000,0.00000000,0.00000000,0.00000000
1626735819.05157351,0.74000000,0.00000000,0.00000000,0.00000000
1626735819.15156293,0.67000000,0.00000000,0.00000000,0.00000000
1626735819.25155902,0.61000000,0.00000000,0.00000000,0.00000000
1626735819.35156608,0.55000000,0.00000000,0.00000000,0.00000000
1626735819.45157480,0.50000000,0.00000000,0.00000000,0.00000000
1626735819.55155158,0.45000000,0.00000000,0.00000000,0.00000000
1626735819.65155482,0.41000000,0.00000000,0.00000000,0.00000000
1626735819.75156116,0.37000000,0.00000000,0.00000000,0.00000000
1626735819.85157275,0.33000000,0.00000000,0.00000000,0.00000000
1626735819.95157671,0.30000000,0.00000000,0.00000000,0.00000000
1626735820.05157232,0.27000000,0.00000000,0.00000000,0.00000000
1626735820.15156031,0.25000000,0.00000000,0.00000000,0.00000000
1626735820.25156569,0.22000000,0.00000000,0.00000000,0.00000000
1626735820.35152411,0.20000000,0.00000000,0.00000000,0.00000000
1626735820.45155215,0.18000000,0.00000000,0.00000000,0.00000000
1626735820.55153108,0.17000000,0.00000000,0.00000000,0.00000000
1626735820.65155077,0.15000000,0.00000000,0.00000000,0.00000000
1626735820.75155568,0.14000000,0.00000000,0.00000000,0.00000000
1626735820.85155582,0.12000000,0.00000000,0.00000000,0.00000000
1626735820.95157671,0.11000000,0.00000000,0.00000000,0.00000000
1626735821.05155277,0.10000000,0.00000000,0.00000000,0.00000000
1626735821.15154576,0.09000000,0.00000000,0.00000000,0.00000000
1626735821.25157166,0.08000000,0.00000000,0.00000000,0.00000000
1626735821.35155487,0.07000000,0.00000000,0.00000000,0.00000000
1626735821.45155716,0.07000000,0.00000000,0.00000000,0.00000000
1626735821.55157495,0.06000000,0.00000000,0.00000000,0.00000000
1626735821.65157366,0.06000000,0.00000000,0.00000000,0.00000000
1626735821.75157380,0.00000000,0.00000000,0.00000000,0.00000000
1626735821.85157323,0.00000000,0.00000000,0.00000000,0.00000000
1626735821.95157385,0.00000000,0.00000000,0.00000000,0.00000000
1626735822.05157375,0.00000000,0.00000000,0.00000000,0.00000000
1626735822.15157413,0.00000000,0.00000000,0.00000000,0.00000000
1626735822.25157261,0.00000000,0.00000000,0.00000000,0.00000000
1626735822.35158753,0.00000000,0.00000000,0.00000000,0.00000000
1626735822.45158672,0.00000000,0.00000000,0.00000000,0.00000000
1626735822.55158091,0.00000000,0.00000000,0.00000000,0.00000000
1626735822.65158105,0.00000000,0.00000000,0.00000000,0.00000000
1626735822.75158072,0.00000000,0.00000000,0.00000000,0.00000000
1626735822.85158205,0.00000000,0.00000000,0.00000000,0.00000000
1626735822.95157766,0.00000000,0.00000000,0.00000000,0.00000000
1626735823.05156493,0.00000000,0.00000000,0.00000000,0.00000000
1626735823.15157294,0.00000000,0.00000000,0.00000000,0.00000000
1626735823.25157523,0.00000000,0.00000000,0.00000000,0.00000000
1626735823.35157490,0.00000000,0.00000000,0.00000000,0.00000000
1626735823.45154953,0.00000000,0.00000000,0.00000000,0.00000000
1626735823.55155635,0.00000000,0.00000000,0.00000000,0.00000000
1626735823.65155005,0.00000000,0.00000000,0.00000000,0.00000000
1626735823.75157452,0.00000000,0.00000000,0.00000000,0.00000000
1626735823.85153294,0.00000000,0.00000000,0.00000000,0.00000000
1626735823.95153975,0.00000000,0.00000000,0.00000000,0.00000000
1626735824.05157089,0.00000000,0.00000000,0.00000000,0.00000000
1626735824.15157938,0.00000000,0.00000000,0.00000000,0.00000000
1626735824.25157595,0.00000000,0.00000000,0.00000000,0.00000000
1626735824.35157323,0.00000000,0.00000000,0.00000000,0.00000000
1626735824.45157170,0.00000000,0.00000000,0.00000000,0.00000000
1626735824.55157280,0.00000000,0.00000000,0.00000000,0.00000000
1626735824.65155244,0.00000000,0.00000000,0.00000000,0.00000000
1626735824.75157857,0.00000000,0.00000000,0.00000000,0.00000000
1626735824.85157442,0.00000000,0.00000000,0.00000000,0.00000000
1626735824.95155406,0.00000000,0.00000000,0.00000000,0.00000000
1626735825.05153418,0.00000000,0.00000000,0.00000000,0.00000000
1626735825.15155411,0.00000000,0.00000000,0.00000000,0.00000000
1626735825.25155425,0.00000000,0.00000000,0.00000000,0.00000000
1626735825.35155344,0.00000000,0.00000000,0.00000000,0.00000000
1626735825.45155501,0.00000000,0.00000000,0.00000000,0.00000000
1626735825.55155373,0.00000000,0.00000000,0.00000000,0.00000000
1626735825.65155387,0.00000000,0.00000000,0.00000000,0.00000000
1626735825.75153732,0.00000000,0.00000000,0.00000000,0.00000000
1626735825.85155177,0.00000000,0.00000000,0.00000000,0.00000000
1626735825.95152426,0.00000000,0.00000000,0.00000000,0.00000000
1626735826.05152106,0.00000000,0.00000000,0.00000000,0.00000000
1626735826.15154529,0.00000000,0.00000000,0.00000000,0.00000000
1626735826.25154781,0.00000000,0.00000000,0.00000000,0.00000000
1626735826.35153389,0.00000000,0.00000000,0.00000000,0.00000000
1626735826.45155144,0.00000000,0.00000000,0.00000000,0.00000000
1626735826.55153275,0.00000000,0.00000000,0.00000000,0.00000000
1626735826.65157270,0.00000000,0.00000000,0.00000000,0.00000000
1626735826.75157213,0.00000000,0.00000000,0.00000000,0.00000000
1626735826.85155439,0.00000000,0.00000000,0.00000000,0.00000000
1626735826.95154071,0.00000000,0.00000000,0.00000000,0.00000000
1626735827.05155206,0.00000000,0.00000000,0.00000000,0.00000000
1626735827.15156150,0.00000000,0.00000000,0.00000000,0.00000000
1626735827.25157118,0.00000000,0.00000000,0.00000000,0.00000000
1626735827.35155654,0.00000000,0.00000000,0.00000000,0.00000000
1626735827.45157814,0.00000000,0.00000000,0.00000000,0.00000000
1626735827.55156255,0.00000000,0.00000000,0.00000000,0.00000000
1626735827.65157270,0.00000000,0.00000000,0.00000000,0.00000000
1626735827.75157285,0.00000000,0.00000000,0.00000000,0.00000000
1626735827.85157204,0.00000000,0.00000000,0.00000000,0.00000000
1626735827.95153832,0.00000000,0.00000000,0.00000000,0.00000000
1626735828.05154181,0.00000000,0.00000000,0.00000000,0.00000000
1626735828.15155625,0.00000000,0.00000000,0.00000000,0.00000000
1626735828.25155282,0.00000000,0.00000000,0.00000000,0.00000000
1626735828.35155725,0.00000000,0.00000000,0.00000000,0.00000000
1626735828.45152783,0.00000000,0.00000000,0.00000000,0.00000000
1626735828.55155802,0.00000000,0.00000000,0.00000000,0.00000000
1626735828.65156102,0.00000000,0.00000000,0.00000000,0.00000000
1626735828.75157452,0.00000000,0.00000000,0.00000000,0.00000000
1626735828.85156679,0.00000000,0.00000000,0.00000000,0.00000000
1626735828.95153880,0.00000000,0.00000000,0.00000000,0.00000000
1626735829.05155587,0.00000000,0.00000000,0.00000000,0.00000000
1626735829.15155101,0.00000000,0.00000000,0.00000000,0.00000000
1626735829.25158596,0.00000000,0.00000000,0.00000000,0.00000000
1626735829.35155487,0.00000000,0.00000000,0.00000000,0.00000000
1626735829.45157409,0.00000000,0.00000000,0.00000000,0.00000000
1626735829.55157804,0.00000000,0.00000000,0.00000000,0.00000000
1626735829.65155506,0.00000000,0.00000000,0.00000000,0.00000000
1626735829.75157380,0.00000000,0.00000000,0.00000000,0.00000000
1626735829.85156703,0.00000000,0.00000000,0.00000000,0.00000000
1626735829.95157433,0.00000000,0.00000000,0.00000000,0.00000000
1626735830.05157661,0.00000000,0.00000000,0.00000000,0.00000000
1626735830.15155816,0.00000000,0.00000000,0.00000000,0.00000000
1626735830.25155425,0.00000000,0.00000000,0.00000000,0.00000000
1626735830.35155511,0.00000000,0.00000000,0.00000000,0.00000000
1626735830.45155525,0.00000000,0.00000000,0.00000000,0.00000000
1626735830.55155110,0.00000000,0.00000000,0.00000000,0.00000000
1626735830.65158486,0.00000000,0.00000000,0.00000000,0.00000000
1626735830.75155163,0.00000000,0.00000000,0.00000000,0.00000000
1626735830.85154223,0.00000000,0.00000000,0.00000000,0.00000000
1626735830.95158315,0.00000000,0.00000000,0.00000000,0.00000000
1626735831.05153060,0.00000000,0.00000000,0.00000000,0.00000000
1626735831.15158057,0.00000000,0.00000000,0.00000000,0.00000000
1626735831.25158548,0.00000000,0.00000000,0.00000000,0.00000000
1626735831.35157442,0.00000000,0.00000000,0.00000000,0.00000000
1626735831.45157647,0.00000000,0.00000000,0.00000000,0.00000000
1626735831.55155730,0.00000000,0.00000000,0.00000000,0.00000000
1626735831.65152454,0.00000000,0.00000000,0.00000000,0.00000000
1626735831.75157475,0.00000000,0.00000000,0.00000000,0.00000000
1626735831.85156322,0.00000000,0.00000000,0.00000000,0.00000000
1626735831.95158315,0.00000000,0.00000000,0.00000000,0.00000000
1626735832.05155039,0.00000000,0.00000000,0.00000000,0.00000000
1626735832.15154719,0.00000000,0.00000000,0.00000000,0.00000000
1626735832.25153255,0.00000000,0.00000000,0.00000000,0.00000000
1626735832.35155368,0.00000000,0.00000000,0.00000000,0.00000000
1626735832.45156193,0.00000000,0.00000000,0.00000000,0.00000000
1626735832.55153513,0.00000000,0.00000000,0.00000000,0.00000000
1626735832.65155792,0.00000000,0.00000000,0.00000000,0.00000000
1626735832.75155687,0.00000000,0.00000000,0.00000000,0.00000000
1626735832.85154510,0.00000000,0.00000000,0.00000000,0.00000000
1626735832.95157194,0.00000000,0.00000000,0.00000000,0.00000000
1626735833.05157590,0.00000000,0.00000000,0.00000000,0.00000000
1626735833.15158176,0.00000000,0.00000000,0.00000000,0.00000000
1626735833.25157452,0.00000000,0.00000000,0.00000000,0.00000000
1626735833.35157514,0.00000000,0.00000000,0.00000000,0.00000000
1626735833.45155549,0.00000000,0.00000000,0.00000000,0.00000000
1626735833.55155492,0.00000000,0.00000000,0.00000000,0.00000000
1626735833.65157747,0.00000000,0.00000000,0.00000000,0.00000000
1626735833.75157475,0.00000000,0.00000000,0.00000000,0.00000000
1626735833.85155869,0.00000000,0.00000000,0.00000000,0.00000000
1626735833.95155573,0.00000000,0.00000000,0.00000000,0.00000000
1626735834.05157351,0.00000000,0.00000000,0.00000000,0.00000000
1626735834.15157509,0.00000000,0.00000000,0.00000000,0.00000000
1626735834.25158429,0.00000000,0.00000000,0.00000000,0.00000000
1626735834.35157919,0.00000000,0.00000000,0.00000000,0.00000000
1626735834.45153379,0.00000000,0.00000000,0.00000000,0.00000000
1626735834.55152464,0.00000000,0.00000000,0.00000000,0.00000000
1626735834.65153456,0.00000000,0.00000000,0.00000000,0.00000000
1626735834.75154042,0.00000000,0.00000000,0.00000000,0.00000000
1626735834.85153985,0.00000000,0.00000000,0.00000000,0.00000000
1626735834.95155621,0.00000000,0.00000000,0.00000000,0.00000000
1626735835.05155206,0.00000000,0.00000000,0.00000000,0.00000000
1626735835.15154934,0.00000000,0.00000000,0.00000000,0.00000000
1626735835.25154018,0.00000000,0.00000000,0.00000000,0.00000000
1626735835.35155606,0.00000000,0.00000000,0.00000000,0.00000000
1626735835.45155764,0.00000000,0.00000000,0.00000000,0.00000000
1626735835.55156326,0.00000000,0.00000000,0.00000000,0.00000000
1626735835.65155816,0.00000000,0.00000000,0.00000000,0.00000000
1626735835.75155687,0.00000000,0.00000000,0.00000000,0.00000000
1626735835.85152936,0.00000000,0.00000000,0.00000000,0.00000000
1626735835.95152378,0.00000000,0.00000000,0.00000000,0.00000000
1626735836.05154586,0.00000000,0.00000000,0.00000000,0.00000000
1626735836.15154791,0.00000000,0.00000000,0.00000000,0.00000000
1626735836.25155759,0.00000000,0.00000000,0.00000000,0.00000000
1626735836.35152936,0.00000000,0.00000000,0.00000000,0.00000000
1626735836.45154357,0.00000000,0.00000000,0.00000000,0.00000000
1626735836.55156136,0.00000000,0.00000000,0.00000000,0.00000000
1626735836.65153909,0.00000000,0.00000000,0.00000000,0.00000000
1626735836.75155568,0.00000000,0.00000000,0.00000000,0.00000000
1626735836.85155725,0.00000000,0.00000000,0.00000000,0.00000000
1626735836.95157790,0.00000000,0.00000000,0.00000000,0.00000000
1626735837.05157495,0.00000000,0.00000000,0.00000000,0.00000000
1626735837.15157175,0.00000000,0.00000000,0.00000000,0.00000000
1626735837.25155902,0.00000000,0.00000000,0.00000000,0.00000000
1626735837.35156465,0.00000000,0.00000000,0.00000000,0.00000000
1626735837.45155573,0.00000000,0.00000000,0.00000000,0.00000000
1626735837.55155683,0.00000000,0.00000000,0.00000000,0.00000000
1626735837.65155530,0.00000000,0.00000000,0.00000000,0.00000000
1626735837.75158119,0.00000000,0.00000000,0.00000000,0.00000000
1626735837.85156298,0.00000000,0.00000000,0.00000000,0.00000000
1626735837.95154023,0.00000000,0.00000000,0.00000000,0.00000000
1626735838.05156803,0.00000000,0.00000000,0.00000000,0.00000000
1626735838.15155768,0.00000000,0.00000000,0.00000000,0.00000000
1626735838.25156379,0.00000000,0.00000000,0.00000000,0.00000000
1626735838.35155892,0.00000000,0.00000000,0.00000000,0.00000000
1626735838.45155859,0.00000000,0.00000000,0.00000000,0.00000000
1626735838.55157995,0.00000000,0.00000000,0.00000000,0.00000000
1626735838.65157676,0.00000000,0.00000000,0.00000000,0.00000000
1626735838.75159001,0.00000000,0.00000000,0.00000000,0.00000000
1626735838.85158396,0.00000000,0.00000000,0.00000000,0.00000000
1626735838.95157909,0.00000000,0.00000000,0.00000000,0.00000000
1626735839.05155826,0.00000000,0.00000000,0.00000000,0.00000000
1626735839.15152431,0.00000000,0.00000000,0.00000000,0.00000000
1626735839.25156355,0.00000000,0.00000000,0.00000000,0.00000000
1626735839.35154486,0.00000000,0.00000000,0.00000000,0.00000000
1626735839.45155358,0.00000000,0.00000000,0.00000000,0.00000000
1626735839.55158949,0.00000000,0.00000000,0.00000000,0.00000000
1626735839.65158153,0.00000000,0.00000000,0.00000000,0.00000000
1626735839.75158381,0.00000000,0.00000000,0.00000000,0.00000000
1626735839.85153866,0.00000000,0.00000000,0.00000000,0.00000000
1626735839.95154071,0.00000000,0.00000000,0.00000000,0.00000000
1626735840.05152941,0.00000000,0.00000000,0.00000000,0.00000000
1626735840.15154290,0.00000000,0.00000000,0.00000000,0.00000000
1626735840.25153875,0.00000000,0.00000000,0.00000000,0.00000000
1626735840.35156822,0.00000000,0.00000000,0.00000000,0.00000000
1626735840.45155716,0.00000000,0.00000000,0.00000000,0.00000000
1626735840.55155087,0.00000000,0.00000000,0.00000000,0.00000000
1626735840.65157676,0.00000000,0.00000000,0.00000000,0.00000000
1626735840.75153518,0.00000000,0.00000000,0.00000000,0.00000000
1626735840.85157609,0.00000000,0.00000000,0.00000000,0.00000000
1626735840.95158100,0.00000000,0.00000000,0.00000000,0.00000000
1626735841.05157924,0.00000000,0.00000000,0.00000000,0.00000000
1626735841.15158176,0.00000000,0.00000000,0.00000000,0.00000000
1626735841.25157595,0.00000000,0.00000000,0.00000000,0.00000000
1626735841.35157514,0.00000000,0.00000000,0.00000000,0.00000000
1626735841.45155478,0.00000000,0.00000000,0.00000000,0.00000000
1626735841.55156088,0.00000000,0.00000000,0.00000000,0.00000000
1626735841.65155721,0.00000000,0.00000000,0.00000000,0.00000000
1626735841.75157785,0.00000000,0.00000000,0.00000000,0.00000000
1626735841.85154462,0.00000000,0.00000000,0.00000000,0.00000000
1626735841.95153570,0.00000000,0.00000000,0.00000000,0.00000000
1626735842.05153608,0.00000000,0.00000000,0.00000000,0.00000000
1626735842.15158057,0.00000000,0.00000000,0.00000000,0.00000000
1626735842.25153685,0.00000000,0.00000000,0.00000000,0.00000000
1626735842.35155511,0.00000000,0.00000000,0.00000000,0.00000000
1626735842.45156169,0.00000000,0.00000000,0.00000000,0.00000000
1626735842.55175185,0.00000000,0.00000000,0.00000000,0.00000000
1626735842.65157938,0.00000000,0.00000000,0.00000000,0.00000000
1626735842.75158048,0.00000000,0.00000000,0.00000000,0.00000000
1626735842.85157371,0.00000000,0.00000000,0.00000000,0.00000000
1626735842.95158029,0.00000000,0.00000000,0.00000000,0.00000000
1626735843.05157518,0.00000000,0.00000000,0.00000000,0.00000000
1626735843.15157437,0.00000000,0.00000000,0.00000000,0.00000000
1626735843.25154853,0.00000000,0.00000000,0.00000000,0.00000000
1626735843.35154748,0.00000000,0.00000000,0.00000000,0.00000000
1626735843.45158792,0.00000000,0.00000000,0.00000000,0.00000000
1626735843.55157447,0.00000000,0.00000000,0.00000000,0.00000000
1626735843.65155578,0.00000000,0.00000000,0.00000000,0.00000000
1626735843.75155473,0.00000000,0.00000000,0.00000000,0.00000000
1626735843.85155487,0.00000000,0.00000000,0.00000000,0.00000000
1626735843.95151901,0.00000000,0.00000000,0.00000000,0.00000000
1626735844.05155253,0.00000000,0.00000000,0.00000000,0.00000000
1626735844.15154219,0.00000000,0.00000000,0.00000000,0.00000000
1626735844.25155354,0.00000000,0.00000000,0.00000000,0.00000000
1626735844.35155845,0.00000000,0.00000000,0.00000000,0.00000000
1626735844.45155573,0.00000000,0.00000000,0.00000000,0.00000000
1626735844.55155587,0.00000000,0.00000000,0.00000000,0.00000000
1626735844.65154552,0.00000000,0.00000000,0.00000000,0.00000000
1626735844.75155258,0.00000000,0.00000000,0.00000000,0.00000000
1626735844.85153246,0.00000000,0.00000000,0.00000000,0.00000000
1626735844.95155191,0.00000000,0.00000000,0.00000000,0.00000000
1626735845.05155396,0.00000000,0.00000000,0.00000000,0.00000000
1626735845.15157819,0.00000000,0.00000000,0.00000000,0.00000000
1626735845.25157356,0.00000000,0.00000000,0.00000000,0.00000000
1626735845.35155582,0.00000000,0.00000000,0.00000000,0.00000000
1626735845.45155025,0.00000000,0.00000000,0.00000000,0.00000000
1626735845.55157542,0.00000000,0.00000000,0.00000000,0.00000000
1626735845.65157676,0.00000000,0.00000000,0.00000000,0.00000000
1626735845.75155711,0.00000000,0.00000000,0.00000000,0.00000000
1626735845.85152650,0.00000000,0.00000000,0.00000000,0.00000000
1626735845.95155716,0.00000000,0.00000000,0.00000000,0.00000000
1626735846.05156088,0.00000000,0.00000000,0.00000000,0.00000000
1626735846.15155697,0.00000000,0.00000000,0.00000000,0.00000000
1626735846.25156045,0.00000000,0.00000000,0.00000000,0.00000000
1626735846.35155368,0.00000000,0.00000000,0.00000000,0.00000000
1626735846.45157027,0.00000000,0.00000000,0.00000000,0.00000000
1626735846.55155540,0.00000000,0.00000000,0.00000000,0.00000000
1626735846.65154743,0.00000000,0.00000000,0.00000000,0.00000000
1626735846.75155020,0.00000000,0.00000000,0.00000000,0.00000000
1626735846.85156298,0.00000000,0.00000000,0.00000000,0.00000000
1626735846.95154047,0.00000000,0.00000000,0.00000000,0.00000000
1626735847.05155468,0.00000000,0.00000000,0.00000000,0.00000000
1626735847.15154314,0.00000000,0.00000000,0.00000000,0.00000000
1626735847.25153828,0.00000000,0.00000000,0.00000000,0.00000000
1626735847.35156107,0.00000000,0.00000000,0.00000000,0.00000000
1626735847.45156479,0.00000000,0.00000000,0.00000000,0.00000000
1626735847.55155540,0.00000000,0.00000000,0.00000000,0.00000000
1626735847.65157485,0.00000000,0.00000000,0.00000000,0.00000000
1626735847.75155425,0.00000000,0.00000000,0.00000000,0.00000000
1626735847.85156822,0.00000000,0.00000000,0.00000000,0.00000000
1626735847.95157290,0.00000000,0.00000000,0.00000000,0.00000000
1626735848.05155349,0.00000000,0.00000000,0.00000000,0.00000000
1626735848.15156507,0.00000000,0.00000000,0.00000000,0.00000000
1626735848.25154328,0.00000000,0.00000000,0.00000000,0.00000000
1626735848.35156202,0.00000000,0.00000000,0.00000000,0.00000000
1626735848.45157170,0.00000000,0.00000000,0.00000000,0.00000000
1626735848.55154777,0.00000000,0.00000000,0.00000000,0.00000000
1626735848.65156960,0.00000000,0.00000000,0.00000000,0.00000000
1626735848.75157332,0.00000000,0.00000000,0.00000000,0.00000000
1626735848.85155749,0.00000000,0.00000000,0.00000000,0.00000000
1626735848.95157123,0.00000000,0.00000000,0.00000000,0.00000000
1626735849.05157423,0.00000000,0.00000000,0.00000000,0.00000000
1626735849.15157390,0.00000000,0.00000000,0.00000000,0.00000000
1626735849.25157332,0.00000000,0.00000000,0.00000000,0.00000000
1626735849.35156322,0.00000000,0.00000000,0.00000000,0.00000000
1626735849.45157218,0.00000000,0.00000000,0.00000000,0.00000000
1626735849.55157328,0.00000000,0.00000000,0.00000000,0.00000000
1626735849.65157342,0.00000000,0.00000000,0.00000000,0.00000000
1626735849.75157928,0.00000000,0.00000000,0.00000000,0.00000000
1626735849.85157752,0.00000000,0.00000000,0.00000000,0.00000000
1626735849.95155168,0.00000000,0.00000000,0.00000000,0.00000000
1626735850.05155420,0.00000000,0.00000000,0.00000000,0.00000000
1626735850.15155244,0.00000000,0.00000000,0.00000000,0.00000000
1626735850.25156069,0.00000000,0.00000000,0.00000000,0.00000000
1626735850.35152483,0.00000000,0.00000000,0.00000000,0.00000000
1626735850.45156264,0.00000000,0.00000000,0.00000000,0.00000000
1626735850.55157018,0.00000000,0.00000000,0.00000000,0.00000000
1626735850.65156293,0.00000000,0.00000000,0.00000000,0.00000000
1626735850.75155854,0.00000000,0.00000000,0.00000000,0.00000000
1626735850.85152984,0.00000000,0.00000000,0.00000000,0.00000000
1626735850.95158076,0.00000000,0.00000000,0.00000000,0.00000000
1626735851.05151677,0.00000000,0.00000000,0.00000000,0.00000000
1626735851.15156221,0.00000000,0.00000000,0.00000000,0.00000000
1626735851.25154567,0.00000000,0.00000000,0.00000000,0.00000000
1626735851.35154772,0.00000000,0.00000000,0.00000000,0.00000000
1626735851.45154977,0.00000000,0.00000000,0.00000000,0.00000000
1626735851.55156636,0.00000000,0.00000000,0.00000000,0.00000000
1626735851.65154600,0.00000000,0.00000000,0.00000000,0.00000000
1626735851.75155592,0.00000000,0.00000000,0.00000000,0.00000000
1626735851.85155511,0.00000000,0.00000000,0.00000000,0.00000000
1626735851.95155454,0.00000000,0.00000000,0.00000000,0.00000000
1626735852.05158043,0.00000000,0.00000000,0.00000000,0.00000000
1626735852.15157914,0.00000000,0.00000000,0.00000000,0.00000000
1626735852.25155473,0.00000000,0.00000000,0.00000000,0.00000000
1626735852.35155487,0.00000000,0.00000000,0.00000000,0.00000000
1626735852.45157576,0.00000000,0.00000000,0.00000000,0.00000000
1626735852.55157304,0.00000000,0.00000000,0.00000000,0.00000000
1626735852.65157509,0.00000000,0.00000000,0.00000000,0.00000000
1626735852.75157261,0.00000000,0.00000000,0.00000000,0.00000000
1626735852.85156178,0.00000000,0.00000000,0.00000000,0.00000000
1626735852.95157146,0.00000000,0.00000000,0.00000000,0.00000000
1626735853.05157351,0.00000000,0.00000000,0.00000000,0.00000000
1626735853.15157580,0.00000000,0.00000000,0.00000000,0.00000000
1626735853.25153041,0.00000000,0.00000000,0.00000000,0.00000000
1626735853.35155272,0.00000000,0.00000000,0.00000000,0.00000000
1626735853.45155430,0.00000000,0.00000000,0.00000000,0.00000000
1626735853.55157423,0.00000000,0.00000000,0.00000000,0.00000000
1626735853.65155602,0.00000000,0.00000000,0.00000000,0.00000000
1626735853.75155473,0.00000000,0.00000000,0.00000000,0.00000000
1626735853.85152340,0.00000000,0.00000000,0.00000000,0.00000000
1626735853.95152092,0.00000000,0.00000000,0.00000000,0.00000000
1626735854.05152917,0.00000000,0.00000000,0.00000000,0.00000000
1626735854.15153098,0.00000000,0.00000000,0.00000000,0.00000000
1626735854.25156331,0.00000000,0.00000000,0.00000000,0.00000000
1626735854.35155535,0.00000000,0.00000000,0.00000000,0.00000000
1626735854.45158076,0.00000000,0.00000000,0.00000000,0.00000000
1626735854.55157399,0.00000000,0.00000000,0.00000000,0.00000000
1626735854.65157461,0.00000000,0.00000000,0.00000000,0.00000000
1626735854.75157571,0.00000000,0.00000000,0.00000000,0.00000000
1626735854.85155487,0.00000000,0.00000000,0.00000000,0.00000000
1626735854.95155501,0.00000000,0.00000000,0.00000000,0.00000000
1626735855.05157423,0.00000000,0.00000000,0.00000000,0.00000000
1626735855.15157461,0.00000000,0.00000000,0.00000000,0.00000000
1626735855.25157523,0.00000000,0.00000000,0.00000000,0.00000000
1626735855.35153580,0.00000000,0.00000000,0.00000000,0.00000000
1626735855.45157194,0.00000000,0.00000000,0.00000000,0.00000000
1626735855.55157518,0.00000000,0.00000000,0.00000000,0.00000000
1626735855.65154839,0.00000000,0.00000000,0.00000000,0.00000000
1626735855.75157261,0.00000000,0.00000000,0.00000000,0.00000000
1626735855.85156035,0.00000000,0.00000000,0.00000000,0.00000000
1626735855.95157218,0.00000000,0.00000000,0.00000000,0.00000000
1626735856.05158091,0.00000000,0.00000000,0.00000000,0.00000000
1626735856.15157509,0.00000000,0.00000000,0.00000000,0.00000000
1626735856.25153112,0.00000000,0.00000000,0.00000000,0.00000000
1626735856.35157561,0.00000000,0.00000000,0.00000000,0.00000000
1626735856.45157528,0.00000000,0.00000000,0.00000000,0.00000000
1626735856.55158043,0.00000000,0.00000000,0.00000000,0.00000000
1626735856.65157533,0.00000000,0.00000000,0.00000000,0.00000000
1626735856.75153065,0.00000000,0.00000000,0.00000000,0.00000000
1626735856.85152388,0.00000000,0.00000000,0.00000000,0.00000000
1626735856.95152831,0.00000000,0.00000000,0.00000000,0.00000000
1626735857.05155396,0.00000000,0.00000000,0.00000000,0.00000000
1626735857.15155005,0.00000000,0.00000000,0.00000000,0.00000000
1626735857.25155687,0.00000000,0.00000000,0.00000000,0.00000000
1626735857.35157394,0.00000000,0.00000000,0.00000000,0.00000000
1626735857.45157552,0.00000000,0.00000000,0.00000000,0.00000000
1626735857.55155230,0.00000000,0.00000000,0.00000000,0.00000000
1626735857.65155363,0.00000000,0.00000000,0.00000000,0.00000000
1626735857.75155377,0.00000000,0.00000000,0.00000000,0.00000000
1626735857.85155058,0.00000000,0.00000000,0.00000000,0.00000000
1626735857.95157409,0.00000000,0.00000000,0.00000000,0.00000000
1626735858.05155945,0.00000000,0.00000000,0.00000000,0.00000000
1626735858.15154243,0.00000000,0.00000000,0.00000000,0.00000000
1626735858.25158787,0.00000000,0.00000000,0.00000000,0.00000000
1626735858.35158062,0.00000000,0.00000000,0.00000000,0.00000000
1626735858.45154786,0.00000000,0.00000000,0.00000000,0.00000000
1626735858.55153966,0.00000000,0.00000000,0.00000000,0.00000000
1626735858.65152383,0.00000000,0.00000000,0.00000000,0.00000000
1626735858.75155878,0.00000000,0.00000000,0.00000000,0.00000000
1626735858.85156918,0.00000000,0.00000000,0.00000000,0.00000000
1626735858.95156121,0.00000000,0.00000000,0.00000000,0.00000000
1626735859.05157232,0.00000000,0.00000000,0.00000000,0.00000000
1626735859.15157485,0.00000000,0.00000000,0.00000000,0.00000000
1626735859.25157261,0.00000000,0.00000000,0.00000000,0.00000000
1626735859.35152721,0.00000000,0.00000000,0.00000000,0.00000000
1626735859.45155549,0.00000000,0.00000000,0.00000000,0.00000000
1626735859.55157399,0.00000000,0.00000000,0.00000000,0.00000000
1626735859.65157342,0.00000000,0.00000000,0.00000000,0.00000000
1626735859.75153422,0.00000000,0.00000000,0.00000000,0.00000000
1626735859.85154676,0.00000000,0.00000000,0.00000000,0.00000000
1626735859.95155311,0.00000000,0.00000000,0.00000000,0.00000000
1626735860.05157328,0.00000000,0.00000000,0.00000000,0.00000000
1626735860.15156388,0.00000000,0.00000000,0.00000000,0.00000000
1626735860.25157690,0.00000000,0.00000000,0.00000000,0.00000000
1626735860.35156512,0.00000000,0.00000000,0.00000000,0.00000000
1626735860.45157313,0.00000000,0.00000000,0.00000000,0.00000000
1626735860.55157518,0.00000000,0.00000000,0.00000000,0.00000000
1626735860.65157557,0.00000000,0.00000000,0.00000000,0.00000000
1626735860.75157762,0.00000000,0.00000000,0.00000000,0.00000000
1626735860.85155559,0.00000000,0.00000000,0.00000000,0.00000000
1626735860.95157456,0.00000000,0.00000000,0.00000000,0.00000000
1626735861.05155706,0.00000000,0.00000000,0.00000000,0.00000000
1626735861.15157318,0.00000000,0.00000000,0.00000000,0.00000000
1626735861.25153589,0.00000000,0.00000000,0.00000000,0.00000000
1626735861.35157442,0.00000000,0.00000000,0.00000000,0.00000000
1626735861.45157456,0.00000000,0.00000000,0.00000000,0.00000000
1626735861.55157447,0.00000000,0.00000000,0.00000000,0.00000000
1626735861.65157509,0.00000000,0.00000000,0.00000000,0.00000000
1626735861.75157523,0.00000000,0.00000000,0.00000000,0.00000000
1626735861.85157490,0.00000000,0.00000000,0.00000000,0.00000000
1626735861.95154667,0.00000000,0.00000000,0.00000000,0.00000000
1626735862.05157471,0.00000000,0.00000000,0.00000000,0.00000000
1626735862.15158010,0.00000000,0.00000000,0.00000000,0.00000000
1626735862.25157428,0.00000000,0.00000000,0.00000000,0.00000000
1626735862.35157466,0.00000000,0.00000000,0.00000000,0.00000000
1626735862.45153952,0.00000000,0.00000000,0.00000000,0.00000000
1626735862.55155277,0.00000000,0.00000000,0.00000000,0.00000000
1626735862.65157914,0.00000000,0.00000000,0.00000000,0.00000000
1626735862.75157332,0.00000000,0.00000000,0.00000000,0.00000000
1626735862.85152674,0.00000000,0.00000000,0.00000000,0.00000000
1626735862.95154119,0.00000000,0.00000000,0.00000000,0.00000000
1626735863.05153251,0.00000000,0.00000000,0.00000000,0.00000000
1626735863.15157270,0.00000000,0.00000000,0.00000000,0.00000000
1626735863.25157237,0.00000000,0.00000000,0.00000000,0.00000000
1626735863.35157323,0.00000000,0.00000000,0.00000000,0.00000000
1626735863.45155478,0.00000000,0.00000000,0.00000000,0.00000000
1626735863.55153394,0.00000000,0.00000000,0.00000000,0.00000000
1626735863.65155196,0.00000000,0.00000000,0.00000000,0.00000000
1626735863.75155544,0.00000000,0.00000000,0.00000000,0.00000000
1626735863.85157275,0.00000000,0.00000000,0.00000000,0.00000000
1626735863.95158052,0.00000000,0.00000000,0.00000000,0.00000000
1626735864.05156970,0.00000000,0.00000000,0.00000000,0.00000000
1626735864.15157366,0.00000000,0.00000000,0.00000000,0.00000000
1626735864.25154924,0.00000000,0.00000000,0.00000000,0.00000000
1626735864.35154724,0.00000000,0.00000000,0.00000000,0.00000000
1626735864.45155954,0.00000000,0.00000000,0.00000000,0.00000000
1626735864.55155635,0.00000000,0.00000000,0.00000000,0.00000000
1626735864.65153003,0.00000000,0.00000000,0.00000000,0.00000000
1626735864.75156379,0.00000000,0.00000000,0.00000000,0.00000000
1626735864.85152006,0.00000000,0.00000000,0.00000000,0.00000000
1626735864.95154810,0.00000000,0.00000000,0.00000000,0.00000000
1626735865.05157161,0.00000000,0.00000000,0.00000000,0.00000000
1626735865.15152693,0.00000000,0.00000000,0.00000000,0.00000000
1626735865.25154805,0.00000000,0.00000000,0.00000000,0.00000000
1626735865.35157204,0.00000000,0.00000000,0.00000000,0.00000000
1626735865.45156908,0.00000000,0.00000000,0.00000000,0.00000000
1626735865.55156088,0.00000000,0.00000000,0.00000000,0.00000000
1626735865.65155554,0.00000000,0.00000000,0.00000000,0.00000000
1626735865.75157428,0.00000000,0.00000000,0.00000000,0.00000000
1626735865.85158157,0.00000000,0.00000000,0.00000000,0.00000000
1626735865.95157361,0.00000000,0.00000000,0.00000000,0.00000000
1626735866.05157924,0.00000000,0.00000000,0.00000000,0.00000000
1626735866.15153694,0.00000000,0.00000000,0.00000000,0.00000000
1626735866.25155783,0.00000000,0.00000000,0.00000000,0.00000000
1626735866.35156083,0.00000000,0.00000000,0.00000000,0.00000000
1626735866.45152736,0.00000000,0.00000000,0.00000000,0.00000000
1626735866.55154848,0.00000000,0.00000000,0.00000000,0.00000000
1626735866.65154910,0.00000000,0.00000000,0.00000000,0.00000000
1626735866.75155401,0.00000000,0.00000000,0.00000000,0.00000000
1626735866.85157228,0.00000000,0.00000000,0.00000000,0.00000000
1626735866.95155382,0.00000000,0.00000000,0.00000000,0.00000000
1626735867.05152726,0.00000000,0.00000000,0.00000000,0.00000000
1626735867.15155220,0.00000000,0.00000000,0.00000000,0.00000000
1626735867.25155354,0.00000000,0.00000000,0.00000000,0.00000000
1626735867.35154653,0.00000000,0.00000000,0.00000000,0.00000000
1626735867.45155048,-50.00000000,0.00000000,0.00000000,0.00000000
1626735867.55157232,-45.24000000,0.00000000,0.00000000,0.00000000
1626735867.65154433,-40.94000000,0.00000000,0.00000000,0.00000000
1626735867.75157928,-37.04000000,0.00000000,0.00000000,0.00000000
1626735867.85158229,-33.52000000,0.00000000,0.00000000,0.00000000
1626735867.95155740,-30.33000000,0.00000000,0.00000000,0.00000000
1626735868.05157232,-27.44000000,0.00000000,0.00000000,0.00000000
1626735868.15154743,-24.83000000,0.00000000,0.00000000,0.00000000
1626735868.25157928,-22.47000000,0.00000000,0.00000000,0.00000000
1626735868.35157323,-20.33000000,0.00000000,0.00000000,0.00000000
1626735868.45155406,-18.39000000,0.00000000,0.00000000,0.00000000
1626735868.55158877,-16.64000000,0.00000000,0.00000000,0.00000000
1626735868.65158224,-15.06000000,0.00000000,0.00000000,0.00000000
1626735868.75157380,-13.63000000,0.00000000,0.00000000,0.00000000
1626735868.85156202,-12.33000000,0.00000000,0.00000000,0.00000000
1626735868.95158100,-11.16000000,0.00000000,0.00000000,0.00000000
1626735869.05158019,-10.09000000,0.00000000,0.00000000,0.00000000
1626735869.15156364,-9.13000000,0.00000000,0.00000000,0.00000000
1626735869.25153852,-8.26000000,0.00000000,0.00000000,0.00000000
1626735869.35153770,-7.48000000,0.00000000,0.00000000,0.00000000
1626735869.45155740,-6.77000000,0.00000000,0.00000000,0.00000000
1626735869.55154967,-6.12000000,0.00000000,0.00000000,0.00000000
1626735869.65155602,-5.54000000,0.00000000,0.00000000,0.00000000
1626735869.75157475,-5.01000000,0.00000000,0.00000000,0.00000000
1626735869.85156870,-4.54000000,0.00000000,0.00000000,0.00000000
1626735869.95158434,-4.10000000,0.00000000,0.00000000,0.00000000
1626735870.05158639,-3.71000000,0.00000000,0.00000000,0.00000000
1626735870.15154934,-3.36000000,0.00000000,0.00000000,0.00000000
1626735870.25170135,-3.04000000,0.00000000,0.00000000,0.00000000
1626735870.35157323,-2.75000000,0.00000000,0.00000000,0.00000000
1626735870.45157981,-2.49000000,0.00000000,0.00000000,0.00000000
1626735870.55156064,-2.25000000,0.00000000,0.00000000,0.00000000
1626735870.65158367,-2.04000000,0.00000000,0.00000000,0.00000000
1626735870.75157380,-1.84000000,0.00000000,0.00000000,0.00000000
1626735870.85158110,-1.67000000,0.00000000,0.00000000,0.00000000
1626735870.95156884,-1.51000000,0.00000000,0.00000000,0.00000000
1626735871.05155492,-1.37000000,0.00000000,0.00000000,0.00000000
1626735871.15153003,-1.24000000,0.00000000,0.00000000,0.00000000
1626735871.25157189,-1.12000000,0.00000000,0.00000000,0.00000000
1626735871.35156059,-1.01000000,0.00000000,0.00000000,0.00000000
1626735871.45157361,-0.92000000,0.00000000,0.00000000,0.00000000
1626735871.55155492,-0.83000000,0.00000000,0.00000000,0.00000000
1626735871.65155435,-0.75000000,0.00000000,0.00000000,0.00000000
1626735871.75170565,-100.00000000,0.00000000,0.00000000,0.00000000
1626735871.85152721,-90.48000000,0.00000000,0.00000000,0.00000000
1626735871.95155311,-81.87000000,0.00000000,0.00000000,0.00000000
1626735872.05153608,-74.08000000,0.00000000,0.00000000,0.00000000
1626735872.15156484,-67.03000000,0.00000000,0.00000000,0.00000000
1626735872.25159168,-60.65000000,0.00000000,0.00000000,0.00000000
1626735872.35156488,-54.88000000,0.00000000,0.00000000,0.00000000
1626735872.45155478,-49.66000000,0.00000000,0.00000000,0.00000000
1626735872.55155611,-44.93000000,0.00000000,0.00000000,0.00000000
1626735872.65157533,-40.66000000,0.00000000,0.00000000,0.00000000
1626735872.75155568,-36.79000000,0.00000000,0.00000000,0.00000000
1626735872.85154963,-33.29000000,0.00000000,0.00000000,0.00000000
1626735872.95156693,-30.12000000,0.00000000,0.00000000,0.00000000
1626735873.05155396,-27.25000000,0.00000000,0.00000000,0.00000000
1626735873.15156126,-24.66000000,0.00000000,0.00000000,0.00000000
1626735873.25157332,-22.31000000,0.00000000,0.00000000,0.00000000
1626735873.35158038,-20.19000000,0.00000000,0.00000000,0.00000000
1626735873.45158076,-18.27000000,0.00000000,0.00000000,0.00000000
1626735873.55155540,-16.53000000,0.00000000,0.00000000,0.00000000
1626735873.65155149,-14.96000000,0.00000000,0.00000000,0.00000000
1626735873.75153065,-13.53000000,0.00000000,0.00000000,0.00000000
1626735873.85156155,-12.25000000,0.00000000,0.00000000,0.00000000
1626735873.95157146,-11.08000000,0.00000000,0.00000000,0.00000000
1626735874.05157399,-10.03000000,0.00000000,0.00000000,0.00000000
1626735874.15153503,-9.07000000,0.00000000,0.00000000,0.00000000
1626735874.25157452,-8.21000000,0.00000000,0.00000000,0.00000000
1626735874.35158038,-7.43000000,0.00000000,0.00000000,0.00000000
1626735874.45155501,-6.72000000,0.00000000,0.00000000,0.00000000
1626735874.55153275,-6.08000000,0.00000000,0.00000000,0.00000000
1626735874.65155959,-5.50000000,0.00000000,0.00000000,0.00000000
1626735874.75153875,-4.98000000,0.00000000,0.00000000,0.00000000
1626735874.85155010,-4.50000000,0.00000000,0.00000000,0.00000000
1626735874.95156574,-4.08000000,0.00000000,0.00000000,0.00000000
1626735875.05159426,-3.69000000,0.00000000,0.00000000,0.00000000
1626735875.15152621,-3.34000000,0.00000000,0.00000000,0.00000000
1626735875.25158501,-3.02000000,0.00000000,0.00000000,0.00000000
1626735875.35158706,-2.73000000,0.00000000,0.00000000,0.00000000
1626735875.45158005,-2.47000000,0.00000000,0.00000000,0.00000000
1626735875.55157828,-2.24000000,0.00000000,0.00000000,0.00000000
1626735875.65153122,-2.02000000,0.00000000,0.00000000,0.00000000
1626735875.75152922,-1.83000000,0.00000000,0.00000000,0.00000000
1626735875.85153890,-1.66000000,0.00000000,0.00000000,0.00000000
1626735875.95156121,-1.50000000,0.00000000,0.00000000,0.00000000
1626735876.05154991,-1.36000000,0.00000000,0.00000000,0.00000000
1626735876.15157986,-1.23000000,0.00000000,0.00000000,0.00000000
1626735876.25156045,-1.11000000,0.00000000,0.00000000,0.00000000
1626735876.35153532,-1.01000000,0.00000000,0.00000000,0.00000000
1626735876.45155740,-0.91000000,0.00000000,0.00000000,0.00000000
1626735876.55154705,-0.82000000,0.00000000,0.00000000,0.00000000
1626735876.65155435,-0.74000000,0.00000000,0.00000000,0.00000000
1626735876.75155020,-0.67000000,0.00000000,0.00000000,0.00000000
1626735876.85154986,-0.61000000,0.00000000,0.00000000,0.00000000
1626735876.95155883,-0.55000000,0.00000000,0.00000000,0.00000000
1626735877.05158019,-0.50000000,0.00000000,0.00000000,0.00000000
1626735877.15157747,-0.45000000,0.00000000,0.00000000,0.00000000
1626735877.25155568,-0.41000000,0.00000000,0.00000000,0.00000000
1626735877.35154533,-0.37000000,0.00000000,0.00000000,0.00000000
1626735877.45156217,-0.33000000,0.00000000,0.00000000,0.00000000
1626735877.55154562,-0.30000000,0.00000000,0.00000000,0.00000000
1626735877.65157819,-0.27000000,0.00000000,0.00000000,0.00000000
1626735877.75159073,-0.25000000,0.00000000,0.00000000,0.00000000
1626735877.85157204,-0.22000000,0.00000000,0.00000000,0.00000000
1626735877.95155478,-0.20000000,0.00000000,0.00000000,0.00000000
1626735878.05157876,-0.18000000,0.00000000,0.00000000,0.00000000
1626735878.15158391,-0.17000000,0.00000000,0.00000000,0.00000000
1626735878.25158000,-0.15000000,0.00000000,0.00000000,0.00000000
1626735878.35156155,-0.14000000,0.00000000,0.00000000,0.00000000
1626735878.45158148,-0.12000000,0.00000000,0.00000000,0.00000000
1626735878.55154514,-0.11000000,0.00000000,0.00000000,0.00000000
1626735878.65157390,-0.10000000,0.00000000,0.00000000,0.00000000
1626735878.75157833,-0.09000000,0.00000000,0.00000000,0.00000000
1626735878.85157609,-0.08000000,0.00000000,0.00000000,0.00000000
1626735878.95160151,-0.07000000,0.00000000,0.00000000,0.00000000
1626735879.05156732,-0.07000000,0.00000000,0.00000000,0.00000000
1626735879.15159249,-0.06000000,0.00000000,0.00000000,0.00000000
1626735879.25157857,-0.06000000,0.00000000,0.00000000,0.00000000
1626735879.35158134,0.00000000,0.00000000,0.00000000,0.00000000
1626735879.45155525,0.00000000,0.00000000,0.00000000,0.00000000
1626735879.55157709,0.00000000,0.00000000,0.00000000,0.00000000
1626735879.65157437,0.00000000,0.00000000,0.00000000,0.00000000
1626735879.75153375,0.00000000,0.00000000,0.00000000,0.00000000
1626735879.85157347,0.00000000,0.00000000,0.00000000,0.00000000
1626735879.95154977,0.00000000,0.00000000,0.00000000,0.00000000
1626735880.05159116,0.00000000,0.00000000,0.00000000,0.00000000
1626735880.15159297,0.00000000,0.00000000,0.00000000,0.00000000
1626735880.25158453,0.00000000,0.00000000,0.00000000,0.00000000
1626735880.35157633,0.00000000,0.00000000,0.00000000,0.00000000
1626735880.45158601,0.00000000,0.00000000,0.00000000,0.00000000
1626735880.55157804,0.00000000,0.00000000,0.00000000,0.00000000
1626735880.65157604,0.00000000,0.00000000,0.00000000,0.00000000
1626735880.75158310,0.00000000,0.00000000,0.00000000,0.00000000
1626735880.85157919,0.00000000,0.00000000,0.00000000,0.00000000
1626735880.95157576,0.00000000,0.00000000,0.00000000,0.00000000
1626735881.05156159,0.00000000,0.00000000,0.00000000,0.00000000
1626735881.15158129,0.00000000,0.00000000,0.00000000,0.00000000
1626735881.25155306,0.00000000,0.00000000,0.00000000,0.00000000
1626735881.35155439,0.00000000,0.00000000,0.00000000,0.00000000
1626735881.45157719,0.00000000,0.00000000,0.00000000,0.00000000
1626735881.55155921,0.00000000,0.00000000,0.00000000,0.00000000
1626735881.65157580,0.00000000,0.00000000,0.00000000,0.00000000
1626735881.75157714,0.00000000,0.00000000,0.00000000,0.00000000
1626735881.85157824,0.00000000,0.00000000,0.00000000,0.00000000
1626735881.95157576,0.00000000,0.00000000,0.00000000,0.00000000
1626735882.05157685,0.00000000,0.00000000,0.00000000,0.00000000
1626735882.15158057,0.00000000,0.00000000,0.00000000,0.00000000
1626735882.25157785,0.00000000,0.00000000,0.00000000,0.00000000
1626735882.35157418,0.00000000,0.00000000,0.00000000,0.00000000
1626735882.45155716,0.00000000,0.00000000,0.00000000,0.00000000
1626735882.55161667,0.00000000,0.00000000,0.00000000,0.00000000
1626735882.65155554,0.00000000,0.00000000,0.00000000,0.00000000
1626735882.75157905,0.00000000,0.00000000,0.00000000,0.00000000
1626735882.85153890,0.00000000,0.00000000,0.00000000,0.00000000
1626735882.95154119,0.00000000,0.00000000,0.00000000,0.00000000
1626735883.05154490,0.00000000,0.00000000,0.00000000,0.00000000
1626735883.15155387,0.00000000,0.00000000,0.00000000,0.00000000
1626735883.25154662,0.00000000,0.00000000,0.00000000,0.00000000
1626735883.35155392,0.00000000,0.00000000,0.00000000,0.00000000
1626735883.45157385,0.00000000,0.00000000,0.00000000,0.00000000
1626735883.55157423,0.00000000,0.00000000,0.00000000,0.00000000
1626735883.65157843,0.00000000,0.00000000,0.00000000,0.00000000
1626735883.75157666,0.00000000,0.00000000,0.00000000,0.00000000
1626735883.85157609,0.00000000,0.00000000,0.00000000,0.00000000
1626735883.95159531,0.00000000,0.00000000,0.00000000,0.00000000
1626735884.05157304,0.00000000,0.00000000,0.00000000,0.00000000
