Seconds,Desired Distance
1626780519.30325747,3.50000000
1626780519.40317225,3.50000000
1626780519.50315690,3.50000000
1626780519.60317945,3.50000000
1626780519.70319414,3.50000000
1626780519.80319357,3.50000000
1626780519.90317726,3.50000000
1626780520.00320745,3.50000000
1626780520.10318136,3.50000000
1626780520.20318151,3.50000000
1626780520.30317283,3.50000000
1626780520.40318966,3.50000000
1626780520.50318694,3.50000000
1626780520.60317898,3.50000000
1626780520.70318246,3.50000000
1626780520.80291510,3.50000000
1626780520.90288830,3.50000000
1626780521.00288987,3.50000000
1626780521.10288334,3.50000000
1626780521.20329404,3.50000000
1626780521.30321240,3.50000000
1626780521.40321708,3.50000000
1626780521.50319028,3.50000000
1626780521.60320592,3.50000000
1626780521.70318127,3.50000000
1626780521.80319214,3.50000000
1626780521.90318537,3.50000000
1626780522.00319505,3.50000000
1626780522.10317683,3.50000000
1626780522.20325685,3.50000000
1626780522.30325270,3.50000000
1626780522.40317655,3.50000000
1626780522.50318503,3.50000000
1626780522.60316157,3.50000000
1626780522.70324254,3.50000000
1626780522.80330896,3.50000000
1626780522.90330029,3.50000000
1626780523.00292039,3.50000000
1626780523.10291886,3.50000000
1626780523.20294857,3.50000000
1626780523.30302358,3.50000000
1626780523.40321827,3.50000000
1626780523.50315452,3.50000000
1626780523.60323834,3.50000000
1626780523.70321655,3.50000000
1626780523.80320334,3.50000000
1626780523.90329766,3.50000000
1626780524.00320482,3.50000000
1626780524.10329366,3.50000000
1626780524.20322394,3.50000000
1626780524.30318832,3.50000000
1626780524.40325427,3.50000000
1626780524.50326157,3.50000000
1626780524.60289764,3.50000000
1626780524.70331740,3.50000000
1626780524.80308628,3.50000000
1626780524.90306234,3.50000000
1626780525.00322413,3.50000000
1626780525.10322881,3.50000000
1626780525.20325661,3.50000000
1626780525.30319285,3.50000000
1626780525.40320182,3.50000000
1626780525.50319099,3.50000000
1626780525.60320020,3.50000000
1626780525.70318675,3.50000000
1626780525.80319643,3.50000000
1626780525.90318584,3.50000000
1626780526.00321388,3.50000000
1626780526.10331059,3.50000000
1626780526.20327377,3.50000000
1626780526.30329466,3.50000000
1626780526.40327454,3.50000000
1626780526.50320506,3.50000000
1626780526.60291791,3.50000000
1626780526.70330501,3.50000000
1626780526.80329728,3.50000000
1626780526.90326023,3.50000000
1626780527.00329328,3.50000000
1626780527.10321808,3.50000000
1626780527.20319963,3.50000000
1626780527.30320048,3.50000000
1626780527.40319753,3.50000000
1626780527.50305653,3.50000000
1626780527.60320258,3.50000000
1626780527.70298815,3.50000000
1626780527.80316973,3.50000000
1626780527.90319800,3.50000000
1626780528.00318623,3.50000000
1626780528.10307479,3.50000000
1626780528.20320058,3.50000000
1626780528.30322480,3.50000000
1626780528.40321302,3.50000000
1626780528.50316668,3.50000000
1626780528.60321236,3.50000000
1626780528.70315576,3.50000000
1626780528.80318999,3.50000000
1626780528.90324163,3.50000000
1626780529.00316286,3.50000000
1626780529.10325074,3.50000000
1626780529.20323896,3.50000000
1626780529.30354524,3.50000000
1626780529.40326953,3.50000000
1626780529.50316644,3.50000000
1626780529.60315990,3.50000000
1626780529.70321703,3.50000000
1626780529.80320024,3.50000000
1626780529.90314412,3.50000000
1626780530.00315571,3.50000000
1626780530.10313559,3.50000000
1626780530.20290208,3.50000000
1626780530.30319595,3.50000000
1626780530.40324044,3.50000000
1626780530.50321412,3.50000000
1626780530.60307789,3.50000000
1626780530.70320845,3.50000000
1626780530.80308962,3.50000000
1626780530.90326262,3.50000000
1626780531.00329065,3.50000000
1626780531.10301256,3.50000000
1626780531.20326066,3.50000000
1626780531.30307841,3.50000000
1626780531.40322518,3.50000000
1626780531.50328994,3.50000000
1626780531.60319376,3.50000000
1626780531.70318651,3.50000000
1626780531.80323935,3.50000000
1626780531.90322971,3.50000000
1626780532.00326085,3.50000000
1626780532.10317302,3.50000000
1626780532.20323205,3.50000000
1626780532.30319238,3.50000000
1626780532.40320969,3.50000000
1626780532.50299811,3.50000000
1626780532.60321546,3.50000000
1626780532.70317125,3.50000000
1626780532.80317736,3.50000000
1626780532.90322900,3.50000000
1626780533.00325942,3.50000000
1626780533.10330892,3.50000000
1626780533.20326376,3.50000000
1626780533.30310011,3.50000000
1626780533.40328312,3.50000000
1626780533.50320673,3.50000000
1626780533.60323548,3.50000000
1626780533.70324850,3.50000000
1626780533.80314684,3.50000000
1626780533.90324211,3.50000000
1626780534.00319672,3.50000000
1626780534.10323167,3.50000000
1626780534.20322442,3.50000000
1626780534.30325699,3.50000000
1626780534.40326476,2.00000000
1626780534.50322366,2.00000000
1626780534.60332131,2.00000000
1626780534.70322633,2.00000000
1626780534.80328584,2.00000000
1626780534.90327907,2.00000000
1626780535.00327182,2.00000000
1626780535.10328102,2.00000000
1626780535.20318532,2.00000000
1626780535.30326271,2.00000000
1626780535.40324020,2.00000000
1626780535.50302386,2.00000000
1626780535.60326219,2.00000000
1626780535.70316339,2.00000000
1626780535.80306745,2.00000000
1626780535.90352798,2.00000000
1626780536.00324416,2.00000000
1626780536.10321879,2.00000000
1626780536.20321727,2.00000000
1626780536.30319381,2.00000000
1626780536.40289116,2.00000000
1626780536.50289655,2.00000000
1626780536.60321212,2.00000000
1626780536.70321965,2.00000000
1626780536.80297875,2.00000000
1626780536.90316820,2.00000000
1626780537.00326347,2.00000000
1626780537.10329199,2.00000000
1626780537.20327163,2.00000000
1626780537.30305552,2.00000000
1626780537.40324998,2.00000000
1626780537.50322676,2.00000000
1626780537.60321903,2.00000000
1626780537.70320439,2.00000000
1626780537.80319834,2.00000000
1626780537.90317798,2.00000000
1626780538.00320911,2.00000000
1626780538.10319090,2.00000000
1626780538.20326614,2.00000000
1626780538.30293345,2.00000000
1626780538.40319777,2.00000000
1626780538.50293684,2.00000000
1626780538.60325456,2.00000000
1626780538.70318556,2.00000000
1626780538.80328035,2.00000000
1626780538.90327477,2.00000000
1626780539.00334430,2.00000000
1626780539.10320210,2.00000000
1626780539.20322704,2.00000000
1626780539.30300283,2.00000000
1626780539.40320730,2.00000000
1626780539.50319934,2.00000000
1626780539.60329151,2.00000000
1626780539.70330119,2.00000000
1626780539.80321026,2.00000000
1626780539.90319490,2.00000000
1626780540.00317121,2.00000000
1626780540.10291624,2.00000000
1626780540.20320010,2.00000000
1626780540.30325174,2.00000000
1626780540.40325356,2.00000000
1626780540.50319934,2.00000000
1626780540.60317063,2.00000000
1626780540.70318675,2.00000000
1626780540.80320287,2.00000000
1626780540.90322256,2.00000000
1626780541.00321627,2.00000000
1626780541.10316229,2.00000000
1626780541.20315647,2.00000000
1626780541.30318379,2.00000000
1626780541.40317035,2.00000000
1626780541.50318813,2.00000000
1626780541.60293508,2.00000000
1626780541.70293331,2.00000000
1626780541.80289078,2.00000000
1626780541.90320158,2.00000000
1626780542.00313234,2.00000000
1626780542.10321283,2.00000000
1626780542.20320129,2.00000000
1626780542.30317640,2.00000000
1626780542.40317202,2.00000000
1626780542.50316644,2.00000000
1626780542.60291767,2.00000000
1626780542.70319152,2.00000000
1626780542.80317879,2.00000000
1626780542.90321112,2.00000000
1626780543.00320148,2.00000000
1626780543.10327959,2.00000000
1626780543.20308638,2.00000000
1626780543.30316830,2.00000000
1626780543.40324330,2.00000000
1626780543.50316739,2.00000000
1626780543.60319567,2.00000000
1626780543.70322204,2.00000000
1626780543.80317521,2.00000000
1626780543.90296459,2.00000000
1626780544.00300145,2.00000000
1626780544.10308886,2.00000000
1626780544.20305800,2.00000000
1626780544.30315351,2.00000000
1626780544.40318203,2.00000000
1626780544.50315905,2.00000000
1626780544.60301542,2.00000000
1626780544.70298100,2.00000000
1626780544.80300069,2.00000000
1626780544.90324068,2.00000000
1626780545.00311303,2.00000000
1626780545.10320354,2.00000000
1626780545.20316720,2.00000000
1626780545.30320191,2.00000000
1626780545.40318465,2.00000000
1626780545.50298834,2.00000000
1626780545.60319567,2.00000000
1626780545.70322466,2.00000000
1626780545.80321407,2.00000000
1626780545.90327716,2.00000000
1626780546.00330639,1.50000000
1626780546.10306287,1.50000000
1626780546.20314527,1.50000000
1626780546.30314684,1.50000000
1626780546.40317965,1.50000000
1626780546.50316310,1.50000000
1626780546.60319924,1.50000000
1626780546.70318961,1.50000000
1626780546.80317545,1.50000000
1626780546.90326452,1.50000000
1626780547.00320697,1.50000000
1626780547.10320234,1.50000000
1626780547.20315647,1.50000000
1626780547.30319452,1.50000000
1626780547.40318274,1.50000000
1626780547.50318050,1.50000000
1626780547.60321856,1.50000000
1626780547.70322728,1.50000000
1626780547.80323076,1.50000000
1626780547.90318990,1.50000000
1626780548.00317216,1.50000000
1626780548.10317636,1.50000000
1626780548.20316434,1.50000000
1626780548.30316877,1.50000000
1626780548.40315008,1.50000000
1626780548.50316596,1.50000000
1626780548.60317063,1.50000000
1626780548.70319486,1.50000000
1626780548.80315447,1.50000000
1626780548.90328193,1.50000000
1626780549.00325203,1.50000000
1626780549.10320568,1.50000000
1626780549.20323062,1.50000000
1626780549.30320573,1.50000000
1626780549.40320873,1.50000000
1626780549.50322962,1.50000000
1626780549.60328794,1.50000000
1626780549.70326090,1.50000000
1626780549.80321074,1.50000000
1626780549.90323043,1.50000000
1626780550.00320816,1.50000000
1626780550.10318112,1.50000000
1626780550.20321703,1.50000000
1626780550.30321550,1.50000000
1626780550.40320349,1.50000000
1626780550.50321960,1.50000000
1626780550.60321569,1.50000000
1626780550.70325804,1.50000000
1626780550.80303216,1.50000000
1626780550.90319657,1.50000000
1626780551.00319767,1.50000000
1626780551.10317063,1.50000000
1626780551.20316672,1.50000000
1626780551.30316401,1.50000000
1626780551.40320730,1.50000000
1626780551.50315595,1.50000000
1626780551.60315061,1.50000000
1626780551.70320106,1.50000000
1626780551.80317378,1.50000000
1626780551.90319180,1.50000000
1626780552.00327229,1.50000000
1626780552.10319304,1.50000000
1626780552.20322347,1.50000000
1626780552.30315304,1.50000000
1626780552.40317893,1.50000000
1626780552.50315571,1.50000000
1626780552.60314512,1.50000000
1626780552.70314932,1.50000000
1626780552.80328298,1.50000000
1626780552.90317321,1.50000000
1626780553.00316858,1.50000000
1626780553.10321569,1.50000000
1626780553.20338678,1.50000000
1626780553.30318499,1.50000000
1626780553.40318656,1.50000000
1626780553.50321078,1.50000000
1626780553.60316968,1.50000000
1626780553.70323062,1.50000000
1626780553.80320954,1.50000000
1626780553.90328383,1.50000000
1626780554.00317955,1.50000000
1626780554.10321522,1.50000000
1626780554.20322204,1.50000000
1626780554.30317116,1.50000000
1626780554.40316129,1.50000000
1626780554.50318837,1.50000000
1626780554.60317683,1.50000000
1626780554.70321512,1.50000000
1626780554.80320549,1.50000000
1626780554.90319061,1.50000000
1626780555.00321794,1.50000000
1626780555.10321355,1.50000000
1626780555.20318937,1.50000000
1626780555.30328584,1.50000000
1626780555.40315318,1.50000000
1626780555.50317192,1.50000000
1626780555.60322165,1.50000000
1626780555.70322728,1.50000000
1626780555.80309701,1.50000000
1626780555.90328979,1.50000000
1626780556.00321531,1.50000000
1626780556.10322046,1.50000000
1626780556.20321107,1.50000000
1626780556.30327797,1.50000000
1626780556.40326476,1.50000000
1626780556.50320911,1.50000000
1626780556.60323167,1.50000000
1626780556.70326972,1.50000000
1626780556.80322313,1.50000000
1626780556.90328884,1.50000000
1626780557.00320959,1.50000000
1626780557.10317087,1.50000000
1626780557.20330048,1.50000000
1626780557.30319738,1.50000000
1626780557.40317893,1.50000000
1626780557.50320125,1.50000000
1626780557.60325432,1.50000000
1626780557.70324659,1.50000000
1626780557.80321646,1.50000000
1626780557.90320873,1.50000000
1626780558.00327110,1.50000000
1626780558.10322452,1.50000000
1626780558.20328927,1.50000000
1626780558.30341196,0.50000000
1626780558.40333271,0.50000000
1626780558.50321555,0.50000000
1626780558.60318780,0.50000000
1626780558.70324659,0.50000000
1626780558.80320716,0.50000000
1626780558.90323043,0.50000000
1626780559.00321150,0.50000000
1626780559.10322618,0.50000000
1626780559.20323086,0.50000000
1626780559.30322814,0.50000000
1626780559.40323114,0.50000000
1626780559.50321817,0.50000000
1626780559.60317039,0.50000000
1626780559.70316386,0.50000000
1626780559.80329847,0.50000000
1626780559.90330052,0.50000000
1626780560.00317454,0.50000000
1626780560.10319805,0.50000000
1626780560.20316768,0.50000000
1626780560.30325890,0.50000000
1626780560.40319920,0.50000000
1626780560.50320745,0.50000000
1626780560.60320187,0.50000000
1626780560.70322227,0.50000000
1626780560.80344176,0.50000000
1626780560.90328455,0.50000000
1626780561.00323653,0.50000000
1626780561.10317326,0.50000000
1626780561.20315957,0.50000000
1626780561.30320692,0.50000000
1626780561.40320277,0.50000000
1626780561.50324702,0.50000000
1626780561.60327625,0.50000000
1626780561.70327902,0.50000000
1626780561.80305028,0.50000000
1626780561.90329003,0.50000000
1626780562.00328612,0.50000000
1626780562.10326338,0.50000000
1626780562.20329785,0.50000000
1626780562.30328035,0.50000000
1626780562.40324020,0.50000000
1626780562.50324059,0.50000000
1626780562.60325909,0.50000000
1626780562.70322490,0.50000000
1626780562.80323863,0.50000000
1626780562.90326977,0.50000000
1626780563.00291300,0.50000000
1626780563.10320830,0.50000000
1626780563.20323586,0.50000000
1626780563.30318499,0.50000000
1626780563.40320730,0.50000000
1626780563.50320172,0.50000000
1626780563.60319471,0.50000000
1626780563.70326495,0.50000000
1626780563.80326247,0.50000000
1626780563.90321946,0.50000000
1626780564.00325894,0.50000000
1626780564.10323739,0.50000000
1626780564.20315313,0.50000000
1626780564.30319715,0.50000000
1626780564.40320492,0.50000000
1626780564.50321889,0.50000000
1626780564.60320139,0.50000000
1626780564.70318270,0.50000000
1626780564.80304432,0.50000000
1626780564.90321350,0.50000000
1626780565.00321174,0.50000000
1626780565.10318494,0.50000000
1626780565.20322466,0.50000000
1626780565.30320525,0.50000000
1626780565.40316010,0.50000000
1626780565.50320959,0.50000000
1626780565.60319281,0.50000000
1626780565.70319366,0.50000000
1626780565.80306411,0.50000000
1626780565.90319490,0.50000000
1626780566.00328231,0.50000000
1626780566.10326099,0.50000000
1626780566.20328760,0.50000000
1626780566.30319071,0.50000000
1626780566.40324974,0.50000000
1626780566.50320125,0.50000000
1626780566.60319972,0.50000000
1626780566.70319629,0.50000000
1626780566.80319858,0.50000000
1626780566.90329981,0.50000000
1626780567.00317311,0.50000000
1626780567.10317373,0.50000000
1626780567.20318270,0.50000000
1626780567.30317545,0.50000000
1626780567.40319347,0.50000000
1626780567.50318623,0.50000000
1626780567.60318184,0.50000000
1626780567.70317626,0.50000000
1626780567.80318952,0.50000000
1626780567.90322089,0.50000000
1626780568.00310588,0.50000000
1626780568.10317087,0.50000000
1626780568.20319009,0.50000000
1626780568.30319285,0.50000000
1626780568.40318274,0.50000000
1626780568.50317836,0.50000000
1626780568.60318184,0.50000000
1626780568.70315814,0.50000000
1626780568.80320215,0.50000000
1626780568.90321279,0.50000000
1626780569.00318837,0.50000000
1626780569.10319901,0.50000000
1626780569.20318508,0.50000000
1626780569.30318570,0.50000000
1626780569.40317917,0.50000000
1626780569.50317192,0.50000000
1626780569.60320783,0.50000000
1626780569.70317698,0.50000000
1626780569.80316448,0.50000000
1626780569.90316510,0.50000000
1626780570.00321555,0.50000000
1626780570.10314369,0.50000000
1626780570.20319414,0.50000000
1626780570.30323291,0.50000000
1626780570.40315914,0.50000000
1626780570.50317574,0.50000000
1626780570.60324097,0.50000000
1626780570.70318103,0.50000000
1626780570.80319524,0.50000000
1626780570.90320349,0.50000000
1626780571.00319409,0.50000000
1626780571.10320401,0.50000000
1626780571.20323896,0.50000000
1626780571.30319953,0.50000000
1626780571.40316033,0.50000000
1626780571.50317907,0.50000000
1626780571.60319066,0.50000000
1626780571.70324063,0.50000000
1626780571.80323672,0.50000000
1626780571.90330577,0.50000000
1626780572.00319362,0.50000000
1626780572.10319996,0.50000000
1626780572.20319939,0.50000000
1626780572.30319476,0.50000000
1626780572.40318751,0.50000000
1626780572.50318289,0.50000000
1626780572.60324526,0.50000000
1626780572.70326638,0.50000000
1626780572.80323863,0.50000000
1626780572.90320253,0.50000000
1626780573.00319195,0.50000000
1626780573.10320640,0.50000000
1626780573.20318508,0.50000000
1626780573.30319571,0.50000000
1626780573.40318441,0.50000000
1626780573.50320816,0.50000000
1626780573.60320902,0.50000000
1626780573.70314717,0.50000000
1626780573.80319262,0.50000000
1626780573.90318561,0.50000000
1626780574.00318885,0.50000000
1626780574.10320878,0.50000000
1626780574.20317888,0.50000000
1626780574.30318213,0.50000000
1626780574.40321589,0.50000000
1626780574.50323462,0.50000000
1626780574.60318136,0.50000000
1626780574.70319486,0.50000000
1626780574.80321360,0.50000000
1626780574.90324950,0.50000000
1626780575.00322485,0.50000000
1626780575.10299921,0.50000000
1626780575.20316172,0.50000000
1626780575.30318165,0.50000000
1626780575.40315557,0.50000000
1626780575.50315499,0.50000000
1626780575.60315895,0.50000000
1626780575.70314860,0.50000000
1626780575.80315781,0.50000000
1626780575.90317512,0.50000000
1626780576.00314593,0.50000000
1626780576.10318923,0.50000000
1626780576.20327926,0.50000000
1626780576.30326796,0.50000000
1626780576.40320635,0.50000000
1626780576.50316262,0.50000000
1626780576.60314870,0.50000000
1626780576.70326781,0.50000000
1626780576.80315328,0.50000000
1626780576.90327621,0.50000000
1626780577.00318170,0.50000000
1626780577.10318041,0.50000000
1626780577.20321918,0.50000000
1626780577.30319667,0.50000000
1626780577.40315008,0.50000000
1626780577.50319982,0.50000000
1626780577.60325122,0.50000000
1626780577.70329213,0.50000000
1626780577.80324721,0.50000000
1626780577.90325928,0.50000000
1626780578.00296593,0.50000000
1626780578.10319424,0.50000000
1626780578.20319104,0.50000000
1626780578.30317450,0.50000000
1626780578.40322661,0.50000000
1626780578.50322676,0.50000000
1626780578.60320735,0.50000000
1626780578.70321083,0.50000000
1626780578.80322623,0.50000000
1626780578.90322328,0.50000000
1626780579.00318766,0.50000000
1626780579.10320497,0.50000000
1626780579.20319271,0.50000000
1626780579.30318546,0.50000000
1626780579.40318751,0.50000000
1626780579.50316024,0.50000000
1626780579.60318685,0.50000000
1626780579.70326424,0.50000000
1626780579.80325341,0.50000000
1626780579.90319800,0.50000000
1626780580.00331044,0.50000000
1626780580.10330343,0.50000000
1626780580.20329452,0.50000000
1626780580.30323100,0.50000000
1626780580.40322256,0.50000000
1626780580.50320125,0.50000000
1626780580.60318923,0.50000000
1626780580.70322347,0.50000000
1626780580.80321503,0.50000000
1626780580.90328121,0.50000000
1626780581.00327039,0.50000000
1626780581.10326695,0.50000000
1626780581.20305991,0.50000000
1626780581.30319881,0.50000000
1626780581.40314484,0.50000000
1626780581.50317931,0.50000000
1626780581.60316110,0.50000000
1626780581.70315075,0.50000000
1626780581.80314660,0.50000000
1626780581.90316343,0.50000000
1626780582.00316191,0.50000000
1626780582.10315204,0.50000000
1626780582.20315909,0.50000000
1626780582.30331087,0.50000000
1626780582.40321708,0.50000000
1626780582.50323892,0.50000000
1626780582.60317492,0.50000000
1626780582.70319724,0.50000000
1626780582.80318189,0.50000000
1626780582.90320063,0.50000000
1626780583.00315595,0.50000000
1626780583.10304832,0.50000000
1626780583.20326400,0.50000000
1626780583.30318975,0.50000000
1626780583.40318513,0.50000000
1626780583.50317121,0.50000000
1626780583.60318685,0.50000000
1626780583.70318174,0.50000000
1626780583.80321121,0.50000000
1626780583.90320587,0.50000000
1626780584.00320935,0.50000000
1626780584.10328078,0.50000000
1626780584.20320868,0.50000000
1626780584.30319595,0.50000000
1626780584.40319729,0.50000000
1626780584.50319052,0.50000000
1626780584.60318995,0.50000000
1626780584.70317745,0.50000000
1626780584.80320477,0.50000000
1626780584.90325570,0.50000000
1626780585.00315738,0.50000000
1626780585.10319066,0.50000000
1626780585.20323396,0.50000000
1626780585.30324340,0.50000000
1626780585.40320039,0.50000000
1626780585.50318623,0.50000000
1626780585.60323095,0.50000000
1626780585.70320153,0.50000000
1626780585.80319381,0.50000000
1626780585.90319109,0.50000000
1626780586.00321126,0.50000000
1626780586.10320330,0.50000000
1626780586.20321250,0.50000000
1626780586.30321169,0.50000000
1626780586.40319920,0.50000000
1626780586.50317073,0.50000000
1626780586.60324073,0.50000000
1626780586.70324159,0.50000000
1626780586.80329895,0.50000000
1626780586.90320849,0.50000000
1626780587.00325775,0.50000000
1626780587.10317802,0.50000000
1626780587.20316958,0.50000000
1626780587.30321884,0.50000000
1626780587.40323591,0.50000000
1626780587.50317121,0.50000000
1626780587.60328889,0.50000000
1626780587.70318627,0.50000000
1626780587.80319548,0.50000000
1626780587.90319824,0.50000000
1626780588.00316358,0.50000000
1626780588.10317636,0.50000000
1626780588.20319390,0.50000000
1626780588.30320501,0.50000000
1626780588.40320659,0.50000000
1626780588.50325632,0.50000000
1626780588.60317326,0.50000000
1626780588.70315576,0.50000000
1626780588.80325961,0.50000000
1626780588.90325499,0.50000000
1626780589.00324941,0.50000000
1626780589.10325813,0.50000000
1626780589.20318151,0.50000000
1626780589.30318689,0.50000000
1626780589.40319705,0.50000000
1626780589.50320101,0.50000000
1626780589.60315490,0.50000000
1626780589.70319772,0.50000000
1626780589.80318022,0.50000000
1626780589.90320778,0.50000000
1626780590.00320482,0.50000000
1626780590.10320234,0.50000000
1626780590.20320106,0.50000000
1626780590.30324888,0.50000000
1626780590.40317273,0.50000000
1626780590.50325727,0.50000000
1626780590.60324860,0.50000000
1626780590.70324779,0.50000000
1626780590.80325007,0.50000000
1626780590.90323544,0.50000000
1626780591.00321507,0.50000000
1626780591.10319805,0.50000000
1626780591.20317793,0.50000000
1626780591.30331063,0.50000000
1626780591.40321374,0.50000000
1626780591.50319648,0.50000000
1626780591.60320663,0.50000000
1626780591.70320821,0.50000000
1626780591.80319118,0.50000000
1626780591.90327430,0.50000000
1626780592.00323868,0.50000000
1626780592.10326481,0.50000000
1626780592.20325947,0.50000000
1626780592.30324817,0.50000000
1626780592.40324306,0.50000000
1626780592.50322127,0.50000000
1626780592.60327339,0.50000000
1626780592.70319080,0.50000000
1626780592.80319262,0.50000000
1626780592.90327835,0.50000000
1626780593.00323009,0.50000000
1626780593.10320854,0.50000000
1626780593.20319653,0.50000000
1626780593.30319166,0.50000000
1626780593.40315843,0.50000000
1626780593.50321364,0.50000000
1626780593.60324621,0.50000000
1626780593.70327997,0.50000000
1626780593.80317855,0.50000000
1626780593.90318179,0.50000000
1626780594.00316596,0.50000000
1626780594.10319996,0.50000000
1626780594.20316124,0.50000000
1626780594.30319405,0.50000000
1626780594.40319133,0.50000000
1626780594.50318408,0.50000000
1626780594.60318947,0.50000000
1626780594.70317507,0.50000000
1626780594.80320048,0.50000000
1626780594.90325928,0.50000000
1626780595.00343156,0.50000000
1626780595.10315228,0.50000000
1626780595.20316935,0.50000000
1626780595.30319285,0.50000000
1626780595.40318823,0.50000000
1626780595.50321102,0.50000000
1626780595.60320497,0.50000000
1626780595.70318794,0.50000000
1626780595.80319452,0.50000000
1626780595.90321326,0.50000000
1626780596.00319386,0.50000000
1626780596.10322237,0.50000000
1626780596.20318890,0.50000000
1626780596.30350447,0.50000000
1626780596.40318727,0.50000000
1626780596.50318146,0.50000000
1626780596.60323811,0.50000000
1626780596.70315623,0.50000000
1626780596.80314469,0.50000000
1626780596.90319753,0.50000000
1626780597.00324416,0.50000000
1626780597.10325217,0.50000000
1626780597.20316219,0.50000000
1626780597.30321622,0.50000000
1626780597.40316010,0.50000000
1626780597.50315213,0.50000000
1626780597.60319304,0.50000000
1626780597.70321441,0.50000000
1626780597.80321765,0.50000000
1626780597.90318489,0.50000000
1626780598.00329518,0.50000000
1626780598.10331583,0.50000000
1626780598.20326447,0.50000000
1626780598.30318761,0.50000000
1626780598.40322399,0.50000000
1626780598.50322700,0.50000000
1626780598.60317349,0.50000000
1626780598.70320749,0.50000000
1626780598.80320668,0.50000000
1626780598.90325236,0.50000000
1626780599.00322747,0.50000000
1626780599.10322642,0.50000000
1626780599.20323873,0.50000000
1626780599.30324364,0.50000000
1626780599.40323615,0.50000000
1626780599.50317168,0.50000000
1626780599.60318232,0.50000000
1626780599.70317984,0.50000000
1626780599.80344558,0.50000000
1626780599.90319133,0.50000000
1626780600.00317502,0.50000000
1626780600.10320497,0.50000000
1626780600.20321441,0.50000000
1626780600.30320787,0.50000000
1626780600.40318203,0.50000000
1626780600.50319529,0.50000000
1626780600.60319805,0.50000000
1626780600.70319581,0.50000000
1626780600.80320334,0.50000000
1626780600.90293407,0.50000000
1626780601.00319290,0.50000000
1626780601.10327840,3.50000000
1626780601.20321560,3.50000000
1626780601.30325747,3.50000000
1626780601.40321660,3.50000000
1626780601.50326896,3.50000000
1626780601.60318637,3.50000000
1626780601.70325685,3.50000000
1626780601.80324864,3.50000000
1626780601.90320253,3.50000000
1626780602.00321984,3.50000000
1626780602.10326552,3.50000000
1626780602.20320868,3.50000000
1626780602.30319858,3.50000000
1626780602.40319157,3.50000000
1626780602.50320673,3.50000000
1626780602.60322690,3.50000000
1626780602.70320201,3.50000000
1626780602.80319762,3.50000000
1626780602.90328622,3.50000000
1626780603.00321770,3.50000000
1626780603.10325217,3.50000000
1626780603.20323610,3.50000000
1626780603.30324697,3.50000000
1626780603.40318584,3.50000000
1626780603.50318480,3.50000000
1626780603.60318708,3.50000000
1626780603.70317435,3.50000000
1626780603.80318451,3.50000000
1626780603.90319014,3.50000000
1626780604.00326610,3.50000000
1626780604.10327268,3.50000000
1626780604.20324922,3.50000000
1626780604.30325508,3.50000000
1626780604.40319204,3.50000000
1626780604.50316358,3.50000000
1626780604.60314918,3.50000000
1626780604.70315528,3.50000000
1626780604.80316901,3.50000000
1626780604.90323138,3.50000000
1626780605.00315261,3.50000000
1626780605.10319781,3.50000000
1626780605.20319414,3.50000000
1626780605.30326581,3.50000000
1626780605.40314126,3.50000000
1626780605.50326610,3.50000000
1626780605.60328627,3.50000000
1626780605.70315552,3.50000000
1626780605.80315518,3.50000000
1626780605.90314245,3.50000000
1626780606.00314093,3.50000000
1626780606.10315204,3.50000000
1626780606.20316529,3.50000000
1626780606.30318379,3.50000000
1626780606.40318465,3.50000000
1626780606.50316477,3.50000000
1626780606.60315967,3.50000000
1626780606.70323229,3.50000000
1626780606.80325294,3.50000000
1626780606.90325546,3.50000000
1626780607.00320029,3.50000000
1626780607.10316014,3.50000000
1626780607.20319605,3.50000000
1626780607.30321383,3.50000000
1626780607.40319085,3.50000000
1626780607.50318456,3.50000000
1626780607.60318089,3.50000000
1626780607.70316768,3.50000000
1626780607.80320621,3.50000000
1626780607.90319586,3.50000000
1626780608.00314832,3.50000000
1626780608.10318971,3.50000000
1626780608.20318627,3.50000000
1626780608.30318499,3.50000000
1626780608.40316534,3.50000000
1626780608.50315499,3.50000000
1626780608.60314465,3.50000000
1626780608.70318723,3.50000000
1626780608.80319428,3.50000000
1626780608.90318871,3.50000000
1626780609.00316477,3.50000000
1626780609.10315347,3.50000000
1626780609.20320511,3.50000000
1626780609.30317497,3.50000000
1626780609.40325046,3.50000000
1626780609.50321603,3.50000000
1626780609.60317373,3.50000000
1626780609.70316434,3.50000000
1626780609.80315042,3.50000000
1626780609.90314412,3.50000000
1626780610.00314713,3.50000000
1626780610.10319686,3.50000000
1626780610.20314574,3.50000000
1626780610.30323648,3.50000000
1626780610.40324378,3.50000000
1626780610.50315213,3.50000000
1626780610.60314941,3.50000000
1626780610.70315075,3.50000000
1626780610.80319047,3.50000000
1626780610.90326667,3.50000000
1626780611.00324464,3.50000000
1626780611.10327029,3.50000000
1626780611.20320511,3.50000000
1626780611.30317998,3.50000000
1626780611.40291095,3.50000000
1626780611.50317359,3.50000000
1626780611.60317898,3.50000000
1626780611.70316148,3.50000000
1626780611.80313730,3.50000000
1626780611.90315866,3.50000000
1626780612.00320196,3.50000000
1626780612.10318804,3.50000000
1626780612.20318294,3.50000000
1626780612.30315590,3.50000000
1626780612.40318441,3.50000000
1626780612.50315642,3.50000000
1626780612.60314965,3.50000000
1626780612.70316243,3.50000000
1626780612.80315518,3.50000000
1626780612.90316033,3.50000000
1626780613.00316501,3.50000000
1626780613.10320163,3.50000000
1626780613.20316243,3.50000000
1626780613.30316615,3.50000000
1626780613.40324974,3.50000000
1626780613.50330520,3.50000000
1626780613.60326695,3.50000000
1626780613.70327759,3.50000000
1626780613.80325031,3.50000000
1626780613.90326524,3.50000000
1626780614.00326562,3.50000000
1626780614.10327196,3.50000000
1626780614.20328641,3.50000000
1626780614.30326891,3.50000000
1626780614.40327597,3.50000000
1626780614.50315976,3.50000000
1626780614.60318542,3.50000000
1626780614.70324826,3.50000000
1626780614.80327773,3.50000000
1626780614.90324807,3.50000000
1626780615.00318789,3.50000000
1626780615.10319400,3.50000000
1626780615.20320725,3.50000000
1626780615.30320930,3.50000000
1626780615.40318441,3.50000000
1626780615.50318384,3.50000000
1626780615.60321593,3.50000000
1626780615.70319414,3.50000000
1626780615.80321050,3.50000000
1626780615.90323329,3.50000000
1626780616.00300074,3.50000000
1626780616.10323191,3.50000000
1626780616.20320368,3.50000000
1626780616.30318761,3.50000000
1626780616.40323305,3.50000000
1626780616.50322294,3.50000000
1626780616.60325480,3.50000000
1626780616.70324326,3.50000000
1626780616.80323744,3.50000000
1626780616.90324640,3.50000000
1626780617.00325680,3.50000000
1626780617.10320520,3.50000000
1626780617.20324850,3.50000000
1626780617.30318308,3.50000000
1626780617.40321207,3.50000000
1626780617.50317693,3.50000000
1626780617.60326719,3.50000000
1626780617.70319390,3.50000000
1626780617.80323911,3.50000000
1626780617.90322542,3.50000000
1626780618.00327229,3.50000000
1626780618.10328889,3.50000000
1626780618.20319700,3.50000000
1626780618.30318975,3.50000000
1626780618.40320706,3.50000000
1626780618.50318599,3.50000000
1626780618.60315871,3.50000000
1626780618.70316195,3.50000000
1626780618.80318451,3.50000000
1626780618.90319252,3.50000000
1626780619.00321293,3.50000000
1626780619.10326266,3.50000000
1626780619.20324683,3.50000000
1626780619.30325007,3.50000000
1626780619.40325522,3.50000000
1626780619.50304127,3.50000000
1626780619.60307479,3.50000000
1626780619.70319676,3.50000000
1626780619.80314708,3.50000000
1626780619.90319324,3.50000000
1626780620.00320339,3.50000000
1626780620.10316539,3.50000000
1626780620.20319700,3.50000000
1626780620.30319643,3.50000000
1626780620.40314269,3.50000000
1626780620.50315619,3.50000000
1626780620.60318589,3.50000000
1626780620.70319271,3.50000000
1626780620.80314445,3.50000000
1626780620.90318346,3.50000000
1626780621.00327015,3.50000000
1626780621.10325265,3.50000000
1626780621.20292997,3.50000000
1626780621.30290937,3.50000000
1626780621.40325618,3.50000000
1626780621.50321269,3.50000000
1626780621.60320425,3.50000000
1626780621.70321393,3.50000000
1626780621.80321670,3.50000000
1626780621.90324378,3.50000000
1626780622.00324774,3.50000000
1626780622.10318303,3.50000000
1626780622.20322275,3.50000000
1626780622.30324054,3.50000000
1626780622.40323091,3.50000000
1626780622.50326180,3.50000000
1626780622.60324121,3.50000000
1626780622.70316029,3.50000000
1626780622.80319524,3.50000000
1626780622.90320134,3.50000000
1626780623.00326061,3.50000000
1626780623.10328817,3.50000000
1626780623.20321798,3.50000000
1626780623.30326366,3.50000000
1626780623.40319109,3.50000000
1626780623.50318360,3.50000000
1626780623.60316634,3.50000000
1626780623.70319963,3.50000000
1626780623.80320859,3.50000000
1626780623.90319443,3.50000000
1626780624.00324988,3.50000000
1626780624.10319710,3.50000000
1626780624.20315433,3.50000000
1626780624.30323386,3.50000000
1626780624.40315938,3.50000000
1626780624.50318933,3.50000000
1626780624.60317135,3.50000000
1626780624.70321369,3.50000000
1626780624.80316305,3.50000000
1626780624.90317225,3.50000000
1626780625.00315213,3.50000000
1626780625.10327244,3.50000000
1626780625.20324373,3.50000000
1626780625.30325603,3.50000000
1626780625.40328360,3.50000000
1626780625.50326967,3.50000000
1626780625.60324621,3.50000000
1626780625.70327067,3.50000000
1626780625.80325079,3.50000000
1626780625.90326428,3.50000000
1626780626.00321817,3.50000000
1626780626.10323238,3.50000000
1626780626.20321298,3.50000000
1626780626.30318356,3.50000000
1626780626.40324235,3.50000000
1626780626.50321937,3.50000000
1626780626.60326552,3.50000000
1626780626.70323873,3.50000000
1626780626.80318451,3.50000000
1626780626.90329003,3.50000000
1626780627.00317693,3.50000000
1626780627.10317183,3.50000000
1626780627.20317364,3.50000000
1626780627.30316281,3.50000000
1626780627.40314198,3.50000000
1626780627.50316167,3.50000000
1626780627.60320807,3.50000000
1626780627.70318794,3.50000000
1626780627.80316710,3.50000000
1626780627.90320635,3.50000000
1626780628.00323725,3.50000000
1626780628.10319686,3.50000000
1626780628.20320082,3.50000000
1626780628.30320787,3.50000000
1626780628.40318847,3.50000000
1626780628.50317025,3.50000000
1626780628.60317874,3.50000000
1626780628.70319009,3.50000000
1626780628.80318117,3.50000000
1626780628.90333819,3.50000000
1626780629.00320101,3.50000000
1626780629.10317469,3.50000000
1626780629.20315766,3.50000000
1626780629.30320191,3.50000000
1626780629.40319777,3.50000000
1626780629.50316358,3.50000000
1626780629.60316038,3.50000000
1626780629.70318007,3.50000000
1626780629.80315089,3.50000000
1626780629.90312386,3.50000000
1626780630.00314760,3.50000000
1626780630.10324121,3.50000000
1626780630.20320463,3.50000000
1626780630.30322361,3.50000000
1626780630.40319562,3.50000000
1626780630.50319028,3.50000000
1626780630.60315728,3.50000000
1626780630.70316124,3.50000000
1626780630.80318093,3.50000000
1626780630.90321827,3.50000000
1626780631.00307965,3.50000000
1626780631.10316396,3.50000000
1626780631.20321250,3.50000000
1626780631.30318141,3.50000000
1626780631.40315795,3.50000000
1626780631.50316000,3.50000000
1626780631.60323787,3.50000000
1626780631.70324278,3.50000000
1626780631.80329370,3.50000000
1626780631.90316653,3.50000000
1626780632.00312281,3.50000000
1626780632.10331488,3.50000000
1626780632.20327759,3.50000000
1626780632.30322385,3.50000000
1626780632.40326476,3.50000000
1626780632.50333142,3.50000000
1626780632.60324883,3.50000000
1626780632.70327735,3.50000000
1626780632.80321479,3.50000000
1626780632.90323687,3.50000000
1626780633.00324321,3.50000000
1626780633.10323167,3.50000000
1626780633.20320606,3.50000000
1626780633.30322123,3.50000000
1626780633.40320325,3.50000000
1626780633.50323844,3.50000000
1626780633.60328555,3.50000000
1626780633.70318508,3.50000000
1626780633.80317020,3.50000000
1626780633.90316939,3.50000000
1626780634.00318694,3.50000000
1626780634.10321546,3.50000000
1626780634.20320106,3.50000000
1626780634.30320454,3.50000000
1626780634.40318966,3.50000000
1626780634.50320625,3.50000000
1626780634.60325146,3.50000000
1626780634.70321989,3.50000000
1626780634.80307055,3.50000000
1626780634.90315485,3.50000000
1626780635.00320125,3.50000000
1626780635.10333490,3.50000000
1626780635.20320201,3.50000000
1626780635.30321169,3.50000000
1626780635.40320206,3.50000000
1626780635.50318527,3.50000000
1626780635.60318303,3.50000000
1626780635.70330572,3.50000000
1626780635.80325961,3.50000000
1626780635.90324569,3.50000000
1626780636.00306344,3.50000000
1626780636.10326600,3.50000000
1626780636.20326662,3.50000000
1626780636.30327344,3.50000000
1626780636.40326786,3.50000000
1626780636.50325418,3.50000000
1626780636.60326910,3.50000000
1626780636.70329642,3.50000000
1626780636.80325484,3.50000000
1626780636.90319633,3.50000000
1626780637.00321150,3.50000000
1626780637.10316563,3.50000000
1626780637.20324206,3.50000000
1626780637.30325580,3.50000000
1626780637.40324950,3.50000000
1626780637.50326061,3.50000000
1626780637.60318255,3.50000000
1626780637.70319700,3.50000000
1626780637.80322886,3.50000000
1626780637.90318584,3.50000000
1626780638.00317931,3.50000000
1626780638.10327840,3.50000000
1626780638.20330000,3.50000000
1626780638.30320740,3.50000000
1626780638.40316677,3.50000000
1626780638.50317621,3.50000000
1626780638.60317063,3.50000000
1626780638.70318651,3.50000000
1626780638.80329895,3.50000000
1626780638.90320706,3.50000000
1626780639.00324392,3.50000000
1626780639.10318565,3.50000000
1626780639.20315814,3.50000000
1626780639.30322504,3.50000000
1626780639.40321827,3.50000000
1626780639.50322366,3.50000000
1626780639.60323906,3.50000000
1626780639.70324564,3.50000000
1626780639.80326986,3.50000000
1626780639.90326381,3.50000000
1626780640.00323367,3.50000000
1626780640.10315466,3.50000000
1626780640.20315433,3.50000000
1626780640.30317283,3.50000000
1626780640.40317249,3.50000000
1626780640.50314879,3.50000000
1626780640.60315847,3.50000000
1626780640.70314455,3.50000000
1626780640.80318475,3.50000000
1626780640.90325546,3.50000000
1626780641.00327182,3.50000000
1626780641.10315847,3.50000000
1626780641.20314646,3.50000000
1626780641.30314040,3.50000000
1626780641.40325522,3.50000000
1626780641.50313807,3.50000000
1626780641.60325646,3.50000000
1626780641.70324016,3.50000000
1626780641.80318904,3.50000000
1626780641.90318918,3.50000000
1626780642.00316906,3.50000000
1626780642.10319448,3.50000000
1626780642.20325637,3.50000000
1626780642.30319643,3.50000000
1626780642.40318775,3.50000000
1626780642.50320697,3.50000000
1626780642.60318899,3.50000000
1626780642.70319581,3.50000000
1626780642.80320621,3.50000000
1626780642.90320778,3.50000000
1626780643.00315762,3.50000000
1626780643.10322547,3.50000000
1626780643.20322394,3.50000000
1626780643.30318260,3.50000000
1626780643.40319872,3.50000000
1626780643.50320840,3.50000000
1626780643.60321856,3.50000000
1626780643.70305896,3.50000000
1626780643.80321908,3.50000000
1626780643.90316725,3.50000000
1626780644.00323272,3.50000000
1626780644.10329866,3.50000000
1626780644.20322657,3.50000000
1626780644.30319333,3.50000000
1626780644.40323997,3.50000000
1626780644.50319576,3.50000000
1626780644.60319757,3.50000000
1626780644.70318007,3.50000000
1626780644.80320454,3.50000000
1626780644.90319204,3.50000000
1626780645.00316286,3.50000000
1626780645.10320449,3.50000000
1626780645.20320058,3.50000000
1626780645.30315995,3.50000000
1626780645.40319157,3.50000000
1626780645.50319719,3.50000000
1626780645.60315156,3.50000000
1626780645.70317268,3.50000000
1626780645.80316567,3.50000000
1626780645.90316415,3.50000000
1626780646.00316119,3.50000000
1626780646.10321951,3.50000000
1626780646.20316434,3.50000000
1626780646.30314946,3.50000000
1626780646.40321946,3.50000000
1626780646.50317216,3.50000000
1626780646.60317278,3.50000000
1626780646.70316529,3.50000000
1626780646.80315566,3.50000000
1626780646.90312767,3.50000000
1626780647.00317121,3.50000000
1626780647.10321355,3.50000000
1626780647.20316696,3.50000000
1626780647.30317378,3.50000000
1626780647.40316653,3.50000000
1626780647.50319219,3.50000000
1626780647.60329866,3.50000000
1626780647.70317292,3.50000000
1626780647.80319309,3.50000000
1626780647.90317106,3.50000000
1626780648.00319457,3.50000000
1626780648.10324955,3.50000000
1626780648.20317364,3.50000000
1626780648.30315638,3.50000000
1626780648.40317035,3.50000000
1626780648.50317216,3.50000000
1626780648.60316825,3.50000000
1626780648.70317650,3.50000000
1626780648.80316448,3.50000000
1626780648.90316963,3.50000000
1626780649.00317645,3.50000000
1626780649.10324860,3.50000000
1626780649.20316768,3.50000000
1626780649.30315375,3.50000000
1626780649.40326309,3.50000000
1626780649.50322056,3.50000000
1626780649.60320091,3.50000000
1626780649.70316839,3.50000000
1626780649.80324411,3.50000000
1626780649.90314102,3.50000000
1626780650.00314546,3.50000000
1626780650.10318804,3.50000000
1626780650.20317435,3.50000000
1626780650.30316710,3.50000000
1626780650.40316844,3.50000000
1626780650.50319242,3.50000000
1626780650.60318899,3.50000000
1626780650.70317507,3.50000000
1626780650.80319500,3.50000000
1626780650.90319681,3.50000000
1626780651.00316429,3.50000000
1626780651.10318995,3.50000000
1626780651.20315623,3.50000000
1626780651.30314159,3.50000000
1626780651.40315676,3.50000000
1626780651.50312877,3.50000000
1626780651.60318875,3.50000000
1626780651.70324159,3.50000000
1626780651.80317736,3.50000000
1626780651.90323305,3.50000000
1626780652.00325274,3.50000000
1626780652.10317349,3.50000000
1626780652.20319009,3.50000000
1626780652.30319786,3.50000000
1626780652.40316343,3.50000000
1626780652.50320363,3.50000000
1626780652.60317469,3.50000000
1626780652.70322657,3.50000000
1626780652.80317068,3.50000000
1626780652.90317965,3.50000000
1626780653.00317979,3.50000000
1626780653.10324907,3.50000000
1626780653.20329595,3.50000000
1626780653.30325913,3.50000000
1626780653.40316939,3.50000000
1626780653.50319934,3.50000000
1626780653.60318017,3.50000000
1626780653.70317578,3.50000000
1626780653.80317116,3.50000000
1626780653.90329790,3.50000000
1626780654.00326014,3.50000000
1626780654.10327172,3.50000000
1626780654.20330262,3.50000000
1626780654.30329728,3.50000000
1626780654.40320563,3.50000000
1626780654.50319266,3.50000000
1626780654.60320282,3.50000000
1626780654.70321488,3.50000000
1626780654.80328083,3.50000000
1626780654.90323400,3.50000000
1626780655.00327039,3.50000000
1626780655.10321951,3.50000000
1626780655.20328164,3.50000000
1626780655.30327892,3.50000000
1626780655.40323663,3.50000000
1626780655.50324011,3.50000000
1626780655.60327435,3.50000000
1626780655.70319819,3.50000000
1626780655.80325961,3.50000000
1626780655.90327954,3.50000000
1626780656.00317216,3.50000000
1626780656.10319853,3.50000000
1626780656.20323706,3.50000000
1626780656.30320954,3.50000000
1626780656.40321970,3.50000000
1626780656.50320363,3.50000000
1626780656.60326600,3.50000000
1626780656.70319915,3.50000000
1626780656.80326748,3.50000000
1626780656.90316033,3.50000000
1626780657.00315881,3.50000000
1626780657.10331535,3.50000000
1626780657.20325232,3.50000000
1626780657.30324888,3.50000000
1626780657.40327048,3.50000000
1626780657.50328827,3.50000000
1626780657.60318232,3.50000000
1626780657.70323682,3.50000000
1626780657.80329800,3.50000000
1626780657.90324044,3.50000000
1626780658.00330687,3.50000000
1626780658.10340452,3.50000000
1626780658.20327401,3.50000000
1626780658.30317831,3.50000000
1626780658.40326166,3.50000000
1626780658.50332069,3.50000000
1626780658.60324955,3.50000000
1626780658.70324516,3.50000000
1626780658.80328679,3.50000000
1626780658.90331721,3.50000000
1626780659.00321078,3.50000000
1626780659.10317421,3.50000000
1626780659.20316172,3.50000000
1626780659.30323339,3.50000000
1626780659.40318012,3.50000000
1626780659.50325036,3.50000000
1626780659.60317016,3.50000000
1626780659.70318961,3.50000000
1626780659.80321288,3.50000000
1626780659.90316343,3.50000000
1626780660.00326872,3.50000000
1626780660.10321355,3.50000000
1626780660.20324802,3.50000000
1626780660.30331230,3.50000000
1626780660.40322852,3.50000000
1626780660.50322819,3.50000000
1626780660.60320354,3.50000000
1626780660.70318937,3.50000000
1626780660.80319023,3.50000000
1626780660.90321374,3.50000000
1626780661.00329828,3.50000000
1626780661.10326958,3.50000000
1626780661.20318341,3.50000000
1626780661.30316162,3.50000000
1626780661.40330052,3.50000000
1626780661.50318360,3.50000000
1626780661.60320807,3.50000000
1626780661.70324564,3.50000000
1626780661.80330467,3.50000000
1626780661.90324855,3.50000000
1626780662.00328732,3.50000000
1626780662.10322690,3.50000000
1626780662.20318389,3.50000000
1626780662.30321074,3.50000000
1626780662.40318513,3.50000000
1626780662.50322104,3.50000000
1626780662.60326123,3.50000000
1626780662.70330238,3.50000000
1626780662.80323792,3.50000000
1626780662.90328884,3.50000000
1626780663.00319457,3.50000000
1626780663.10320163,3.50000000
1626780663.20321655,3.50000000
1626780663.30316114,3.50000000
1626780663.40315557,3.50000000
1626780663.50321722,3.50000000
1626780663.60328865,3.50000000
1626780663.70318580,3.50000000
1626780663.80315924,3.50000000
1626780663.90324187,3.50000000
1626780664.00321102,3.50000000
1626780664.10327864,3.50000000
1626780664.20323753,3.50000000
1626780664.30322313,3.50000000
1626780664.40327024,3.50000000
1626780664.50325251,3.50000000
1626780664.60319042,3.50000000
1626780664.70313501,3.50000000
1626780664.80315661,3.50000000
1626780664.90316105,3.50000000
1626780665.00321174,3.50000000
1626780665.10317469,3.50000000
1626780665.20315814,3.50000000
1626780665.30319881,3.50000000
1626780665.40323091,3.50000000
1626780665.50322247,3.50000000
1626780665.60324574,3.50000000
1626780665.70321417,3.50000000
1626780665.80328059,3.50000000
1626780665.90325332,3.50000000
1626780666.00318813,3.50000000
1626780666.10319304,3.50000000
1626780666.20320582,3.50000000
1626780666.30318308,3.50000000
1626780666.40317297,3.50000000
1626780666.50325251,3.50000000
1626780666.60325289,3.50000000
1626780666.70323610,3.50000000
1626780666.80324650,3.50000000
1626780666.90322733,3.50000000
1626780667.00326204,3.50000000
1626780667.10325623,3.50000000
1626780667.20318198,3.50000000
1626780667.30328393,3.50000000
1626780667.40327096,3.50000000
1626780667.50328302,3.50000000
1626780667.60329747,3.50000000
1626780667.70321941,3.50000000
1626780667.80330801,3.50000000
1626780667.90327787,3.50000000
1626780668.00315595,3.50000000
1626780668.10326886,3.50000000
1626780668.20325851,3.50000000
1626780668.30324078,3.50000000
1626780668.40326667,3.50000000
1626780668.50324631,3.50000000
1626780668.60326219,3.50000000
1626780668.70319510,3.50000000
1626780668.80324316,3.50000000
1626780668.90329146,3.50000000
1626780669.00315905,3.50000000
1626780669.10323358,3.50000000
1626780669.20318913,3.50000000
1626780669.30322599,3.50000000
1626780669.40315604,3.50000000
1626780669.50315762,3.50000000
1626780669.60324073,3.50000000
1626780669.70323944,3.50000000
1626780669.80325222,3.50000000
1626780669.90323901,3.50000000
1626780670.00323606,3.50000000
1626780670.10318756,3.50000000
1626780670.20320058,3.50000000
1626780670.30322337,3.50000000
1626780670.40318823,3.50000000
1626780670.50319576,3.50000000
1626780670.60318542,3.50000000
1626780670.70325923,3.50000000
1626780670.80323815,3.50000000
1626780670.90321374,3.50000000
1626780671.00326276,3.50000000
1626780671.10320330,3.50000000
1626780671.20323777,3.50000000
1626780671.30330968,3.50000000
1626780671.40320897,3.50000000
1626780671.50323963,3.50000000
1626780671.60322165,3.50000000
1626780671.70319319,3.50000000
1626780671.80319667,3.50000000
1626780671.90319705,3.50000000
1626780672.00320578,3.50000000
1626780672.10320807,3.50000000
1626780672.20320177,3.50000000
1626780672.30319142,3.50000000
1626780672.40319347,3.50000000
1626780672.50321794,3.50000000
1626780672.60319567,3.50000000
1626780672.70318508,3.50000000
1626780672.80316687,3.50000000
1626780672.90325308,3.50000000
1626780673.00321078,3.50000000
1626780673.10324311,3.50000000
1626780673.20321298,3.50000000
1626780673.30321288,3.50000000
1626780673.40318990,3.50000000
1626780673.50318313,3.50000000
1626780673.60318518,3.50000000
1626780673.70326662,3.50000000
1626780673.80320621,3.50000000
1626780673.90318608,3.50000000
1626780674.00314951,3.50000000
1626780674.10316277,3.50000000
1626780674.20315576,3.50000000
1626780674.30316377,3.50000000
1626780674.40315294,3.50000000
1626780674.50316620,3.50000000
1626780674.60316634,3.50000000
1626780674.70326924,3.50000000
1626780674.80324483,3.50000000
1626780674.90326762,3.50000000
1626780675.00325871,3.50000000
1626780675.10319901,3.50000000
1626780675.20324445,3.50000000
1626780675.30324531,3.50000000
1626780675.40320039,3.50000000
1626780675.50318146,3.50000000
1626780675.60325766,3.50000000
1626780675.70322800,3.50000000
1626780675.80323339,3.50000000
1626780675.90326571,3.50000000
1626780676.00332618,3.50000000
1626780676.10327935,3.50000000
1626780676.20319080,3.50000000
1626780676.30318093,3.50000000
1626780676.40320826,3.50000000
1626780676.50319195,3.50000000
1626780676.60319614,3.50000000
1626780676.70320821,3.50000000
1626780676.80315351,3.50000000
1626780676.90320444,3.50000000
1626780677.00314403,3.50000000
1626780677.10318065,3.50000000
1626780677.20318127,3.50000000
1626780677.30319309,3.50000000
1626780677.40314364,3.50000000
1626780677.50314641,3.50000000
1626780677.60313773,3.50000000
1626780677.70315218,3.50000000
1626780677.80314541,3.50000000
1626780677.90313482,3.50000000
1626780678.00318503,3.50000000
1626780678.10319638,3.50000000
1626780678.20327306,3.50000000
1626780678.30324006,3.50000000
1626780678.40323806,3.50000000
1626780678.50324917,3.50000000
1626780678.60314798,3.50000000
1626780678.70318627,3.50000000
1626780678.80316663,3.50000000
1626780678.90320635,3.50000000
1626780679.00320578,3.50000000
1626780679.10321069,3.50000000
1626780679.20321059,3.50000000
1626780679.30321598,3.50000000
1626780679.40322256,3.50000000
1626780679.50322652,3.50000000
1626780679.60320544,3.50000000
1626780679.70319247,3.50000000
1626780679.80319524,3.50000000
1626780679.90322638,3.50000000
1626780680.00315642,3.50000000
1626780680.10316205,3.50000000
1626780680.20316887,3.50000000
1626780680.30322695,3.50000000
1626780680.40325356,3.50000000
1626780680.50319576,3.50000000
1626780680.60320926,3.50000000
1626780680.70319438,3.50000000
1626780680.80326056,3.50000000
1626780680.90322113,3.50000000
1626780681.00317717,3.50000000
1626780681.10317039,3.50000000
1626780681.20317841,3.50000000
1626780681.30317140,3.50000000
1626780681.40316415,3.50000000
1626780681.50316405,3.50000000
1626780681.60319424,3.50000000
1626780681.70318151,3.50000000
1626780681.80315280,3.50000000
1626780681.90318894,3.50000000
1626780682.00323558,3.50000000
1626780682.10318279,3.50000000
1626780682.20323467,3.50000000
1626780682.30327225,3.50000000
1626780682.40322447,3.50000000
1626780682.50316572,3.50000000
1626780682.60300994,3.50000000
1626780682.70318818,3.50000000
1626780682.80316377,3.50000000
1626780682.90321565,3.50000000
1626780683.00318813,3.50000000
1626780683.10316157,3.50000000
1626780683.20314932,3.50000000
1626780683.30314541,3.50000000
1626780683.40317011,3.50000000
1626780683.50315070,3.50000000
1626780683.60313535,3.50000000
1626780683.70314431,3.50000000
1626780683.80313635,3.50000000
1626780683.90317965,3.50000000
1626780684.00313783,3.50000000
1626780684.10317945,3.50000000
1626780684.20319223,3.50000000
1626780684.30317235,3.50000000
1626780684.40320277,3.50000000
1626780684.50324011,3.50000000
1626780684.60318828,3.50000000
1626780684.70317030,3.50000000
1626780684.80315971,3.50000000
1626780684.90313148,3.50000000
1626780685.00324464,3.50000000
1626780685.10330462,3.50000000
1626780685.20349741,3.50000000
1626780685.30320144,3.50000000
1626780685.40315223,3.50000000
1626780685.50315213,3.50000000
1626780685.60312676,3.50000000
1626780685.70314193,3.50000000
1626780685.80316067,3.50000000
1626780685.90314174,3.50000000
1626780686.00316143,3.50000000
1626780686.10315514,3.50000000
1626780686.20318270,3.50000000
1626780686.30320597,3.50000000
1626780686.40315890,3.50000000
1626780686.50316191,3.50000000
1626780686.60318112,3.50000000
1626780686.70313334,3.50000000
1626780686.80316734,3.50000000
1626780686.90316486,3.50000000
1626780687.00315380,3.50000000
1626780687.10316062,3.50000000
1626780687.20317030,3.50000000
1626780687.30321980,3.50000000
1626780687.40320086,3.50000000
1626780687.50315642,3.50000000
1626780687.60332966,3.50000000
1626780687.70324516,3.50000000
1626780687.80327821,3.50000000
1626780687.90318775,3.50000000
1626780688.00323558,3.50000000
1626780688.10320520,3.50000000
1626780688.20321274,3.50000000
1626780688.30314231,3.50000000
1626780688.40317822,3.50000000
1626780688.50317264,3.50000000
1626780688.60317540,3.50000000
1626780688.70314837,3.50000000
1626780688.80316162,3.50000000
1626780688.90316105,3.50000000
1626780689.00322413,3.50000000
1626780689.10333133,3.50000000
1626780689.20326924,3.50000000
1626780689.30328226,3.50000000
1626780689.40327525,3.50000000
1626780689.50328398,3.50000000
1626780689.60325527,3.50000000
1626780689.70328975,3.50000000
1626780689.80324745,3.50000000
1626780689.90328383,3.50000000
1626780690.00328064,3.50000000
1626780690.10326624,3.50000000
1626780690.20319867,3.50000000
1626780690.30320096,3.50000000
1626780690.40319371,3.50000000
1626780690.50315380,3.50000000
1626780690.60315466,3.50000000
1626780690.70318961,3.50000000
1626780690.80319285,3.50000000
1626780690.90320516,3.50000000
1626780691.00319052,3.50000000
1626780691.10321116,3.50000000
1626780691.20320249,3.50000000
1626780691.30322623,3.50000000
1626780691.40329003,3.50000000
1626780691.50321722,3.50000000
1626780691.60321999,3.50000000
1626780691.70318341,3.50000000
1626780691.80316401,3.50000000
1626780691.90322232,3.50000000
1626780692.00320840,3.50000000
1626780692.10317755,3.50000000
1626780692.20320344,3.50000000
1626780692.30320263,3.50000000
1626780692.40316439,3.50000000
1626780692.50316954,3.50000000
1626780692.60315514,3.50000000
1626780692.70314693,3.50000000
1626780692.80317998,3.50000000
1626780692.90315723,3.50000000
1626780693.00316095,3.50000000
1626780693.10315657,3.50000000
1626780693.20320487,3.50000000
1626780693.30316997,3.50000000
1626780693.40323138,3.50000000
1626780693.50316405,3.50000000
1626780693.60315752,3.50000000
1626780693.70314407,3.50000000
1626780693.80315971,3.50000000
1626780693.90316963,3.50000000
1626780694.00317383,3.50000000
1626780694.10317683,3.50000000
1626780694.20315242,3.50000000
1626780694.30315351,3.50000000
1626780694.40315366,3.50000000
1626780694.50317001,3.50000000
1626780694.60317516,3.50000000
1626780694.70315742,3.50000000
1626780694.80315495,3.50000000
1626780694.90315723,3.50000000
1626780695.00321007,3.50000000
1626780695.10301208,3.50000000
1626780695.20327878,3.50000000
1626780695.30324030,3.50000000
1626780695.40322256,3.50000000
1626780695.50324941,3.50000000
1626780695.60322118,3.50000000
1626780695.70320129,3.50000000
1626780695.80327725,3.50000000
1626780695.90327930,3.50000000
1626780696.00323319,3.50000000
1626780696.10324717,3.50000000
1626780696.20325398,3.50000000
1626780696.30325890,3.50000000
1626780696.40326214,3.50000000
1626780696.50318527,3.50000000
1626780696.60320663,3.50000000
1626780696.70322490,3.50000000
1626780696.80320525,3.50000000
1626780696.90318513,3.50000000
1626780697.00317645,3.50000000
1626780697.10317492,3.50000000
1626780697.20316935,3.50000000
1626780697.30313611,3.50000000
1626780697.40319347,3.50000000
1626780697.50316954,3.50000000
1626780697.60319805,3.50000000
1626780697.70314002,3.50000000
1626780697.80314326,3.50000000
1626780697.90320253,3.50000000
1626780698.00326633,3.50000000
1626780698.10317135,3.50000000
1626780698.20317268,3.50000000
1626780698.30319357,3.50000000
1626780698.40319276,3.50000000
1626780698.50318789,3.50000000
1626780698.60316586,3.50000000
1626780698.70315337,3.50000000
1626780698.80318856,3.50000000
1626780698.90317488,3.50000000
1626780699.00315070,3.50000000
1626780699.10315561,3.50000000
1626780699.20319724,3.50000000
1626780699.30322838,3.50000000
1626780699.40319872,3.50000000
1626780699.50318384,3.50000000
1626780699.60320854,3.50000000
1626780699.70316100,3.50000000
1626780699.80315804,3.50000000
1626780699.90324044,3.50000000
1626780700.00325751,3.50000000
1626780700.10327435,3.50000000
1626780700.20324802,3.50000000
1626780700.30328584,3.50000000
1626780700.40324569,3.50000000
1626780700.50319529,3.50000000
1626780700.60325837,3.50000000
1626780700.70324421,3.50000000
1626780700.80324888,3.50000000
1626780700.90321517,3.50000000
1626780701.00324345,3.50000000
1626780701.10320449,3.50000000
1626780701.20325923,3.50000000
1626780701.30323267,3.50000000
1626780701.40320611,3.50000000
1626780701.50325084,3.50000000
1626780701.60326338,3.50000000
1626780701.70315838,3.50000000
1626780701.80320644,3.50000000
1626780701.90326667,3.50000000
1626780702.00323200,3.50000000
1626780702.10324359,3.50000000
1626780702.20324278,3.50000000
1626780702.30325055,3.50000000
1626780702.40327168,3.50000000
1626780702.50327325,3.50000000
1626780702.60318160,3.50000000
1626780702.70326853,3.50000000
1626780702.80326676,3.50000000
1626780702.90325809,3.50000000
1626780703.00319719,3.50000000
1626780703.10320497,3.50000000
1626780703.20319009,3.50000000
1626780703.30320692,3.50000000
1626780703.40329409,3.50000000
1626780703.50329494,3.50000000
1626780703.60331321,3.50000000
1626780703.70326042,3.50000000
1626780703.80318689,3.50000000
1626780703.90318060,3.50000000
1626780704.00319219,3.50000000
1626780704.10329151,3.50000000
1626780704.20321894,3.50000000
1626780704.30323863,3.50000000
1626780704.40317297,3.50000000
1626780704.50322700,3.50000000
1626780704.60317969,3.50000000
1626780704.70314789,3.50000000
1626780704.80318761,3.50000000
1626780704.90323329,3.50000000
1626780705.00319767,3.50000000
1626780705.10319567,3.50000000
1626780705.20315003,3.50000000
1626780705.30321550,3.50000000
1626780705.40320826,3.50000000
1626780705.50320005,3.50000000
1626780705.60319781,3.50000000
1626780705.70326734,3.50000000
1626780705.80318522,3.50000000
1626780705.90314984,3.50000000
1626780706.00316906,3.50000000
1626780706.10316253,3.50000000
1626780706.20317507,3.50000000
1626780706.30324364,3.50000000
1626780706.40314889,3.50000000
1626780706.50316238,3.50000000
1626780706.60317564,3.50000000
1626780706.70314622,3.50000000
1626780706.80315566,3.50000000
1626780706.90316534,3.50000000
1626780707.00316763,3.50000000
1626780707.10317993,3.50000000
1626780707.20317316,3.50000000
1626780707.30316377,3.50000000
1626780707.40318680,3.50000000
1626780707.50318789,3.50000000
1626780707.60319281,3.50000000
1626780707.70323706,3.50000000
1626780707.80322719,3.50000000
1626780707.90323758,3.50000000
1626780708.00324798,3.50000000
1626780708.10319901,3.50000000
1626780708.20323372,3.50000000
1626780708.30326295,3.50000000
1626780708.40321302,3.50000000
1626780708.50318885,3.50000000
1626780708.60317659,3.50000000
1626780708.70317721,3.50000000
1626780708.80319262,3.50000000
1626780708.90316033,3.50000000
1626780709.00316834,3.50000000
1626780709.10324430,3.50000000
1626780709.20319891,3.50000000
1626780709.30316401,3.50000000
1626780709.40319824,3.50000000
1626780709.50319624,3.50000000
1626780709.60315394,3.50000000
1626780709.70318627,3.50000000
1626780709.80321455,3.50000000
1626780709.90316176,3.50000000
1626780710.00315285,3.50000000
1626780710.10327148,3.50000000
1626780710.20313883,3.50000000
1626780710.30316067,3.50000000
1626780710.40315151,3.50000000
1626780710.50314999,3.50000000
1626780710.60314250,3.50000000
1626780710.70315957,3.50000000
1626780710.80315423,3.50000000
1626780710.90318680,3.50000000
1626780711.00320101,3.50000000
1626780711.10320807,3.50000000
1626780711.20322180,3.50000000
1626780711.30321360,3.50000000
1626780711.40317559,3.50000000
1626780711.50316525,3.50000000
1626780711.60318160,3.50000000
1626780711.70318460,3.50000000
1626780711.80322051,3.50000000
1626780711.90320086,3.50000000
1626780712.00319171,3.50000000
1626780712.10320163,3.50000000
1626780712.20303035,3.50000000
1626780712.30322576,3.50000000
1626780712.40318632,3.50000000
1626780712.50321507,3.50000000
1626780712.60319376,3.50000000
1626780712.70322299,3.50000000
1626780712.80332589,3.50000000
1626780712.90319395,3.50000000
1626780713.00323868,3.50000000
1626780713.10327339,3.50000000
1626780713.20322919,3.50000000
1626780713.30328989,3.50000000
1626780713.40327740,3.50000000
1626780713.50321746,3.50000000
1626780713.60319018,3.50000000
1626780713.70316625,3.50000000
1626780713.80315804,3.50000000
1626780713.90315342,3.50000000
1626780714.00316143,3.50000000
1626780714.10315228,3.50000000
1626780714.20317411,3.50000000
1626780714.30316377,3.50000000
1626780714.40315104,3.50000000
1626780714.50315690,3.50000000
1626780714.60314083,3.50000000
1626780714.70315409,3.50000000
1626780714.80317545,3.50000000
1626780714.90320849,3.50000000
1626780715.00315404,3.50000000
1626780715.10315967,3.50000000
1626780715.20315456,3.50000000
1626780715.30314612,3.50000000
1626780715.40314126,3.50000000
1626780715.50315452,3.50000000
1626780715.60314417,3.50000000
1626780715.70314670,3.50000000
1626780715.80326700,3.50000000
1626780715.90328121,3.50000000
1626780716.00317264,3.50000000
1626780716.10318065,3.50000000
1626780716.20319009,3.50000000
1626780716.30319929,3.50000000
1626780716.40321422,3.50000000
1626780716.50325227,3.50000000
1626780716.60323429,3.50000000
1626780716.70315480,3.50000000
1626780716.80325675,3.50000000
1626780716.90319610,3.50000000
1626780717.00320721,3.50000000
1626780717.10321164,3.50000000
1626780717.20317435,3.50000000
1626780717.30326700,3.50000000
1626780717.40330911,3.50000000
1626780717.50314999,3.50000000
1626780717.60319376,3.50000000
1626780717.70315719,3.50000000
1626780717.80317235,3.50000000
1626780717.90322638,3.50000000
1626780718.00319529,3.50000000
1626780718.10323477,3.50000000
1626780718.20317817,3.50000000
1626780718.30318308,3.50000000
1626780718.40314794,3.50000000
1626780718.50317097,3.50000000
1626780718.60324717,3.50000000
1626780718.70324326,3.50000000
1626780718.80315208,3.50000000
1626780718.90316963,3.50000000
1626780719.00325894,3.50000000
1626780719.10315347,3.50000000
1626780719.20316029,3.50000000
1626780719.30329990,3.50000000
1626780719.40328479,3.50000000
1626780719.50320101,3.50000000
1626780719.60320830,3.50000000
1626780719.70320725,3.50000000
1626780719.80324817,3.50000000
1626780719.90324616,3.50000000
1626780720.00318408,3.50000000
1626780720.10317969,3.50000000
1626780720.20315242,3.50000000
1626780720.30315685,3.50000000
1626780720.40315175,3.50000000
1626780720.50323343,3.50000000
1626780720.60319376,3.50000000
1626780720.70319319,3.50000000
1626780720.80319810,3.50000000
1626780720.90317869,3.50000000
1626780721.00324154,3.50000000
1626780721.10320425,3.50000000
1626780721.20325518,3.50000000
1626780721.30318284,3.50000000
1626780721.40323353,3.50000000
1626780721.50320029,3.50000000
1626780721.60317707,3.50000000
1626780721.70322633,3.50000000
1626780721.80315447,3.50000000
1626780721.90314388,3.50000000
1626780722.00315261,3.50000000
1626780722.10314894,3.50000000
1626780722.20313692,3.50000000
1626780722.30313969,3.50000000
1626780722.40313578,3.50000000
1626780722.50325370,3.50000000
1626780722.60313559,3.50000000
1626780722.70314980,3.50000000
1626780722.80318141,3.50000000
1626780722.90319395,3.50000000
1626780723.00318742,3.50000000
1626780723.10316396,3.50000000
1626780723.20316482,3.50000000
1626780723.30315471,3.50000000
1626780723.40324163,3.50000000
1626780723.50321698,3.50000000
1626780723.60323620,3.50000000
1626780723.70321727,3.50000000
1626780723.80317616,3.50000000
1626780723.90315819,3.50000000
1626780724.00315809,3.50000000
1626780724.10315394,3.50000000
1626780724.20314837,3.50000000
1626780724.30316210,3.50000000
1626780724.40316796,3.50000000
1626780724.50314641,3.50000000
1626780724.60322022,3.50000000
1626780724.70321274,3.50000000
1626780724.80326772,3.50000000
1626780724.90325046,3.50000000
1626780725.00325179,3.50000000
1626780725.10328221,3.50000000
1626780725.20324421,3.50000000
1626780725.30317974,3.50000000
1626780725.40317678,3.50000000
1626780725.50318575,3.50000000
1626780725.60317016,3.50000000
1626780725.70319128,3.50000000
1626780725.80328441,3.50000000
1626780725.90320659,3.50000000
1626780726.00325155,3.50000000
1626780726.10318184,3.50000000
1626780726.20316339,3.50000000
1626780726.30317712,3.50000000
1626780726.40320754,3.50000000
1626780726.50320053,3.50000000
1626780726.60320735,3.50000000
1626780726.70322824,3.50000000
1626780726.80330396,3.50000000
1626780726.90327716,3.50000000
1626780727.00322104,3.50000000
1626780727.10323143,3.50000000
1626780727.20319319,3.50000000
1626780727.30327916,3.50000000
1626780727.40326929,3.50000000
1626780727.50327444,3.50000000
1626780727.60326552,3.50000000
1626780727.70327640,3.50000000
1626780727.80328369,3.50000000
1626780727.90327597,3.50000000
1626780728.00329351,3.50000000
1626780728.10326529,3.50000000
1626780728.20315766,3.50000000
1626780728.30321479,3.50000000
1626780728.40322948,3.50000000
1626780728.50320888,3.50000000
1626780728.60323930,3.50000000
1626780728.70316672,3.50000000
1626780728.80326152,3.50000000
1626780728.90324616,3.50000000
1626780729.00318527,3.50000000
1626780729.10322523,3.50000000
1626780729.20319581,3.50000000
1626780729.30315804,3.50000000
1626780729.40314126,3.50000000
1626780729.50325131,3.50000000
1626780729.60324502,3.50000000
1626780729.70323658,3.50000000
1626780729.80322170,3.50000000
1626780729.90325332,3.50000000
1626780730.00317812,3.50000000
1626780730.10314941,3.50000000
1626780730.20319080,3.50000000
1626780730.30317116,3.50000000
1626780730.40318513,3.50000000
1626780730.50317764,3.50000000
1626780730.60318780,3.50000000
1626780730.70315599,3.50000000
1626780730.80322838,3.50000000
1626780730.90330577,3.50000000
1626780731.00328040,3.50000000
1626780731.10327053,3.50000000
1626780731.20328689,3.50000000
1626780731.30327153,3.50000000
1626780731.40317559,3.50000000
1626780731.50320244,3.50000000
1626780731.60319638,3.50000000
1626780731.70320916,3.50000000
1626780731.80321407,3.50000000
1626780731.90322423,3.50000000
1626780732.00327945,3.50000000
1626780732.10326552,3.50000000
1626780732.20325899,3.50000000
1626780732.30316687,3.50000000
1626780732.40326643,3.50000000
1626780732.50314879,3.50000000
1626780732.60325027,3.50000000
1626780732.70324731,3.50000000
1626780732.80321598,3.50000000
1626780732.90318966,3.50000000
1626780733.00320387,3.50000000
1626780733.10321712,3.50000000
1626780733.20318437,3.50000000
1626780733.30314398,3.50000000
1626780733.40316057,3.50000000
1626780733.50314188,3.50000000
1626780733.60314798,3.50000000
1626780733.70315337,3.50000000
1626780733.80317497,3.50000000
1626780733.90315747,3.50000000
1626780734.00318480,3.50000000
1626780734.10317421,3.50000000
1626780734.20317912,3.50000000
1626780734.30317473,3.50000000
1626780734.40317512,3.50000000
1626780734.50318193,3.50000000
1626780734.60318732,3.50000000
1626780734.70329857,3.50000000
1626780734.80321789,3.50000000
1626780734.90333652,3.50000000
1626780735.00334668,3.50000000
1626780735.10324121,3.50000000
1626780735.20332265,3.50000000
1626780735.30319595,3.50000000
1626780735.40327954,3.50000000
1626780735.50317001,3.50000000
1626780735.60320163,3.50000000
1626780735.70322537,3.50000000
1626780735.80316472,3.50000000
1626780735.90323520,3.50000000
1626780736.00315881,3.50000000
1626780736.10319424,3.50000000
1626780736.20325851,3.50000000
1626780736.30318713,3.50000000
1626780736.40319204,3.50000000
1626780736.50316453,3.50000000
1626780736.60319591,3.50000000
1626780736.70326161,3.50000000
1626780736.80325079,3.50000000
1626780736.90321779,3.50000000
1626780737.00319290,3.50000000
1626780737.10322261,3.50000000
1626780737.20319629,3.50000000
1626780737.30317330,3.50000000
1626780737.40317535,3.50000000
1626780737.50317407,3.50000000
1626780737.60317278,3.50000000
1626780737.70320344,3.50000000
1626780737.80319548,3.50000000
1626780737.90324068,3.50000000
1626780738.00299048,3.50000000
1626780738.10316181,3.50000000
1626780738.20325661,3.50000000
1626780738.30318737,3.50000000
1626780738.40319347,3.50000000
1626780738.50318456,3.50000000
1626780738.60335231,3.50000000
1626780738.70319319,3.50000000
1626780738.80322599,3.50000000
1626780738.90304613,3.50000000
1626780739.00320005,3.50000000
1626780739.10316539,3.50000000
1626780739.20327353,3.50000000
1626780739.30321455,3.50000000
1626780739.40320230,3.50000000
1626780739.50315142,3.50000000
1626780739.60332274,3.50000000
1626780739.70320630,3.50000000
1626780739.80321002,3.50000000
1626780739.90320683,3.50000000
1626780740.00316572,3.50000000
1626780740.10327959,3.50000000
1626780740.20322609,3.50000000
1626780740.30320001,3.50000000
1626780740.40320396,3.50000000
1626780740.50320292,3.50000000
1626780740.60320950,3.50000000
1626780740.70326805,3.50000000
1626780740.80323315,3.50000000
1626780740.90320110,3.50000000
1626780741.00319695,3.50000000
1626780741.10309076,3.50000000
1626780741.20321465,3.50000000
1626780741.30326176,3.50000000
1626780741.40328479,3.50000000
1626780741.50322723,3.50000000
1626780741.60324788,3.50000000
1626780741.70322490,3.50000000
1626780741.80326581,3.50000000
1626780741.90325689,3.50000000
1626780742.00324917,3.50000000
1626780742.10323906,3.50000000
1626780742.20326877,3.50000000
1626780742.30326819,3.50000000
1626780742.40323687,3.50000000
1626780742.50321507,3.50000000
1626780742.60330606,3.50000000
1626780742.70325422,3.50000000
1626780742.80330110,3.50000000
1626780742.90331531,3.50000000
1626780743.00321841,3.50000000
1626780743.10323501,3.50000000
1626780743.20324659,3.50000000
1626780743.30327129,3.50000000
1626780743.40323400,3.50000000
1626780743.50324273,3.50000000
1626780743.60318542,3.50000000
1626780743.70327950,3.50000000
1626780743.80322099,3.50000000
1626780743.90322781,3.50000000
1626780744.00331998,3.50000000
1626780744.10331631,3.50000000
1626780744.20330238,3.50000000
1626780744.30331850,3.50000000
1626780744.40331817,3.50000000
1626780744.50329471,3.50000000
1626780744.60331202,3.50000000
1626780744.70329332,3.50000000
1626780744.80321097,3.50000000
1626780744.90327239,3.50000000
1626780745.00315928,3.50000000
1626780745.10316539,3.50000000
1626780745.20321059,3.50000000
1626780745.30315995,3.50000000
1626780745.40317392,3.50000000
1626780745.50319457,3.50000000
1626780745.60319972,3.50000000
1626780745.70317674,3.50000000
1626780745.80319500,3.50000000
1626780745.90315008,3.50000000
1626780746.00327134,3.50000000
1626780746.10328174,3.50000000
1626780746.20326424,3.50000000
1626780746.30323052,3.50000000
1626780746.40327024,3.50000000
1626780746.50301099,3.50000000
1626780746.60325456,3.50000000
1626780746.70317769,3.50000000
1626780746.80319834,3.50000000
1626780746.90322971,3.50000000
1626780747.00318909,3.50000000
1626780747.10321999,3.50000000
1626780747.20320678,3.50000000
1626780747.30323958,3.50000000
1626780747.40320349,3.50000000
1626780747.50318742,3.50000000
1626780747.60315180,3.50000000
1626780747.70323062,3.50000000
1626780747.80318141,3.50000000
1626780747.90322757,3.50000000
1626780748.00318336,3.50000000
1626780748.10319304,3.50000000
1626780748.20314026,3.50000000
1626780748.30315018,3.50000000
1626780748.40326691,3.50000000
1626780748.50316429,3.50000000
1626780748.60323453,3.50000000
1626780748.70316458,3.50000000
1626780748.80331635,3.50000000
1626780748.90321469,3.50000000
1626780749.00315762,3.50000000
1626780749.10316730,3.50000000
1626780749.20319724,3.50000000
1626780749.30316305,3.50000000
1626780749.40316534,3.50000000
1626780749.50315309,3.50000000
1626780749.60316253,3.50000000
1626780749.70316410,3.50000000
1626780749.80318952,3.50000000
1626780749.90322518,3.50000000
1626780750.00324178,3.50000000
1626780750.10319448,3.50000000
1626780750.20323110,3.50000000
1626780750.30323100,3.50000000
1626780750.40329504,3.50000000
1626780750.50321555,3.50000000
1626780750.60322237,3.50000000
1626780750.70319366,3.50000000
1626780750.80316663,3.50000000
1626780750.90323997,3.50000000
1626780751.00325370,3.50000000
1626780751.10324121,3.50000000
1626780751.20326853,3.50000000
1626780751.30327988,3.50000000
1626780751.40319395,3.50000000
1626780751.50324917,3.50000000
1626780751.60318923,3.50000000
1626780751.70313883,3.50000000
1626780751.80317974,3.50000000
1626780751.90314651,3.50000000
1626780752.00317073,3.50000000
1626780752.10321140,3.50000000
1626780752.20317030,3.50000000
1626780752.30320144,3.50000000
1626780752.40311003,3.50000000
1626780752.50320649,3.50000000
1626780752.60323429,3.50000000
1626780752.70322418,3.50000000
1626780752.80323482,3.50000000
1626780752.90320992,3.50000000
1626780753.00322461,3.50000000
1626780753.10321712,3.50000000
1626780753.20316935,3.50000000
1626780753.30324841,3.50000000
1626780753.40319991,3.50000000
1626780753.50319099,3.50000000
1626780753.60320139,3.50000000
1626780753.70322156,3.50000000
1626780753.80318260,3.50000000
1626780753.90314317,3.50000000
1626780754.00318027,3.50000000
1626780754.10324097,3.50000000
1626780754.20317292,3.50000000
1626780754.30319715,3.50000000
1626780754.40320396,3.50000000
1626780754.50322270,3.50000000
1626780754.60289288,3.50000000
1626780754.70291233,3.50000000
1626780754.80324912,3.50000000
1626780754.90320921,3.50000000
1626780755.00330830,3.50000000
1626780755.10325050,3.50000000
1626780755.20329762,3.50000000
1626780755.30319691,3.50000000
1626780755.40320516,3.50000000
1626780755.50319815,3.50000000
1626780755.60319710,3.50000000
1626780755.70320201,3.50000000
1626780755.80328465,3.50000000
1626780755.90331435,3.50000000
1626780756.00322318,3.50000000
1626780756.10319304,3.50000000
1626780756.20318699,3.50000000
1626780756.30324483,3.50000000
1626780756.40319204,3.50000000
1626780756.50319338,3.50000000
1626780756.60319567,3.50000000
1626780756.70329213,3.50000000
1626780756.80321646,3.50000000
1626780756.90320444,3.50000000
1626780757.00318527,3.50000000
1626780757.10317874,3.50000000
1626780757.20317650,3.50000000
1626780757.30320406,3.50000000
1626780757.40319967,3.50000000
1626780757.50325370,3.50000000
1626780757.60326004,3.50000000
1626780757.70319223,3.50000000
1626780757.80317092,3.50000000
1626780757.90319324,3.50000000
1626780758.00318956,3.50000000
1626780758.10316753,3.50000000
1626780758.20322680,3.50000000
1626780758.30320859,3.50000000
1626780758.40319920,3.50000000
1626780758.50319529,3.50000000
1626780758.60315537,3.50000000
1626780758.70316291,3.50000000
1626780758.80320168,3.50000000
1626780758.90322137,3.50000000
1626780759.00319862,3.50000000
1626780759.10322642,3.50000000
1626780759.20319700,3.50000000
1626780759.30320454,3.50000000
1626780759.40318441,3.50000000
1626780759.50319982,3.50000000
1626780759.60323310,3.50000000
1626780759.70315766,3.50000000
1626780759.80316901,3.50000000
1626780759.90317631,3.50000000
1626780760.00315595,3.50000000
1626780760.10324025,3.50000000
1626780760.20316958,3.50000000
1626780760.30316567,3.50000000
1626780760.40318108,3.50000000
1626780760.50316834,3.50000000
1626780760.60324192,3.50000000
1626780760.70315599,3.50000000
1626780760.80319357,3.50000000
1626780760.90324521,3.50000000
1626780761.00325108,3.50000000
1626780761.10325336,3.50000000
1626780761.20323968,3.50000000
1626780761.30316496,3.50000000
1626780761.40316510,3.50000000
1626780761.50321627,3.50000000
1626780761.60323024,3.50000000
1626780761.70327997,3.50000000
1626780761.80322266,3.50000000
1626780761.90294719,3.50000000
1626780762.00288391,3.50000000
1626780762.10324764,3.50000000
1626780762.20322824,3.50000000
1626780762.30318213,3.50000000
1626780762.40318942,3.50000000
1626780762.50317144,3.50000000
1626780762.60317469,3.50000000
1626780762.70314240,3.50000000
1626780762.80320191,3.50000000
1626780762.90319490,3.50000000
1626780763.00318694,3.50000000
1626780763.10328269,3.50000000
1626780763.20319319,3.50000000
1626780763.30329347,3.50000000
1626780763.40325832,3.50000000
1626780763.50323677,3.50000000
1626780763.60318923,3.50000000
1626780763.70318818,3.50000000
1626780763.80319095,3.50000000
1626780763.90317774,3.50000000
1626780764.00318623,3.50000000
1626780764.10317039,3.50000000
1626780764.20315528,3.50000000
1626780764.30317998,3.50000000
1626780764.40320969,3.50000000
1626780764.50319481,3.50000000
1626780764.60292721,3.50000000
1626780764.70318341,3.50000000
1626780764.80334616,3.50000000
1626780764.90323973,3.50000000
1626780765.00321960,3.50000000
1626780765.10322142,3.50000000
1626780765.20320129,3.50000000
1626780765.30320835,3.50000000
1626780765.40317726,3.50000000
1626780765.50321436,3.50000000
1626780765.60315943,3.50000000
1626780765.70314479,3.50000000
1626780765.80324554,3.50000000
1626780765.90326929,3.50000000
1626780766.00326657,3.50000000
1626780766.10326219,3.50000000
1626780766.20324349,3.50000000
1626780766.30328131,3.50000000
1626780766.40328240,3.50000000
1626780766.50318551,3.50000000
1626780766.60320902,3.50000000
1626780766.70318770,3.50000000
1626780766.80320287,3.50000000
1626780766.90318584,3.50000000
1626780767.00325537,3.50000000
1626780767.10315800,3.50000000
1626780767.20314813,3.50000000
1626780767.30314231,3.50000000
1626780767.40323043,3.50000000
1626780767.50315857,3.50000000
1626780767.60319614,3.50000000
1626780767.70326924,3.50000000
1626780767.80324531,3.50000000
1626780767.90319777,3.50000000
1626780768.00314283,3.50000000
1626780768.10316801,3.50000000
1626780768.20314574,3.50000000
1626780768.30315042,3.50000000
1626780768.40316677,3.50000000
1626780768.50319099,3.50000000
1626780768.60320044,3.50000000
1626780768.70318270,3.50000000
1626780768.80332994,3.50000000
1626780768.90319157,3.50000000
1626780769.00320625,3.50000000
1626780769.10322618,3.50000000
1626780769.20323658,3.50000000
1626780769.30320549,3.50000000
1626780769.40319681,3.50000000
1626780769.50320339,3.50000000
1626780769.60323310,3.50000000
1626780769.70326877,3.50000000
1626780769.80323458,3.50000000
1626780769.90331960,3.50000000
1626780770.00325394,3.50000000
1626780770.10329747,3.50000000
1626780770.20328999,3.50000000
1626780770.30330014,3.50000000
1626780770.40327787,3.50000000
1626780770.50330210,3.50000000
1626780770.60333705,3.50000000
1626780770.70323706,3.50000000
1626780770.80332446,3.50000000
1626780770.90318656,3.50000000
1626780771.00319576,3.50000000
1626780771.10320282,3.50000000
1626780771.20319080,3.50000000
1626780771.30319834,3.50000000
1626780771.40318608,3.50000000
1626780771.50324059,3.50000000
1626780771.60327148,3.50000000
1626780771.70322657,3.50000000
1626780771.80324912,3.50000000
1626780771.90322518,3.50000000
1626780772.00319815,3.50000000
1626780772.10318470,3.50000000
1626780772.20319414,3.50000000
1626780772.30320430,3.50000000
1626780772.40327239,3.50000000
1626780772.50325871,3.50000000
1626780772.60330963,3.50000000
1626780772.70325470,3.50000000
1626780772.80316520,3.50000000
1626780772.90320492,3.50000000
1626780773.00330496,3.50000000
1626780773.10330343,3.50000000
1626780773.20321393,3.50000000
1626780773.30318785,3.50000000
1626780773.40319562,3.50000000
1626780773.50327516,3.50000000
1626780773.60321975,3.50000000
1626780773.70321560,3.50000000
1626780773.80323529,3.50000000
1626780773.90318894,3.50000000
1626780774.00321150,3.50000000
1626780774.10323477,3.50000000
1626780774.20321321,3.50000000
1626780774.30314970,3.50000000
1626780774.40319180,3.50000000
1626780774.50321865,3.50000000
1626780774.60318875,3.50000000
1626780774.70321560,3.50000000
1626780774.80319142,3.50000000
1626780774.90321946,3.50000000
1626780775.00321674,3.50000000
1626780775.10331321,3.50000000
1626780775.20326757,3.50000000
1626780775.30322981,3.50000000
1626780775.40327930,3.50000000
1626780775.50323582,3.50000000
1626780775.60324645,3.50000000
1626780775.70314789,3.50000000
1626780775.80319262,3.50000000
1626780775.90319324,3.50000000
1626780776.00323105,3.50000000
1626780776.10322618,3.50000000
1626780776.20314693,3.50000000
1626780776.30318809,3.50000000
1626780776.40314603,3.50000000
1626780776.50312757,3.50000000
1626780776.60315371,3.50000000
1626780776.70312977,3.50000000
1626780776.80316043,3.50000000
1626780776.90313983,3.50000000
1626780777.00316525,3.50000000
1626780777.10321903,3.50000000
1626780777.20316458,3.50000000
1626780777.30319691,3.50000000
1626780777.40312886,3.50000000
1626780777.50313663,3.50000000
1626780777.60319185,3.50000000
1626780777.70314026,3.50000000
1626780777.80319071,3.50000000
1626780777.90319133,3.50000000
1626780778.00321460,3.50000000
1626780778.10325408,3.50000000
1626780778.20319629,3.50000000
1626780778.30322170,3.50000000
1626780778.40327692,3.50000000
1626780778.50313687,3.50000000
1626780778.60326004,3.50000000
1626780778.70323277,3.50000000
1626780778.80321908,3.50000000
1626780778.90323591,3.50000000
1626780779.00321245,3.50000000
1626780779.10317993,3.50000000
1626780779.20314741,3.50000000
1626780779.30316663,3.50000000
1626780779.40313911,3.50000000
1626780779.50315046,3.50000000
1626780779.60318279,3.50000000
1626780779.70315027,3.50000000
1626780779.80319643,3.50000000
1626780779.90322518,3.50000000
1626780780.00319386,3.50000000
1626780780.10326624,3.50000000
1626780780.20317864,3.50000000
1626780780.30314779,3.50000000
1626780780.40325165,3.50000000
1626780780.50315881,3.50000000
1626780780.60321975,3.50000000
1626780780.70316195,3.50000000
1626780780.80315304,3.50000000
1626780780.90317297,3.50000000
1626780781.00320601,3.50000000
1626780781.10330486,3.50000000
1626780781.20317554,3.50000000
1626780781.30317855,3.50000000
1626780781.40320373,3.50000000
1626780781.50315976,3.50000000
1626780781.60327625,3.50000000
1626780781.70328760,3.50000000
1626780781.80333018,3.50000000
1626780781.90325141,3.50000000
1626780782.00320888,3.50000000
1626780782.10320449,3.50000000
1626780782.20320010,3.50000000
1626780782.30325603,3.50000000
1626780782.40320373,3.50000000
1626780782.50326896,3.50000000
1626780782.60329294,3.50000000
1626780782.70322585,3.50000000
1626780782.80314040,3.50000000
1626780782.90319133,3.50000000
1626780783.00315189,3.50000000
1626780783.10341573,3.50000000
1626780783.20315099,3.50000000
1626780783.30319357,3.50000000
1626780783.40328217,3.50000000
1626780783.50324512,3.50000000
1626780783.60329533,3.50000000
1626780783.70323324,3.50000000
1626780783.80321407,3.50000000
1626780783.90320230,3.50000000
1626780784.00316978,3.50000000
1626780784.10324526,3.50000000
1626780784.20326972,3.50000000
1626780784.30319190,3.50000000
1626780784.40321660,3.50000000
1626780784.50314832,3.50000000
1626780784.60316801,3.50000000
1626780784.70320201,3.50000000
1626780784.80318046,3.50000000
1626780784.90316153,3.50000000
1626780785.00316572,3.50000000
1626780785.10315752,3.50000000
1626780785.20315790,3.50000000
1626780785.30323768,3.50000000
1626780785.40324712,3.50000000
1626780785.50324845,3.50000000
1626780785.60324383,3.50000000
1626780785.70324850,3.50000000
1626780785.80324531,3.50000000
1626780785.90327668,3.50000000
1626780786.00327754,3.50000000
1626780786.10328460,3.50000000
1626780786.20326996,3.50000000
1626780786.30328703,3.50000000
1626780786.40317965,3.50000000
1626780786.50320530,3.50000000
1626780786.60321236,3.50000000
1626780786.70319533,3.50000000
1626780786.80331802,3.50000000
1626780786.90329218,3.50000000
1626780787.00329161,3.50000000
1626780787.10327172,3.50000000
1626780787.20328498,3.50000000
1626780787.30322623,3.50000000
1626780787.40316916,3.50000000
1626780787.50315928,3.50000000
1626780787.60315084,3.50000000
1626780787.70314360,3.50000000
1626780787.80329800,3.50000000
1626780787.90328598,3.50000000
1626780788.00318050,3.50000000
1626780788.10315084,3.50000000
1626780788.20319963,3.50000000
1626780788.30319858,3.50000000
1626780788.40318751,3.50000000
1626780788.50316739,3.50000000
1626780788.60320115,3.50000000
1626780788.70320535,3.50000000
1626780788.80320311,3.50000000
1626780788.90316367,3.50000000
1626780789.00314665,3.50000000
1626780789.10321999,3.50000000
1626780789.20315170,3.50000000
1626780789.30314684,3.50000000
1626780789.40318847,3.50000000
1626780789.50320816,3.50000000
1626780789.60324168,3.50000000
1626780789.70323086,3.50000000
1626780789.80325556,3.50000000
1626780789.90325189,3.50000000
1626780790.00319862,3.50000000
1626780790.10319829,3.50000000
1626780790.20318961,3.50000000
1626780790.30318427,3.50000000
1626780790.40317416,3.50000000
1626780790.50320506,3.50000000
1626780790.60317826,3.50000000
1626780790.70321655,3.50000000
1626780790.80336332,3.50000000
1626780790.90330124,3.50000000
1626780791.00330353,3.50000000
1626780791.10321379,3.50000000
1626780791.20326352,3.50000000
1626780791.30324459,3.50000000
1626780791.40321875,3.50000000
1626780791.50330544,3.50000000
1626780791.60330820,3.50000000
1626780791.70327377,3.50000000
1626780791.80324960,3.50000000
1626780791.90329123,3.50000000
1626780792.00321722,3.50000000
1626780792.10319519,3.50000000
1626780792.20321703,3.50000000
1626780792.30321121,3.50000000
1626780792.40319014,3.50000000
1626780792.50320792,3.50000000
1626780792.60319543,3.50000000
1626780792.70320368,3.50000000
1626780792.80322146,3.50000000
1626780792.90321946,3.50000000
1626780793.00320005,3.50000000
1626780793.10322356,3.50000000
1626780793.20324421,3.50000000
1626780793.30309629,3.50000000
1626780793.40318346,3.50000000
1626780793.50318170,3.50000000
1626780793.60316420,3.50000000
1626780793.70320845,3.50000000
1626780793.80326152,3.50000000
1626780793.90317321,3.50000000
1626780794.00319862,3.50000000
1626780794.10319138,3.50000000
1626780794.20319295,3.50000000
1626780794.30316782,3.50000000
1626780794.40323758,3.50000000
1626780794.50325203,3.50000000
1626780794.60330439,3.50000000
1626780794.70326781,3.50000000
1626780794.80326557,3.50000000
1626780794.90318513,3.50000000
1626780795.00321865,3.50000000
1626780795.10319090,3.50000000
1626780795.20319915,3.50000000
1626780795.30319977,3.50000000
1626780795.40320992,3.50000000
1626780795.50320530,3.50000000
1626780795.60320187,3.50000000
1626780795.70324850,3.50000000
1626780795.80325222,3.50000000
1626780795.90319467,3.50000000
1626780796.00319982,3.50000000
1626780796.10321212,3.50000000
1626780796.20323849,3.50000000
1626780796.30313730,3.50000000
1626780796.40318108,3.50000000
1626780796.50321579,3.50000000
1626780796.60319567,3.50000000
1626780796.70319057,3.50000000
1626780796.80314946,3.50000000
1626780796.90328002,3.50000000
1626780797.00317502,3.50000000
1626780797.10319495,3.50000000
1626780797.20315719,3.50000000
1626780797.30315971,3.50000000
1626780797.40315700,3.50000000
1626780797.50314593,3.50000000
1626780797.60315371,3.50000000
1626780797.70314956,3.50000000
1626780797.80302453,3.50000000
1626780797.90319943,3.50000000
1626780798.00315452,3.50000000
1626780798.10317206,3.50000000
1626780798.20318127,3.50000000
1626780798.30314398,3.50000000
1626780798.40306711,3.50000000
1626780798.50318933,3.50000000
1626780798.60318995,3.50000000
1626780798.70319605,3.50000000
1626780798.80317879,3.50000000
1626780798.90319848,3.50000000
1626780799.00319052,3.50000000
1626780799.10320020,3.50000000
1626780799.20321250,3.50000000
1626780799.30315661,3.50000000
1626780799.40315580,3.50000000
1626780799.50319219,3.50000000
1626780799.60329366,3.50000000
1626780799.70318222,3.50000000
1626780799.80336046,3.50000000
1626780799.90317082,3.50000000
1626780800.00316119,3.50000000
1626780800.10315776,3.50000000
1626780800.20316124,3.50000000
1626780800.30320668,3.50000000
1626780800.40322185,3.50000000
1626780800.50318098,3.50000000
1626780800.60316634,3.50000000
1626780800.70315671,3.50000000
1626780800.80323553,3.50000000
1626780800.90317130,3.50000000
1626780801.00314760,3.50000000
1626780801.10325742,3.50000000
1626780801.20315862,3.50000000
1626780801.30315542,3.50000000
1626780801.40316129,3.50000000
1626780801.50324965,3.50000000
1626780801.60319257,3.50000000
1626780801.70318842,3.50000000
1626780801.80324841,3.50000000
1626780801.90326977,3.50000000
1626780802.00323653,3.50000000
1626780802.10326600,3.50000000
1626780802.20319104,3.50000000
1626780802.30321193,3.50000000
1626780802.40316367,3.50000000
1626780802.50319386,3.50000000
1626780802.60316348,3.50000000
1626780802.70319533,3.50000000
1626780802.80325150,3.50000000
1626780802.90320873,3.50000000
1626780803.00318789,3.50000000
1626780803.10315847,3.50000000
1626780803.20314670,3.50000000
1626780803.30325055,3.50000000
1626780803.40324330,3.50000000
1626780803.50325656,3.50000000
1626780803.60316515,3.50000000
1626780803.70328784,3.50000000
1626780803.80332422,3.50000000
1626780803.90315366,3.50000000
1626780804.00315046,3.50000000
1626780804.10315681,3.50000000
1626780804.20317078,3.50000000
1626780804.30319929,3.50000000
1626780804.40315032,3.50000000
1626780804.50325823,3.50000000
1626780804.60326934,3.50000000
1626780804.70317173,3.50000000
1626780804.80318999,3.50000000
1626780804.90323567,3.50000000
1626780805.00325322,3.50000000
1626780805.10316133,3.50000000
1626780805.20302224,3.50000000
1626780805.30319118,3.50000000
1626780805.40318942,3.50000000
1626780805.50320792,3.50000000
1626780805.60304427,3.50000000
1626780805.70314670,3.50000000
1626780805.80313182,3.50000000
1626780805.90315247,3.50000000
1626780806.00300717,3.50000000
1626780806.10315537,3.50000000
1626780806.20297480,3.50000000
1626780806.30306792,3.50000000
1626780806.40315366,3.50000000
1626780806.50319004,3.50000000
1626780806.60327458,3.50000000
1626780806.70322037,3.50000000
1626780806.80320048,3.50000000
