Seconds,Detected,Distance,Angle,Child.X,Child.Y,Child.Angle
1624632604.08358407,1,2.00000000,-90.00000000,0.00000000,-2.00000000,-90.00000000
1624632604.18361926,1,2.00000000,-90.00000000,0.00000000,-2.00000000,-90.00000000
1624632604.28361607,1,2.00000000,-90.00000000,0.00000000,-2.00000000,-90.00000000
1624632604.38363314,1,2.00000000,-90.00000000,0.00000000,-2.00000000,-90.00000000
1624632604.48358202,1,2.00000000,-90.00000000,0.00000000,-2.00000000,-90.00000000
1624632604.58362031,1,2.00000000,-90.00000000,0.00000000,-2.00000000,-90.00000000
1624632604.68358111,1,2.00000000,-90.00000000,0.00000000,-2.00000000,-90.00000000
1624632604.78358412,1,2.00000000,-90.00000000,0.00000000,-2.00000000,-90.00000000
1624632604.88359237,1,2.00000000,-90.00000000,0.00000000,-2.00000000,-90.00000000
1624632604.98358512,1,2.00000000,-90.00000000,0.00000000,-2.00000000,-90.00000000
1624632605.08363700,1,2.00000000,-90.00000000,0.00000000,-2.00000000,-90.00000000
1624632605.18363667,1,2.00000000,-90.00000000,0.00000000,-2.00000000,-90.00000000
1624632605.28358555,1,2.00000000,-90.00000000,0.00000000,-2.00000000,-90.00000000
1624632605.38359666,1,2.00000000,-90.00000000,0.00000000,-2.00000000,-90.00000000
1624632605.48359108,1,2.00000000,-90.00000000,0.00000000,-2.00000000,-90.00000000
1624632605.58354640,1,2.00000000,-90.00000000,0.00000000,-2.00000000,-90.00000000
1624632605.68351507,1,2.00000000,-90.00000000,0.00000000,-2.00000000,-90.00000000
1624632605.78351665,1,2.00000000,-90.00000000,0.00000000,-2.00000000,-90.00000000
1624632605.88351512,1,2.00000000,-90.00000000,0.00000000,-2.00000000,-90.00000000
1624632605.98351598,1,2.00000000,-90.00000000,0.00000000,-2.00000000,-90.00000000
1624632606.08360505,1,2.00000000,-90.00000000,0.00000000,-2.00000000,-90.00000000
1624632606.18359709,1,2.00000000,-90.00000000,0.00000000,-2.00000000,-90.00000000
1624632606.28365755,1,2.00000000,-90.00000000,0.00000000,-2.00000000,-90.00000000
1624632606.38359618,1,2.00000000,-90.00000000,0.00000000,-2.00000000,-90.00000000
1624632606.48362517,1,2.00000000,-90.00000000,0.00000000,-2.00000000,-90.00000000
1624632606.58362675,1,2.00000000,-90.00000000,0.00000000,-2.00000000,-90.00000000
1624632606.68361974,1,2.00000000,-90.00000000,0.00000000,-2.00000000,-90.00000000
1624632606.78363776,1,2.00000000,-90.00000000,-0.03365841,-1.99971676,-90.96428797
1624632606.88362980,1,2.00000000,-89.00000000,-0.06911965,-1.99880526,-91.98052645
1624632606.98362350,1,2.00000000,-87.00000000,-0.10331424,-1.99732976,-92.96105290
1624632607.08359170,1,2.00000000,-84.00000000,-0.06900679,-1.99880916,-91.97729138
1624632607.18359160,1,2.00000000,-82.00000000,-0.10320147,-1.99733559,-92.95781783
1624632607.28364158,1,2.00000000,-79.00000000,-0.06583567,-1.99891612,-91.88639377
1624632607.38358212,1,2.00000000,-77.00000000,-0.10308869,-1.99734141,-92.95458276
1624632607.48359394,1,2.00000000,-74.00000000,-0.10143983,-1.99737634,-92.93510921
1624632607.58363390,1,2.00000024,-71.00000000,-0.06213342,-1.99991230,-91.86368515
1624632607.68359828,1,1.99903214,-69.00000000,-0.09642755,-1.99835552,-92.93187414
1624632607.78360224,1,1.99806845,-66.00000000,-0.05613784,-2.00089520,-91.86045008
1624632607.88353825,1,1.99613905,-64.00000000,-0.08632679,-1.99950569,-92.84097653
1624632607.98354864,1,1.99421990,-62.00000000,-0.11801072,-1.99734012,-93.90916553
1624632608.08356214,1,1.99232078,-59.00000000,-0.07778019,-1.99957768,-92.83774146
1624632608.18351316,1,1.99040926,-57.00000000,-0.10684040,-1.99957112,-93.81826792
1624632608.28352213,1,1.98658633,-54.00000000,-0.06525926,-2.00210082,-92.83450640
1624632608.38361835,1,1.98232937,-52.00000000,-0.09309566,-2.00170162,-93.81503285
1624632608.48359394,1,1.97661591,-49.00000000,-0.05204474,-2.00378810,-92.83127133
1624632608.58358884,1,1.97094238,-47.00000000,-0.07719198,-2.00344226,-93.81179778
1624632608.68361163,1,1.96387804,-45.00000000,-0.07048770,-2.00411647,-93.82803626
1624632608.78357935,1,1.95631957,-43.00000000,-0.09512194,-2.00326900,-94.80856271
1624632608.88359284,1,1.94738317,-40.00000000,-0.05327176,-2.00658073,-93.82480119
1624632608.98359919,1,1.93798065,-38.00000000,-0.04591758,-2.00734745,-93.84103967
1624632609.08362651,1,1.92810655,-37.00000000,-0.06865587,-2.00630469,-94.76961561
1624632609.18354297,1,1.91731751,-35.00000000,-0.09607556,-2.00388894,-95.83780460
1624632609.28361964,1,1.90605462,-32.00000000,-0.05265002,-2.00907307,-94.76638054
1624632609.38358879,1,1.89334440,-30.00000000,-0.04533863,-2.00945715,-94.78261902
1624632609.48360920,1,1.88066399,-29.00000000,-0.07119063,-2.00781011,-95.79885750
1624632609.58358836,1,1.86701512,-27.00000000,-0.06451802,-2.00824255,-95.81509598
1624632609.68363142,1,1.85336113,-25.00000000,-0.02347072,-2.01181681,-94.77938395
1624632609.78358531,1,1.83976626,-24.00000000,-0.04901012,-2.01126716,-95.79562243
1624632609.88362694,1,1.82422936,-23.00000000,-0.07197935,-2.00762101,-96.72419837
1624632609.98354077,1,1.80961013,-21.00000000,-0.03613803,-2.01236718,-95.77614888
1624632610.08360076,1,1.79400456,-20.00000000,-0.06231557,-2.00936286,-96.79238737
1624632610.18362045,1,1.77837586,-18.00000000,-0.02463318,-2.01336223,-95.75667533
1624632610.28362465,1,1.76276243,-17.00000000,-0.01809388,-2.01491240,-95.72096330
1624632610.38362980,1,1.74619877,-16.00000000,-0.04432131,-2.01107572,-96.73720179
1624632610.48358440,1,1.73052728,-15.00000000,-0.03801658,-2.01261365,-96.70148975
1624632610.58362675,1,1.71394753,-14.00000000,-0.03568513,-2.01294013,-96.75344027
1624632610.68363214,1,1.69723964,-13.00000000,-0.03072976,-2.01344724,-96.71772824
1624632610.78354049,1,1.68053937,-12.00000000,-0.02834941,-2.01365770,-96.76967875
1624632610.88359714,1,1.66384685,-11.00000000,-0.02438185,-2.01320849,-96.73396672
1624632610.98358345,1,1.64802635,-10.00000000,-0.01956659,-2.01459225,-96.69825469
1624632611.08359194,1,1.63134778,-9.00000000,-0.01909017,-2.01385933,-96.75020520
1624632611.18363190,1,1.61543357,-8.00000000,0.01177709,-2.01809997,-95.75020520
1624632611.28363061,1,1.59866190,-8.00000000,-0.01231868,-2.01449685,-96.71449317
1624632611.38361025,1,1.58285928,-8.00000000,-0.03690035,-2.01244039,-97.67878114
1624632611.48363328,1,1.56598890,-7.00000000,-0.00752908,-2.01514177,-96.67878114
1624632611.58359528,1,1.55008483,-7.00000000,-0.03391384,-2.01178140,-97.73073165
1624632611.68356538,1,1.53418267,-6.00000000,-0.00521146,-2.01539897,-96.73073165
1624632611.78360558,1,1.51828277,-6.00000000,-0.02918313,-2.01240540,-97.69501962
1624632611.88358569,1,1.50232875,-5.00000000,-0.00103311,-2.01588405,-96.69501962
1624632611.98358846,1,1.48643279,-5.00000000,-0.02722396,-2.01170116,-97.74697013
1624632612.08362699,1,1.47138786,-4.00000000,-0.00069083,-2.01603802,-96.74697013
1624632612.18362117,1,1.45538020,-4.00000000,-0.02407923,-2.01209398,-97.71125810
1624632612.28361988,1,1.44033635,-3.00000000,0.00190882,-2.01537674,-96.71125810
1624632612.38355899,1,1.42529285,-3.00000000,0.00269689,-2.01547132,-96.71125810
1624632612.48361468,1,1.41024983,-3.00000000,-0.02006251,-2.01259441,-97.67554607
1624632612.58359432,1,1.39520741,-2.00000000,0.00513655,-2.01430839,-96.67554607
1624632612.68362427,1,1.38160968,-2.00000000,0.00574724,-2.01583785,-96.67554607
1624632612.78358388,1,1.36656821,-2.00000000,0.00652576,-2.01496336,-96.67554607
1624632612.88359046,1,1.35248983,-2.00000000,0.00622233,-2.01504543,-96.67554607
1624632612.98361731,1,1.33829319,-2.00000000,-0.01747424,-2.01192987,-97.72749658
1624632613.08360982,1,1.32421529,-1.00000000,0.00589168,-2.01495247,-96.72749658
1624632613.18361306,1,1.31007802,-1.00000000,0.00560783,-2.01497754,-96.72749658
1624632613.28358269,1,1.29588127,-1.00000000,0.00630094,-2.01348854,-96.72749658
1624632613.38362479,1,1.28324771,-1.00000000,0.00584093,-2.01500696,-96.72749658
1624632613.48358655,1,1.26905084,-1.00000000,0.00653405,-2.01400284,-96.72749658
1624632613.58362293,1,1.25593615,-1.00000000,0.00710041,-2.01407345,-96.72749658
1624632613.68358302,1,1.24282181,-1.00000000,0.00669672,-2.01414442,-96.72749658
1624632613.78360391,1,1.22958732,-1.00000000,0.00727710,-2.01409605,-96.72749658
1624632613.88361049,1,1.21647322,-1.00000000,-0.01343775,-2.01111288,-97.69178455
1624632613.98361754,1,1.20371985,0.00000000,0.00814254,-2.01322935,-96.69178455
1624632614.08360982,1,1.19156837,0.00000000,0.00761853,-2.01425566,-96.69178455
1624632614.18363285,1,1.17833376,0.00000000,0.00770574,-2.01323621,-96.69178455
1624632614.28360796,1,1.16612196,0.00000000,0.00815876,-2.01274760,-96.69178455
1624632614.38360405,1,1.15445173,0.00000000,0.00757867,-2.01425187,-96.69178455
1624632614.48361540,1,1.14121711,0.00000000,0.00815088,-2.01323242,-96.69178455
1624632614.58360696,1,1.12906575,0.00000000,0.00762686,-2.01231884,-96.69178455
1624632614.68359494,1,1.11775589,0.00000000,0.00797477,-2.01272603,-96.69178455
1624632614.78360963,1,1.10608578,0.00000000,0.00739467,-2.01326042,-96.69178455
1624632614.88363147,1,1.09381354,0.00000000,0.00785474,-2.01222679,-96.69178455
1624632614.98364162,1,1.08262467,0.00000000,0.00818856,-2.01178415,-96.69178455
1624632615.08361220,1,1.07191718,-1.00000000,-0.01106478,-2.01093250,-97.69178455
1624632615.18360567,1,1.05964470,0.00000000,0.00795637,-2.01224073,-96.69178455
1624632615.28361177,1,1.04845595,-1.00000000,-0.01131963,-2.00999237,-97.69178455
1624632615.38358402,1,1.03708553,0.00000000,0.00719016,-2.01166025,-96.69178455
1624632615.48359871,1,1.02637780,0.00000000,0.00746791,-2.01121046,-96.69178455
1624632615.58358312,1,1.01615143,0.00000000,0.00671957,-2.01220876,-96.69178455
1624632615.68362665,1,1.00484145,0.00000000,0.00706751,-2.01067583,-96.69178455
1624632615.78359008,1,0.99509621,0.00000000,0.00723310,-2.01215198,-96.69178455
1624632615.88363910,1,0.98390746,-1.00000000,-0.00947020,-2.00858966,-97.69178455
1624632615.98361969,1,0.97416240,-1.00000000,-0.01010588,-2.00911728,-97.69178455
1624632616.08362293,1,0.96381468,0.00000000,0.00699829,-2.01115356,-96.69178455
1624632616.18361950,1,0.95358831,0.00000000,0.00721995,-2.01069686,-96.69178455
1624632616.28358412,1,0.94384319,-1.00000000,-0.00992783,-2.00914086,-97.69178455
1624632616.38359308,1,0.93349552,0.00000000,0.00665133,-2.01111096,-96.69178455
1624632616.48362899,1,0.92326915,0.00000000,0.00687299,-2.01065426,-96.69178455
1624632616.58359408,1,0.91352397,-1.00000000,-0.00926478,-2.00819445,-97.69178455
1624632616.68362737,1,0.90419936,0.00000000,0.00667016,-2.01062938,-96.69178455
1624632616.78360629,1,0.89445424,-1.00000000,-0.02587574,-2.00586402,-98.74373506
1624632616.88361239,1,0.88506913,1.00000000,0.00519238,-2.00948061,-96.74373506
1624632616.98361158,1,0.87628627,1.00000000,0.00525375,-2.00997351,-96.74373506
1624632617.08359671,1,0.86702222,1.00000000,0.00537161,-2.00998855,-96.74373506
1624632617.18359494,1,0.85775822,1.00000000,0.00548947,-2.00951865,-96.74373506
1624632617.28361726,1,0.84897548,1.00000000,0.00458082,-2.01001168,-96.74373506
1624632617.38359356,1,0.83959049,1.00000000,0.00471289,-2.00942162,-96.74373506
1624632617.48358798,1,0.83080763,1.00000000,0.00477425,-2.00894452,-96.74373506
1624632617.58362579,1,0.82250601,1.00000000,0.01979126,-2.01106589,-95.69178455
1624632617.68358684,1,0.81372315,0.00000000,0.00557320,-2.01000955,-96.69178455
1624632617.78360128,1,0.80445915,0.00000000,0.00568272,-2.00856867,-96.69178455
1624632617.88361263,1,0.79663873,0.00000000,0.00562402,-2.00904652,-96.69178455
1624632617.98360825,1,0.78833717,0.00000000,0.00513639,-2.00953152,-96.69178455
1624632618.08358312,1,0.77949387,0.00000000,0.00519688,-2.00899346,-96.69178455
1624632618.18358421,1,0.77119225,0.00000000,0.00519426,-2.00850840,-96.69178455
1624632618.28360653,1,0.76337188,0.00000000,0.00513555,-2.00898631,-96.69178455
1624632618.38358521,1,0.75507027,0.00000000,0.00513292,-2.00850125,-96.69178455
1624632618.48362756,1,0.74724984,0.00000000,0.00507423,-2.00800910,-96.69178455
1624632618.58360767,1,0.73991072,0.00000000,0.00495944,-2.00847998,-96.69178455
1624632618.68358326,1,0.73209029,0.00000000,0.00490074,-2.00895783,-96.69178455
1624632618.78358555,1,0.72378868,0.00000000,0.00489812,-2.00750277,-96.69178455
1624632618.88360763,1,0.71693075,0.00000000,0.00472726,-2.00893656,-96.69178455
1624632618.98366356,1,0.70862913,0.00000000,0.00472463,-2.00748150,-96.69178455
1624632619.08358502,1,0.70177120,0.00000000,0.00455378,-2.00891529,-96.69178455
1624632619.18363619,1,0.69346958,0.00000000,0.00455115,-2.00746023,-96.69178455
1624632619.28363204,1,0.68661165,0.00000000,0.00535029,-2.00792402,-96.69178455
1624632619.38363028,1,0.67939371,-1.00000000,-0.00654283,-2.00606080,-97.69178455
1624632619.48358178,1,0.67253566,-1.00000000,-0.00659492,-2.00605445,-97.69178455
1624632619.58359146,1,0.66567761,-1.00000000,-0.00664701,-2.00653311,-97.69178455
1624632619.68358731,1,0.65833843,-1.00000000,-0.00663471,-2.00604996,-97.69178455
1624632619.78361511,1,0.65148038,0.00000000,0.00410908,-2.00795208,-96.69178455
1624632619.88361192,1,0.64408076,0.00000000,0.00497135,-2.00739287,-96.69178455
1624632619.98361540,1,0.63734394,-1.00000000,-0.00624972,-2.00512938,-97.69178455
1624632620.08361506,1,0.63144827,-1.00000000,-0.00643062,-2.00656175,-97.69178455
1624632620.18361688,1,0.62410903,0.00000000,0.00438862,-2.00647220,-96.69178455
1624632620.28362370,1,0.61821347,0.00000000,0.00410562,-2.00789181,-96.69178455
1624632620.38358021,1,0.61087430,0.00000000,0.00399084,-2.00642263,-96.69178455
1624632620.48360276,1,0.60497880,0.00000000,0.00467783,-2.00784230,-96.69178455
1624632620.58358502,1,0.59776086,-1.00000000,-0.01666380,-2.00361876,-98.74373506
1624632620.68362665,1,0.59186512,1.00000000,0.00373298,-2.00639519,-96.74373506
1624632620.78358912,1,0.58596951,1.00000000,0.00345530,-2.00684536,-96.74373506
1624632620.88359523,1,0.57959270,1.00000000,0.00323412,-2.00633268,-96.74373506
1624632620.98362184,1,0.57369727,1.00000000,0.00392641,-2.00629803,-96.74373506
1624632621.08360124,1,0.56792283,1.00000000,0.00363450,-2.00686854,-96.74373506
1624632621.18362164,1,0.56154597,1.00000000,0.00341332,-2.00635580,-96.74373506
1624632621.28361654,1,0.55565035,1.00000000,0.01327723,-2.00742589,-95.69178455
1624632621.38363075,1,0.54975486,0.00000000,0.00335299,-2.00585958,-96.69178455
1624632621.48354864,1,0.54434073,0.00000000,0.00398388,-2.00630234,-96.69178455
1624632621.58358216,1,0.53856599,0.00000000,0.00368681,-2.00687194,-96.69178455
1624632621.68360877,1,0.53218919,0.00000000,0.00345988,-2.00538858,-96.69178455
1624632621.78361797,1,0.52725613,0.00000000,0.00403472,-2.00630913,-96.69178455
1624632621.88361907,1,0.52148169,-1.00000000,-0.00577724,-2.00476961,-97.69178455
1624632621.98359108,1,0.51600683,0.00000000,0.00292059,-2.00629146,-96.69178455
1624632622.08364439,1,0.51011151,0.00000000,0.00360756,-2.00528631,-96.69178455
1624632622.18358755,1,0.50529903,0.00000000,0.00319835,-2.00584162,-96.69178455
1624632622.28361893,1,0.49988478,0.00000000,0.00285926,-2.00628425,-96.69178455
1624632622.38358426,1,0.49398944,0.00000000,0.00354624,-2.00527907,-96.69178455
1624632622.48358774,1,0.48917708,0.00000000,0.00313701,-2.00583449,-96.69178455
1624632622.58360887,1,0.48376277,0.00000000,0.00376793,-2.00530707,-96.69178455
1624632622.68358231,1,0.47895077,-1.00000000,-0.00493473,-2.00433136,-97.69178455
1624632622.78361559,1,0.47401750,0.00000000,0.00296353,-2.00532819,-96.69178455
1624632622.88361406,1,0.46908447,0.00000000,0.00353837,-2.00576377,-96.69178455
1624632622.98361397,1,0.46379119,-1.00000000,-0.00484571,-2.00434318,-97.69178455
1624632623.08358288,1,0.45885792,0.00000000,0.00376005,-2.00433689,-96.69178455
1624632623.18359518,1,0.45500848,-1.00000000,-0.00464020,-2.00485449,-97.69178455
1624632623.28358412,1,0.44959393,0.00000000,0.00289957,-2.00532101,-96.69178455
1624632623.38361764,1,0.44466081,0.00000000,0.00347442,-2.00430150,-96.69178455
1624632623.48358798,1,0.44081119,-1.00000000,-0.00467997,-2.00436494,-97.69178455
1624632623.58363032,1,0.43587798,0.00000000,0.00352787,-2.00576350,-96.69178455
1624632623.68362451,1,0.43058509,-1.00000000,-0.00428127,-2.00344585,-97.69178455
1624632623.78362131,1,0.42661399,0.00000000,0.00266739,-2.00529262,-96.69178455
1624632623.88361645,1,0.42168090,0.00000000,0.00324223,-2.00475814,-96.69178455
1624632623.98362160,1,0.41735005,-1.00000000,-0.00444984,-2.00342491,-97.69178455
1624632624.08362222,1,0.41337925,0.00000000,0.00323961,-2.00524305,-96.69178455
1624632624.18358684,1,0.40856737,-1.00000000,-0.01166850,-2.00237906,-98.74373506
1624632624.28361368,1,0.40459642,1.00000000,0.00292872,-2.00472214,-96.74373506
1624632624.38358951,1,0.40026584,1.00000000,0.00246726,-2.00430152,-96.74373506
1624632624.48361969,1,0.39629483,1.00000000,0.00293357,-2.00520799,-96.74373506
1624632624.58362007,1,0.39148322,0.00000000,-0.00473446,-2.00344814,-97.74373506
1624632624.68359232,1,0.38745165,1.00000000,0.00251701,-2.00467099,-96.74373506
1624632624.78361416,1,0.38312069,1.00000000,0.00205559,-2.00424999,-96.74373506
1624632624.88361716,1,0.37915000,1.00000000,0.00155187,-2.00418678,-96.74373506
1624632624.98360467,1,0.37517995,1.00000000,0.00886575,-2.00487023,-95.69178455
1624632625.08363008,1,0.37132961,0.00000000,0.00183458,-2.00373487,-96.69178455
1624632625.18358469,1,0.36784089,0.00000000,0.00224112,-2.00414992,-96.69178455
1624632625.28358650,1,0.36399049,0.00000000,0.00171980,-2.00420575,-96.69178455
1624632625.38358808,1,0.36002049,0.00000000,0.00218241,-2.00414280,-96.69178455
1624632625.48358393,1,0.35617009,0.00000000,0.00166109,-2.00468363,-96.69178455
1624632625.58360887,1,0.35171878,0.00000000,0.00217980,-2.00317265,-96.69178455
1624632625.68358469,1,0.34883097,0.00000000,0.00251631,-2.00418451,-96.69178455
1624632625.78362036,1,0.34498110,0.00000000,0.00199493,-2.00424087,-96.69178455
1624632625.88361335,1,0.34101057,0.00000000,0.00245761,-2.00320739,-96.69178455
1624632625.98361349,1,0.33812311,0.00000000,0.00182408,-2.00470460,-96.69178455
1624632626.08361316,1,0.33367145,0.00000000,0.00234282,-2.00319327,-96.69178455
1624632626.18359399,1,0.33078396,0.00000000,0.00170930,-2.00420545,-96.69178455
1624632626.28362060,1,0.32681367,0.00000000,0.00217195,-2.00317221,-96.69178455
1624632626.38358760,1,0.32392603,0.00000000,0.00250844,-2.00369924,-96.69178455
1624632626.48359704,1,0.32055762,-1.00000000,-0.00361974,-2.00353338,-97.69178455
1624632626.58359146,1,0.31658688,0.00000000,0.00239366,-2.00320009,-96.69178455
1624632626.68362713,1,0.31369957,-1.00000000,-0.00367183,-2.00255703,-97.69178455
1624632626.78363895,1,0.31069160,0.00000000,0.00211063,-2.00413497,-96.69178455
1624632626.88360977,1,0.30684158,0.00000000,0.00255926,-2.00370618,-96.69178455
1624632626.98360825,1,0.30347344,-1.00000000,-0.00327313,-2.00260791,-97.69178455
1624632627.08362722,1,0.30046484,0.00000000,0.00233233,-2.00319288,-96.69178455
1624632627.18362927,1,0.29757765,-1.00000000,-0.00345401,-2.00258517,-97.69178455
1624632627.28362751,1,0.29456952,0.00000000,0.00204931,-2.00315773,-96.69178455
1624632627.38358736,1,0.29168200,0.00000000,0.00238578,-2.00368488,-96.69178455
1624632627.48359728,1,0.28831384,-1.00000000,-0.00318410,-2.00261970,-97.69178455
1624632627.58362293,1,0.28530532,0.00000000,0.00215885,-2.00317164,-96.69178455
1624632627.68363690,1,0.28241804,-1.00000000,-0.00336499,-2.00259696,-97.69178455
1624632627.78360534,1,0.27941003,0.00000000,0.00187582,-2.00313652,-96.69178455
1624632627.88358665,1,0.27652246,0.00000000,0.00221230,-2.00317861,-96.69178455
1624632627.98361921,1,0.27363536,-1.00000000,-0.00813176,-2.00239021,-98.74373506
1624632628.08360720,1,0.27014580,1.00000000,0.00174210,-2.00312175,-96.74373506
1624632628.18364143,1,0.26725847,1.00000000,0.00208116,-2.00316438,-96.74373506
1624632628.28363490,1,0.26437160,0.00000000,-0.00361211,-2.00165570,-97.74373506
1624632628.38359237,1,0.26226577,1.00000000,0.00121244,-2.00305623,-96.74373506
1624632628.48358655,1,0.25937778,1.00000000,0.00058158,-2.00309822,-96.74373506
1624632628.58360457,1,0.25637102,1.00000000,0.00093466,-2.00253727,-96.74373506
1624632628.68358803,1,0.25396404,1.00000000,0.00121731,-2.00305694,-96.74373506
1624632628.78359127,1,0.25107610,1.00000000,0.00058643,-2.00309898,-96.74373506
1624632628.88358212,1,0.24806923,1.00000000,0.00546722,-2.00254620,-95.69178455
1624632628.98358250,1,0.24614365,0.00000000,0.00138729,-2.00307677,-96.69178455
1624632629.08358955,1,0.24325570,0.00000000,0.00075382,-2.00311849,-96.69178455
1624632629.18359733,1,0.24024887,0.00000000,0.00110420,-2.00255715,-96.69178455
1624632629.28362489,1,0.23784190,0.00000000,0.00138468,-2.00210657,-96.69178455
1624632629.38361692,1,0.23591660,0.00000000,0.00160903,-2.00310439,-96.69178455
1624632629.48362207,1,0.23302910,0.00000000,0.00097551,-2.00217656,-96.69178455
1624632629.58361554,1,0.23098429,0.00000000,0.00121379,-2.00305567,-96.69178455
1624632629.68362331,1,0.22809622,0.00000000,0.00155033,-2.00212728,-96.69178455
1624632629.78361583,1,0.22617115,0.00000000,0.00080465,-2.00361033,-96.69178455
1624632629.88360071,1,0.22268252,0.00000000,0.00121118,-2.00208547,-96.69178455
1624632629.98360777,1,0.22075713,0.00000000,0.00143554,-2.00211319,-96.69178455
1624632630.08389735,1,0.21883200,0.00000000,0.00068987,-2.00311118,-96.69178455
1624632630.18358135,1,0.21582495,0.00000000,0.00104028,-2.00206461,-96.69178455
1624632630.28359485,1,0.21389942,0.00000000,0.00126466,-2.00209220,-96.69178455
1624632630.38362026,1,0.21197414,0.00000000,0.00148901,-2.00212004,-96.69178455
1624632630.48362494,1,0.21004915,0.00000000,0.00074332,-2.00360316,-96.69178455
1624632630.58364296,1,0.20656040,0.00000000,0.00114986,-2.00207818,-96.69178455
1624632630.68361187,1,0.20463505,0.00000000,0.00137422,-2.00210595,-96.69178455
1624632630.78360868,1,0.20270999,0.00000000,0.00159854,-2.00213400,-96.69178455
1624632630.88363647,1,0.20078520,-1.00000000,-0.00262391,-2.00172362,-97.69178455
1624632630.98359680,1,0.19874002,0.00000000,0.00109116,-2.00207108,-96.69178455
1624632631.08362150,1,0.19681466,0.00000000,0.00131552,-2.00209883,-96.69178455
1624632631.18361425,1,0.19488959,0.00000000,0.00153984,-2.00212688,-96.69178455
1624632631.28363156,1,0.19296482,-1.00000000,-0.00254720,-2.00221860,-97.69178455
1624632631.38361239,1,0.19043829,0.00000000,0.00108854,-2.00207090,-96.69178455
1624632631.48361659,1,0.18851298,0.00000000,0.00131290,-2.00209871,-96.69178455
1624632631.58358622,1,0.18658799,0.00000000,0.00153721,-2.00212683,-96.69178455
1624632631.68363404,1,0.18466330,-1.00000000,-0.00240609,-2.00175177,-97.69178455
1624632631.78358078,1,0.18261790,0.00000000,0.00102984,-2.00206379,-96.69178455
1624632631.88361049,1,0.18069258,0.00000000,0.00125420,-2.00209159,-96.69178455
1624632631.98363066,1,0.17876759,0.00000000,0.00147851,-2.00211971,-96.69178455
1624632632.08359027,1,0.17684293,-1.00000000,-0.00232938,-2.00224677,-97.69178455
1624632632.18361115,1,0.17431617,0.00000000,0.00102723,-2.00109362,-96.69178455
1624632632.28359270,1,0.17431617,0.00000000,0.00102723,-2.00303362,-96.69178455
1624632632.38361764,1,0.17142843,0.00000000,0.00136373,-2.00016555,-96.69178455
1624632632.48357534,1,0.17142843,0.00000000,0.00136373,-2.00210555,-96.69178455
1624632632.58358121,1,0.16950369,-1.00000000,-0.00134707,-2.00176356,-97.69178455
1624632632.68360639,1,0.16757929,-1.00000000,-0.00205950,-2.00179648,-97.69178455
1624632632.78358150,1,0.16553311,0.00000000,0.00108070,-2.00110039,-96.69178455
1624632632.88355994,1,0.16457053,0.00000000,0.00119287,-2.00208437,-96.69178455
1624632632.98356080,1,0.16264562,-1.00000000,-0.00139916,-2.00175720,-97.69178455
1624632633.08356500,1,0.16072109,-1.00000000,-0.00211157,-2.00081999,-97.69178455
1624632633.18356323,1,0.15963818,0.00000000,0.00079763,-2.00252063,-96.69178455
1624632633.28357887,1,0.15723142,0.00000000,-0.00178577,-2.00170757,-97.74373506
1624632633.38355803,1,0.15530643,1.00000000,0.00116255,-2.00111191,-96.74373506
1624632633.48360372,1,0.15434408,1.00000000,0.00127556,-2.00209622,-96.74373506
1624632633.58361769,1,0.15241966,0.00000000,-0.00210742,-2.00178969,-97.74373506
1624632633.68356371,1,0.15037368,1.00000000,0.00077180,-2.00106329,-96.74373506
1624632633.78358269,1,0.14941104,1.00000000,0.00088484,-2.00204731,-96.74373506
1624632633.88357782,1,0.14748605,1.00000000,0.00111089,-2.00110563,-96.74373506
1624632633.98359728,1,0.14652370,1.00000000,0.00122390,-2.00208995,-96.74373506
1624632634.08360696,1,0.14459932,0.00000000,-0.00202369,-2.00083066,-97.74373506
1624632634.18361712,1,0.14351603,1.00000000,0.00060708,-2.00249809,-96.74373506
1624632634.28357959,1,0.14110936,1.00000000,0.00346519,-2.00135866,-95.69178455
1624632634.38357973,1,0.14014687,0.00000000,0.00112892,-2.00207710,-96.69178455
1624632634.48358226,1,0.13822219,-1.00000000,-0.00104022,-2.00083352,-97.69178455
1624632634.58358097,1,0.13726002,-1.00000000,-0.00236644,-2.00182001,-97.69178455
1624632634.68357325,1,0.13515599,0.00000000,0.00025550,-2.00100022,-96.69178455
1624632634.78359699,1,0.13419287,0.00000000,0.00036773,-2.00198366,-96.69178455
1624632634.88360476,1,0.13226691,0.00000000,0.00059216,-2.00104082,-96.69178455
1624632634.98359656,1,0.13130410,0.00000000,0.00070435,-2.00105457,-96.69178455
1624632635.08360863,1,0.13034138,0.00000000,0.00081654,-2.00203841,-96.69178455
1624632635.18356824,1,0.12841628,0.00000000,0.00007086,-2.00109643,-96.69178455
1624632635.28356242,1,0.12733573,0.00000000,0.00019678,-2.00244824,-96.69178455
1624632635.38355827,1,0.12492803,0.00000000,0.00047735,-2.00102694,-96.69178455
1624632635.48356342,1,0.12396513,0.00000000,0.00058955,-2.00104060,-96.69178455
1624632635.58356047,1,0.12300235,0.00000000,0.00070174,-2.00105438,-96.69178455
1624632635.68356347,1,0.12203968,0.00000000,0.00081392,-2.00203826,-96.69178455
1624632635.78360200,1,0.12011470,0.00000000,0.00006823,-2.00109640,-96.69178455
1624632635.88358021,1,0.11903388,0.00000000,0.00019418,-2.00099295,-96.69178455
1624632635.98359680,1,0.11807073,0.00000000,0.00030642,-2.00100636,-96.69178455
1624632636.08357930,1,0.11710770,0.00000000,0.00041864,-2.00198989,-96.69178455
1624632636.18356013,1,0.11518198,0.00000000,0.00064304,-2.00104728,-96.69178455
1624632636.28359699,1,0.11421929,0.00000000,0.00075522,-2.00106116,-96.69178455
1624632636.38361311,1,0.11325674,0.00000000,-0.00010262,-2.00107516,-96.69178455
1624632636.48359656,1,0.11217695,0.00000000,0.00002321,-2.00097273,-96.69178455
1624632636.58357859,1,0.11121363,0.00000000,0.00013546,-2.00244097,-96.69178455
1624632636.68356228,1,0.10880588,0.00000000,0.00041603,-2.00101963,-96.69178455
1624632636.78357291,1,0.10784299,0.00000000,0.00052824,-2.00103329,-96.69178455
1624632636.88357878,1,0.10688023,0.00000000,0.00064043,-2.00104710,-96.69178455
1624632636.98356223,1,0.10591761,0.00000000,0.00075260,-2.00106103,-96.69178455
1624632637.08357358,1,0.10495512,0.00000000,-0.00010524,-2.00107510,-96.69178455
1624632637.18356729,1,0.10387509,0.00000000,0.00002061,-2.00097242,-96.69178455
1624632637.28360152,1,0.10291178,0.00000000,0.00013286,-2.00098568,-96.69178455
1624632637.38356400,1,0.10194860,0.00000000,0.00024510,-2.00196906,-96.69178455
1624632637.48356628,1,0.10002263,0.00000000,0.00046953,-2.00102621,-96.69178455
1624632637.58360004,1,0.09905986,0.00000000,0.00058172,-2.00104000,-96.69178455
1624632637.68356562,1,0.09809722,0.00000000,0.00069389,-2.00105392,-96.69178455
1624632637.78360438,1,0.09713473,0.00000000,0.00080605,-2.00106799,-96.69178455
1624632637.88356519,1,0.09617239,-1.00000000,-0.00171711,-2.00087207,-97.69178455
1624632637.98356366,1,0.09509155,0.00000000,0.00007414,-2.00097873,-96.69178455
1624632638.08357096,1,0.09412832,0.00000000,0.00018638,-2.00147706,-96.69178455
1624632638.18356252,1,0.09268373,0.00000000,0.00035472,-2.00101231,-96.69178455
1624632638.28358221,1,0.09172086,0.00000000,0.00046692,-2.00102600,-96.69178455
1624632638.38358045,1,0.09075814,0.00000000,0.00057911,-2.00103984,-96.69178455
1624632638.48360300,1,0.08979557,0.00000000,0.00069127,-2.00105382,-96.69178455
1624632638.58356857,1,0.08883316,-1.00000000,-0.00073479,-2.00087388,-97.69178455
1624632638.68357778,1,0.08787093,-1.00000000,-0.00157600,-1.99992030,-97.69178455
1624632638.78361034,1,0.08775306,0.00000000,-0.00004072,-2.00096524,-96.69178455
1624632638.88358450,1,0.08678969,0.00000000,0.00007154,-2.00097842,-96.69178455
1624632638.98355842,1,0.08582647,0.00000000,0.00018378,-2.00099177,-96.69178455
1624632639.08359718,1,0.08486340,0.00000000,0.00029601,-2.00100526,-96.69178455
1624632639.18357658,1,0.08390049,0.00000000,0.00040822,-2.00101891,-96.69178455
1624632639.28356671,1,0.08293775,0.00000000,0.00052040,-2.00103272,-96.69178455
1624632639.38357019,1,0.08197518,0.00000000,0.00063257,-2.00104671,-96.69178455
1624632639.48357821,1,0.08101279,-1.00000000,-0.00065808,-2.00088386,-97.69178455
1624632639.58358049,1,0.08005057,-1.00000000,-0.00149930,-1.99993031,-97.69178455
1624632639.68360853,1,0.07993295,0.00000000,-0.00009945,-2.00095840,-96.69178455
1624632639.78355455,1,0.07896949,0.00000000,0.00001282,-2.00097150,-96.69178455
1624632639.88360214,1,0.07800620,0.00000000,0.00012507,-2.00146977,-96.69178455
1624632639.98360348,1,0.07656159,0.00000000,0.00029341,-2.00100500,-96.69178455
1624632640.08357263,1,0.07559872,0.00000000,-0.00097137,-1.99987431,-97.74373506
1624632640.18357801,1,0.07559872,1.00000000,0.00033753,-2.00101068,-96.74373506
1624632640.28357935,1,0.07463605,1.00000000,0.00045058,-2.00102467,-96.74373506
1624632640.38356805,1,0.07367357,1.00000000,0.00056360,-2.00103884,-96.74373506
1624632640.48356438,1,0.07271129,0.00000000,-0.00155231,-2.00089321,-97.74373506
1624632640.58357310,1,0.07163110,1.00000000,-0.00016655,-1.99998050,-96.74373506
1624632640.68355989,1,0.07163110,1.00000000,-0.00016655,-2.00095050,-96.74373506
1624632640.78358507,1,0.07066763,1.00000000,-0.00005342,-2.00096370,-96.74373506
1624632640.88358307,1,0.06970435,1.00000000,0.00133193,-2.00111569,-95.69178455
1624632640.98362494,1,0.06874125,0.00000000,0.00023470,-2.00002795,-96.69178455
1624632641.08355832,1,0.06874125,0.00000000,0.00023470,-2.00099795,-96.69178455
1624632641.18360353,1,0.06777836,0.00000000,0.00034690,-2.00101161,-96.69178455
1624632641.28355956,1,0.06681567,0.00000000,0.00045908,-2.00005548,-96.69178455
1624632641.38356709,1,0.06681567,0.00000000,0.00045908,-2.00102548,-96.69178455
1624632641.48357463,1,0.06585319,-1.00000000,-0.00056906,-2.00089567,-97.69178455
1624632641.58358383,1,0.06489094,-1.00000000,-0.00141027,-2.00091207,-97.69178455
1624632641.68357587,1,0.06381106,0.00000000,-0.00016080,-1.99998134,-96.69178455
1624632641.78358102,1,0.06381106,0.00000000,-0.00016080,-2.00095134,-96.69178455
1624632641.88357496,1,0.06284749,0.00000000,-0.00004851,-2.00096433,-96.69178455
1624632641.98357463,1,0.06188411,0.00000000,0.00006375,-2.00000751,-96.69178455
1624632642.08356261,1,0.06188411,0.00000000,0.00006375,-2.00097751,-96.69178455
1624632642.18361211,1,0.06092094,0.00000000,0.00017598,-2.00147591,-96.69178455
1624632642.28357005,1,0.05947661,0.00000000,0.00034429,-2.00004141,-96.69178455
1624632642.38358045,1,0.05947661,0.00000000,0.00034429,-2.00101141,-96.69178455
1624632642.48358345,1,0.05851401,0.00000000,0.00045646,-2.00005538,-96.69178455
1624632642.58356476,1,0.05851401,0.00000000,0.00045646,-2.00102538,-96.69178455
1624632642.68355775,1,0.05755166,-1.00000000,-0.00042795,-2.00091383,-97.69178455
1624632642.78357482,1,0.05658957,-1.00000000,-0.00029918,-1.99996040,-97.69178455
1624632642.88357902,1,0.05658957,-1.00000000,-0.00126918,-2.00093040,-97.69178455
1624632642.98357987,1,0.05550924,0.00000000,-0.00016340,-1.99998108,-96.69178455
1624632643.08360744,1,0.05550924,0.00000000,-0.00016340,-2.00095108,-96.69178455
1624632643.18355775,1,0.05454563,0.00000000,-0.00005111,-2.00096403,-96.69178455
1624632643.28355551,1,0.05358225,0.00000000,0.00006115,-2.00000721,-96.69178455
1624632643.38356113,1,0.05358225,0.00000000,0.00006115,-2.00097721,-96.69178455
1624632643.48356390,1,0.05261911,0.00000000,0.00017338,-2.00002064,-96.69178455
1624632643.58357930,1,0.05261911,0.00000000,0.00017338,-2.00099064,-96.69178455
1624632643.68357801,1,0.05165623,0.00000000,0.00028559,-2.00003431,-96.69178455
1624632643.78359795,1,0.05165623,0.00000000,0.00028559,-2.00100431,-96.69178455
1624632643.88356900,1,0.05069362,0.00000000,0.00039776,-2.00004826,-96.69178455
1624632643.98357534,1,0.05069362,0.00000000,0.00039776,-2.00101826,-96.69178455
1624632644.08356547,1,0.04973130,-1.00000000,-0.00035124,-1.99995383,-97.69178455
1624632644.18358040,1,0.04973130,-1.00000000,-0.00035124,-2.00092383,-97.69178455
1624632644.28356934,1,0.04876928,-1.00000000,-0.00119248,-1.99997047,-97.69178455
1624632644.38360190,1,0.04865338,0.00000000,-0.00033450,-2.00093193,-96.69178455
1624632644.48357606,1,0.04768935,0.00000000,-0.00022216,-1.99997446,-96.69178455
1624632644.58359981,1,0.04768935,0.00000000,-0.00109079,-2.00083446,-97.74373506
1624632644.68356085,1,0.04672557,1.00000000,-0.00015193,-1.99998229,-96.74373506
1624632644.78358817,1,0.04672557,1.00000000,-0.00015193,-2.00095229,-96.74373506
1624632644.88356042,1,0.04576204,1.00000000,-0.00003878,-1.99999543,-96.74373506
1624632644.98356819,1,0.04576204,1.00000000,-0.00003878,-2.00096543,-96.74373506
1624632645.08356667,1,0.04479880,1.00000000,0.00007433,-2.00000885,-96.74373506
1624632645.18357182,1,0.04479880,1.00000000,0.00007433,-2.00146385,-96.74373506
1624632645.28357410,1,0.04335450,1.00000000,0.00024393,-2.00002955,-96.74373506
1624632645.38356042,1,0.04335450,1.00000000,0.00024393,-2.00099955,-96.74373506
1624632645.48356462,1,0.04239204,1.00000000,0.00035695,-2.00004374,-96.74373506
1624632645.58357739,1,0.04239204,1.00000000,0.00113068,-2.00109804,-95.69178455
1624632645.68358445,1,0.04142993,-1.00000000,-0.00021015,-1.99997216,-97.69178455
1624632645.78358150,1,0.04142993,-1.00000000,-0.00021015,-2.00094216,-97.69178455
1624632645.88356018,1,0.04046820,-1.00000000,-0.00105143,-1.99998909,-97.69178455
1624632645.98356247,1,0.04035178,0.00000000,-0.00033713,-1.99996188,-96.69178455
1624632646.08355856,1,0.04035178,0.00000000,-0.00033713,-2.00093188,-96.69178455
1624632646.18359661,1,0.03938762,0.00000000,-0.00022477,-1.99997428,-96.69178455
1624632646.28355837,1,0.03938762,0.00000000,-0.00022477,-2.00094428,-96.69178455
1624632646.38357925,1,0.03842374,0.00000000,-0.00011245,-1.99998697,-96.69178455
1624632646.48355842,1,0.03842374,0.00000000,-0.00011245,-1.99998697,-96.69178455
1624632646.58361053,1,0.03842374,0.00000000,-0.00011245,-2.00095697,-96.69178455
1624632646.68360353,1,0.03746018,0.00000000,-0.00000017,-1.99999998,-96.69178455
1624632646.78360152,1,0.03746018,0.00000000,-0.00000017,-1.99999998,-96.69178455
1624632646.88359404,1,0.03746018,0.00000000,-0.00000017,-2.00096998,-96.69178455
1624632646.98357177,1,0.03649696,0.00000000,0.00011207,-2.00001332,-96.69178455
1624632647.08357811,1,0.03649696,0.00000000,0.00011207,-2.00098332,-96.69178455
1624632647.18357277,1,0.03553412,0.00000000,0.00022427,-2.00002704,-96.69178455
1624632647.28359866,1,0.03553412,0.00000000,0.00022427,-2.00002704,-96.69178455
1624632647.38360000,1,0.03553412,0.00000000,0.00022427,-2.00099704,-96.69178455
1624632647.48355627,1,0.03457167,-1.00000000,-0.00026221,-1.99996561,-97.69178455
1624632647.58357692,1,0.03457167,-1.00000000,-0.00026221,-2.00093561,-97.69178455
1624632647.68357444,1,0.03360965,-1.00000000,-0.00013345,-1.99998225,-97.69178455
1624632647.78357434,1,0.03360965,-1.00000000,-0.00013345,-1.99998225,-97.69178455
1624632647.88357115,1,0.03360965,-1.00000000,-0.00110345,-2.00095225,-97.69178455
1624632647.98357558,1,0.03253263,1.00000000,0.00016851,-2.00001724,-95.69178455
1624632648.08356953,1,0.03253263,1.00000000,0.00016851,-2.00001724,-95.69178455
1624632648.18359184,1,0.03253263,1.00000000,-0.00042527,-2.00092255,-96.74373506
1624632648.28358197,1,0.03156809,2.00000000,0.00023569,-2.00002460,-95.74373506
1624632648.38357019,1,0.03156809,2.00000000,0.00023569,-2.00002460,-95.74373506
1624632648.48357129,1,0.03156809,2.00000000,0.00023569,-2.00099460,-95.74373506
1624632648.58357239,1,0.03060389,1.00000000,-0.00019878,-1.99997715,-96.74373506
1624632648.68358517,1,0.03060389,1.00000000,0.00035980,-2.00003801,-95.69178455
1624632648.78356862,1,0.03060389,0.00000000,-0.00017122,-2.00095040,-96.69178455
1624632648.88359475,1,0.02964007,0.00000000,-0.00005891,-1.99999315,-96.69178455
1624632648.98355484,1,0.02964007,0.00000000,-0.00005891,-1.99999315,-96.69178455
1624632649.08357310,1,0.02964007,0.00000000,-0.00005891,-1.99999315,-96.69178455
1624632649.18355441,1,0.02964007,0.00000000,-0.00005891,-2.00096315,-96.69178455
1624632649.28358483,1,0.02867667,0.00000000,0.00005336,-2.00000631,-96.69178455
1624632649.38359690,1,0.02867667,0.00000000,0.00005336,-2.00000631,-96.69178455
1624632649.48355651,1,0.02867667,0.00000000,0.00005336,-2.00146131,-96.69178455
1624632649.58359575,1,0.02723245,0.00000000,0.00022165,-2.00002693,-96.69178455
1624632649.68355918,1,0.02723245,0.00000000,0.00022165,-2.00002693,-96.69178455
1624632649.78357458,1,0.02723245,0.00000000,0.00022165,-2.00099693,-96.69178455
1624632649.88358068,1,0.02627030,-1.00000000,-0.00012112,-1.99998393,-97.69178455
1624632649.98355556,1,0.02627030,-1.00000000,-0.00012112,-1.99998393,-97.69178455
1624632650.08355713,1,0.02627030,-1.00000000,-0.00012112,-1.99998393,-97.69178455
1624632650.18357062,1,0.02627030,-1.00000000,-0.00012112,-2.00095393,-97.69178455
1624632650.28356147,1,0.02530874,-1.00000000,0.00000757,-2.00000102,-97.69178455
1624632650.38355803,1,0.02530874,-1.00000000,0.00000757,-2.00000102,-97.69178455
1624632650.48357964,1,0.02530874,-1.00000000,0.00000757,-2.00097102,-97.69178455
1624632650.58360553,1,0.02434786,-1.00000000,-0.00083382,-2.00001878,-97.69178455
1624632650.68355227,1,0.02423165,1.00000000,0.00002178,-2.00000218,-95.69178455
1624632650.78355908,1,0.02423165,1.00000000,0.00002178,-2.00000218,-95.69178455
1624632650.88358426,1,0.02423165,1.00000000,-0.00042049,-2.00092400,-96.74373506
1624632650.98361993,1,0.02326672,2.00000000,0.00009648,-2.00000991,-95.74373506
1624632651.08360314,1,0.02326672,2.00000000,0.00009648,-2.00000991,-95.74373506
1624632651.18358278,1,0.02326672,2.00000000,0.00009648,-2.00000991,-95.74373506
1624632651.28361154,1,0.02326672,2.00000000,0.00009648,-2.00097991,-95.74373506
1624632651.38358450,1,0.02230223,2.00000000,0.00060078,-2.00005750,-94.69178455
1624632651.48355770,1,0.02230223,0.00000000,-0.00017384,-1.99998029,-96.69178455
1624632651.58358955,1,0.02230223,0.00000000,-0.00017384,-1.99998029,-96.69178455
1624632651.68358922,1,0.02230223,0.00000000,-0.00017384,-1.99998029,-96.69178455
1624632651.78359056,1,0.02230223,0.00000000,-0.00017384,-2.00095029,-96.69178455
1624632651.88358378,1,0.02133824,0.00000000,-0.00006151,-1.99999287,-96.69178455
1624632651.98359132,1,0.02133824,0.00000000,-0.00006151,-1.99999287,-96.69178455
1624632652.08361769,1,0.02133824,0.00000000,-0.00006151,-1.99999287,-96.69178455
1624632652.18362021,1,0.02133824,0.00000000,-0.00006151,-1.99999287,-96.69178455
1624632652.28360415,1,0.02133824,0.00000000,-0.00006151,-2.00096287,-96.69178455
1624632652.38359451,1,0.02037483,0.00000000,0.00005076,-2.00000602,-96.69178455
1624632652.48362160,1,0.02037483,0.00000000,0.00005076,-2.00000602,-96.69178455
1624632652.58362150,1,0.02037483,0.00000000,0.00005076,-2.00000602,-96.69178455
1624632652.68362880,1,0.02037483,0.00000000,0.00005076,-2.00000602,-96.69178455
1624632652.78360677,1,0.02037483,0.00000000,0.00005076,-2.00097602,-96.69178455
1624632652.88359642,1,0.01941206,0.00000000,0.00016294,-2.00001982,-96.69178455
1624632652.98359442,1,0.01941206,0.00000000,0.00016294,-2.00001982,-96.69178455
1624632653.08361936,1,0.01941206,0.00000000,0.00016294,-2.00001982,-96.69178455
1624632653.18360925,1,0.01941206,0.00000000,0.00016294,-2.00001982,-96.69178455
1624632653.28360105,1,0.01941206,0.00000000,0.00016294,-2.00098982,-96.69178455
1624632653.38359165,1,0.01845006,-1.00000000,-0.00004443,-1.99999405,-97.69178455
1624632653.48361778,1,0.01845006,-1.00000000,-0.00004443,-1.99999405,-97.69178455
1624632653.58362103,1,0.01845006,-1.00000000,-0.00004443,-1.99999405,-97.69178455
1624632653.68361712,1,0.01845006,-1.00000000,-0.00004443,-1.99999405,-97.69178455
1624632653.78360868,1,0.01845006,-1.00000000,-0.00004443,-2.00096405,-97.69178455
1624632653.88360262,1,0.01748894,-1.00000000,0.00008421,-2.00001158,-97.69178455
1624632653.98361516,1,0.01748894,-1.00000000,0.00008421,-2.00001158,-97.69178455
1624632654.08360910,1,0.01748894,-1.00000000,0.00008421,-2.00001158,-97.69178455
1624632654.18363810,1,0.01748894,-1.00000000,0.00008421,-2.00001158,-97.69178455
1624632654.28362370,1,0.01748894,-1.00000000,0.00008421,-2.00098158,-97.69178455
1624632654.38359022,1,0.01652886,-2.00000000,-0.00134237,-1.99994042,-99.74373506
1624632654.48362374,1,0.01641461,3.00000000,0.00009752,-2.00000839,-94.74373506
1624632654.58359098,1,0.01641461,3.00000000,0.00009752,-2.00000839,-94.74373506
1624632654.68359137,1,0.01641461,3.00000000,0.00009752,-2.00000839,-94.74373506
1624632654.78360605,1,0.01641461,3.00000000,0.00009752,-2.00097839,-94.74373506
1624632654.88360286,1,0.01544867,2.00000000,-0.00009109,-1.99999111,-95.74373506
1624632654.98360205,1,0.01544867,2.00000000,-0.00009109,-1.99999111,-95.74373506
1624632655.08358932,1,0.01544867,2.00000000,-0.00009109,-1.99999111,-95.74373506
1624632655.18359661,1,0.01544867,2.00000000,0.00019137,-2.00001690,-94.69178455
1624632655.28358674,1,0.01544867,1.00000000,-0.00007715,-2.00096251,-95.69178455
1624632655.38358378,1,0.01448327,1.00000000,0.00001859,-2.00000186,-95.69178455
1624632655.48357987,1,0.01448327,1.00000000,0.00001859,-2.00000186,-95.69178455
1624632655.58358788,1,0.01448327,1.00000000,0.00001859,-2.00000186,-95.69178455
1624632655.68359208,1,0.01448327,1.00000000,0.00001859,-2.00000186,-95.69178455
1624632655.78358459,1,0.01448327,1.00000000,0.00001859,-2.00097186,-95.69178455
1624632655.88358951,1,0.01351853,1.00000000,0.00011427,-2.00001188,-95.69178455
1624632655.98359132,1,0.01351853,1.00000000,0.00011427,-2.00001188,-95.69178455
1624632656.08362460,1,0.01351853,1.00000000,0.00034085,-2.00003254,-94.72749658
1624632656.18360972,1,0.01351853,0.00000000,0.00010589,-2.00001104,-95.72749658
1624632656.28361917,1,0.01351853,0.00000000,0.00010589,-2.00001104,-95.72749658
1624632656.38358831,1,0.01351853,0.00000000,0.00010589,-2.00001104,-95.72749658
1624632656.48359036,1,0.01351853,0.00000000,0.00010589,-2.00001104,-95.72749658
1624632656.58358359,1,0.01351853,0.00000000,0.00010589,-2.00001104,-95.72749658
1624632656.68358397,1,0.01351853,0.00000000,0.00010589,-2.00098104,-95.72749658
1624632656.78362155,1,0.01255460,-1.00000000,-0.00001574,-1.99999815,-96.72749658
1624632656.88358688,1,0.01255460,-1.00000000,-0.00001574,-1.99999815,-96.72749658
1624632656.98360968,1,0.01255460,-1.00000000,-0.00001574,-1.99999815,-96.72749658
1624632657.08362174,1,0.01255460,-1.00000000,-0.00001574,-1.99999815,-96.72749658
1624632657.18358588,1,0.01255460,-1.00000000,-0.00001574,-1.99999815,-96.72749658
1624632657.28360057,1,0.01255460,-1.00000000,-0.00001574,-1.99999815,-96.72749658
1624632657.38364649,1,0.01255460,-1.00000000,-0.00001574,-1.99999815,-96.72749658
1624632657.48358440,1,0.01255460,-1.00000000,-0.00001574,-1.99999815,-96.72749658
1624632657.58360147,1,0.01255460,-1.00000000,-0.00001574,-1.99999815,-96.72749658
1624632657.68358588,1,0.01255460,-1.00000000,-0.00001574,-2.00145315,-96.72749658
1624632657.78362608,1,0.01111068,-2.00000000,-0.00022404,-1.99996808,-98.69178455
1624632657.88358665,1,0.01111068,-1.00000000,-0.00003210,-1.99999571,-97.69178455
1624632657.98361135,1,0.01111068,-1.00000000,-0.00003210,-1.99999571,-97.69178455
1624632658.08360291,1,0.01111068,-1.00000000,-0.00003210,-1.99999571,-97.69178455
1624632658.18360281,1,0.01111068,-1.00000000,-0.00003210,-1.99999571,-97.69178455
1624632658.28361011,1,0.01111068,-1.00000000,-0.00003210,-1.99999571,-97.69178455
1624632658.38358665,1,0.01111068,-1.00000000,-0.00003210,-1.99999571,-97.69178455
1624632658.48358989,1,0.01111068,-1.00000000,-0.00003210,-1.99999571,-97.69178455
1624632658.58365035,1,0.01111068,-1.00000000,-0.00003210,-1.99999571,-97.69178455
1624632658.68358731,1,0.01111068,-1.00000000,-0.00003210,-2.00096571,-97.69178455
1624632658.78358126,1,0.01014983,-2.00000000,-0.00026277,-1.99995841,-99.74373506
1624632658.88358307,1,0.01014983,0.00000000,0.00008739,-2.00001227,-97.74373506
1624632658.98358274,1,0.01014983,0.00000000,0.00008739,-2.00001227,-97.74373506
