Seconds,x,y,z,w
1624632608.48149014,0.00000000,0.00000000,0.00000000,0.00000000
1624632608.58148861,0.00000000,0.00000000,0.00000000,0.00000000
1624632608.68149281,0.00000000,0.00000000,0.00000000,0.00000000
1624632608.78149056,0.00000000,0.00000000,0.00000000,0.00000000
1624632608.88150358,0.00000000,0.00000000,0.00000000,0.00000000
1624632608.98147774,0.00000000,0.00000000,0.00000000,0.00000000
1624632609.08149481,0.00000000,0.00000000,0.00000000,0.00000000
1624632609.18146801,0.00000000,0.00000000,0.00000000,0.00000000
1624632609.28147554,0.00000000,0.00000000,0.00000000,0.00000000
1624632609.38148284,0.00000000,0.00000000,0.00000000,0.00000000
1624632609.48148799,0.00000000,0.00000000,0.00000000,0.00000000
1624632609.58148170,0.00000000,0.00000000,0.00000000,0.00000000
1624632609.68147755,0.00000000,0.00000000,0.00000000,0.00000000
1624632609.78147984,0.00000000,0.00000000,0.00000000,0.00000000
1624632609.88151932,0.00000000,0.00000000,0.00000000,0.00000000
1624632609.98147035,0.00000000,0.00000000,0.00000000,0.00000000
1624632610.08147812,0.00000000,0.00000000,0.00000000,0.00000000
1624632610.18148160,0.00000000,0.00000000,0.00000000,0.00000000
1624632610.28148508,0.00000000,0.00000000,0.00000000,0.00000000
1624632610.38150144,0.00000000,0.00000000,0.00000000,0.00000000
1624632610.48148608,0.00000000,0.00000000,0.00000000,0.00000000
1624632610.58148503,0.00000000,0.00000000,0.00000000,0.00000000
1624632610.68148613,0.00000000,0.00000000,0.00000000,0.00000000
1624632610.78148007,0.00000000,0.00000000,0.00000000,0.00000000
1624632610.88147640,0.00000000,0.00000000,0.00000000,0.00000000
1624632610.98150516,0.00000000,0.00000000,0.00000000,0.00000000
1624632611.08148885,0.00000000,0.00000000,0.00000000,0.00000000
1624632611.18149948,0.00000000,0.00000000,0.00000000,0.00000000
1624632611.28148723,0.00000000,0.00000000,0.00000000,0.00000000
1624632611.38150382,0.00000000,0.00000000,0.00000000,0.00000000
1624632611.48148561,0.00000000,0.00000000,0.00000000,0.00000000
1624632611.58148265,0.00000000,0.00000000,0.00000000,0.00000000
1624632611.68146849,0.00000000,0.00000000,0.00000000,0.00000000
1624632611.78145862,0.00000000,0.00000000,0.00000000,0.00000000
1624632611.88148642,0.00000000,0.00000000,0.00000000,0.00000000
1624632611.98148131,0.00000000,0.00000000,0.00000000,0.00000000
1624632612.08148146,0.00000000,0.00000000,0.00000000,0.00000000
1624632612.18149424,100.00000000,0.00000000,0.00000000,0.00000000
1624632612.28149939,90.48000000,0.00000000,0.00000000,0.00000000
1624632612.38148403,81.87000000,0.00000000,0.00000000,0.00000000
1624632612.48148847,74.08000000,0.00000000,0.00000000,0.00000000
1624632612.58148837,67.03000000,0.00000000,0.00000000,0.00000000
1624632612.68148780,60.65000000,0.00000000,0.00000000,0.00000000
1624632612.78149819,54.88000000,0.00000000,0.00000000,0.00000000
1624632612.88147783,49.66000000,0.00000000,0.00000000,0.00000000
1624632612.98149228,44.93000000,0.00000000,0.00000000,0.00000000
1624632613.08151770,40.66000000,0.00000000,0.00000000,0.00000000
1624632613.18148875,36.79000000,0.00000000,0.00000000,0.00000000
1624632613.28148031,33.29000000,0.00000000,0.00000000,0.00000000
1624632613.38151217,30.12000000,0.00000000,0.00000000,0.00000000
1624632613.48148537,27.25000000,0.00000000,0.00000000,0.00000000
1624632613.58154440,24.66000000,0.00000000,0.00000000,0.00000000
1624632613.68148327,22.31000000,0.00000000,0.00000000,0.00000000
1624632613.78151727,20.19000000,0.00000000,0.00000000,0.00000000
1624632613.88150644,18.27000000,0.00000000,0.00000000,0.00000000
1624632613.98152542,16.53000000,0.00000000,0.00000000,0.00000000
1624632614.08147979,14.96000000,0.00000000,0.00000000,0.00000000
1624632614.18147993,13.53000000,0.00000000,0.00000000,0.00000000
1624632614.28148389,12.25000000,0.00000000,0.00000000,0.00000000
1624632614.38151932,11.08000000,0.00000000,0.00000000,0.00000000
1624632614.48148394,10.03000000,0.00000000,0.00000000,0.00000000
1624632614.58147836,9.07000000,0.00000000,0.00000000,0.00000000
1624632614.68152261,8.21000000,0.00000000,0.00000000,0.00000000
1624632614.78148913,7.43000000,0.00000000,0.00000000,0.00000000
1624632614.88148761,6.72000000,0.00000000,0.00000000,0.00000000
1624632614.98148942,6.08000000,0.00000000,0.00000000,0.00000000
1624632615.08149004,5.50000000,0.00000000,0.00000000,0.00000000
1624632615.18149710,4.98000000,0.00000000,0.00000000,0.00000000
1624632615.28149867,4.50000000,0.00000000,0.00000000,0.00000000
1624632615.38147974,4.08000000,0.00000000,0.00000000,0.00000000
1624632615.48150134,3.69000000,0.00000000,0.00000000,0.00000000
1624632615.58147788,3.34000000,0.00000000,0.00000000,0.00000000
1624632615.68149948,3.02000000,0.00000000,0.00000000,0.00000000
1624632615.78148174,2.73000000,0.00000000,0.00000000,0.00000000
1624632615.88149905,2.47000000,0.00000000,0.00000000,0.00000000
1624632615.98150253,2.24000000,0.00000000,0.00000000,0.00000000
1624632616.08149099,2.02000000,0.00000000,0.00000000,0.00000000
1624632616.18149042,1.83000000,0.00000000,0.00000000,0.00000000
1624632616.28147745,1.66000000,0.00000000,0.00000000,0.00000000
1624632616.38154650,1.50000000,0.00000000,0.00000000,0.00000000
1624632616.48147678,1.36000000,0.00000000,0.00000000,0.00000000
1624632616.58148265,1.23000000,0.00000000,0.00000000,0.00000000
1624632616.68152046,1.11000000,0.00000000,0.00000000,0.00000000
1624632616.78148627,1.01000000,0.00000000,0.00000000,0.00000000
1624632616.88152504,0.91000000,0.00000000,0.00000000,0.00000000
1624632616.98148966,0.82000000,0.00000000,0.00000000,0.00000000
1624632617.08149648,0.74000000,0.00000000,0.00000000,0.00000000
1624632617.18147850,0.67000000,0.00000000,0.00000000,0.00000000
1624632617.28148246,0.61000000,0.00000000,0.00000000,0.00000000
1624632617.38149714,0.55000000,0.00000000,0.00000000,0.00000000
1624632617.48152351,0.50000000,0.00000000,0.00000000,0.00000000
1624632617.58148432,0.45000000,0.00000000,0.00000000,0.00000000
1624632617.68147850,0.41000000,0.00000000,0.00000000,0.00000000
1624632617.78147864,0.37000000,0.00000000,0.00000000,0.00000000
1624632617.88148403,0.33000000,0.00000000,0.00000000,0.00000000
1624632617.98148251,0.30000000,0.00000000,0.00000000,0.00000000
1624632618.08148956,0.27000000,0.00000000,0.00000000,0.00000000
1624632618.18148398,0.25000000,0.00000000,0.00000000,0.00000000
1624632618.28148341,0.22000000,0.00000000,0.00000000,0.00000000
1624632618.38148093,0.20000000,0.00000000,0.00000000,0.00000000
1624632618.48151875,0.18000000,0.00000000,0.00000000,0.00000000
1624632618.58148122,0.17000000,0.00000000,0.00000000,0.00000000
1624632618.68150067,0.15000000,0.00000000,0.00000000,0.00000000
1624632618.78148317,0.14000000,0.00000000,0.00000000,0.00000000
1624632618.88147950,0.12000000,0.00000000,0.00000000,0.00000000
1624632618.98148870,0.11000000,0.00000000,0.00000000,0.00000000
1624632619.08148670,0.10000000,0.00000000,0.00000000,0.00000000
1624632619.18148541,0.09000000,0.00000000,0.00000000,0.00000000
1624632619.28149390,0.08000000,0.00000000,0.00000000,0.00000000
1624632619.38151193,0.07000000,0.00000000,0.00000000,0.00000000
1624632619.48150539,0.07000000,0.00000000,0.00000000,0.00000000
1624632619.58152366,0.06000000,0.00000000,0.00000000,0.00000000
1624632619.68147898,0.06000000,0.00000000,0.00000000,0.00000000
1624632619.78150082,0.00000000,0.00000000,0.00000000,0.00000000
1624632619.88148069,0.00000000,0.00000000,0.00000000,0.00000000
1624632619.98147964,0.00000000,0.00000000,0.00000000,0.00000000
1624632620.08148050,0.00000000,0.00000000,0.00000000,0.00000000
1624632620.18148685,0.00000000,0.00000000,0.00000000,0.00000000
1624632620.28149796,0.00000000,0.00000000,0.00000000,0.00000000
1624632620.38148117,0.00000000,0.00000000,0.00000000,0.00000000
1624632620.48147798,0.00000000,0.00000000,0.00000000,0.00000000
1624632620.58152056,0.00000000,0.00000000,0.00000000,0.00000000
1624632620.68147993,0.00000000,0.00000000,0.00000000,0.00000000
1624632620.78147864,0.00000000,0.00000000,0.00000000,0.00000000
1624632620.88148117,0.00000000,0.00000000,0.00000000,0.00000000
1624632620.98148346,0.00000000,0.00000000,0.00000000,0.00000000
1624632621.08148360,0.00000000,0.00000000,0.00000000,0.00000000
1624632621.18148494,0.00000000,0.00000000,0.00000000,0.00000000
1624632621.28148508,0.00000000,0.00000000,0.00000000,0.00000000
1624632621.38148284,0.00000000,0.00000000,0.00000000,0.00000000
1624632621.48146439,0.00000000,0.00000000,0.00000000,0.00000000
1624632621.58147740,0.00000000,0.00000000,0.00000000,0.00000000
1624632621.68147826,0.00000000,0.00000000,0.00000000,0.00000000
1624632621.78148031,0.00000000,0.00000000,0.00000000,0.00000000
1624632621.88148189,0.00000000,0.00000000,0.00000000,0.00000000
1624632621.98152232,0.00000000,0.00000000,0.00000000,0.00000000
1624632622.08147907,0.00000000,0.00000000,0.00000000,0.00000000
1624632622.18148303,0.00000000,0.00000000,0.00000000,0.00000000
1624632622.28148055,0.00000000,0.00000000,0.00000000,0.00000000
1624632622.38148880,0.00000000,0.00000000,0.00000000,0.00000000
1624632622.48149061,0.00000000,0.00000000,0.00000000,0.00000000
1624632622.58149934,0.00000000,0.00000000,0.00000000,0.00000000
1624632622.68147850,0.00000000,0.00000000,0.00000000,0.00000000
1624632622.78151917,0.00000000,0.00000000,0.00000000,0.00000000
1624632622.88147855,0.00000000,0.00000000,0.00000000,0.00000000
1624632622.98147964,0.00000000,0.00000000,0.00000000,0.00000000
1624632623.08147931,0.00000000,0.00000000,0.00000000,0.00000000
1624632623.18148112,0.00000000,0.00000000,0.00000000,0.00000000
1624632623.28147864,0.00000000,0.00000000,0.00000000,0.00000000
1624632623.38147616,0.00000000,0.00000000,0.00000000,0.00000000
1624632623.48148417,0.00000000,0.00000000,0.00000000,0.00000000
1624632623.58148313,0.00000000,0.00000000,0.00000000,0.00000000
1624632623.68147850,0.00000000,0.00000000,0.00000000,0.00000000
1624632623.78148270,0.00000000,0.00000000,0.00000000,0.00000000
1624632623.88147926,0.00000000,0.00000000,0.00000000,0.00000000
1624632623.98148441,0.00000000,0.00000000,0.00000000,0.00000000
1624632624.08150911,0.00000000,0.00000000,0.00000000,0.00000000
1624632624.18148160,0.00000000,0.00000000,0.00000000,0.00000000
1624632624.28151631,0.00000000,0.00000000,0.00000000,0.00000000
1624632624.38148713,0.00000000,0.00000000,0.00000000,0.00000000
1624632624.48149323,0.00000000,0.00000000,0.00000000,0.00000000
1624632624.58150363,0.00000000,0.00000000,0.00000000,0.00000000
1624632624.68148136,0.00000000,0.00000000,0.00000000,0.00000000
1624632624.78148174,0.00000000,0.00000000,0.00000000,0.00000000
1624632624.88150454,0.00000000,0.00000000,0.00000000,0.00000000
1624632624.98148036,0.00000000,0.00000000,0.00000000,0.00000000
1624632625.08150434,0.00000000,0.00000000,0.00000000,0.00000000
1624632625.18148351,0.00000000,0.00000000,0.00000000,0.00000000
1624632625.28148222,0.00000000,0.00000000,0.00000000,0.00000000
1624632625.38148165,0.00000000,0.00000000,0.00000000,0.00000000
1624632625.48150325,0.00000000,0.00000000,0.00000000,0.00000000
1624632625.58148193,0.00000000,0.00000000,0.00000000,0.00000000
1624632625.68148017,0.00000000,0.00000000,0.00000000,0.00000000
1624632625.78148174,0.00000000,0.00000000,0.00000000,0.00000000
1624632625.88149261,0.00000000,0.00000000,0.00000000,0.00000000
1624632625.98148513,0.00000000,0.00000000,0.00000000,0.00000000
1624632626.08148694,0.00000000,0.00000000,0.00000000,0.00000000
1624632626.18152213,0.00000000,0.00000000,0.00000000,0.00000000
1624632626.28152204,0.00000000,0.00000000,0.00000000,0.00000000
1624632626.38148522,0.00000000,0.00000000,0.00000000,0.00000000
1624632626.48149014,0.00000000,0.00000000,0.00000000,0.00000000
1624632626.58148789,0.00000000,0.00000000,0.00000000,0.00000000
1624632626.68147898,0.00000000,0.00000000,0.00000000,0.00000000
1624632626.78148389,0.00000000,0.00000000,0.00000000,0.00000000
1624632626.88148022,0.00000000,0.00000000,0.00000000,0.00000000
1624632626.98147821,0.00000000,0.00000000,0.00000000,0.00000000
1624632627.08148122,0.00000000,0.00000000,0.00000000,0.00000000
1624632627.18147850,0.00000000,0.00000000,0.00000000,0.00000000
1624632627.28148198,0.00000000,0.00000000,0.00000000,0.00000000
1624632627.38147855,0.00000000,0.00000000,0.00000000,0.00000000
1624632627.48148084,0.00000000,0.00000000,0.00000000,0.00000000
1624632627.58147883,0.00000000,0.00000000,0.00000000,0.00000000
1624632627.68148112,0.00000000,0.00000000,0.00000000,0.00000000
1624632627.78147984,0.00000000,0.00000000,0.00000000,0.00000000
1624632627.88148141,0.00000000,0.00000000,0.00000000,0.00000000
1624632627.98148131,0.00000000,0.00000000,0.00000000,0.00000000
1624632628.08148694,0.00000000,0.00000000,0.00000000,0.00000000
1624632628.18148255,0.00000000,0.00000000,0.00000000,0.00000000
1624632628.28150368,0.00000000,0.00000000,0.00000000,0.00000000
1624632628.38147855,0.00000000,0.00000000,0.00000000,0.00000000
1624632628.48151374,0.00000000,0.00000000,0.00000000,0.00000000
1624632628.58147812,0.00000000,0.00000000,0.00000000,0.00000000
1624632628.68148994,0.00000000,0.00000000,0.00000000,0.00000000
1624632628.78148222,0.00000000,0.00000000,0.00000000,0.00000000
1624632628.88148069,0.00000000,0.00000000,0.00000000,0.00000000
1624632628.98149800,0.00000000,0.00000000,0.00000000,0.00000000
1624632629.08149076,0.00000000,0.00000000,0.00000000,0.00000000
1624632629.18149137,0.00000000,0.00000000,0.00000000,0.00000000
1624632629.28152609,0.00000000,0.00000000,0.00000000,0.00000000
1624632629.38148451,0.00000000,0.00000000,0.00000000,0.00000000
1624632629.48148584,0.00000000,0.00000000,0.00000000,0.00000000
1624632629.58150601,0.00000000,0.00000000,0.00000000,0.00000000
1624632629.68152022,0.00000000,0.00000000,0.00000000,0.00000000
1624632629.78147864,0.00000000,0.00000000,0.00000000,0.00000000
1624632629.88150454,0.00000000,0.00000000,0.00000000,0.00000000
1624632629.98148441,0.00000000,0.00000000,0.00000000,0.00000000
1624632630.08148503,0.00000000,0.00000000,0.00000000,0.00000000
1624632630.18149018,0.00000000,0.00000000,0.00000000,0.00000000
1624632630.28148985,0.00000000,0.00000000,0.00000000,0.00000000
1624632630.38148928,0.00000000,0.00000000,0.00000000,0.00000000
1624632630.48147869,0.00000000,0.00000000,0.00000000,0.00000000
1624632630.58150244,0.00000000,0.00000000,0.00000000,0.00000000
1624632630.68148065,0.00000000,0.00000000,0.00000000,0.00000000
1624632630.78152633,0.00000000,0.00000000,0.00000000,0.00000000
1624632630.88153481,0.00000000,0.00000000,0.00000000,0.00000000
1624632630.98148012,0.00000000,0.00000000,0.00000000,0.00000000
1624632631.08148193,0.00000000,0.00000000,0.00000000,0.00000000
1624632631.18152905,0.00000000,0.00000000,0.00000000,0.00000000
1624632631.28152061,0.00000000,0.00000000,0.00000000,0.00000000
1624632631.38148093,0.00000000,0.00000000,0.00000000,0.00000000
1624632631.48147869,0.00000000,0.00000000,0.00000000,0.00000000
1624632631.58149457,0.00000000,0.00000000,0.00000000,0.00000000
1624632631.68148255,0.00000000,0.00000000,0.00000000,0.00000000
1624632631.78147125,0.00000000,0.00000000,0.00000000,0.00000000
1624632631.88148904,0.00000000,0.00000000,0.00000000,0.00000000
1624632631.98148036,0.00000000,0.00000000,0.00000000,0.00000000
1624632632.08148384,0.00000000,0.00000000,0.00000000,0.00000000
1624632632.18153214,0.00000000,0.00000000,0.00000000,0.00000000
1624632632.28147054,0.00000000,0.00000000,0.00000000,0.00000000
1624632632.38150430,0.00000000,0.00000000,0.00000000,0.00000000
1624632632.48149586,0.00000000,0.00000000,0.00000000,0.00000000
1624632632.58149219,0.00000000,0.00000000,0.00000000,0.00000000
1624632632.68148303,0.00000000,0.00000000,0.00000000,0.00000000
1624632632.78148341,0.00000000,0.00000000,0.00000000,0.00000000
1624632632.88148427,0.00000000,0.00000000,0.00000000,0.00000000
1624632632.98148012,0.00000000,0.00000000,0.00000000,0.00000000
1624632633.08151770,0.00000000,0.00000000,0.00000000,0.00000000
1624632633.18147969,0.00000000,0.00000000,0.00000000,0.00000000
1624632633.28154254,0.00000000,0.00000000,0.00000000,0.00000000
1624632633.38148069,0.00000000,0.00000000,0.00000000,0.00000000
1624632633.48151588,0.00000000,0.00000000,0.00000000,0.00000000
1624632633.58148193,0.00000000,0.00000000,0.00000000,0.00000000
1624632633.68148327,0.00000000,0.00000000,0.00000000,0.00000000
1624632633.78147912,0.00000000,0.00000000,0.00000000,0.00000000
1624632633.88147783,0.00000000,0.00000000,0.00000000,0.00000000
1624632633.98148513,0.00000000,0.00000000,0.00000000,0.00000000
1624632634.08149219,0.00000000,0.00000000,0.00000000,0.00000000
1624632634.18148804,0.00000000,0.00000000,0.00000000,0.00000000
1624632634.28147936,0.00000000,0.00000000,0.00000000,0.00000000
1624632634.38147879,0.00000000,0.00000000,0.00000000,0.00000000
1624632634.48148203,0.00000000,0.00000000,0.00000000,0.00000000
1624632634.58147931,0.00000000,0.00000000,0.00000000,0.00000000
1624632634.68149114,0.00000000,0.00000000,0.00000000,0.00000000
1624632634.78148246,0.00000000,0.00000000,0.00000000,0.00000000
1624632634.88147736,0.00000000,0.00000000,0.00000000,0.00000000
1624632634.98150611,0.00000000,0.00000000,0.00000000,0.00000000
1624632635.08148742,0.00000000,0.00000000,0.00000000,0.00000000
1624632635.18150020,0.00000000,0.00000000,0.00000000,0.00000000
1624632635.28148198,0.00000000,0.00000000,0.00000000,0.00000000
1624632635.38148046,0.00000000,0.00000000,0.00000000,0.00000000
1624632635.48151016,0.00000000,0.00000000,0.00000000,0.00000000
1624632635.58147907,0.00000000,0.00000000,0.00000000,0.00000000
1624632635.68148541,0.00000000,0.00000000,0.00000000,0.00000000
1624632635.78147960,0.00000000,0.00000000,0.00000000,0.00000000
1624632635.88148999,0.00000000,0.00000000,0.00000000,0.00000000
1624632635.98148775,0.00000000,0.00000000,0.00000000,0.00000000
1624632636.08148336,0.00000000,0.00000000,0.00000000,0.00000000
1624632636.18148232,0.00000000,0.00000000,0.00000000,0.00000000
1624632636.28148103,0.00000000,0.00000000,0.00000000,0.00000000
1624632636.38147807,0.00000000,0.00000000,0.00000000,0.00000000
1624632636.48148227,0.00000000,0.00000000,0.00000000,0.00000000
1624632636.58148074,0.00000000,0.00000000,0.00000000,0.00000000
1624632636.68148375,0.00000000,0.00000000,0.00000000,0.00000000
1624632636.78148007,0.00000000,0.00000000,0.00000000,0.00000000
1624632636.88150740,0.00000000,0.00000000,0.00000000,0.00000000
1624632636.98150706,0.00000000,0.00000000,0.00000000,0.00000000
1624632637.08152771,0.00000000,0.00000000,0.00000000,0.00000000
1624632637.18148184,0.00000000,0.00000000,0.00000000,0.00000000
1624632637.28148198,0.00000000,0.00000000,0.00000000,0.00000000
1624632637.38148355,0.00000000,0.00000000,0.00000000,0.00000000
1624632637.48148274,0.00000000,0.00000000,0.00000000,0.00000000
1624632637.58148813,0.00000000,0.00000000,0.00000000,0.00000000
1624632637.68148327,0.00000000,0.00000000,0.00000000,0.00000000
1624632637.78148437,0.00000000,0.00000000,0.00000000,0.00000000
1624632637.88153148,0.00000000,0.00000000,0.00000000,0.00000000
1624632637.98148084,0.00000000,0.00000000,0.00000000,0.00000000
1624632638.08152699,0.00000000,0.00000000,0.00000000,0.00000000
1624632638.18148756,0.00000000,0.00000000,0.00000000,0.00000000
1624632638.28148270,0.00000000,0.00000000,0.00000000,0.00000000
1624632638.38148904,0.00000000,0.00000000,0.00000000,0.00000000
1624632638.48152900,0.00000000,0.00000000,0.00000000,0.00000000
1624632638.58152533,0.00000000,0.00000000,0.00000000,0.00000000
1624632638.68149018,0.00000000,0.00000000,0.00000000,0.00000000
1624632638.78149366,0.00000000,0.00000000,0.00000000,0.00000000
1624632638.88148618,0.00000000,0.00000000,0.00000000,0.00000000
1624632638.98148179,0.00000000,0.00000000,0.00000000,0.00000000
1624632639.08149004,0.00000000,0.00000000,0.00000000,0.00000000
1624632639.18148232,0.00000000,0.00000000,0.00000000,0.00000000
1624632639.28148794,0.00000000,0.00000000,0.00000000,0.00000000
1624632639.38148189,0.00000000,0.00000000,0.00000000,0.00000000
1624632639.48148274,0.00000000,0.00000000,0.00000000,0.00000000
1624632639.58148336,0.00000000,0.00000000,0.00000000,0.00000000
1624632639.68148327,0.00000000,0.00000000,0.00000000,0.00000000
1624632639.78147578,0.00000000,0.00000000,0.00000000,0.00000000
1624632639.88148212,0.00000000,0.00000000,0.00000000,0.00000000
1624632639.98148251,0.00000000,0.00000000,0.00000000,0.00000000
1624632640.08149552,0.00000000,0.00000000,0.00000000,0.00000000
1624632640.18147993,0.00000000,0.00000000,0.00000000,0.00000000
1624632640.28148794,0.00000000,0.00000000,0.00000000,0.00000000
1624632640.38148165,0.00000000,0.00000000,0.00000000,0.00000000
1624632640.48148584,0.00000000,0.00000000,0.00000000,0.00000000
1624632640.58148718,0.00000000,0.00000000,0.00000000,0.00000000
1624632640.68150997,0.00000000,0.00000000,0.00000000,0.00000000
1624632640.78147984,0.00000000,0.00000000,0.00000000,0.00000000
1624632640.88148379,0.00000000,0.00000000,0.00000000,0.00000000
1624632640.98148561,0.00000000,0.00000000,0.00000000,0.00000000
1624632641.08148503,0.00000000,0.00000000,0.00000000,0.00000000
1624632641.18149638,0.00000000,0.00000000,0.00000000,0.00000000
1624632641.28150392,0.00000000,0.00000000,0.00000000,0.00000000
1624632641.38148808,0.00000000,0.00000000,0.00000000,0.00000000
1624632641.48152566,0.00000000,0.00000000,0.00000000,0.00000000
1624632641.58150411,0.00000000,0.00000000,0.00000000,0.00000000
1624632641.68148422,0.00000000,0.00000000,0.00000000,0.00000000
1624632641.78150296,0.00000000,0.00000000,0.00000000,0.00000000
1624632641.88147831,0.00000000,0.00000000,0.00000000,0.00000000
1624632641.98148203,0.00000000,0.00000000,0.00000000,0.00000000
1624632642.08152699,0.00000000,0.00000000,0.00000000,0.00000000
1624632642.18147969,0.00000000,0.00000000,0.00000000,0.00000000
1624632642.28148293,0.00000000,0.00000000,0.00000000,0.00000000
1624632642.38148212,0.00000000,0.00000000,0.00000000,0.00000000
1624632642.48148131,0.00000000,0.00000000,0.00000000,0.00000000
1624632642.58147907,0.00000000,0.00000000,0.00000000,0.00000000
1624632642.68148351,0.00000000,0.00000000,0.00000000,0.00000000
1624632642.78151798,0.00000000,0.00000000,0.00000000,0.00000000
1624632642.88152170,0.00000000,0.00000000,0.00000000,0.00000000
1624632642.98147821,0.00000000,0.00000000,0.00000000,0.00000000
1624632643.08148146,0.00000000,0.00000000,0.00000000,0.00000000
1624632643.18148398,0.00000000,0.00000000,0.00000000,0.00000000
1624632643.28148079,0.00000000,0.00000000,0.00000000,0.00000000
1624632643.38148904,0.00000000,0.00000000,0.00000000,0.00000000
1624632643.48148298,0.00000000,0.00000000,0.00000000,0.00000000
1624632643.58152246,0.00000000,0.00000000,0.00000000,0.00000000
1624632643.68148017,0.00000000,0.00000000,0.00000000,0.00000000
1624632643.78149700,0.00000000,0.00000000,0.00000000,0.00000000
1624632643.88148928,0.00000000,0.00000000,0.00000000,0.00000000
1624632643.98149419,0.00000000,0.00000000,0.00000000,0.00000000
1624632644.08149934,0.00000000,0.00000000,0.00000000,0.00000000
1624632644.18148017,0.00000000,0.00000000,0.00000000,0.00000000
1624632644.28149605,0.00000000,0.00000000,0.00000000,0.00000000
1624632644.38148093,0.00000000,0.00000000,0.00000000,0.00000000
1624632644.48147845,0.00000000,0.00000000,0.00000000,0.00000000
1624632644.58149028,0.00000000,0.00000000,0.00000000,0.00000000
1624632644.68148208,0.00000000,0.00000000,0.00000000,0.00000000
1624632644.78150201,0.00000000,0.00000000,0.00000000,0.00000000
1624632644.88148284,0.00000000,0.00000000,0.00000000,0.00000000
1624632644.98152566,0.00000000,0.00000000,0.00000000,0.00000000
1624632645.08149195,0.00000000,0.00000000,0.00000000,0.00000000
1624632645.18149829,0.00000000,0.00000000,0.00000000,0.00000000
1624632645.28147912,0.00000000,0.00000000,0.00000000,0.00000000
1624632645.38152671,0.00000000,0.00000000,0.00000000,0.00000000
1624632645.48147941,0.00000000,0.00000000,0.00000000,0.00000000
1624632645.58148170,0.00000000,0.00000000,0.00000000,0.00000000
1624632645.68148994,0.00000000,0.00000000,0.00000000,0.00000000
1624632645.78149939,0.00000000,0.00000000,0.00000000,0.00000000
1624632645.88147783,0.00000000,0.00000000,0.00000000,0.00000000
1624632645.98150229,0.00000000,0.00000000,0.00000000,0.00000000
1624632646.08148289,0.00000000,0.00000000,0.00000000,0.00000000
1624632646.18154049,0.00000000,0.00000000,0.00000000,0.00000000
1624632646.28152132,0.00000000,0.00000000,0.00000000,0.00000000
1624632646.38148236,0.00000000,0.00000000,0.00000000,0.00000000
1624632646.48147774,0.00000000,0.00000000,0.00000000,0.00000000
1624632646.58149433,0.00000000,0.00000000,0.00000000,0.00000000
1624632646.68148112,0.00000000,0.00000000,0.00000000,0.00000000
1624632646.78147984,0.00000000,0.00000000,0.00000000,0.00000000
1624632646.88149595,0.00000000,0.00000000,0.00000000,0.00000000
1624632646.98150897,0.00000000,0.00000000,0.00000000,0.00000000
1624632647.08148003,0.00000000,0.00000000,0.00000000,0.00000000
1624632647.18148899,0.00000000,0.00000000,0.00000000,0.00000000
1624632647.28147674,0.00000000,0.00000000,0.00000000,0.00000000
1624632647.38147640,0.00000000,0.00000000,0.00000000,0.00000000
1624632647.48148155,0.00000000,0.00000000,0.00000000,0.00000000
1624632647.58148575,0.00000000,0.00000000,0.00000000,0.00000000
1624632647.68148208,0.00000000,0.00000000,0.00000000,0.00000000
1624632647.78148627,0.00000000,0.00000000,0.00000000,0.00000000
1624632647.88149166,0.00000000,0.00000000,0.00000000,0.00000000
1624632647.98148847,0.00000000,0.00000000,0.00000000,0.00000000
1624632648.08148527,0.00000000,0.00000000,0.00000000,0.00000000
1624632648.18148160,0.00000000,0.00000000,0.00000000,0.00000000
1624632648.28148127,0.00000000,0.00000000,0.00000000,0.00000000
1624632648.38148236,0.00000000,0.00000000,0.00000000,0.00000000
1624632648.48149800,0.00000000,0.00000000,0.00000000,0.00000000
1624632648.58149409,0.00000000,0.00000000,0.00000000,0.00000000
1624632648.68149018,0.00000000,0.00000000,0.00000000,0.00000000
1624632648.78152966,0.00000000,0.00000000,0.00000000,0.00000000
1624632648.88149166,0.00000000,0.00000000,0.00000000,0.00000000
1624632648.98149419,0.00000000,0.00000000,0.00000000,0.00000000
1624632649.08152699,0.00000000,0.00000000,0.00000000,0.00000000
1624632649.18148446,0.00000000,0.00000000,0.00000000,0.00000000
1624632649.28147888,0.00000000,0.00000000,0.00000000,0.00000000
1624632649.38148260,0.00000000,0.00000000,0.00000000,0.00000000
1624632649.48148346,0.00000000,0.00000000,0.00000000,0.00000000
1624632649.58147693,0.00000000,0.00000000,0.00000000,0.00000000
1624632649.68147564,0.00000000,0.00000000,0.00000000,0.00000000
1624632649.78148031,0.00000000,0.00000000,0.00000000,0.00000000
1624632649.88148904,0.00000000,0.00000000,0.00000000,0.00000000
1624632649.98147583,0.00000000,0.00000000,0.00000000,0.00000000
1624632650.08147836,0.00000000,0.00000000,0.00000000,0.00000000
1624632650.18148375,0.00000000,0.00000000,0.00000000,0.00000000
1624632650.28148031,0.00000000,0.00000000,0.00000000,0.00000000
1624632650.38148165,0.00000000,0.00000000,0.00000000,0.00000000
1624632650.48148251,0.00000000,0.00000000,0.00000000,0.00000000
1624632650.58148050,0.00000000,0.00000000,0.00000000,0.00000000
1624632650.68148017,0.00000000,0.00000000,0.00000000,0.00000000
1624632650.78150034,0.00000000,0.00000000,0.00000000,0.00000000
1624632650.88147879,0.00000000,0.00000000,0.00000000,0.00000000
1624632650.98148203,0.00000000,0.00000000,0.00000000,0.00000000
1624632651.08147812,0.00000000,0.00000000,0.00000000,0.00000000
1624632651.18147683,0.00000000,0.00000000,0.00000000,0.00000000
1624632651.28147936,0.00000000,0.00000000,0.00000000,0.00000000
1624632651.38148165,0.00000000,0.00000000,0.00000000,0.00000000
1624632651.48145938,0.00000000,0.00000000,0.00000000,0.00000000
1624632651.58148384,0.00000000,0.00000000,0.00000000,0.00000000
1624632651.68147588,0.00000000,0.00000000,0.00000000,0.00000000
1624632651.78147769,0.00000000,0.00000000,0.00000000,0.00000000
1624632651.88147736,0.00000000,0.00000000,0.00000000,0.00000000
1624632651.98148561,0.00000000,0.00000000,0.00000000,0.00000000
1624632652.08147645,0.00000000,0.00000000,0.00000000,0.00000000
1624632652.18149996,0.00000000,0.00000000,0.00000000,0.00000000
1624632652.28148174,0.00000000,0.00000000,0.00000000,0.00000000
1624632652.38147783,0.00000000,0.00000000,0.00000000,0.00000000
1624632652.48148131,0.00000000,0.00000000,0.00000000,0.00000000
1624632652.58147621,0.00000000,0.00000000,0.00000000,0.00000000
1624632652.68148017,0.00000000,0.00000000,0.00000000,0.00000000
1624632652.78152442,0.00000000,0.00000000,0.00000000,0.00000000
1624632652.88152480,0.00000000,0.00000000,0.00000000,0.00000000
1624632652.98149872,0.00000000,0.00000000,0.00000000,0.00000000
1624632653.08148074,0.00000000,0.00000000,0.00000000,0.00000000
1624632653.18148088,0.00000000,0.00000000,0.00000000,0.00000000
1624632653.28148150,0.00000000,0.00000000,0.00000000,0.00000000
1624632653.38148355,0.00000000,0.00000000,0.00000000,0.00000000
1624632653.48148346,0.00000000,0.00000000,0.00000000,0.00000000
1624632653.58148146,0.00000000,0.00000000,0.00000000,0.00000000
1624632653.68147922,0.00000000,0.00000000,0.00000000,0.00000000
1624632653.78147960,0.00000000,0.00000000,0.00000000,0.00000000
1624632653.88148308,0.00000000,0.00000000,0.00000000,0.00000000
1624632653.98147726,0.00000000,0.00000000,0.00000000,0.00000000
1624632654.08147478,0.00000000,0.00000000,0.00000000,0.00000000
1624632654.18148828,0.00000000,0.00000000,0.00000000,0.00000000
1624632654.28147864,0.00000000,0.00000000,0.00000000,0.00000000
1624632654.38148141,0.00000000,0.00000000,0.00000000,0.00000000
1624632654.48437810,0.00000000,0.00000000,0.00000000,0.00000000
1624632654.58148551,0.00000000,0.00000000,0.00000000,0.00000000
1624632654.68148661,0.00000000,0.00000000,0.00000000,0.00000000
1624632654.78149056,0.00000000,0.00000000,0.00000000,0.00000000
1624632654.88148475,0.00000000,0.00000000,0.00000000,0.00000000
1624632654.98148012,0.00000000,0.00000000,0.00000000,0.00000000
1624632655.08148003,0.00000000,0.00000000,0.00000000,0.00000000
1624632655.18148351,0.00000000,0.00000000,0.00000000,0.00000000
1624632655.28148341,0.00000000,0.00000000,0.00000000,0.00000000
1624632655.38147974,0.00000000,0.00000000,0.00000000,0.00000000
1624632655.48148608,0.00000000,0.00000000,0.00000000,0.00000000
1624632655.58148551,0.00000000,0.00000000,0.00000000,0.00000000
1624632655.68148065,0.00000000,0.00000000,0.00000000,0.00000000
1624632655.78148651,0.00000000,0.00000000,0.00000000,0.00000000
1624632655.88148403,0.00000000,0.00000000,0.00000000,0.00000000
1624632655.98151851,0.00000000,0.00000000,0.00000000,0.00000000
1624632656.08148360,0.00000000,0.00000000,0.00000000,0.00000000
1624632656.18148398,0.00000000,0.00000000,0.00000000,0.00000000
1624632656.28149843,0.00000000,0.00000000,0.00000000,0.00000000
1624632656.38151550,0.00000000,0.00000000,0.00000000,0.00000000
1624632656.48152757,0.00000000,0.00000000,0.00000000,0.00000000
1624632656.58148003,0.00000000,0.00000000,0.00000000,0.00000000
1624632656.68148875,0.00000000,0.00000000,0.00000000,0.00000000
1624632656.78149986,0.00000000,0.00000000,0.00000000,0.00000000
1624632656.88148117,0.00000000,0.00000000,0.00000000,0.00000000
1624632656.98149014,0.00000000,0.00000000,0.00000000,0.00000000
1624632657.08148599,0.00000000,0.00000000,0.00000000,0.00000000
1624632657.18150187,0.00000000,0.00000000,0.00000000,0.00000000
1624632657.28148365,0.00000000,0.00000000,0.00000000,0.00000000
1624632657.38148808,0.00000000,0.00000000,0.00000000,0.00000000
1624632657.48147893,0.00000000,0.00000000,0.00000000,0.00000000
1624632657.58147764,0.00000000,0.00000000,0.00000000,0.00000000
1624632657.68148923,0.00000000,0.00000000,0.00000000,0.00000000
1624632657.78147936,0.00000000,0.00000000,0.00000000,0.00000000
1624632657.88148189,0.00000000,0.00000000,0.00000000,0.00000000
1624632657.98148179,0.00000000,0.00000000,0.00000000,0.00000000
1624632658.08148980,0.00000000,0.00000000,0.00000000,0.00000000
1624632658.18148327,0.00000000,0.00000000,0.00000000,0.00000000
1624632658.28148079,0.00000000,0.00000000,0.00000000,0.00000000
1624632658.38149714,0.00000000,0.00000000,0.00000000,0.00000000
1624632658.48146033,0.00000000,0.00000000,0.00000000,0.00000000
1624632658.58147669,0.00000000,0.00000000,0.00000000,0.00000000
1624632658.68149519,0.00000000,0.00000000,0.00000000,0.00000000
1624632658.78146291,0.00000000,0.00000000,0.00000000,0.00000000
1624632658.88148284,0.00000000,0.00000000,0.00000000,0.00000000
1624632658.98147798,0.00000000,0.00000000,0.00000000,0.00000000
1624632659.08148384,0.00000000,0.00000000,0.00000000,0.00000000
1624632659.18148780,0.00000000,0.00000000,0.00000000,0.00000000
1624632659.28148222,0.00000000,0.00000000,0.00000000,0.00000000
1624632659.38148642,0.00000000,0.00000000,0.00000000,0.00000000
1624632659.48146296,0.00000000,0.00000000,0.00000000,0.00000000
1624632659.58147907,0.00000000,0.00000000,0.00000000,0.00000000
1624632659.68147731,0.00000000,0.00000000,0.00000000,0.00000000
1624632659.78152561,0.00000000,0.00000000,0.00000000,0.00000000
