Seconds,Desired Distance
1624632604.16497397,3.50000000
1624632604.26456285,3.50000000
1624632604.36453533,3.50000000
1624632604.46453714,3.50000000
1624632604.56453323,3.50000000
1624632604.66453767,3.50000000
1624632604.76453710,3.50000000
1624632604.86454821,3.50000000
1624632604.96456814,3.50000000
1624632605.06456327,3.50000000
1624632605.16455889,3.50000000
1624632605.26456809,3.50000000
1624632605.36453867,3.50000000
1624632605.46453619,3.50000000
1624632605.56455112,3.50000000
1624632605.66430378,3.50000000
1624632605.76430607,3.50000000
1624632605.86430788,3.50000000
1624632605.96430516,3.50000000
1624632606.06456137,3.50000000
1624632606.16455817,3.50000000
1624632606.26455903,3.50000000
1624632606.36458683,3.50000000
1624632606.46454835,3.50000000
1624632606.56453395,3.50000000
1624632606.66453600,3.50000000
1624632606.76455212,3.50000000
1624632606.86456132,3.50000000
1624632606.96451473,3.50000000
1624632607.06455135,3.50000000
1624632607.16455007,3.50000000
1624632607.26456475,3.50000000
1624632607.36453652,3.50000000
1624632607.46453333,3.50000000
1624632607.56456256,3.50000000
1624632607.66470003,3.50000000
1624632607.76480865,3.50000000
1624632607.86430287,3.50000000
1624632607.96430564,3.50000000
1624632608.06431055,3.50000000
1624632608.16428375,3.50000000
1624632608.26455212,3.50000000
1624632608.36451459,3.50000000
1624632608.46461630,3.50000000
1624632608.56460953,3.50000000
1624632608.66458893,3.50000000
1624632608.76458883,3.50000000
1624632608.86456513,3.50000000
1624632608.96454835,3.50000000
1624632609.06463170,3.50000000
1624632609.16439605,3.50000000
1624632609.26453733,3.50000000
1624632609.36455417,3.50000000
1624632609.46454120,3.50000000
1624632609.56455684,3.50000000
1624632609.66455555,3.50000000
1624632609.76453757,3.50000000
1624632609.86453223,3.50000000
1624632609.96454239,3.50000000
1624632610.06457186,3.50000000
1624632610.16455412,3.50000000
1624632610.26455235,3.50000000
1624632610.36456323,3.50000000
1624632610.46453691,3.50000000
1624632610.56453729,3.50000000
1624632610.66453314,3.50000000
1624632610.76437736,3.50000000
1624632610.86460733,3.50000000
1624632610.96453953,3.50000000
1624632611.06462121,3.50000000
1624632611.16456461,3.50000000
1624632611.26459122,3.50000000
1624632611.36458731,3.50000000
1624632611.46438050,3.50000000
1624632611.56454420,3.50000000
1624632611.66454148,3.50000000
1624632611.76438117,3.50000000
1624632611.86454725,3.50000000
1624632611.96453524,3.50000000
1624632612.06462526,3.50000000
1624632612.16453600,3.50000000
1624632612.26453853,3.50000000
1624632612.36438274,3.50000000
1624632612.46462274,3.50000000
1624632612.56456017,3.50000000
1624632612.66454315,3.50000000
1624632612.76454878,3.50000000
1624632612.86454678,3.50000000
1624632612.96453476,3.50000000
1624632613.06456923,3.50000000
1624632613.16453433,3.50000000
1624632613.26453853,3.50000000
1624632613.36460161,3.50000000
1624632613.46453547,3.50000000
1624632613.56453562,3.50000000
1624632613.66453552,3.50000000
1624632613.76452565,3.50000000
1624632613.86456275,3.50000000
1624632613.96459007,3.50000000
1624632614.06453943,3.50000000
1624632614.16450620,3.50000000
1624632614.26458573,3.50000000
1624632614.36462092,3.50000000
1624632614.46462107,3.50000000
1624632614.56462240,3.50000000
1624632614.66454983,3.50000000
1624632614.76455808,3.50000000
1624632614.86455941,3.50000000
1624632614.96457314,3.50000000
1624632615.06455278,3.50000000
1624632615.16453552,3.50000000
1624632615.26459718,3.50000000
1624632615.36453962,3.50000000
1624632615.46453881,3.50000000
1624632615.56454945,3.50000000
1624632615.66456199,3.50000000
1624632615.76463842,3.50000000
1624632615.86465073,3.50000000
1624632615.96461058,3.50000000
1624632616.06470680,3.50000000
1624632616.16456032,3.50000000
1624632616.26453829,3.50000000
1624632616.36454105,3.50000000
1624632616.46454263,3.50000000
1624632616.56455016,3.50000000
1624632616.66453791,3.50000000
1624632616.76455164,3.50000000
1624632616.86453247,3.50000000
1624632616.96460986,3.50000000
1624632617.06453538,3.50000000
1624632617.16456628,3.50000000
1624632617.26453280,3.50000000
1624632617.36454654,3.50000000
1624632617.46454644,3.50000000
1624632617.56453609,3.50000000
1624632617.66452909,3.50000000
1624632617.76461625,3.50000000
1624632617.86453938,3.50000000
1624632617.96454120,3.50000000
1624632618.06456947,3.50000000
1624632618.16455197,3.50000000
1624632618.26454616,3.50000000
1624632618.36454344,3.50000000
1624632618.46454048,3.50000000
1624632618.56453729,3.50000000
1624632618.66456413,3.50000000
1624632618.76454616,3.50000000
1624632618.86454821,3.50000000
1624632618.96457386,3.50000000
1624632619.06452942,3.50000000
1624632619.16453457,3.50000000
1624632619.26454878,3.50000000
1624632619.36458373,3.50000000
1624632619.46454167,3.50000000
1624632619.56449962,3.50000000
1624632619.66453195,3.50000000
1624632619.76453424,3.50000000
1624632619.86453247,3.50000000
1624632619.96459746,3.50000000
1624632620.06459355,3.50000000
1624632620.16453528,3.50000000
1624632620.26453876,3.50000000
1624632620.36455679,3.50000000
1624632620.46453953,3.50000000
1624632620.56454420,3.50000000
1624632620.66455913,3.50000000
1624632620.76460671,3.50000000
1624632620.86457491,3.50000000
1624632620.96453786,3.50000000
1624632621.06455302,3.50000000
1624632621.16454053,3.50000000
1624632621.26455212,3.50000000
1624632621.36454511,3.50000000
1624632621.46437812,3.50000000
1624632621.56461620,3.50000000
1624632621.66459727,3.50000000
1624632621.76461673,3.50000000
1624632621.86458492,3.50000000
1624632621.96454263,3.50000000
1624632622.06457567,3.50000000
1624632622.16454244,3.50000000
1624632622.26454186,3.50000000
1624632622.36456847,3.50000000
1624632622.46470237,3.50000000
1624632622.56456542,3.50000000
1624632622.66460061,3.50000000
1624632622.76460648,3.50000000
1624632622.86460352,3.50000000
1624632622.96459413,3.50000000
1624632623.06453609,3.50000000
1624632623.16453290,3.50000000
1624632623.26457024,3.50000000
1624632623.36456752,3.50000000
1624632623.46453166,3.50000000
1624632623.56453300,3.50000000
1624632623.66455078,3.50000000
1624632623.76454329,3.50000000
1624632623.86453581,3.50000000
1624632623.96463919,3.50000000
1624632624.06454396,3.50000000
1624632624.16456270,3.50000000
1624632624.26453280,3.50000000
1624632624.36453843,3.50000000
1624632624.46454000,3.50000000
1624632624.56454563,3.50000000
1624632624.66458154,3.50000000
1624632624.76462197,3.50000000
1624632624.86453772,3.50000000
1624632624.96454334,3.50000000
1624632625.06453395,3.50000000
1624632625.16453886,3.50000000
1624632625.26453924,3.50000000
1624632625.36460543,3.50000000
1624632625.46453905,3.50000000
1624632625.56455445,3.50000000
1624632625.66453171,3.50000000
1624632625.76453495,3.50000000
1624632625.86461878,3.50000000
1624632625.96453285,3.50000000
1624632626.06453538,3.50000000
1624632626.16454005,3.50000000
1624632626.26453972,3.50000000
1624632626.36456418,3.50000000
1624632626.46453810,3.50000000
1624632626.56462669,3.50000000
1624632626.66448808,3.50000000
1624632626.76454020,3.50000000
1624632626.86453342,3.50000000
1624632626.96453071,3.50000000
1624632627.06458426,3.50000000
1624632627.16453314,3.50000000
1624632627.26454115,3.50000000
1624632627.36454225,3.50000000
1624632627.46454120,3.50000000
1624632627.56453633,3.50000000
1624632627.66454744,3.50000000
1624632627.76454997,3.50000000
1624632627.86464500,3.50000000
1624632627.96463013,3.50000000
1624632628.06453967,3.50000000
1624632628.16460633,3.50000000
1624632628.26453829,3.50000000
1624632628.36454749,3.50000000
1624632628.46453452,3.50000000
1624632628.56441832,3.50000000
1624632628.66460538,3.50000000
1624632628.76456356,3.50000000
1624632628.86453772,3.50000000
1624632628.96461082,3.50000000
1624632629.06455755,3.50000000
1624632629.16455221,3.50000000
1624632629.26453233,3.50000000
1624632629.36454749,3.50000000
1624632629.46453691,3.50000000
1624632629.56453609,3.50000000
1624632629.66453433,3.50000000
1624632629.76461124,3.50000000
1624632629.86454415,3.50000000
1624632629.96453452,3.50000000
1624632630.06460953,3.50000000
1624632630.16454053,3.50000000
1624632630.26453590,3.50000000
1624632630.36454463,3.50000000
1624632630.46456409,3.50000000
1624632630.56457567,3.50000000
1624632630.66457009,3.50000000
1624632630.76456523,3.50000000
1624632630.86460543,3.50000000
1624632630.96460009,3.50000000
1624632631.06455898,3.50000000
1624632631.16461062,3.50000000
1624632631.26454306,3.50000000
1624632631.36464405,3.50000000
1624632631.46438193,3.50000000
1624632631.56453466,3.50000000
1624632631.66453195,3.50000000
1624632631.76441574,3.50000000
1624632631.86454868,3.50000000
1624632631.96457314,3.50000000
1624632632.06453872,3.50000000
1624632632.16455317,3.50000000
1624632632.26439142,3.50000000
1624632632.36453199,3.50000000
1624632632.46456480,3.50000000
1624632632.56454182,3.50000000
1624632632.66454315,3.50000000
1624632632.76451588,3.50000000
1624632632.86454988,3.50000000
1624632632.96453524,3.50000000
1624632633.06451201,3.50000000
1624632633.16464663,3.50000000
1624632633.26460695,3.50000000
1624632633.36458635,3.50000000
1624632633.46460152,3.50000000
1624632633.56453466,3.50000000
1624632633.66463351,3.50000000
1624632633.76454735,3.50000000
1624632633.86457729,3.50000000
1624632633.96455097,3.50000000
1624632634.06482482,3.50000000
1624632634.16458607,3.50000000
1624632634.26455808,3.50000000
1624632634.36453581,3.50000000
1624632634.46454692,3.50000000
1624632634.56457233,3.50000000
1624632634.66453862,3.50000000
1624632634.76450253,3.50000000
1624632634.86462355,3.50000000
1624632634.96449280,3.50000000
1624632635.06460738,3.50000000
1624632635.16454744,3.50000000
1624632635.26461339,3.50000000
1624632635.36462569,3.50000000
1624632635.46463656,3.50000000
1624632635.56453347,3.50000000
1624632635.66452670,3.50000000
1624632635.76470637,3.50000000
1624632635.86455703,3.50000000
1624632635.96454048,3.50000000
1624632636.06453538,3.50000000
1624632636.16454291,3.50000000
1624632636.26461482,3.50000000
1624632636.36460328,3.50000000
1624632636.46461368,3.50000000
1624632636.56459093,3.50000000
1624632636.66453242,3.50000000
1624632636.76456690,3.50000000
1624632636.86462641,3.50000000
1624632636.96453071,3.50000000
1624632637.06455898,3.50000000
1624632637.16454387,3.50000000
1624632637.26457119,3.50000000
1624632637.36454463,3.50000000
1624632637.46455598,3.50000000
1624632637.56453347,3.50000000
1624632637.66454482,3.50000000
1624632637.76459861,3.50000000
1624632637.86453485,3.50000000
1624632637.96453667,3.50000000
1624632638.06453609,3.50000000
1624632638.16453505,3.50000000
1624632638.26453829,3.50000000
1624632638.36453319,3.50000000
1624632638.46454430,3.50000000
1624632638.56452870,3.50000000
1624632638.66458392,3.50000000
1624632638.76454091,3.50000000
1624632638.86456060,3.50000000
1624632638.96454072,3.50000000
1624632639.06456566,3.50000000
1624632639.16455078,3.50000000
1624632639.26456308,3.50000000
1624632639.36453676,3.50000000
1624632639.46453500,3.50000000
1624632639.56454444,3.50000000
1624632639.66453195,3.50000000
1624632639.76453376,3.50000000
1624632639.86453056,3.50000000
1624632639.96455479,3.50000000
1624632640.06453276,3.50000000
1624632640.16453433,3.50000000
1624632640.26452923,3.50000000
1624632640.36459613,3.50000000
1624632640.46458983,3.50000000
1624632640.56454921,3.50000000
1624632640.66455960,3.50000000
1624632640.76449060,3.50000000
1624632640.86449361,3.50000000
1624632640.96465898,3.50000000
1624632641.06456494,3.50000000
1624632641.16460347,3.50000000
1624632641.26459169,3.50000000
1624632641.36453891,3.50000000
1624632641.46458530,3.50000000
1624632641.56463504,3.50000000
1624632641.66455173,3.50000000
1624632641.76453710,3.50000000
1624632641.86454606,3.50000000
1624632641.96456861,3.50000000
1624632642.06454062,3.50000000
1624632642.16460943,3.50000000
1624632642.26454496,3.50000000
1624632642.36454248,3.50000000
1624632642.46453571,3.50000000
1624632642.56455374,3.50000000
1624632642.66453886,3.50000000
1624632642.76455879,3.50000000
1624632642.86459875,3.50000000
1624632642.96454358,3.50000000
1624632643.06454134,3.50000000
1624632643.16455531,3.50000000
1624632643.26459384,3.50000000
1624632643.36462927,3.50000000
1624632643.46459842,3.50000000
1624632643.56461883,3.50000000
1624632643.66454911,3.50000000
1624632643.76454735,3.50000000
1624632643.86453414,3.50000000
1624632643.96454501,3.50000000
1624632644.06453562,3.50000000
1624632644.16453624,3.50000000
1624632644.26454401,3.50000000
1624632644.36461401,3.50000000
1624632644.46457219,3.50000000
1624632644.56456423,3.50000000
1624632644.66454053,3.50000000
1624632644.76455116,3.50000000
1624632644.86455822,3.50000000
1624632644.96463823,3.50000000
1624632645.06456637,3.50000000
1624632645.16454935,3.50000000
1624632645.26459336,3.50000000
1624632645.36455011,3.50000000
1624632645.46454477,3.50000000
1624632645.56454396,3.50000000
1624632645.66463542,3.50000000
1624632645.76453424,3.50000000
1624632645.86453509,3.50000000
1624632645.96453166,3.50000000
1624632646.06454229,3.50000000
1624632646.16454530,3.50000000
1624632646.26454496,3.50000000
1624632646.36454272,3.50000000
1624632646.46453714,3.50000000
1624632646.56453443,3.50000000
1624632646.66452265,3.50000000
1624632646.76456332,3.50000000
1624632646.86453843,3.50000000
1624632646.96463776,3.50000000
1624632647.06453586,3.50000000
1624632647.16455507,3.50000000
1624632647.26454282,3.50000000
1624632647.36457992,3.50000000
1624632647.46454000,3.50000000
1624632647.56462169,3.50000000
1624632647.66452885,3.50000000
1624632647.76453114,3.50000000
1624632647.86454177,3.50000000
1624632647.96455526,3.50000000
1624632648.06463981,3.50000000
1624632648.16461468,3.50000000
1624632648.26461625,3.50000000
1624632648.36452484,3.50000000
1624632648.46455288,3.50000000
1624632648.56454730,3.50000000
1624632648.66461563,3.50000000
1624632648.76456642,3.50000000
1624632648.86455750,3.50000000
1624632648.96454000,3.50000000
1624632649.06462431,3.50000000
1624632649.16453838,3.50000000
1624632649.26453948,3.50000000
1624632649.36453462,3.50000000
1624632649.46463537,3.50000000
1624632649.56456280,3.50000000
1624632649.66453576,3.50000000
1624632649.76454401,3.50000000
1624632649.86453962,3.50000000
1624632649.96454358,3.50000000
1624632650.06453419,3.50000000
1624632650.16455388,3.50000000
1624632650.26453447,3.50000000
1624632650.36453390,3.50000000
1624632650.46455073,3.50000000
1624632650.56454110,3.50000000
1624632650.66453719,3.50000000
1624632650.76456261,3.50000000
1624632650.86453319,3.50000000
1624632650.96457100,3.50000000
1624632651.06454659,3.50000000
1624632651.16453123,3.50000000
1624632651.26453590,3.50000000
1624632651.36454749,3.50000000
1624632651.46437812,3.50000000
1624632651.56454086,3.50000000
1624632651.66444063,3.50000000
1624632651.76454401,3.50000000
1624632651.86464930,3.50000000
1624632651.96456265,3.50000000
1624632652.06453919,3.50000000
1624632652.16454816,3.50000000
1624632652.26453686,3.50000000
1624632652.36454844,3.50000000
1624632652.46455050,3.50000000
1624632652.56456327,3.50000000
1624632652.66454506,3.50000000
1624632652.76454186,3.50000000
1624632652.86455107,3.50000000
1624632652.96456432,3.50000000
1624632653.06453919,3.50000000
1624632653.16453981,3.50000000
1624632653.26454568,3.50000000
1624632653.36455894,3.50000000
1624632653.46453738,3.50000000
1624632653.56470752,3.50000000
1624632653.66453910,3.50000000
1624632653.76456356,3.50000000
1624632653.86453795,3.50000000
1624632653.96451163,3.50000000
1624632654.06455779,3.50000000
1624632654.16457486,3.50000000
1624632654.26453376,3.50000000
1624632654.36453748,3.50000000
1624632654.46462512,3.50000000
1624632654.56458855,3.50000000
1624632654.66464257,3.50000000
1624632654.76453996,3.50000000
1624632654.86459708,3.50000000
1624632654.96462798,3.50000000
1624632655.06463313,3.50000000
1624632655.16463637,3.50000000
1624632655.26461482,3.50000000
1624632655.36463523,3.50000000
1624632655.46454477,3.50000000
1624632655.56454897,3.50000000
1624632655.66456866,3.50000000
1624632655.76454639,3.50000000
1624632655.86455941,3.50000000
1624632655.96454287,3.50000000
1624632656.06458378,3.50000000
1624632656.16454792,3.50000000
1624632656.26455140,3.50000000
1624632656.36455846,3.50000000
1624632656.46455193,3.50000000
1624632656.56457973,3.50000000
1624632656.66454744,3.50000000
1624632656.76455212,3.50000000
1624632656.86463070,3.50000000
1624632656.96463323,3.50000000
1624632657.06465721,3.50000000
1624632657.16462421,3.50000000
1624632657.26455665,3.50000000
1624632657.36457372,3.50000000
1624632657.46455026,3.50000000
1624632657.56463146,3.50000000
1624632657.66461253,3.50000000
1624632657.76455045,3.50000000
1624632657.86455488,3.50000000
1624632657.96455717,3.50000000
1624632658.06470895,3.50000000
1624632658.16465855,3.50000000
1624632658.26455379,3.50000000
1624632658.36455107,3.50000000
1624632658.46439028,3.50000000
1624632658.56467772,3.50000000
1624632658.66455340,3.50000000
1624632658.76438594,3.50000000
1624632658.86454034,3.50000000
1624632658.96469831,3.50000000
1624632659.06454802,3.50000000
