Seconds,ChildArea,Child Observation Distance,Robot bounds proximity
1624632601.79295683,0,0.00000000,0.00000000
1624632601.89286232,0,0.00000000,0.00000000
1624632601.99289870,0,0.00000000,0.00000000
1624632602.09291649,0,0.00000000,0.00000000
1624632602.19284415,0,0.00000000,0.00000000
1624632602.29283643,0,0.00000000,0.00000000
1624632602.39289761,0,0.00000000,0.00000000
1624632602.49284625,0,0.00000000,0.00000000
1624632602.59290004,0,0.00000000,0.00000000
1624632602.69292331,0,0.00000000,0.00000000
1624632602.79293084,0,0.00000000,0.00000000
1624632602.89292097,0,0.00000000,0.00000000
1624632602.99292135,0,0.00000000,0.00000000
1624632603.09292150,0,0.00000000,0.00000000
1624632603.19292140,0,0.00000000,0.00000000
1624632603.29292035,0,0.00000000,0.00000000
1624632603.39287591,0,0.00000000,0.00000000
1624632603.49286056,0,0.00000000,0.00000000
1624632603.59287238,0,0.00000000,0.00000000
1624632603.69286871,0,0.00000000,0.00000000
1624632603.79292083,0,0.00000000,0.00000000
1624632603.89292073,0,0.00000000,0.00000000
1624632603.99288011,0,0.00000000,0.00000000
1624632604.09287381,0,0.00000000,0.00000000
1624632604.09313869,2,0.00000000,0.00000000
1624632604.19292784,2,0.00000000,0.00000000
1624632604.19317794,2,0.00000000,0.00000000
1624632604.29292727,2,0.00000000,0.00000000
1624632604.29315829,2,0.00000000,0.00000000
1624632604.39291668,2,0.00000000,0.00000000
1624632604.39318705,2,0.00000000,0.00000000
1624632604.49289155,2,0.00000000,0.00000000
1624632604.49317718,2,0.00000000,0.00000000
1624632604.59292793,2,0.00000000,0.00000000
1624632604.59327650,2,0.00000000,0.00000000
1624632604.69288397,2,0.00000000,0.00000000
1624632604.69313717,2,0.00000000,0.00000000
1624632604.79287958,2,0.00000000,0.00000000
1624632604.79315019,2,0.00000000,0.00000000
1624632604.89289427,2,0.00000000,0.00000000
1624632604.89313531,2,0.00000000,0.00000000
1624632604.99288940,2,0.00000000,0.00000000
1624632604.99327207,2,0.00000000,0.00000000
1624632605.09290910,2,0.00000000,0.00000000
1624632605.09316468,2,0.00000000,0.00000000
1624632605.19288898,2,0.00000000,0.00000000
1624632605.19313049,2,0.00000000,0.00000000
1624632605.29289150,2,0.00000000,0.00000000
1624632605.29317951,2,0.00000000,0.00000000
1624632605.39291668,2,0.00000000,0.00000000
1624632605.39315200,2,0.00000000,0.00000000
1624632605.49289727,2,0.00000000,0.00000000
1624632605.49318504,2,0.00000000,0.00000000
1624632605.59285474,2,0.00000000,0.00000000
1624632605.59297228,2,0.00000000,0.00000000
1624632605.69287038,2,0.00000000,0.00000000
1624632605.69294167,2,0.00000000,0.00000000
1624632605.79289031,2,0.00000000,0.00000000
1624632605.79302621,2,0.00000000,0.00000000
1624632605.89287686,2,0.00000000,0.00000000
1624632605.89295173,2,0.00000000,0.00000000
1624632605.99288106,2,0.00000000,0.00000000
1624632605.99294949,2,0.00000000,0.00000000
1624632606.09288669,2,0.00000000,0.00000000
1624632606.09312129,2,0.00000000,0.00000000
1624632606.19288635,2,0.00000000,0.00000000
1624632606.19322801,2,0.00000000,0.00000000
1624632606.29293132,2,0.00000000,0.00000000
1624632606.29324937,2,0.00000000,0.00000000
1624632606.39288855,2,0.00000000,0.00000000
1624632606.39315987,2,0.00000000,0.00000000
1624632606.49289727,2,0.00000000,0.00000000
1624632606.49317670,2,0.00000000,0.00000000
1624632606.59289837,2,0.00000000,0.00000000
1624632606.59317446,2,0.00000000,0.00000000
1624632606.69293284,2,0.00000000,0.00000000
1624632606.69317842,2,0.00000000,0.00000000
1624632606.79292703,2,0.00000000,0.00000000
1624632606.79328036,2,0.00000000,0.00000000
1624632606.89288950,2,0.00000000,0.00000000
1624632606.89314032,2,0.00000000,0.00000000
1624632606.99291396,2,0.00000000,0.00000000
1624632606.99316931,2,0.00000000,0.00000000
1624632607.09293103,2,0.00000000,0.00000000
1624632607.09317446,2,0.00000000,0.00000000
1624632607.19289112,2,0.00000000,0.00000000
1624632607.19326568,2,0.00000000,0.00000000
1624632607.29293156,2,0.00000000,0.00000000
1624632607.29317880,2,0.00000000,0.00000000
1624632607.39288592,2,0.00000000,0.00000000
1624632607.39311457,2,0.00000000,0.00000000
1624632607.49294209,2,0.00000000,0.00000000
1624632607.49331665,2,0.00000000,0.00000000
1624632607.59292746,2,0.00000000,0.00000000
1624632607.59319019,2,0.00000000,0.00000000
1624632607.69289541,2,0.00000000,0.00000000
1624632607.69327879,2,0.00000000,0.00000000
1624632607.79291630,2,0.00000000,0.00000000
1624632607.79305291,2,0.00000000,0.00000000
1624632607.89287305,2,0.00000000,0.00000000
1624632607.89294434,2,0.00000000,0.00000000
1624632607.99287677,2,0.00000000,0.00000000
1624632607.99296665,2,0.00000000,0.00000000
1624632608.09287429,2,0.00000000,0.00000000
1624632608.09295249,2,0.00000000,0.00000000
1624632608.19286680,2,0.00000000,0.00000000
1624632608.19297838,2,0.00000000,0.00000000
1624632608.29287982,2,0.00000000,0.00000000
1624632608.29296303,2,0.00000000,0.00000000
1624632608.39290261,2,0.00000000,0.00000000
1624632608.39334774,2,0.00000000,0.00000000
1624632608.49291134,2,0.00000000,0.00000000
1624632608.49324155,2,0.00000000,0.00000000
1624632608.59290385,2,0.00000000,0.00000000
1624632608.59328532,2,0.00000000,0.00000000
1624632608.69290090,2,0.00000000,0.00000000
1624632608.69327879,2,0.00000000,0.00000000
1624632608.79290819,2,0.00000000,0.00000000
1624632608.79335237,2,0.00000000,0.00000000
1624632608.89291358,2,0.00000000,0.00000000
1624632608.89319468,2,0.00000000,0.00000000
1624632608.99288607,2,0.00000000,0.00000000
1624632608.99313354,2,0.00000000,0.00000000
1624632609.09288931,2,0.00000000,0.00000000
1624632609.09319186,2,0.00000000,0.00000000
1624632609.19286203,2,0.00000000,0.00000000
1624632609.19302583,2,0.00000000,0.00000000
1624632609.29288840,2,0.00000000,0.00000000
1624632609.29315376,2,0.00000000,0.00000000
1624632609.39288735,2,0.00000000,0.00000000
1624632609.39324999,2,0.00000000,0.00000000
1624632609.49293113,2,0.00000000,0.00000000
1624632609.49323320,2,0.00000000,0.00000000
1624632609.59288573,2,0.00000000,0.00000000
1624632609.59317851,2,0.00000000,0.00000000
1624632609.69289589,2,0.00000000,0.00000000
1624632609.69318819,2,0.00000000,0.00000000
1624632609.79293513,2,0.00000000,0.00000000
1624632609.79318023,2,0.00000000,0.00000000
1624632609.89289355,2,0.00000000,0.00000000
1624632609.89326286,2,0.00000000,0.00000000
1624632609.99287319,2,0.00000000,0.00000000
1624632609.99295735,2,0.00000000,0.00000000
1624632610.09289026,2,0.00000000,0.00000000
1624632610.09330869,2,0.00000000,0.00000000
1624632610.19294667,2,0.00000000,0.00000000
1624632610.19324374,2,0.00000000,0.00000000
1624632610.29291058,2,0.00000000,0.00000000
1624632610.29336619,2,0.00000000,0.00000000
1624632610.39294171,2,0.00000000,0.00000000
1624632610.39318395,2,0.00000000,0.00000000
1624632610.49292827,2,0.00000000,0.00000000
1624632610.49322915,2,0.00000000,0.00000000
1624632610.59291434,2,0.00000000,0.00000000
1624632610.59327388,2,0.00000000,0.00000000
1624632610.69288754,2,0.00000000,0.00000000
1624632610.69313312,2,0.00000000,0.00000000
1624632610.79287124,2,0.00000000,0.00000000
1624632610.79294944,2,0.00000000,0.00000000
1624632610.89292860,2,0.00000000,0.00000000
1624632610.89328480,2,0.00000000,0.00000000
1624632610.99291253,2,0.00000000,0.00000000
1624632610.99330211,2,0.00000000,0.00000000
1624632611.09293509,2,0.00000000,0.00000000
1624632611.09319425,2,0.00000000,0.00000000
1624632611.19289804,2,0.00000000,0.00000000
1624632611.19329453,2,0.00000000,0.00000000
1624632611.29289675,2,0.00000000,0.00000000
1624632611.29314446,2,0.00000000,0.00000000
1624632611.39290905,2,0.00000000,0.00000000
1624632611.39337111,2,0.00000000,0.00000000
1624632611.49288845,2,0.00000000,0.00000000
1624632611.49313045,2,0.00000000,0.00000000
1624632611.59292984,2,0.00000000,0.00000000
1624632611.59328508,2,0.00000000,0.00000000
1624632611.69286799,2,0.00000000,0.00000000
1624632611.69297028,2,0.00000000,0.00000000
1624632611.79287982,2,0.00000000,0.00000000
1624632611.79299212,2,0.00000000,0.00000000
1624632611.89292526,2,0.00000000,0.00000000
1624632611.89325356,2,0.00000000,0.00000000
1624632611.99296260,2,0.00000000,0.00000000
1624632611.99338698,2,0.00000000,0.00000000
1624632612.09293389,2,0.00000000,0.00000000
1624632612.09324265,2,0.00000000,0.00000000
1624632612.19290137,2,0.00000000,0.00000000
1624632612.19322944,2,0.00000000,0.00000000
1624632612.29289937,2,0.00000000,0.00000000
1624632612.29316187,2,0.00000000,0.00000000
1624632612.39287496,2,0.00000000,0.00000000
1624632612.39299631,2,0.00000000,0.00000000
1624632612.49288750,2,0.00000000,0.00000000
1624632612.49316072,2,0.00000000,0.00000000
1624632612.59289289,2,0.00000000,0.00000000
1624632612.59322834,2,0.00000000,0.00000000
1624632612.69289136,2,0.00000000,0.00000000
1624632612.69313335,2,0.00000000,0.00000000
1624632612.79289365,2,0.00000000,0.00000000
1624632612.79323101,2,0.00000000,0.00000000
1624632612.89292955,2,0.00000000,0.00000000
1624632612.89337802,2,0.00000000,0.00000000
1624632612.99294281,2,0.00000000,0.00000000
1624632612.99329710,2,0.00000000,0.00000000
1624632613.09288502,2,0.00000000,0.00000000
1624632613.09319234,2,0.00000000,0.00000000
1624632613.19290185,2,0.00000000,0.00000000
1624632613.19329405,2,0.00000000,0.00000000
1624632613.29293895,2,0.00000000,0.00000000
1624632613.29318619,2,0.00000000,0.00000000
1624632613.39293456,2,0.00000000,0.00000000
1624632613.39323950,2,0.00000000,0.00000000
1624632613.49293756,2,0.00000000,0.00000000
1624632613.49317241,2,0.00000000,0.00000000
1624632613.59290767,2,0.00000000,0.00000000
1624632613.59326100,2,0.00000000,0.00000000
1624632613.69289732,2,0.00000000,0.00000000
1624632613.69316411,2,0.00000000,0.00000000
1624632613.79288912,2,0.00000000,0.00000000
1624632613.79319549,2,0.00000000,0.00000000
1624632613.89292884,2,0.00000000,0.00000000
1624632613.89324498,2,0.00000000,0.00000000
1624632613.99293232,2,0.00000000,0.00000000
1624632613.99334693,2,0.00000000,0.00000000
1624632614.09293270,2,0.00000000,0.00000000
1624632614.09317684,2,0.00000000,0.00000000
1624632614.19292974,2,0.00000000,0.00000000
1624632614.19317937,2,0.00000000,0.00000000
1624632614.29289246,2,0.00000000,0.00000000
1624632614.29313540,2,0.00000000,0.00000000
1624632614.39289665,2,0.00000000,0.00000000
1624632614.39317870,2,0.00000000,0.00000000
1624632614.49292874,2,0.00000000,0.00000000
1624632614.49322844,2,0.00000000,0.00000000
1624632614.59290051,2,0.00000000,0.00000000
1624632614.59329677,2,0.00000000,0.00000000
1624632614.69291139,2,0.00000000,0.00000000
1624632614.69315815,2,0.00000000,0.00000000
1624632614.79293203,2,0.00000000,0.00000000
1624632614.79324627,2,0.00000000,0.00000000
1624632614.89293075,2,0.00000000,0.00000000
1624632614.89319086,2,0.00000000,0.00000000
1624632614.99291754,2,0.00000000,0.00000000
1624632614.99316549,2,0.00000000,0.00000000
1624632615.09292579,2,0.00000000,0.00000000
1624632615.09317160,2,0.00000000,0.00000000
1624632615.19294024,2,0.00000000,0.00000000
1624632615.19323492,2,0.00000000,0.00000000
1624632615.29291725,2,0.00000000,0.00000000
1624632615.29317474,2,0.00000000,0.00000000
1624632615.39293098,2,0.00000000,0.00000000
1624632615.39318585,2,0.00000000,0.00000000
1624632615.49292874,2,0.00000000,0.00000000
1624632615.49317312,2,0.00000000,0.00000000
1624632615.59289169,2,0.00000000,0.00000000
1624632615.59323215,2,0.00000000,0.00000000
1624632615.69289446,2,0.00000000,0.00000000
1624632615.69315290,2,0.00000000,0.00000000
1624632615.79293108,2,0.00000000,0.00000000
1624632615.79324055,2,0.00000000,0.00000000
1624632615.89293098,2,0.00000000,0.00000000
1624632615.89317560,2,0.00000000,0.00000000
1624632615.99293733,2,0.00000000,0.00000000
1624632615.99325132,2,0.00000000,0.00000000
1624632616.09289885,2,0.00000000,0.00000000
1624632616.09333348,2,0.00000000,0.00000000
1624632616.19291091,2,0.00000000,0.00000000
1624632616.19337034,2,0.00000000,0.00000000
1624632616.29291153,2,0.00000000,0.00000000
1624632616.29335237,2,0.00000000,0.00000000
1624632616.39289212,2,0.00000000,0.00000000
1624632616.39316010,2,0.00000000,0.00000000
1624632616.49293208,2,0.00000000,0.00000000
1624632616.49324584,2,0.00000000,0.00000000
1624632616.59294105,2,0.00000000,0.00000000
1624632616.59326124,2,0.00000000,0.00000000
1624632616.69289613,2,0.00000000,0.00000000
1624632616.69318676,2,0.00000000,0.00000000
1624632616.79290962,2,0.00000000,0.00000000
1624632616.79329300,2,0.00000000,0.00000000
1624632616.89288950,2,0.00000000,0.00000000
1624632616.89314842,2,0.00000000,0.00000000
1624632616.99288630,2,0.00000000,0.00000000
1624632616.99313211,2,0.00000000,0.00000000
1624632617.09288955,2,0.00000000,0.00000000
1624632617.09327078,2,0.00000000,0.00000000
1624632617.19293880,2,0.00000000,0.00000000
1624632617.19337344,2,0.00000000,0.00000000
1624632617.29292536,2,0.00000000,0.00000000
1624632617.29318190,2,0.00000000,0.00000000
1624632617.39292693,2,0.00000000,0.00000000
1624632617.39316702,2,0.00000000,0.00000000
1624632617.49293566,2,0.00000000,0.00000000
1624632617.49318409,2,0.00000000,0.00000000
1624632617.59293318,2,0.00000000,0.00000000
1624632617.59316897,2,0.00000000,0.00000000
1624632617.69288921,2,0.00000000,0.00000000
1624632617.69315243,2,0.00000000,0.00000000
1624632617.79289079,2,0.00000000,0.00000000
1624632617.79313254,2,0.00000000,0.00000000
1624632617.89289355,2,0.00000000,0.00000000
1624632617.89314818,2,0.00000000,0.00000000
1624632617.99293137,2,0.00000000,0.00000000
1624632617.99323630,2,0.00000000,0.00000000
1624632618.09288836,2,0.00000000,0.00000000
1624632618.09312606,2,0.00000000,0.00000000
1624632618.19289207,2,0.00000000,0.00000000
1624632618.19314432,2,0.00000000,0.00000000
1624632618.29292417,2,0.00000000,0.00000000
1624632618.29318166,2,0.00000000,0.00000000
1624632618.39290428,2,0.00000000,0.00000000
1624632618.39330578,2,0.00000000,0.00000000
1624632618.49288511,2,0.00000000,0.00000000
1624632618.49316239,2,0.00000000,0.00000000
1624632618.59288430,2,0.00000000,0.00000000
1624632618.59316206,2,0.00000000,0.00000000
1624632618.69288683,2,0.00000000,0.00000000
1624632618.69311523,2,0.00000000,0.00000000
1624632618.79293871,2,0.00000000,0.00000000
1624632618.79317474,2,0.00000000,0.00000000
1624632618.89292431,2,0.00000000,0.00000000
1624632618.89318228,2,0.00000000,0.00000000
1624632618.99293065,2,0.00000000,0.00000000
1624632618.99316835,2,0.00000000,0.00000000
1624632619.09290218,2,0.00000000,0.00000000
1624632619.09334016,2,0.00000000,0.00000000
1624632619.19290423,2,0.00000000,0.00000000
1624632619.19325781,2,0.00000000,0.00000000
1624632619.29290891,2,0.00000000,0.00000000
1624632619.29333639,2,0.00000000,0.00000000
1624632619.39291143,2,0.00000000,0.00000000
1624632619.39323664,2,0.00000000,0.00000000
1624632619.49288440,2,0.00000000,0.00000000
1624632619.49313879,2,0.00000000,0.00000000
1624632619.59290886,2,0.00000000,0.00000000
1624632619.59315872,2,0.00000000,0.00000000
1624632619.69291019,2,0.00000000,0.00000000
1624632619.69317698,2,0.00000000,0.00000000
1624632619.79289150,2,0.00000000,0.00000000
1624632619.79316282,2,0.00000000,0.00000000
1624632619.89292645,2,0.00000000,0.00000000
1624632619.89322448,2,0.00000000,0.00000000
1624632619.99290609,2,0.00000000,0.00000000
1624632619.99316764,2,0.00000000,0.00000000
1624632620.09288979,2,0.00000000,0.00000000
1624632620.09313893,2,0.00000000,0.00000000
1624632620.19292331,2,0.00000000,0.00000000
1624632620.19316983,2,0.00000000,0.00000000
1624632620.29292417,2,0.00000000,0.00000000
1624632620.29324341,2,0.00000000,0.00000000
1624632620.39288568,2,0.00000000,0.00000000
1624632620.39316797,2,0.00000000,0.00000000
1624632620.49292898,2,0.00000000,0.00000000
1624632620.49323535,2,0.00000000,0.00000000
1624632620.59289026,2,0.00000000,0.00000000
1624632620.59315944,2,0.00000000,0.00000000
1624632620.69288301,2,0.00000000,0.00000000
1624632620.69316649,2,0.00000000,0.00000000
1624632620.79288816,2,0.00000000,0.00000000
1624632620.79316020,2,0.00000000,0.00000000
1624632620.89290047,2,0.00000000,0.00000000
1624632620.89319491,2,0.00000000,0.00000000
1624632620.99290800,2,0.00000000,0.00000000
1624632620.99315882,2,0.00000000,0.00000000
1624632621.09288621,2,0.00000000,0.00000000
1624632621.09316421,2,0.00000000,0.00000000
1624632621.19289994,2,0.00000000,0.00000000
1624632621.19333243,2,0.00000000,0.00000000
1624632621.29289031,2,0.00000000,0.00000000
1624632621.29312134,2,0.00000000,0.00000000
1624632621.39288735,2,0.00000000,0.00000000
1624632621.39314628,2,0.00000000,0.00000000
1624632621.49287701,2,0.00000000,0.00000000
1624632621.49297214,2,0.00000000,0.00000000
1624632621.59292555,2,0.00000000,0.00000000
1624632621.59318829,2,0.00000000,0.00000000
1624632621.69289780,2,0.00000000,0.00000000
1624632621.69315767,2,0.00000000,0.00000000
1624632621.79288411,2,0.00000000,0.00000000
1624632621.79319477,2,0.00000000,0.00000000
1624632621.89289260,2,0.00000000,0.00000000
1624632621.89313149,2,0.00000000,0.00000000
1624632621.99290752,2,0.00000000,0.00000000
1624632621.99318576,2,0.00000000,0.00000000
1624632622.09291053,2,0.00000000,0.00000000
1624632622.09330392,2,0.00000000,0.00000000
1624632622.19289446,2,0.00000000,0.00000000
1624632622.19323134,2,0.00000000,0.00000000
1624632622.29290056,2,0.00000000,0.00000000
1624632622.29327726,2,0.00000000,0.00000000
1624632622.39292502,2,0.00000000,0.00000000
1624632622.39318061,2,0.00000000,0.00000000
1624632622.49290514,2,0.00000000,0.00000000
1624632622.49323463,2,0.00000000,0.00000000
1624632622.59288836,2,0.00000000,0.00000000
1624632622.59318185,2,0.00000000,0.00000000
1624632622.69293237,2,0.00000000,0.00000000
1624632622.69324040,2,0.00000000,0.00000000
1624632622.79292703,2,0.00000000,0.00000000
1624632622.79317117,2,0.00000000,0.00000000
1624632622.89292574,2,0.00000000,0.00000000
1624632622.89328671,2,0.00000000,0.00000000
1624632622.99293590,2,0.00000000,0.00000000
1624632622.99316883,2,0.00000000,0.00000000
1624632623.09292316,2,0.00000000,0.00000000
1624632623.09317422,2,0.00000000,0.00000000
1624632623.19289494,2,0.00000000,0.00000000
1624632623.19316196,2,0.00000000,0.00000000
1624632623.29293013,2,0.00000000,0.00000000
1624632623.29327273,2,0.00000000,0.00000000
1624632623.39291143,2,0.00000000,0.00000000
1624632623.39329791,2,0.00000000,0.00000000
1624632623.49290609,2,0.00000000,0.00000000
1624632623.49333763,2,0.00000000,0.00000000
1624632623.59293795,2,0.00000000,0.00000000
1624632623.59323573,2,0.00000000,0.00000000
1624632623.69289446,2,0.00000000,0.00000000
1624632623.69317579,2,0.00000000,0.00000000
1624632623.79293203,2,0.00000000,0.00000000
1624632623.79317570,2,0.00000000,0.00000000
1624632623.89288783,2,0.00000000,0.00000000
1624632623.89315057,2,0.00000000,0.00000000
1624632623.99289489,2,0.00000000,0.00000000
1624632623.99328065,2,0.00000000,0.00000000
1624632624.09293389,2,0.00000000,0.00000000
1624632624.09317827,2,0.00000000,0.00000000
1624632624.19289970,2,0.00000000,0.00000000
1624632624.19317961,2,0.00000000,0.00000000
1624632624.29289436,2,0.00000000,0.00000000
1624632624.29318285,2,0.00000000,0.00000000
1624632624.39288568,2,0.00000000,0.00000000
1624632624.39312553,2,0.00000000,0.00000000
1624632624.49292517,2,0.00000000,0.00000000
1624632624.49327445,2,0.00000000,0.00000000
1624632624.59292722,2,0.00000000,0.00000000
1624632624.59328723,2,0.00000000,0.00000000
1624632624.69289231,2,0.00000000,0.00000000
1624632624.69316506,2,0.00000000,0.00000000
1624632624.79289865,2,0.00000000,0.00000000
1624632624.79326725,2,0.00000000,0.00000000
1624632624.89290667,2,0.00000000,0.00000000
1624632624.89333153,2,0.00000000,0.00000000
1624632624.99289346,2,0.00000000,0.00000000
1624632624.99318051,2,0.00000000,0.00000000
1624632625.09288716,2,0.00000000,0.00000000
1624632625.09326434,2,0.00000000,0.00000000
1624632625.19292545,2,0.00000000,0.00000000
1624632625.19317532,2,0.00000000,0.00000000
1624632625.29290271,2,0.00000000,0.00000000
1624632625.29331374,2,0.00000000,0.00000000
1624632625.39288807,2,0.00000000,0.00000000
1624632625.39316368,2,0.00000000,0.00000000
1624632625.49289536,2,0.00000000,0.00000000
1624632625.49313116,2,0.00000000,0.00000000
1624632625.59288549,2,0.00000000,0.00000000
1624632625.59313822,2,0.00000000,0.00000000
1624632625.69289422,2,0.00000000,0.00000000
1624632625.69315028,2,0.00000000,0.00000000
1624632625.79293561,2,0.00000000,0.00000000
1624632625.79317284,2,0.00000000,0.00000000
1624632625.89292550,2,0.00000000,0.00000000
1624632625.89326096,2,0.00000000,0.00000000
1624632625.99288702,2,0.00000000,0.00000000
1624632625.99313903,2,0.00000000,0.00000000
1624632626.09292531,2,0.00000000,0.00000000
1624632626.09317684,2,0.00000000,0.00000000
1624632626.19293189,2,0.00000000,0.00000000
1624632626.19318414,2,0.00000000,0.00000000
1624632626.29288721,2,0.00000000,0.00000000
1624632626.29312181,2,0.00000000,0.00000000
1624632626.39293647,2,0.00000000,0.00000000
1624632626.39330244,2,0.00000000,0.00000000
1624632626.49289107,2,0.00000000,0.00000000
1624632626.49316955,2,0.00000000,0.00000000
1624632626.59293151,2,0.00000000,0.00000000
1624632626.59317613,2,0.00000000,0.00000000
1624632626.69293308,2,0.00000000,0.00000000
1624632626.69317460,2,0.00000000,0.00000000
1624632626.79289460,2,0.00000000,0.00000000
1624632626.79317117,2,0.00000000,0.00000000
1624632626.89290094,2,0.00000000,0.00000000
1624632626.89319301,2,0.00000000,0.00000000
1624632626.99290609,2,0.00000000,0.00000000
1624632626.99333906,2,0.00000000,0.00000000
1624632627.09292912,2,0.00000000,0.00000000
1624632627.09322906,2,0.00000000,0.00000000
1624632627.19292688,2,0.00000000,0.00000000
1624632627.19317031,2,0.00000000,0.00000000
1624632627.29293752,2,0.00000000,0.00000000
1624632627.29327965,2,0.00000000,0.00000000
1624632627.39291310,2,0.00000000,0.00000000
1624632627.39332891,2,0.00000000,0.00000000
1624632627.49290562,2,0.00000000,0.00000000
1624632627.49324965,2,0.00000000,0.00000000
1624632627.59292793,2,0.00000000,0.00000000
1624632627.59316945,2,0.00000000,0.00000000
1624632627.69293833,2,0.00000000,0.00000000
1624632627.69324207,2,0.00000000,0.00000000
1624632627.79289341,2,0.00000000,0.00000000
1624632627.79317307,2,0.00000000,0.00000000
1624632627.89290476,2,0.00000000,0.00000000
1624632627.89317918,2,0.00000000,0.00000000
1624632627.99293017,2,0.00000000,0.00000000
1624632627.99330258,2,0.00000000,0.00000000
1624632628.09294343,2,0.00000000,0.00000000
1624632628.09324384,2,0.00000000,0.00000000
1624632628.19293070,2,0.00000000,0.00000000
1624632628.19317412,2,0.00000000,0.00000000
1624632628.29293442,2,0.00000000,0.00000000
1624632628.29318738,2,0.00000000,0.00000000
1624632628.39292264,2,0.00000000,0.00000000
1624632628.39318252,2,0.00000000,0.00000000
1624632628.49291706,2,0.00000000,0.00000000
1624632628.49327302,2,0.00000000,0.00000000
1624632628.59288979,2,0.00000000,0.00000000
1624632628.59312201,2,0.00000000,0.00000000
1624632628.69290733,2,0.00000000,0.00000000
1624632628.69328928,2,0.00000000,0.00000000
1624632628.79293299,2,0.00000000,0.00000000
1624632628.79318357,2,0.00000000,0.00000000
1624632628.89294291,2,0.00000000,0.00000000
1624632628.89330363,2,0.00000000,0.00000000
1624632628.99292707,2,0.00000000,0.00000000
1624632628.99322772,2,0.00000000,0.00000000
1624632629.09288263,2,0.00000000,0.00000000
1624632629.09314370,2,0.00000000,0.00000000
1624632629.19293070,2,0.00000000,0.00000000
1624632629.19322729,2,0.00000000,0.00000000
1624632629.29292274,2,0.00000000,0.00000000
1624632629.29319572,2,0.00000000,0.00000000
1624632629.39289236,2,0.00000000,0.00000000
1624632629.39313769,2,0.00000000,0.00000000
1624632629.49290276,2,0.00000000,0.00000000
1624632629.49313354,2,0.00000000,0.00000000
1624632629.59290957,2,0.00000000,0.00000000
1624632629.59327173,2,0.00000000,0.00000000
1624632629.69292688,2,0.00000000,0.00000000
1624632629.69316959,2,0.00000000,0.00000000
1624632629.79288483,2,0.00000000,0.00000000
1624632629.79319572,2,0.00000000,0.00000000
1624632629.89288974,2,0.00000000,0.00000000
1624632629.89317799,2,0.00000000,0.00000000
1624632629.99293256,2,0.00000000,0.00000000
1624632629.99319291,2,0.00000000,0.00000000
1624632630.09288716,2,0.00000000,0.00000000
1624632630.09312391,2,0.00000000,0.00000000
1624632630.19290161,2,0.00000000,0.00000000
1624632630.19325137,2,0.00000000,0.00000000
1624632630.29288578,2,0.00000000,0.00000000
1624632630.29311728,2,0.00000000,0.00000000
1624632630.39290452,2,0.00000000,0.00000000
1624632630.39314198,2,0.00000000,0.00000000
1624632630.49292588,2,0.00000000,0.00000000
1624632630.49317551,2,0.00000000,0.00000000
1624632630.59288931,2,0.00000000,0.00000000
1624632630.59324050,2,0.00000000,0.00000000
1624632630.69290280,2,0.00000000,0.00000000
1624632630.69334030,2,0.00000000,0.00000000
1624632630.79293346,2,0.00000000,0.00000000
1624632630.79328108,2,0.00000000,0.00000000
1624632630.89288759,2,0.00000000,0.00000000
1624632630.89323115,2,0.00000000,0.00000000
1624632630.99288511,2,0.00000000,0.00000000
1624632630.99312210,2,0.00000000,0.00000000
1624632631.09292531,2,0.00000000,0.00000000
1624632631.09316540,2,0.00000000,0.00000000
1624632631.19288611,2,0.00000000,0.00000000
1624632631.19312310,2,0.00000000,0.00000000
1624632631.29288912,2,0.00000000,0.00000000
1624632631.29316640,2,0.00000000,0.00000000
1624632631.39290118,2,0.00000000,0.00000000
1624632631.39330435,2,0.00000000,0.00000000
1624632631.49289942,2,0.00000000,0.00000000
1624632631.49314690,2,0.00000000,0.00000000
1624632631.59293413,2,0.00000000,0.00000000
1624632631.59323549,2,0.00000000,0.00000000
1624632631.69293809,2,0.00000000,0.00000000
1624632631.69317746,2,0.00000000,0.00000000
1624632631.79290915,2,0.00000000,0.00000000
1624632631.79305887,2,0.00000000,0.00000000
1624632631.89292955,2,0.00000000,0.00000000
1624632631.89316630,2,0.00000000,0.00000000
1624632631.99292684,2,0.00000000,0.00000000
1624632631.99317694,2,0.00000000,0.00000000
1624632632.09289074,2,0.00000000,0.00000000
1624632632.09312224,2,0.00000000,0.00000000
1624632632.19290948,2,0.00000000,0.00000000
1624632632.19316435,2,0.00000000,0.00000000
1624632632.29288864,2,0.00000000,0.00000000
1624632632.29322934,2,0.00000000,0.00000000
1624632632.39292550,2,0.00000000,0.00000000
1624632632.39316273,2,0.00000000,0.00000000
1624632632.49292922,2,0.00000000,0.00000000
1624632632.49327922,2,0.00000000,0.00000000
1624632632.59290409,2,0.00000000,0.00000000
1624632632.59327579,2,0.00000000,0.00000000
1624632632.69289708,2,0.00000000,0.00000000
1624632632.69326711,2,0.00000000,0.00000000
1624632632.79288816,2,0.00000000,0.00000000
1624632632.79329419,2,0.00000000,0.00000000
1624632632.89289784,2,0.00000000,0.00000000
1624632632.89313889,2,0.00000000,0.00000000
1624632632.99295330,2,0.00000000,0.00000000
1624632632.99323034,2,0.00000000,0.00000000
1624632633.09288645,2,0.00000000,0.00000000
1624632633.09318900,2,0.00000000,0.00000000
1624632633.19289017,2,0.00000000,0.00000000
1624632633.19319034,2,0.00000000,0.00000000
1624632633.29293776,2,0.00000000,0.00000000
1624632633.29318905,2,0.00000000,0.00000000
1624632633.39290929,2,0.00000000,0.00000000
1624632633.39325881,2,0.00000000,0.00000000
1624632633.49293137,2,0.00000000,0.00000000
1624632633.49318004,2,0.00000000,0.00000000
1624632633.59293485,2,0.00000000,0.00000000
1624632633.59323454,2,0.00000000,0.00000000
1624632633.69291472,2,0.00000000,0.00000000
1624632633.69315410,2,0.00000000,0.00000000
1624632633.79293394,2,0.00000000,0.00000000
1624632633.79318595,2,0.00000000,0.00000000
1624632633.89288616,2,0.00000000,0.00000000
1624632633.89327383,2,0.00000000,0.00000000
1624632633.99289465,2,0.00000000,0.00000000
1624632633.99313879,2,0.00000000,0.00000000
1624632634.09293699,2,0.00000000,0.00000000
1624632634.09330225,2,0.00000000,0.00000000
1624632634.19291258,2,0.00000000,0.00000000
1624632634.19316959,2,0.00000000,0.00000000
1624632634.29293370,2,0.00000000,0.00000000
1624632634.29330540,2,0.00000000,0.00000000
1624632634.39289665,2,0.00000000,0.00000000
1624632634.39315820,2,0.00000000,0.00000000
1624632634.49292374,2,0.00000000,0.00000000
1624632634.49323273,2,0.00000000,0.00000000
1624632634.59292483,2,0.00000000,0.00000000
1624632634.59325099,2,0.00000000,0.00000000
1624632634.69293094,2,0.00000000,0.00000000
1624632634.69317436,2,0.00000000,0.00000000
1624632634.79292464,2,0.00000000,0.00000000
1624632634.79323006,2,0.00000000,0.00000000
1624632634.89288497,2,0.00000000,0.00000000
1624632634.89312744,2,0.00000000,0.00000000
1624632634.99288440,2,0.00000000,0.00000000
1624632634.99315548,2,0.00000000,0.00000000
1624632635.09291101,2,0.00000000,0.00000000
1624632635.09333897,2,0.00000000,0.00000000
1624632635.19289064,2,0.00000000,0.00000000
1624632635.19316077,2,0.00000000,0.00000000
1624632635.29289579,2,0.00000000,0.00000000
1624632635.29313755,2,0.00000000,0.00000000
1624632635.39291310,2,0.00000000,0.00000000
1624632635.39331150,2,0.00000000,0.00000000
1624632635.49291301,2,0.00000000,0.00000000
1624632635.49315739,2,0.00000000,0.00000000
1624632635.59293222,2,0.00000000,0.00000000
1624632635.59324121,2,0.00000000,0.00000000
1624632635.69290638,2,0.00000000,0.00000000
1624632635.69316697,2,0.00000000,0.00000000
1624632635.79293036,2,0.00000000,0.00000000
1624632635.79316974,2,0.00000000,0.00000000
1624632635.89290762,2,0.00000000,0.00000000
1624632635.89329100,2,0.00000000,0.00000000
1624632635.99291158,2,0.00000000,0.00000000
1624632635.99338627,2,0.00000000,0.00000000
1624632636.09291053,2,0.00000000,0.00000000
1624632636.09333706,2,0.00000000,0.00000000
1624632636.19290972,2,0.00000000,0.00000000
1624632636.19324303,2,0.00000000,0.00000000
1624632636.29290175,2,0.00000000,0.00000000
1624632636.29326439,2,0.00000000,0.00000000
1624632636.39288020,2,0.00000000,0.00000000
1624632636.39314365,2,0.00000000,0.00000000
1624632636.49289346,2,0.00000000,0.00000000
1624632636.49317241,2,0.00000000,0.00000000
1624632636.59288478,2,0.00000000,0.00000000
1624632636.59312153,2,0.00000000,0.00000000
1624632636.69290519,2,0.00000000,0.00000000
1624632636.69317460,2,0.00000000,0.00000000
1624632636.79292393,2,0.00000000,0.00000000
1624632636.79324913,2,0.00000000,0.00000000
1624632636.89291239,2,0.00000000,0.00000000
1624632636.89324832,2,0.00000000,0.00000000
1624632636.99292874,2,0.00000000,0.00000000
1624632636.99319386,2,0.00000000,0.00000000
1624632637.09293318,2,0.00000000,0.00000000
1624632637.09326625,2,0.00000000,0.00000000
1624632637.19289231,2,0.00000000,0.00000000
1624632637.19315648,2,0.00000000,0.00000000
1624632637.29289460,2,0.00000000,0.00000000
1624632637.29315591,2,0.00000000,0.00000000
1624632637.39289498,2,0.00000000,0.00000000
1624632637.39313793,2,0.00000000,0.00000000
1624632637.49288297,2,0.00000000,0.00000000
1624632637.49312425,2,0.00000000,0.00000000
1624632637.59292603,2,0.00000000,0.00000000
1624632637.59326768,2,0.00000000,0.00000000
1624632637.69293880,2,0.00000000,0.00000000
1624632637.69324231,2,0.00000000,0.00000000
1624632637.79288626,2,0.00000000,0.00000000
1624632637.79319167,2,0.00000000,0.00000000
1624632637.89290404,2,0.00000000,0.00000000
1624632637.89328361,2,0.00000000,0.00000000
1624632637.99288964,2,0.00000000,0.00000000
1624632637.99314260,2,0.00000000,0.00000000
1624632638.09293580,2,0.00000000,0.00000000
1624632638.09317040,2,0.00000000,0.00000000
1624632638.19293189,2,0.00000000,0.00000000
1624632638.19319367,2,0.00000000,0.00000000
1624632638.29292631,2,0.00000000,0.00000000
1624632638.29318237,2,0.00000000,0.00000000
1624632638.39291525,2,0.00000000,0.00000000
1624632638.39316535,2,0.00000000,0.00000000
1624632638.49291492,2,0.00000000,0.00000000
1624632638.49316478,2,0.00000000,0.00000000
1624632638.59292936,2,0.00000000,0.00000000
1624632638.59318495,2,0.00000000,0.00000000
1624632638.69293237,2,0.00000000,0.00000000
1624632638.69318819,2,0.00000000,0.00000000
1624632638.79290700,2,0.00000000,0.00000000
1624632638.79332495,2,0.00000000,0.00000000
1624632638.89294457,2,0.00000000,0.00000000
1624632638.89319396,2,0.00000000,0.00000000
1624632638.99288845,2,0.00000000,0.00000000
1624632638.99325728,2,0.00000000,0.00000000
1624632639.09290266,2,0.00000000,0.00000000
1624632639.09314823,2,0.00000000,0.00000000
1624632639.19290400,2,0.00000000,0.00000000
1624632639.19329715,2,0.00000000,0.00000000
1624632639.29293513,2,0.00000000,0.00000000
1624632639.29318786,2,0.00000000,0.00000000
1624632639.39290905,2,0.00000000,0.00000000
1624632639.39327049,2,0.00000000,0.00000000
1624632639.49289107,2,0.00000000,0.00000000
1624632639.49316382,2,0.00000000,0.00000000
1624632639.59289217,2,0.00000000,0.00000000
1624632639.59315538,2,0.00000000,0.00000000
1624632639.69289494,2,0.00000000,0.00000000
1624632639.69315791,2,0.00000000,0.00000000
1624632639.79289365,2,0.00000000,0.00000000
1624632639.79323673,2,0.00000000,0.00000000
1624632639.89289165,2,0.00000000,0.00000000
1624632639.89313769,2,0.00000000,0.00000000
1624632639.99289179,2,0.00000000,0.00000000
1624632639.99313903,2,0.00000000,0.00000000
1624632640.09293103,2,0.00000000,0.00000000
1624632640.09324670,2,0.00000000,0.00000000
1624632640.19293070,2,0.00000000,0.00000000
1624632640.19317865,2,0.00000000,0.00000000
1624632640.29289031,2,0.00000000,0.00000000
1624632640.29326510,2,0.00000000,0.00000000
1624632640.39290023,2,0.00000000,0.00000000
1624632640.39315438,2,0.00000000,0.00000000
1624632640.49289608,2,0.00000000,0.00000000
1624632640.49314260,2,0.00000000,0.00000000
1624632640.59289145,2,0.00000000,0.00000000
1624632640.59317970,2,0.00000000,0.00000000
1624632640.69292879,2,0.00000000,0.00000000
1624632640.69326735,2,0.00000000,0.00000000
1624632640.79288936,2,0.00000000,0.00000000
1624632640.79313517,2,0.00000000,0.00000000
1624632640.89289761,2,0.00000000,0.00000000
1624632640.89332438,2,0.00000000,0.00000000
1624632640.99292684,2,0.00000000,0.00000000
1624632640.99318075,2,0.00000000,0.00000000
1624632641.09293771,2,0.00000000,0.00000000
1624632641.09325290,2,0.00000000,0.00000000
1624632641.19294047,2,0.00000000,0.00000000
1624632641.19318438,2,0.00000000,0.00000000
1624632641.29289150,2,0.00000000,0.00000000
1624632641.29325604,2,0.00000000,0.00000000
1624632641.39289474,2,0.00000000,0.00000000
1624632641.39315891,2,0.00000000,0.00000000
1624632641.49290967,2,0.00000000,0.00000000
1624632641.49334311,2,0.00000000,0.00000000
1624632641.59293890,2,0.00000000,0.00000000
1624632641.59324908,2,0.00000000,0.00000000
1624632641.69298434,2,0.00000000,0.00000000
1624632641.69330645,2,0.00000000,0.00000000
1624632641.79290915,2,0.00000000,0.00000000
1624632641.79331183,2,0.00000000,0.00000000
1624632641.89293003,2,0.00000000,0.00000000
1624632641.89318919,2,0.00000000,0.00000000
1624632641.99293566,2,0.00000000,0.00000000
1624632641.99328351,2,0.00000000,0.00000000
1624632642.09293032,2,0.00000000,0.00000000
1624632642.09324503,2,0.00000000,0.00000000
1624632642.19292855,2,0.00000000,0.00000000
1624632642.19317126,2,0.00000000,0.00000000
1624632642.29292512,2,0.00000000,0.00000000
1624632642.29316807,2,0.00000000,0.00000000
1624632642.39290571,2,0.00000000,0.00000000
1624632642.39331770,2,0.00000000,0.00000000
1624632642.49289680,2,0.00000000,0.00000000
1624632642.49324155,2,0.00000000,0.00000000
1624632642.59289718,2,0.00000000,0.00000000
1624632642.59318829,2,0.00000000,0.00000000
1624632642.69289541,2,0.00000000,0.00000000
1624632642.69328189,2,0.00000000,0.00000000
1624632642.79291534,2,0.00000000,0.00000000
1624632642.79318309,2,0.00000000,0.00000000
1624632642.89291668,2,0.00000000,0.00000000
1624632642.89317155,2,0.00000000,0.00000000
1624632642.99293256,2,0.00000000,0.00000000
1624632642.99318266,2,0.00000000,0.00000000
1624632643.09293342,2,0.00000000,0.00000000
1624632643.09327888,2,0.00000000,0.00000000
1624632643.19289494,2,0.00000000,0.00000000
1624632643.19333434,2,0.00000000,0.00000000
1624632643.29289150,2,0.00000000,0.00000000
1624632643.29319215,2,0.00000000,0.00000000
1624632643.39294362,2,0.00000000,0.00000000
1624632643.39327431,2,0.00000000,0.00000000
1624632643.49293900,2,0.00000000,0.00000000
1624632643.49328208,2,0.00000000,0.00000000
1624632643.59289551,2,0.00000000,0.00000000
1624632643.59314919,2,0.00000000,0.00000000
1624632643.69291520,2,0.00000000,0.00000000
1624632643.69327831,2,0.00000000,0.00000000
1624632643.79290867,2,0.00000000,0.00000000
1624632643.79316711,2,0.00000000,0.00000000
1624632643.89293551,2,0.00000000,0.00000000
1624632643.89317846,2,0.00000000,0.00000000
1624632643.99290419,2,0.00000000,0.00000000
1624632643.99316430,2,0.00000000,0.00000000
1624632644.09290266,2,0.00000000,0.00000000
1624632644.09317708,2,0.00000000,0.00000000
1624632644.19289112,2,0.00000000,0.00000000
1624632644.19315743,2,0.00000000,0.00000000
1624632644.29289317,2,0.00000000,0.00000000
1624632644.29318404,2,0.00000000,0.00000000
1624632644.39291072,2,0.00000000,0.00000000
1624632644.39328861,2,0.00000000,0.00000000
1624632644.49290085,2,0.00000000,0.00000000
1624632644.49332309,2,0.00000000,0.00000000
1624632644.59291220,2,0.00000000,0.00000000
1624632644.59324884,2,0.00000000,0.00000000
1624632644.69289112,2,0.00000000,0.00000000
1624632644.69319034,2,0.00000000,0.00000000
1624632644.79289389,2,0.00000000,0.00000000
1624632644.79318857,2,0.00000000,0.00000000
1624632644.89294863,2,0.00000000,0.00000000
1624632644.89324737,2,0.00000000,0.00000000
1624632644.99289656,2,0.00000000,0.00000000
1624632644.99317455,2,0.00000000,0.00000000
1624632645.09293580,2,0.00000000,0.00000000
1624632645.09337091,2,0.00000000,0.00000000
1624632645.19294000,2,0.00000000,0.00000000
1624632645.19317913,2,0.00000000,0.00000000
1624632645.29289722,2,0.00000000,0.00000000
1624632645.29318762,2,0.00000000,0.00000000
1624632645.39294314,2,0.00000000,0.00000000
1624632645.39326787,2,0.00000000,0.00000000
1624632645.49292278,2,0.00000000,0.00000000
1624632645.49317765,2,0.00000000,0.00000000
1624632645.59290957,2,0.00000000,0.00000000
1624632645.59319043,2,0.00000000,0.00000000
1624632645.69293308,2,0.00000000,0.00000000
1624632645.69317818,2,0.00000000,0.00000000
1624632645.79292965,2,0.00000000,0.00000000
1624632645.79317069,2,0.00000000,0.00000000
1624632645.89289474,2,0.00000000,0.00000000
1624632645.89316988,2,0.00000000,0.00000000
1624632645.99290133,2,0.00000000,0.00000000
1624632645.99329209,2,0.00000000,0.00000000
1624632646.09288764,2,0.00000000,0.00000000
1624632646.09315228,2,0.00000000,0.00000000
1624632646.19292808,2,0.00000000,0.00000000
1624632646.19319606,2,0.00000000,0.00000000
1624632646.29289079,2,0.00000000,0.00000000
1624632646.29314446,2,0.00000000,0.00000000
1624632646.39291692,2,0.00000000,0.00000000
1624632646.39327002,2,0.00000000,0.00000000
1624632646.49294186,2,0.00000000,0.00000000
1624632646.49325490,2,0.00000000,0.00000000
1624632646.59291363,2,0.00000000,0.00000000
1624632646.59316897,2,0.00000000,0.00000000
1624632646.69292974,2,0.00000000,0.00000000
1624632646.69318032,2,0.00000000,0.00000000
1624632646.79293966,2,0.00000000,0.00000000
1624632646.79334688,2,0.00000000,0.00000000
1624632646.89291525,2,0.00000000,0.00000000
1624632646.89335132,2,0.00000000,0.00000000
1624632646.99291158,2,0.00000000,0.00000000
1624632646.99334860,2,0.00000000,0.00000000
1624632647.09290671,2,0.00000000,0.00000000
1624632647.09336877,2,0.00000000,0.00000000
1624632647.19291019,2,0.00000000,0.00000000
1624632647.19324422,2,0.00000000,0.00000000
1624632647.29292989,2,0.00000000,0.00000000
1624632647.29325366,2,0.00000000,0.00000000
1624632647.39291310,2,0.00000000,0.00000000
1624632647.39317346,2,0.00000000,0.00000000
1624632647.49289203,2,0.00000000,0.00000000
1624632647.49313807,2,0.00000000,0.00000000
1624632647.59293485,2,0.00000000,0.00000000
1624632647.59325194,2,0.00000000,0.00000000
1624632647.69293880,2,0.00000000,0.00000000
1624632647.69325614,2,0.00000000,0.00000000
1624632647.79293585,2,0.00000000,0.00000000
1624632647.79329276,2,0.00000000,0.00000000
1624632647.89290524,2,0.00000000,0.00000000
1624632647.89332175,2,0.00000000,0.00000000
1624632647.99293160,2,0.00000000,0.00000000
1624632647.99328899,2,0.00000000,0.00000000
1624632648.09293723,2,0.00000000,0.00000000
1624632648.09323955,2,0.00000000,0.00000000
1624632648.19294333,2,0.00000000,0.00000000
1624632648.19329000,2,0.00000000,0.00000000
1624632648.29289532,2,0.00000000,0.00000000
1624632648.29313660,2,0.00000000,0.00000000
1624632648.39289069,2,0.00000000,0.00000000
1624632648.39314651,2,0.00000000,0.00000000
1624632648.49290609,2,0.00000000,0.00000000
1624632648.49325657,2,0.00000000,0.00000000
1624632648.59289479,2,0.00000000,0.00000000
1624632648.59314489,2,0.00000000,0.00000000
1624632648.69289565,2,0.00000000,0.00000000
1624632648.69314933,2,0.00000000,0.00000000
1624632648.79289460,2,0.00000000,0.00000000
1624632648.79317236,2,0.00000000,0.00000000
1624632648.89293075,2,0.00000000,0.00000000
1624632648.89337158,2,0.00000000,0.00000000
1624632648.99293423,2,0.00000000,0.00000000
1624632648.99318409,2,0.00000000,0.00000000
1624632649.09292817,2,0.00000000,0.00000000
1624632649.09325266,2,0.00000000,0.00000000
1624632649.19291115,2,0.00000000,0.00000000
1624632649.19324183,2,0.00000000,0.00000000
1624632649.29293418,2,0.00000000,0.00000000
1624632649.29326272,2,0.00000000,0.00000000
1624632649.39293385,2,0.00000000,0.00000000
1624632649.39333248,2,0.00000000,0.00000000
1624632649.49294257,2,0.00000000,0.00000000
1624632649.49326491,2,0.00000000,0.00000000
1624632649.59289002,2,0.00000000,0.00000000
1624632649.59316325,2,0.00000000,0.00000000
1624632649.69293737,2,0.00000000,0.00000000
1624632649.69324565,2,0.00000000,0.00000000
1624632649.79293084,2,0.00000000,0.00000000
1624632649.79329419,2,0.00000000,0.00000000
1624632649.89289880,2,0.00000000,0.00000000
1624632649.89318466,2,0.00000000,0.00000000
1624632649.99293017,2,0.00000000,0.00000000
1624632649.99329138,2,0.00000000,0.00000000
1624632650.09292889,2,0.00000000,0.00000000
1624632650.09317970,2,0.00000000,0.00000000
1624632650.19289255,2,0.00000000,0.00000000
1624632650.19316030,2,0.00000000,0.00000000
1624632650.29290771,2,0.00000000,0.00000000
1624632650.29331899,2,0.00000000,0.00000000
1624632650.39294243,2,0.00000000,0.00000000
1624632650.39323616,2,0.00000000,0.00000000
1624632650.49289227,2,0.00000000,0.00000000
1624632650.49316525,2,0.00000000,0.00000000
1624632650.59289312,2,0.00000000,0.00000000
1624632650.59318185,2,0.00000000,0.00000000
1624632650.69290876,2,0.00000000,0.00000000
1624632650.69329858,2,0.00000000,0.00000000
1624632650.79289675,2,0.00000000,0.00000000
1624632650.79325676,2,0.00000000,0.00000000
1624632650.89291191,2,0.00000000,0.00000000
1624632650.89326382,2,0.00000000,0.00000000
1624632650.99290490,2,0.00000000,0.00000000
1624632650.99323606,2,0.00000000,0.00000000
1624632651.09292746,2,0.00000000,0.00000000
1624632651.09326196,2,0.00000000,0.00000000
1624632651.19291377,2,0.00000000,0.00000000
1624632651.19328213,2,0.00000000,0.00000000
1624632651.29288769,2,0.00000000,0.00000000
1624632651.29317021,2,0.00000000,0.00000000
1624632651.39289117,2,0.00000000,0.00000000
1624632651.39324594,2,0.00000000,0.00000000
1624632651.49286604,2,0.00000000,0.00000000
1624632651.49294662,2,0.00000000,0.00000000
1624632651.59288239,2,0.00000000,0.00000000
1624632651.59319401,2,0.00000000,0.00000000
1624632651.69289923,2,0.00000000,0.00000000
1624632651.69315386,2,0.00000000,0.00000000
1624632651.79289889,2,0.00000000,0.00000000
1624632651.79328918,2,0.00000000,0.00000000
1624632651.89290786,2,0.00000000,0.00000000
1624632651.89329314,2,0.00000000,0.00000000
1624632651.99293613,2,0.00000000,0.00000000
1624632651.99336195,2,0.00000000,0.00000000
1624632652.09290123,2,0.00000000,0.00000000
1624632652.09334159,2,0.00000000,0.00000000
1624632652.19290066,2,0.00000000,0.00000000
1624632652.19332242,2,0.00000000,0.00000000
1624632652.29289770,2,0.00000000,0.00000000
1624632652.29333162,2,0.00000000,0.00000000
1624632652.39289069,2,0.00000000,0.00000000
1624632652.39318585,2,0.00000000,0.00000000
1624632652.49291563,2,0.00000000,0.00000000
1624632652.49319172,2,0.00000000,0.00000000
1624632652.59290171,2,0.00000000,0.00000000
1624632652.59361291,2,0.00000000,0.00000000
1624632652.69289923,2,0.00000000,0.00000000
1624632652.69329023,2,0.00000000,0.00000000
1624632652.79292107,2,0.00000000,0.00000000
1624632652.79324818,2,0.00000000,0.00000000
1624632652.89292312,2,0.00000000,0.00000000
1624632652.89325905,2,0.00000000,0.00000000
1624632652.99292159,2,0.00000000,0.00000000
1624632652.99329090,2,0.00000000,0.00000000
1624632653.09293461,2,0.00000000,0.00000000
1624632653.09326077,2,0.00000000,0.00000000
1624632653.19292712,2,0.00000000,0.00000000
1624632653.19327259,2,0.00000000,0.00000000
1624632653.29289484,2,0.00000000,0.00000000
1624632653.29328036,2,0.00000000,0.00000000
1624632653.39291954,2,0.00000000,0.00000000
1624632653.39324903,2,0.00000000,0.00000000
1624632653.49289250,2,0.00000000,0.00000000
1624632653.49330306,2,0.00000000,0.00000000
1624632653.59291792,2,0.00000000,0.00000000
1624632653.59324121,2,0.00000000,0.00000000
1624632653.69289994,2,0.00000000,0.00000000
1624632653.69328976,2,0.00000000,0.00000000
1624632653.79292297,2,0.00000000,0.00000000
1624632653.79323649,2,0.00000000,0.00000000
1624632653.89288259,2,0.00000000,0.00000000
1624632653.89313936,2,0.00000000,0.00000000
1624632653.99288201,2,0.00000000,0.00000000
1624632653.99315834,2,0.00000000,0.00000000
1624632654.09288692,2,0.00000000,0.00000000
1624632654.09314823,2,0.00000000,0.00000000
1624632654.19290853,2,0.00000000,0.00000000
1624632654.19333458,2,0.00000000,0.00000000
1624632654.29292798,2,0.00000000,0.00000000
1624632654.29332137,2,0.00000000,0.00000000
1624632654.39292979,2,0.00000000,0.00000000
1624632654.39325476,2,0.00000000,0.00000000
1624632654.49289107,2,0.00000000,0.00000000
1624632654.49315810,2,0.00000000,0.00000000
1624632654.59288931,2,0.00000000,0.00000000
1624632654.59329081,2,0.00000000,0.00000000
1624632654.69292188,2,0.00000000,0.00000000
1624632654.69334555,2,0.00000000,0.00000000
1624632654.79287362,2,0.00000000,0.00000000
1624632654.79312611,2,0.00000000,0.00000000
1624632654.89291596,2,0.00000000,0.00000000
1624632654.89323449,2,0.00000000,0.00000000
1624632654.99292397,2,0.00000000,0.00000000
1624632654.99319172,2,0.00000000,0.00000000
1624632655.09292197,2,0.00000000,0.00000000
1624632655.09317040,2,0.00000000,0.00000000
1624632655.19288564,2,0.00000000,0.00000000
1624632655.19323540,2,0.00000000,0.00000000
1624632655.29292202,2,0.00000000,0.00000000
1624632655.29318547,2,0.00000000,0.00000000
1624632655.39289713,2,0.00000000,0.00000000
1624632655.39327908,2,0.00000000,0.00000000
1624632655.49288607,2,0.00000000,0.00000000
1624632655.49314070,2,0.00000000,0.00000000
1624632655.59292126,2,0.00000000,0.00000000
1624632655.59333658,2,0.00000000,0.00000000
1624632655.69292569,2,0.00000000,0.00000000
1624632655.69316912,2,0.00000000,0.00000000
1624632655.79289556,2,0.00000000,0.00000000
1624632655.79326582,2,0.00000000,0.00000000
1624632655.89292645,2,0.00000000,0.00000000
1624632655.89318419,2,0.00000000,0.00000000
1624632655.99290824,2,0.00000000,0.00000000
1624632655.99318123,2,0.00000000,0.00000000
1624632656.09292030,2,0.00000000,0.00000000
1624632656.09319115,2,0.00000000,0.00000000
1624632656.19290257,2,0.00000000,0.00000000
1624632656.19327784,2,0.00000000,0.00000000
1624632656.29292274,2,0.00000000,0.00000000
1624632656.29328299,2,0.00000000,0.00000000
1624632656.39291406,2,0.00000000,0.00000000
1624632656.39323044,2,0.00000000,0.00000000
1624632656.49296212,2,0.00000000,0.00000000
1624632656.49332666,2,0.00000000,0.00000000
1624632656.59292269,2,0.00000000,0.00000000
1624632656.59317589,2,0.00000000,0.00000000
1624632656.69293094,2,0.00000000,0.00000000
1624632656.69324446,2,0.00000000,0.00000000
1624632656.79289865,2,0.00000000,0.00000000
1624632656.79332876,2,0.00000000,0.00000000
1624632656.89289308,2,0.00000000,0.00000000
1624632656.89327288,2,0.00000000,0.00000000
1624632656.99290156,2,0.00000000,0.00000000
1624632656.99337268,2,0.00000000,0.00000000
1624632657.09288406,2,0.00000000,0.00000000
1624632657.09332991,2,0.00000000,0.00000000
1624632657.19288683,2,0.00000000,0.00000000
1624632657.19323421,2,0.00000000,0.00000000
1624632657.29288459,2,0.00000000,0.00000000
1624632657.29317927,2,0.00000000,0.00000000
1624632657.39290214,2,0.00000000,0.00000000
1624632657.39318347,2,0.00000000,0.00000000
1624632657.49288201,2,0.00000000,0.00000000
1624632657.49313712,2,0.00000000,0.00000000
1624632657.59292698,2,0.00000000,0.00000000
1624632657.59335089,2,0.00000000,0.00000000
1624632657.69288564,2,0.00000000,0.00000000
1624632657.69324756,2,0.00000000,0.00000000
1624632657.79288435,2,0.00000000,0.00000000
1624632657.79330850,2,0.00000000,0.00000000
1624632657.89292836,2,0.00000000,0.00000000
1624632657.89338040,2,0.00000000,0.00000000
1624632657.99289322,2,0.00000000,0.00000000
1624632657.99340725,2,0.00000000,0.00000000
1624632658.09289789,2,0.00000000,0.00000000
1624632658.09332943,2,0.00000000,0.00000000
1624632658.19288278,2,0.00000000,0.00000000
1624632658.19333291,2,0.00000000,0.00000000
1624632658.29292178,2,0.00000000,0.00000000
1624632658.29317212,2,0.00000000,0.00000000
1624632658.39288235,2,0.00000000,0.00000000
1624632658.39316463,2,0.00000000,0.00000000
1624632658.49287152,2,0.00000000,0.00000000
1624632658.49295187,2,0.00000000,0.00000000
1624632658.59290695,2,0.00000000,0.00000000
1624632658.59328318,2,0.00000000,0.00000000
1624632658.69289708,2,0.00000000,0.00000000
1624632658.69329572,2,0.00000000,0.00000000
1624632658.79287720,2,0.00000000,0.00000000
1624632658.79298496,2,0.00000000,0.00000000
1624632658.89289927,2,0.00000000,0.00000000
1624632658.89332819,2,0.00000000,0.00000000
1624632658.99291587,2,0.00000000,0.00000000
1624632658.99315476,2,0.00000000,0.00000000
1624632659.09291673,2,0.00000000,0.00000000
1624632659.19287682,2,0.00000000,0.00000000
1624632659.29296923,2,0.00000000,0.00000000
1624632659.39287758,2,0.00000000,0.00000000
1624632659.49289393,2,0.00000000,0.00000000
1624632659.59290719,2,0.00000000,0.00000000
1624632659.69293070,2,0.00000000,0.00000000
1624632659.79292798,2,0.00000000,0.00000000
1624632659.89292169,2,0.00000000,0.00000000
1624632659.99292088,2,0.00000000,0.00000000
1624632660.09292293,2,0.00000000,0.00000000
1624632660.19291925,2,0.00000000,0.00000000
1624632660.39293170,2,0.00000000,0.00000000
1624632660.39323068,2,0.00000000,0.00000000
1624632660.49288297,2,0.00000000,0.00000000
1624632660.59292865,2,0.00000000,0.00000000
1624632660.69291806,2,0.00000000,0.00000000
1624632660.79291892,2,0.00000000,0.00000000
1624632660.89288449,2,0.00000000,0.00000000
1624632660.99288511,2,0.00000000,0.00000000
1624632661.09292245,2,0.00000000,0.00000000
1624632661.19292164,2,0.00000000,0.00000000
1624632661.39289045,2,0.00000000,0.00000000
1624632661.49293494,2,0.00000000,0.00000000
