Seconds, Linear Velocity, Angular Velocitiy,X,Y
1624632597.62635016,0.00000000,0.00000000,0.00000000,0.00000000
1624632597.71083164,0.00000000,0.00000000,0.00000000,0.00000000
1624632597.81063056,0.00000000,0.00000000,0.00000000,0.00000000
1624632597.91152501,0.00000000,0.00000000,0.00000000,0.00000000
1624632598.01216030,0.00000000,0.00000000,0.00000000,0.00000000
1624632598.11183023,0.00000000,0.00000000,0.00000000,0.00000000
1624632598.21242619,0.00000000,0.00000000,0.00000000,0.00000000
1624632598.31208611,0.00000000,0.00000000,0.00000000,0.00000000
1624632598.41185164,0.00000000,0.00000000,0.00000000,0.00000000
1624632598.51158810,0.00000000,0.00000000,0.00000000,0.00000000
1624632598.61234498,0.00000000,0.00000000,0.00000000,0.00000000
1624632598.71208453,0.00000000,0.00000000,0.00000000,0.00000000
1624632598.81182528,0.00000000,0.00000000,0.00000000,0.00000000
1624632598.91250348,0.00000000,0.00000000,0.00000000,0.00000000
1624632599.01322460,0.00000000,0.00000000,0.00000000,0.00000000
1624632599.11290002,0.00000000,0.00000000,0.00000000,0.00000000
1624632599.21263814,0.00000000,0.00000000,0.00000000,0.00000000
1624632599.31335974,0.00000000,0.00000000,0.00000000,0.00000000
1624632599.41324306,0.00000000,0.00000000,0.00000000,0.00000000
1624632599.51312828,0.00000000,0.00000000,0.00000000,0.00000000
1624632599.61298275,0.00000000,0.00000000,0.00000000,0.00000000
1624632599.71289563,0.00000000,0.00000000,0.00000000,0.00000000
1624632599.81276107,0.00000000,0.00000000,0.00000000,0.00000000
1624632599.91324449,0.00000000,0.00000000,0.00000000,0.00000000
1624632600.01283526,0.00000000,0.00000000,0.00000000,0.00000000
1624632600.11247849,0.00000000,0.00000000,0.00000000,0.00000000
1624632600.21305847,0.00000000,0.00000000,0.00000000,0.00000000
1624632600.31305814,0.00000000,0.00000000,0.00000000,0.00000000
1624632600.41347265,0.00000000,0.00000000,0.00000000,0.00000000
1624632600.51358652,0.00000000,0.00000000,0.00000000,0.00000000
1624632600.61445475,0.00000000,0.00000000,0.00000000,0.00000000
1624632600.71430445,0.00000000,0.00000000,0.00000000,0.00000000
1624632600.81420374,0.00000000,0.00000000,0.00000000,0.00000000
1624632600.91410589,0.00000000,0.00000000,0.00000000,0.00000000
1624632601.01387858,0.00000000,0.00000000,0.00000000,0.00000000
1624632601.11389661,0.00000000,0.00000000,0.00000000,0.00000000
1624632601.21348739,0.00000000,0.00000000,0.00000000,0.00000000
1624632601.31410241,0.00000000,0.00000000,0.00000000,0.00000000
1624632601.41395926,0.00000000,0.00000000,0.00000000,0.00000000
1624632601.51347327,0.00000000,0.00000000,0.00000000,0.00000000
1624632601.61448550,0.00000000,0.00000000,0.00000000,0.00000000
1624632601.71435237,0.00000000,0.00000000,0.00000000,0.00000000
1624632601.81406879,0.00000000,0.00000000,0.00000000,0.00000000
1624632601.91354895,0.00000000,0.00000000,0.00000000,0.00000000
1624632602.01441360,0.00000000,0.00000000,0.00000000,0.00000000
1624632602.11527729,0.00000000,0.00000000,0.00000000,0.00000000
1624632602.21473980,0.00000000,0.00000000,0.00000000,0.00000000
1624632602.31525731,0.00000000,0.00000000,0.00000000,0.00000000
1624632602.41489887,0.00000000,0.00000000,0.00000000,0.00000000
1624632602.51454544,0.00000000,0.00000000,0.00000000,0.00000000
1624632602.61537075,0.00000000,0.00000000,0.00000000,0.00000000
1624632602.71501851,0.00000000,0.00000000,0.00000000,0.00000000
1624632602.81469035,0.00000000,0.00000000,0.00000000,0.00000000
1624632602.91539049,0.00000000,0.00000000,0.00000000,0.00000000
1624632603.01507640,0.00000000,0.00000000,0.00000000,0.00000000
1624632603.11480069,0.00000000,0.00000000,0.00000000,0.00000000
1624632603.21468854,0.00000000,0.00000000,0.00000000,0.00000000
1624632603.31556487,0.00000000,0.00000000,0.00000000,0.00000000
1624632603.41618252,0.00000000,0.00000000,0.00000000,0.00000000
1624632603.51574850,0.00000000,0.00000000,0.00000000,0.00000000
1624632603.61534214,0.00000000,0.00000000,0.00000000,0.00000000
1624632603.71598339,0.00000000,0.00000000,0.00000000,0.00000000
1624632603.81583524,0.00000000,0.00000000,0.00000000,0.00000000
1624632603.91655445,0.00000000,0.00000000,0.00000000,0.00000000
1624632604.01730275,0.00000000,0.00000000,0.00000000,0.00000000
1624632604.11667490,0.00000000,0.00000000,0.00000000,0.00000000
1624632604.21741438,0.00000000,0.00000000,0.00000000,0.00000000
1624632604.31710839,0.00000000,0.00000000,0.00000000,0.00000000
1624632604.41681790,0.00000000,0.00000000,0.00000000,0.00000000
1624632604.51754451,0.00000000,0.00000000,0.00000000,0.00000000
1624632604.61826587,0.00000000,0.00000000,0.00000000,0.00000000
1624632604.71799612,0.00000000,0.00000000,0.00000000,0.00000000
1624632604.81775570,0.00000000,0.00000000,0.00000000,0.00000000
1624632604.91843390,0.00000000,0.00000000,0.00000000,0.00000000
1624632605.01816750,0.00000000,0.00000000,0.00000000,0.00000000
1624632605.11788583,0.00000000,0.00000000,0.00000000,0.00000000
1624632605.21855497,0.00000000,0.00000000,0.00000000,0.00000000
1624632605.31920052,0.00000000,0.00000000,0.00000000,0.00000000
1624632605.41891026,0.00000000,0.00000000,0.00000000,0.00000000
1624632605.51917839,0.00000000,0.00000000,0.00000000,0.00000000
1624632605.61914396,0.00000000,0.00000000,0.00000000,0.00000000
1624632605.71870732,0.00000000,0.00000000,0.00000000,0.00000000
1624632605.81923890,0.00000000,0.00000000,0.00000000,0.00000000
1624632605.91888928,0.00000000,0.00000000,0.00000000,0.00000000
1624632606.01862073,0.00000000,0.00000000,0.00000000,0.00000000
1624632606.11956835,0.00000000,0.00000000,0.00000000,0.00000000
1624632606.22013021,0.00000000,0.00000000,0.00000000,0.00000000
1624632606.31997228,0.00000000,0.00000000,0.00000000,0.00000000
1624632606.41969156,0.00000000,0.00000000,0.00000000,0.00000000
1624632606.52034807,0.00000000,0.00000000,0.00000000,0.00000000
1624632606.62012005,0.00000000,0.00000000,0.00000000,0.00000000
1624632606.72020578,0.00000000,-0.17453293,0.00000000,0.00000000
1624632606.82056141,0.00000000,-0.34906585,0.00000000,0.00000000
1624632606.92077875,0.00000000,-0.45378561,0.00000000,0.00000000
1624632607.02102399,0.00000000,-0.45378561,0.00000000,0.00000000
1624632607.12131763,0.00000000,-0.45378561,0.00000000,0.00000000
1624632607.22140718,0.00000000,-0.45378561,0.00000000,0.00000000
1624632607.32070827,0.00300000,-0.45378561,0.00000000,0.00000000
1624632607.42102170,0.01000000,-0.45378561,0.00097000,0.00000000
1624632607.52141261,0.02100000,-0.45378561,0.00291000,-0.00097000
1624632607.62103438,0.02800000,-0.45378561,0.00582000,-0.00194000
1624632607.72134733,0.03800000,-0.45378561,0.00873000,-0.00388000
1624632607.82037139,0.04500000,-0.45378561,0.01261000,-0.00582000
1624632607.92131829,0.05500000,-0.45378561,0.01794500,-0.00776000
1624632608.02220941,0.03300000,-0.43633231,0.02085500,-0.00970000
1624632608.12192607,0.06300000,-0.45378561,0.02570500,-0.01358000
1624632608.22190523,0.08100000,-0.45378561,0.03298000,-0.01794500
1624632608.32195258,0.08650000,-0.43633231,0.03880000,-0.02376500
1624632608.42220330,0.09350000,-0.43633231,0.04559000,-0.02958500
1624632608.52258635,0.10250000,-0.43633231,0.05383500,-0.03686000
1624632608.62295508,0.10750000,-0.41887902,0.06062500,-0.04462000
1624632608.72355962,0.11650000,-0.41887902,0.06887000,-0.05383500
1624632608.82399130,0.12150000,-0.40142573,0.07663000,-0.06353500
1624632608.92422485,0.12950000,-0.40142573,0.08390500,-0.07372000
1624632609.02431631,0.13350000,-0.38397244,0.09166500,-0.08487500
1624632609.12552714,0.13850000,-0.38397244,0.09894000,-0.09651500
1624632609.22612977,0.14250000,-0.36651914,0.10573000,-0.10961000
1624632609.32566833,0.14850000,-0.34906585,0.11252000,-0.12270500
1624632609.42627287,0.15250000,-0.33161256,0.11882500,-0.13677000
1624632609.52617884,0.15350000,-0.33161256,0.12464500,-0.15083500
1624632609.62663317,0.15650000,-0.31415927,0.13095000,-0.16490000
1624632609.72696090,0.16150000,-0.29670597,0.13677000,-0.18090500
1624632609.82726169,0.16350000,-0.27925268,0.14162000,-0.19594000
1624632609.92767429,0.16350000,-0.27925268,0.14598500,-0.21194500
1624632610.02814674,0.16550000,-0.26179939,0.14986500,-0.22795000
1624632610.12797308,0.16750000,-0.24434610,0.15374500,-0.24395500
1624632610.22776175,0.16750000,-0.22689280,0.15762500,-0.26093000
1624632610.32817030,0.16750000,-0.22689280,0.16053500,-0.27693500
1624632610.42845082,0.16850000,-0.20943951,0.16393000,-0.29391000
1624632610.52793789,0.16850000,-0.19198622,0.16587000,-0.31088500
1624632610.62775707,0.16850000,-0.17453293,0.16781000,-0.32786000
1624632610.72815013,0.16850000,-0.17453293,0.16975000,-0.34483500
1624632610.82848668,0.16750000,-0.15707963,0.17072000,-0.36084000
1624632610.92804193,0.16650000,-0.15707963,0.17266000,-0.37781500
1624632611.02831101,0.16550000,-0.13962634,0.17266000,-0.39382000
1624632611.12769246,0.16450000,-0.13962634,0.17363000,-0.41079500
1624632611.22801256,0.16350000,-0.12217305,0.17460000,-0.42680000
1624632611.32826948,0.16250000,-0.12217305,0.17460000,-0.44377500
1624632611.42787743,0.16150000,-0.10471976,0.17460000,-0.45978000
1624632611.52816868,0.16050000,-0.08726646,0.17460000,-0.47578500
1624632611.62851334,0.15950000,-0.08726646,0.17460000,-0.49179000
1624632611.72865701,0.15750000,-0.08726646,0.17411500,-0.50779500
1624632611.82936192,0.15650000,-0.08726646,0.17411500,-0.52380000
1624632611.92950797,0.15450000,-0.06981317,0.17314500,-0.53883500
1624632612.02976561,0.15350000,-0.06981317,0.17217500,-0.55484000
1624632612.13010144,0.15250000,-0.06981317,0.17120500,-0.56987500
1624632612.23038387,0.15050000,-0.06981317,0.17023500,-0.58491000
1624632612.32949471,0.14950000,-0.05235988,0.16926500,-0.59994500
1624632612.42976284,0.14750000,-0.05235988,0.16829500,-0.61498000
1624632612.53016686,0.14650000,-0.03490659,0.16732500,-0.62856000
1624632612.63038516,0.14450000,-0.03490659,0.16635500,-0.64359500
1624632612.73029613,0.14350000,-0.03490659,0.16538500,-0.65766000
1624632612.83015108,0.14150000,-0.03490659,0.16344500,-0.67172500
1624632612.93050194,0.14050000,-0.03490659,0.16247500,-0.68579000
1624632613.02976394,0.13850000,-0.01745329,0.16102000,-0.69985500
1624632613.13009810,0.13750000,-0.01745329,0.15908000,-0.71392000
1624632613.23041368,0.13650000,-0.01745329,0.15811000,-0.72653000
1624632613.32969427,0.13450000,-0.01745329,0.15617000,-0.74059500
1624632613.43002868,0.13350000,-0.01745329,0.15520000,-0.75369000
1624632613.53036404,0.13150000,-0.01745329,0.15423000,-0.76678500
1624632613.62967134,0.13050000,-0.01745329,0.15229000,-0.77988000
1624632613.73000026,0.12950000,-0.01745329,0.15132000,-0.79297500
1624632613.83027816,0.12750000,-0.01745329,0.14938000,-0.80558500
1624632613.93057704,0.12650000,-0.01745329,0.14841000,-0.81771000
1624632614.03084755,0.12550000,-0.01745329,0.14647000,-0.83080500
1624632614.13114333,0.12350000,-0.01745329,0.14501500,-0.84293000
1624632614.23146176,0.12250000,-0.01745329,0.14404500,-0.85457000
1624632614.33075452,0.12150000,-0.01745329,0.14210500,-0.86766500
1624632614.43070745,0.12000000,0.00000000,0.14113500,-0.87979000
1624632614.53158212,0.11900000,0.00000000,0.13919500,-0.89094500
1624632614.63188028,0.11800000,0.00000000,0.13822500,-0.90258500
1624632614.73213673,0.11700000,0.00000000,0.13628500,-0.91471000
1624632614.83245921,0.11500000,0.00000000,0.13531500,-0.92586500
1624632614.93182302,0.11400000,0.00000000,0.13434500,-0.93653500
1624632615.03207374,0.11300000,0.00000000,0.13240500,-0.94866000
1624632615.13230658,0.11200000,0.00000000,0.13143500,-0.95981500
1624632615.23258591,0.11100000,0.00000000,0.12901000,-0.97097000
1624632615.33283615,0.10900000,0.00000000,0.12804000,-0.98164000
1624632615.43313360,0.10800000,0.00000000,0.12707000,-0.99182500
1624632615.53344202,0.10650000,-0.01745329,0.12513000,-1.00298000
1624632615.63266969,0.10600000,0.00000000,0.12416000,-1.01268000
1624632615.73294950,0.10450000,-0.01745329,0.12319000,-1.02383500
1624632615.83326650,0.10400000,0.00000000,0.12222000,-1.03353500
1624632615.93354130,0.10300000,0.00000000,0.12028000,-1.04372000
1624632616.03375721,0.10200000,0.00000000,0.11931000,-1.05390500
1624632616.13404703,0.10000000,0.00000000,0.11834000,-1.06360500
1624632616.23434854,0.09900000,0.00000000,0.11640000,-1.07379000
1624632616.33428478,0.09750000,-0.01745329,0.11543000,-1.08397500
1624632616.43419361,0.09650000,-0.01745329,0.11446000,-1.09367500
1624632616.53395772,0.09600000,0.00000000,0.11300500,-1.10289000
1624632616.63416195,0.09500000,0.00000000,0.11203500,-1.11259000
1624632616.73452592,0.09350000,-0.01745329,0.11009500,-1.12180500
1624632616.83487558,0.09300000,0.00000000,0.10912500,-1.13053500
1624632616.93523169,0.09200000,0.00000000,0.10815500,-1.13975000
1624632617.03559852,0.09050000,-0.01745329,0.10718500,-1.14896500
1624632617.13581800,0.09000000,0.00000000,0.10621500,-1.15769500
1624632617.23606467,0.08850000,-0.01745329,0.10427500,-1.16691000
1624632617.33629751,0.08750000,0.01745329,0.10330500,-1.17564000
1624632617.43659139,0.08750000,0.01745329,0.10233500,-1.18388500
1624632617.53688335,0.08650000,0.01745329,0.10136500,-1.19261500
1624632617.63709950,0.08550000,0.01745329,0.10039500,-1.20183000
1624632617.73734331,0.08450000,0.01745329,0.09942500,-1.20959000
1624632617.83754492,0.08350000,0.01745329,0.09845500,-1.21783500
1624632617.93851733,0.08250000,0.01745329,0.09700000,-1.22656500
1624632618.03950810,0.08150000,0.01745329,0.09603000,-1.23481000
1624632618.13996077,0.08100000,0.00000000,0.09506000,-1.24257000
1624632618.24048185,0.08000000,0.00000000,0.09409000,-1.25081500
1624632618.33991528,0.08000000,0.00000000,0.09312000,-1.25857500
1624632618.44060683,0.07900000,0.00000000,0.09215000,-1.26585000
1624632618.54093504,0.07800000,0.00000000,0.09118000,-1.27361000
1624632618.64108825,0.07700000,0.00000000,0.09021000,-1.28185500
1624632618.74065709,0.07600000,0.00000000,0.08924000,-1.28864500
1624632618.84093165,0.07500000,0.00000000,0.08827000,-1.29689000
1624632618.94117594,0.07500000,0.00000000,0.08730000,-1.30368000
1624632619.04140186,0.07400000,0.00000000,0.08633000,-1.31192500
1624632619.14123654,0.07300000,0.00000000,0.08536000,-1.31871500
1624632619.24151039,0.07200000,0.00000000,0.08536000,-1.32599000
1624632619.34066963,0.07200000,0.00000000,0.08439000,-1.33278000
1624632619.44151425,0.07100000,0.00000000,0.08342000,-1.33957000
1624632619.54092431,0.07000000,0.00000000,0.08245000,-1.34684500
1624632619.64116430,0.06900000,0.00000000,0.08148000,-1.35363500
1624632619.74149680,0.06900000,0.00000000,0.08002500,-1.36091000
1624632619.84084702,0.06750000,-0.01745329,0.08002500,-1.36770000
1624632619.94105744,0.06650000,-0.01745329,0.07905500,-1.37352000
1624632620.04129529,0.06650000,-0.01745329,0.07808500,-1.38079500
1624632620.14147711,0.06550000,-0.01745329,0.07711500,-1.38661500
1624632620.24166727,0.06500000,0.00000000,0.07614500,-1.39389000
1624632620.34182453,0.06400000,0.00000000,0.07517500,-1.39971000
1624632620.44252944,0.06350000,-0.01745329,0.07517500,-1.40698500
1624632620.54273224,0.06250000,-0.01745329,0.07420500,-1.41280500
1624632620.64290142,0.06200000,0.00000000,0.07323500,-1.41862500
1624632620.74304938,0.06200000,0.00000000,0.07226500,-1.42493000
1624632620.84322143,0.06100000,0.00000000,0.07129500,-1.43075000
1624632620.94336271,0.06000000,0.00000000,0.07129500,-1.43657000
1624632621.04356623,0.05950000,-0.01745329,0.07032500,-1.44287500
1624632621.14371228,0.05850000,0.01745329,0.06935500,-1.44869500
1624632621.24394941,0.05850000,0.01745329,0.06838500,-1.45451500
1624632621.34417129,0.05750000,0.01745329,0.06741500,-1.45985000
1624632621.44415307,0.05650000,0.01745329,0.06741500,-1.46567000
1624632621.54368806,0.05650000,0.01745329,0.06644500,-1.47197500
1624632621.64390659,0.05550000,0.01745329,0.06547500,-1.47682500
1624632621.74375010,0.05550000,0.01745329,0.06547500,-1.48264500
1624632621.84395719,0.05500000,0.00000000,0.06402000,-1.48798000
1624632621.94412875,0.05400000,0.00000000,0.06305000,-1.49380000
1624632622.04430890,0.05400000,0.00000000,0.06305000,-1.49865000
1624632622.14453769,0.05300000,0.00000000,0.06208000,-1.50398500
1624632622.24474478,0.05300000,0.00000000,0.06111000,-1.50980500
1624632622.34508586,0.05150000,-0.01745329,0.06111000,-1.51465500
1624632622.44535470,0.05200000,0.00000000,0.06014000,-1.51999000
1624632622.54556632,0.05100000,0.00000000,0.06014000,-1.52484000
1624632622.64575338,0.05100000,0.00000000,0.05917000,-1.52969000
1624632622.74592972,0.05000000,0.00000000,0.05820000,-1.53454000
1624632622.84612918,0.04900000,0.00000000,0.05820000,-1.53987500
1624632622.94634557,0.04900000,0.00000000,0.05723000,-1.54472500
1624632623.04656601,0.04800000,0.00000000,0.05723000,-1.54860500
1624632623.14680266,0.04750000,-0.01745329,0.05626000,-1.55394000
1624632623.24694610,0.04700000,0.00000000,0.05529000,-1.55879000
1624632623.34727049,0.04700000,0.00000000,0.05529000,-1.56267000
1624632623.44693518,0.04550000,-0.01745329,0.05432000,-1.56752000
1624632623.54713941,0.04600000,0.00000000,0.05432000,-1.57285500
1624632623.64744282,0.04450000,-0.01745329,0.05335000,-1.57673500
1624632623.74678349,0.04500000,0.00000000,0.05238000,-1.58158500
1624632623.84710407,0.04400000,0.00000000,0.05238000,-1.58595000
1624632623.94746447,0.04350000,-0.01745329,0.05141000,-1.58983000
1624632624.04663968,0.04400000,0.00000000,0.05141000,-1.59468000
1624632624.14699960,0.04250000,-0.01745329,0.05044000,-1.59856000
1624632624.24732900,0.04300000,0.00000000,0.05044000,-1.60292500
1624632624.34664273,0.04200000,0.00000000,0.04947000,-1.60680500
1624632624.44697857,0.04150000,-0.01745329,0.04947000,-1.61165500
1624632624.54728317,0.04100000,0.00000000,0.04801500,-1.61553500
1624632624.64664030,0.04050000,-0.01745329,0.04801500,-1.61990000
1624632624.74698997,0.03950000,0.01745329,0.04704500,-1.62378000
1624632624.84728718,0.03950000,0.01745329,0.04607500,-1.62766000
1624632624.94756651,0.03950000,0.01745329,0.04607500,-1.63154000
1624632625.04785562,0.03900000,0.00000000,0.04510500,-1.63493500
1624632625.14811993,0.03850000,0.01745329,0.04510500,-1.63881500
1624632625.24806309,0.03750000,0.01745329,0.04413500,-1.64269500
1624632625.34834313,0.03750000,0.01745329,0.04413500,-1.64657500
1624632625.44765997,0.03750000,0.01745329,0.04316500,-1.65094000
1624632625.54859471,0.03700000,0.00000000,0.04316500,-1.65385000
1624632625.64881611,0.03700000,0.00000000,0.04316500,-1.65773000
1624632625.74901414,0.03600000,0.00000000,0.04219500,-1.66161000
1624632625.84922194,0.03600000,0.00000000,0.04219500,-1.66452000
1624632625.94946361,0.03600000,0.00000000,0.04122500,-1.66888500
1624632626.04963875,0.03500000,0.00000000,0.04122500,-1.67179500
1624632626.14987063,0.03500000,0.00000000,0.04025500,-1.67567500
1624632626.24995828,0.03400000,0.00000000,0.04025500,-1.67858500
1624632626.35005283,0.03400000,0.00000000,0.04025500,-1.68198000
1624632626.45051289,0.03400000,0.00000000,0.03928500,-1.68586000
1624632626.55061984,0.03300000,0.00000000,0.03928500,-1.68877000
1624632626.65062284,0.03300000,0.00000000,0.03831500,-1.69168000
1624632626.75123930,0.03300000,0.00000000,0.03831500,-1.69556000
1624632626.85141993,0.03200000,0.00000000,0.03831500,-1.69895500
1624632626.95157027,0.03150000,-0.01745329,0.03734500,-1.70186500
1624632627.05178022,0.03200000,0.00000000,0.03734500,-1.70477500
1624632627.15203857,0.03050000,-0.01745329,0.03637500,-1.70768500
1624632627.25225687,0.03100000,0.00000000,0.03637500,-1.71059500
1624632627.35245872,0.03100000,0.00000000,0.03637500,-1.71399000
1624632627.45164824,0.02950000,-0.01745329,0.03540500,-1.71690000
1624632627.55194402,0.03000000,0.00000000,0.03540500,-1.71981000
1624632627.65228415,0.02950000,-0.01745329,0.03443500,-1.72272000
1624632627.75257206,0.02900000,0.00000000,0.03443500,-1.72563000
1624632627.85280776,0.02900000,0.00000000,0.03443500,-1.72854000
1624632627.95306158,0.02850000,-0.01745329,0.03346500,-1.73193500
1624632628.05336857,0.02900000,0.00000000,0.03346500,-1.73484500
1624632628.15325832,0.02750000,-0.01745329,0.03346500,-1.73775500
1624632628.25310230,0.02800000,0.00000000,0.03201000,-1.73969500
1624632628.35303020,0.02800000,0.00000000,0.03201000,-1.74260500
1624632628.45295501,0.02650000,-0.01745329,0.03104000,-1.74551500
1624632628.55302119,0.02650000,0.01745329,0.03104000,-1.74794000
1624632628.65328217,0.02650000,0.01745329,0.03104000,-1.75085000
1624632628.75355387,0.02600000,0.00000000,0.03007000,-1.75376000
1624632628.85383940,0.02550000,0.01745329,0.03007000,-1.75570000
1624632628.95407534,0.02550000,0.01745329,0.03007000,-1.75861000
1624632629.05435014,0.02550000,0.01745329,0.02910000,-1.76152000
1624632629.15461326,0.02450000,0.01745329,0.02910000,-1.76394500
1624632629.25488877,0.02450000,0.01745329,0.02910000,-1.76588500
1624632629.35515952,0.02450000,0.01745329,0.02910000,-1.76879500
1624632629.45550299,0.02500000,0.00000000,0.02813000,-1.77073500
1624632629.55583239,0.02400000,0.00000000,0.02813000,-1.77364500
1624632629.65662861,0.02400000,0.00000000,0.02813000,-1.77558500
1624632629.75680256,0.02400000,0.00000000,0.02716000,-1.77898000
1624632629.85704327,0.02400000,0.00000000,0.02716000,-1.78092000
1624632629.95686388,0.02300000,0.00000000,0.02716000,-1.78286000
1624632630.05671144,0.02300000,0.00000000,0.02619000,-1.78577000
1624632630.15693021,0.02300000,0.00000000,0.02619000,-1.78771000
1624632630.25677657,0.02300000,0.00000000,0.02619000,-1.78965000
1624632630.35693669,0.02200000,0.00000000,0.02619000,-1.79159000
1624632630.45712805,0.02200000,0.00000000,0.02522000,-1.79498500
1624632630.55697155,0.02200000,0.00000000,0.02522000,-1.79692500
1624632630.65725994,0.02200000,0.00000000,0.02522000,-1.79886500
1624632630.75757360,0.02100000,0.00000000,0.02522000,-1.80080500
1624632630.85769701,0.02100000,0.00000000,0.02425000,-1.80274500
1624632630.95779109,0.02100000,0.00000000,0.02425000,-1.80468500
1624632631.05810499,0.02100000,0.00000000,0.02425000,-1.80662500
1624632631.15834236,0.02000000,0.00000000,0.02425000,-1.80856500
1624632631.25817823,0.02000000,0.00000000,0.02328000,-1.81099000
1624632631.35831356,0.01950000,-0.01745329,0.02328000,-1.81293000
1624632631.45826101,0.02000000,0.00000000,0.02328000,-1.81487000
1624632631.55835009,0.02000000,0.00000000,0.02328000,-1.81681000
1624632631.65854836,0.01900000,0.00000000,0.02231000,-1.81875000
1624632631.75857711,0.01850000,-0.01745329,0.02231000,-1.82069000
1624632631.85896587,0.01900000,0.00000000,0.02231000,-1.82263000
1624632631.95897412,0.01900000,0.00000000,0.02231000,-1.82457000
1624632632.05914378,0.01900000,0.00000000,0.02134000,-1.82699500
1624632632.15935230,0.01750000,-0.01745329,0.02134000,-1.82796500
1624632632.25933647,0.01800000,0.00000000,0.02134000,-1.82990500
1624632632.36047316,0.01800000,0.00000000,0.02134000,-1.83184500
1624632632.45971584,0.01800000,0.00000000,0.02134000,-1.83378500
1624632632.56015086,0.01750000,-0.01745329,0.02037000,-1.83572500
1624632632.66038179,0.01700000,0.00000000,0.02037000,-1.83669500
1624632632.75973225,0.01700000,0.00000000,0.02037000,-1.83863500
1624632632.85964251,0.01700000,0.00000000,0.02037000,-1.84057500
1624632632.96001315,0.01700000,0.00000000,0.01940000,-1.84154500
1624632633.06032634,0.01650000,-0.01745329,0.01940000,-1.84397000
1624632633.15963864,0.01650000,-0.01745329,0.01940000,-1.84591000
1624632633.26010990,0.01700000,0.00000000,0.01940000,-1.84688000
1624632633.36050463,0.01600000,0.00000000,0.01940000,-1.84882000
1624632633.46082044,0.01550000,-0.01745329,0.01843000,-1.85076000
1624632633.56114197,0.01550000,-0.01745329,0.01843000,-1.85173000
1624632633.66107559,0.01600000,0.00000000,0.01843000,-1.85367000
1624632633.76141143,0.01600000,0.00000000,0.01843000,-1.85464000
1624632633.86078596,0.01550000,0.01745329,0.01843000,-1.85658000
1624632633.96150446,0.01450000,0.01745329,0.01746000,-1.85755000
1624632634.06254363,0.01500000,0.00000000,0.01746000,-1.85997500
1624632634.16296482,0.01450000,0.01745329,0.01746000,-1.86094500
1624632634.26333070,0.01450000,0.01745329,0.01746000,-1.86288500
1624632634.36291099,0.01450000,0.01745329,0.01746000,-1.86385500
1624632634.46358228,0.01450000,0.01745329,0.01600500,-1.86579500
1624632634.56397915,0.01400000,0.00000000,0.01600500,-1.86676500
1624632634.66436720,0.01350000,0.01745329,0.01600500,-1.86870500
1624632634.76365328,0.01350000,0.01745329,0.01600500,-1.86967500
1624632634.86415100,0.01400000,0.00000000,0.01600500,-1.87064500
1624632634.96364379,0.01350000,-0.01745329,0.01600500,-1.87258500
1624632635.06413102,0.01350000,-0.01745329,0.01503500,-1.87355500
1624632635.16444969,0.01400000,0.00000000,0.01503500,-1.87598000
1624632635.26377630,0.01300000,0.00000000,0.01503500,-1.87695000
1624632635.36403584,0.01300000,0.00000000,0.01503500,-1.87792000
1624632635.46432137,0.01300000,0.00000000,0.01503500,-1.87889000
1624632635.56362271,0.01300000,0.00000000,0.01503500,-1.88083000
1624632635.66389823,0.01300000,0.00000000,0.01406500,-1.88180000
1624632635.76421285,0.01300000,0.00000000,0.01406500,-1.88277000
1624632635.86452770,0.01200000,0.00000000,0.01406500,-1.88374000
1624632635.96478915,0.01200000,0.00000000,0.01406500,-1.88568000
1624632636.06510687,0.01200000,0.00000000,0.01406500,-1.88665000
1624632636.16536355,0.01200000,0.00000000,0.01406500,-1.88762000
1624632636.26469851,0.01200000,0.00000000,0.01309500,-1.88859000
1624632636.36499524,0.01200000,0.00000000,0.01309500,-1.88956000
1624632636.46534371,0.01200000,0.00000000,0.01309500,-1.89198500
1624632636.56464839,0.01200000,0.00000000,0.01309500,-1.89295500
1624632636.66484284,0.01200000,0.00000000,0.01309500,-1.89392500
1624632636.76512313,0.01100000,0.00000000,0.01309500,-1.89489500
1624632636.86540890,0.01100000,0.00000000,0.01309500,-1.89586500
1624632636.96475744,0.01100000,0.00000000,0.01212500,-1.89683500
1624632637.06502748,0.01100000,0.00000000,0.01212500,-1.89780500
1624632637.16541505,0.01100000,0.00000000,0.01212500,-1.89877500
1624632637.26474524,0.01100000,0.00000000,0.01212500,-1.90071500
1624632637.36506224,0.01100000,0.00000000,0.01212500,-1.90168500
1624632637.46546125,0.01100000,0.00000000,0.01212500,-1.90265500
1624632637.56483650,0.01000000,0.00000000,0.01212500,-1.90362500
1624632637.66518450,0.01000000,0.00000000,0.01212500,-1.90459500
1624632637.76553535,0.01000000,0.00000000,0.01115500,-1.90556500
1624632637.86661506,0.01000000,0.00000000,0.01115500,-1.90653500
1624632637.96703863,0.01000000,0.00000000,0.01115500,-1.90799000
1624632638.06741214,0.01000000,0.00000000,0.01115500,-1.90896000
1624632638.16677880,0.01000000,0.00000000,0.01115500,-1.90993000
1624632638.26720691,0.01000000,0.00000000,0.01115500,-1.91090000
1624632638.36668563,0.00950000,-0.01745329,0.01115500,-1.91187000
1624632638.46703434,0.00900000,0.00000000,0.01115500,-1.91284000
1624632638.56734180,0.00900000,0.00000000,0.01018500,-1.91284000
1624632638.66666579,0.00900000,0.00000000,0.01018500,-1.91381000
1624632638.76709199,0.00900000,0.00000000,0.01018500,-1.91478000
1624632638.86690092,0.00900000,0.00000000,0.01018500,-1.91575000
1624632638.96683645,0.00900000,0.00000000,0.01018500,-1.91672000
1624632639.06724405,0.00850000,-0.01745329,0.01018500,-1.91769000
1624632639.16674328,0.00850000,-0.01745329,0.01018500,-1.91866000
1624632639.26740837,0.00900000,0.00000000,0.01018500,-1.91963000
1624632639.36749673,0.00900000,0.00000000,0.01018500,-1.92060000
1624632639.46763086,0.00900000,0.00000000,0.00921500,-1.92060000
1624632639.56859016,0.00800000,0.00000000,0.00921500,-1.92157000
1624632639.66901660,0.00800000,0.00000000,0.00921500,-1.92254000
1624632639.76908541,0.00800000,0.00000000,0.00921500,-1.92399500
1624632639.86959100,0.00800000,0.00000000,0.00921500,-1.92496500
1624632639.97031760,0.00750000,-0.01745329,0.00921500,-1.92496500
1624632640.07029772,0.00750000,-0.01745329,0.00921500,-1.92593500
1624632640.17026544,0.00800000,0.00000000,0.00921500,-1.92690500
1624632640.26968336,0.00800000,0.00000000,0.00921500,-1.92787500
1624632640.37023091,0.00800000,0.00000000,0.00824500,-1.92884500
1624632640.47049093,0.00800000,0.00000000,0.00824500,-1.92884500
1624632640.57116938,0.00800000,0.00000000,0.00824500,-1.92981500
1624632640.67069626,0.00750000,0.01745329,0.00824500,-1.93078500
1624632640.77118039,0.00650000,0.01745329,0.00824500,-1.93175500
1624632640.87128258,0.00650000,0.01745329,0.00824500,-1.93175500
1624632640.97160864,0.00700000,0.00000000,0.00824500,-1.93272500
1624632641.07182121,0.00650000,0.01745329,0.00824500,-1.93369500
1624632641.17214322,0.00650000,0.01745329,0.00824500,-1.93369500
1624632641.27250314,0.00650000,0.01745329,0.00824500,-1.93466500
1624632641.37297058,0.00650000,0.01745329,0.00824500,-1.93563500
1624632641.47302079,0.00700000,0.00000000,0.00727500,-1.93660500
1624632641.57351732,0.00700000,0.00000000,0.00727500,-1.93660500
1624632641.67383885,0.00700000,0.00000000,0.00727500,-1.93757500
1624632641.77422619,0.00700000,0.00000000,0.00727500,-1.93854500
1624632641.87386370,0.00700000,0.00000000,0.00727500,-1.93854500
1624632641.97436595,0.00650000,-0.01745329,0.00727500,-1.93951500
1624632642.07371688,0.00550000,-0.01745329,0.00727500,-1.94097000
1624632642.17419815,0.00600000,0.00000000,0.00727500,-1.94097000
1624632642.27378392,0.00600000,0.00000000,0.00727500,-1.94194000
1624632642.37440395,0.00600000,0.00000000,0.00727500,-1.94194000
1624632642.47453618,0.00600000,0.00000000,0.00727500,-1.94291000
1624632642.57465315,0.00600000,0.00000000,0.00727500,-1.94388000
1624632642.67490792,0.00600000,0.00000000,0.00727500,-1.94388000
1624632642.77543426,0.00600000,0.00000000,0.00630500,-1.94485000
1624632642.87496638,0.00600000,0.00000000,0.00630500,-1.94485000
1624632642.97530937,0.00600000,0.00000000,0.00630500,-1.94582000
1624632643.07542062,0.00600000,0.00000000,0.00630500,-1.94679000
1624632643.17464328,0.00550000,-0.01745329,0.00630500,-1.94679000
1624632643.27492046,0.00550000,-0.01745329,0.00630500,-1.94776000
1624632643.37529230,0.00550000,-0.01745329,0.00630500,-1.94776000
1624632643.47535157,0.00600000,0.00000000,0.00630500,-1.94873000
1624632643.57466388,0.00500000,0.00000000,0.00630500,-1.94873000
1624632643.67536902,0.00500000,0.00000000,0.00630500,-1.94970000
1624632643.77481675,0.00500000,0.00000000,0.00630500,-1.94970000
1624632643.87527180,0.00500000,0.00000000,0.00630500,-1.95067000
1624632643.97543430,0.00500000,0.00000000,0.00630500,-1.95067000
1624632644.07496190,0.00500000,0.00000000,0.00630500,-1.95164000
1624632644.17513394,0.00500000,0.00000000,0.00533500,-1.95164000
1624632644.27534771,0.00500000,0.00000000,0.00533500,-1.95261000
1624632644.37476039,0.00500000,0.00000000,0.00533500,-1.95261000
1624632644.47534299,0.00450000,-0.01745329,0.00533500,-1.95358000
1624632644.57509613,0.00450000,-0.01745329,0.00533500,-1.95358000
1624632644.67480493,0.00450000,-0.01745329,0.00533500,-1.95455000
1624632644.77521992,0.00450000,-0.01745329,0.00533500,-1.95455000
1624632644.87497425,0.00500000,0.00000000,0.00533500,-1.95552000
1624632644.97546005,0.00500000,0.00000000,0.00533500,-1.95552000
1624632645.07516575,0.00500000,0.00000000,0.00533500,-1.95697500
1624632645.17553616,0.00450000,0.01745329,0.00533500,-1.95697500
1624632645.27615643,0.00450000,0.01745329,0.00533500,-1.95794500
1624632645.37604094,0.00450000,0.01745329,0.00533500,-1.95794500
1624632645.47603297,0.00350000,0.01745329,0.00533500,-1.95891500
1624632645.57651520,0.00350000,0.01745329,0.00533500,-1.95891500
1624632645.67741895,0.00350000,0.01745329,0.00533500,-1.95988500
1624632645.77706599,0.00350000,0.01745329,0.00436500,-1.95988500
1624632645.87753415,0.00350000,0.01745329,0.00436500,-1.95988500
1624632645.97835159,0.00350000,0.01745329,0.00436500,-1.96085500
1624632646.07776546,0.00350000,-0.01745329,0.00436500,-1.96085500
1624632646.17806363,0.00350000,-0.01745329,0.00436500,-1.96182500
1624632646.27846646,0.00350000,-0.01745329,0.00436500,-1.96182500
1624632646.37897778,0.00400000,0.00000000,0.00436500,-1.96182500
1624632646.47942877,0.00400000,0.00000000,0.00436500,-1.96279500
1624632646.57888150,0.00400000,0.00000000,0.00436500,-1.96279500
1624632646.67947721,0.00400000,0.00000000,0.00436500,-1.96279500
1624632646.77879691,0.00400000,0.00000000,0.00436500,-1.96376500
1624632646.87905097,0.00400000,0.00000000,0.00436500,-1.96376500
1624632646.97888160,0.00400000,0.00000000,0.00436500,-1.96473500
1624632647.07897973,0.00400000,0.00000000,0.00436500,-1.96473500
1624632647.17879176,0.00400000,0.00000000,0.00436500,-1.96473500
1624632647.27895927,0.00400000,0.00000000,0.00436500,-1.96570500
1624632647.37892675,0.00400000,0.00000000,0.00436500,-1.96570500
1624632647.47898293,0.00400000,0.00000000,0.00436500,-1.96667500
1624632647.57895303,0.00400000,0.00000000,0.00436500,-1.96667500
1624632647.67909908,0.00400000,0.00000000,0.00436500,-1.96667500
1624632647.77929807,0.00400000,0.00000000,0.00339500,-1.96764500
1624632647.87934685,0.00300000,-0.01745329,0.00339500,-1.96764500
1624632647.97948146,0.00300000,-0.01745329,0.00339500,-1.96764500
1624632648.07997942,0.00300000,-0.01745329,0.00339500,-1.96861500
1624632648.18035531,0.00300000,-0.01745329,0.00339500,-1.96861500
1624632648.27998662,0.00300000,-0.01745329,0.00339500,-1.96861500
1624632648.38049006,0.00300000,0.01745329,0.00339500,-1.96958500
1624632648.48098922,0.00300000,0.01745329,0.00339500,-1.96958500
1624632648.58143806,0.00300000,0.01745329,0.00339500,-1.96958500
1624632648.68074441,0.00300000,0.01745329,0.00339500,-1.97055500
1624632648.78114748,0.00300000,0.01745329,0.00339500,-1.97055500
1624632648.88125634,0.00300000,0.01745329,0.00339500,-1.97055500
1624632648.98156691,0.00300000,0.01745329,0.00339500,-1.97055500
1624632649.08165216,0.00300000,0.01745329,0.00339500,-1.97152500
1624632649.18213987,0.00300000,0.00000000,0.00339500,-1.97152500
1624632649.28241706,0.00300000,0.00000000,0.00339500,-1.97152500
1624632649.38183069,0.00300000,0.00000000,0.00339500,-1.97298000
1624632649.48225260,0.00300000,0.00000000,0.00339500,-1.97298000
1624632649.58161139,0.00300000,0.00000000,0.00339500,-1.97298000
1624632649.68203831,0.00300000,0.00000000,0.00339500,-1.97395000
1624632649.78238916,0.00300000,0.00000000,0.00339500,-1.97395000
1624632649.88178849,0.00300000,0.00000000,0.00339500,-1.97395000
1624632649.98210692,0.00300000,0.00000000,0.00339500,-1.97395000
1624632650.08174753,0.00300000,0.00000000,0.00339500,-1.97492000
1624632650.18250656,0.00300000,0.00000000,0.00339500,-1.97492000
1624632650.28304720,0.00300000,-0.01745329,0.00339500,-1.97492000
1624632650.38336444,0.00300000,-0.01745329,0.00339500,-1.97589000
1624632650.48261523,0.00300000,-0.01745329,0.00242500,-1.97589000
1624632650.58310652,0.00300000,-0.01745329,0.00242500,-1.97589000
1624632650.68307710,0.00300000,-0.01745329,0.00242500,-1.97589000
1624632650.78348517,0.00300000,-0.01745329,0.00242500,-1.97686000
1624632650.88392615,0.00300000,-0.01745329,0.00242500,-1.97686000
1624632650.98435879,0.00200000,-0.01745329,0.00242500,-1.97686000
1624632651.08441544,0.00200000,0.01745329,0.00242500,-1.97686000
1624632651.18357801,0.00200000,0.01745329,0.00242500,-1.97783000
1624632651.28401327,0.00200000,0.01745329,0.00242500,-1.97783000
1624632651.38418055,0.00200000,0.01745329,0.00242500,-1.97783000
1624632651.48359919,0.00200000,0.01745329,0.00242500,-1.97783000
1624632651.58389640,0.00200000,0.01745329,0.00242500,-1.97783000
1624632651.68399072,0.00200000,0.01745329,0.00242500,-1.97880000
1624632651.78395724,0.00200000,0.01745329,0.00242500,-1.97880000
1624632651.88459396,0.00200000,0.00000000,0.00242500,-1.97880000
1624632651.98508000,0.00200000,0.00000000,0.00242500,-1.97880000
1624632652.08546901,0.00200000,0.00000000,0.00242500,-1.97880000
1624632652.18499970,0.00200000,0.00000000,0.00242500,-1.97977000
1624632652.28513098,0.00200000,0.00000000,0.00242500,-1.97977000
1624632652.38477635,0.00200000,0.00000000,0.00242500,-1.97977000
1624632652.48480558,0.00200000,0.00000000,0.00242500,-1.97977000
1624632652.58476973,0.00200000,0.00000000,0.00242500,-1.97977000
1624632652.68537736,0.00200000,0.00000000,0.00242500,-1.98074000
1624632652.78495073,0.00200000,0.00000000,0.00242500,-1.98074000
1624632652.88475990,0.00200000,0.00000000,0.00242500,-1.98074000
1624632652.98468637,0.00200000,0.00000000,0.00242500,-1.98074000
1624632653.08471704,0.00200000,0.00000000,0.00242500,-1.98074000
1624632653.18463898,0.00200000,0.00000000,0.00242500,-1.98171000
1624632653.28476644,0.00200000,0.00000000,0.00242500,-1.98171000
1624632653.38513279,0.00200000,0.00000000,0.00242500,-1.98171000
1624632653.48469996,0.00200000,0.00000000,0.00242500,-1.98171000
1624632653.58530641,0.00200000,0.00000000,0.00242500,-1.98171000
1624632653.68540597,0.00200000,0.00000000,0.00242500,-1.98268000
1624632653.78509283,0.00200000,-0.01745329,0.00242500,-1.98268000
1624632653.88471961,0.00200000,-0.01745329,0.00242500,-1.98268000
1624632653.98481870,0.00200000,-0.01745329,0.00242500,-1.98268000
1624632654.08484817,0.00200000,-0.01745329,0.00242500,-1.98268000
1624632654.18540907,0.00200000,-0.01745329,0.00242500,-1.98365000
1624632654.28476667,0.00200000,-0.01745329,0.00145500,-1.98365000
1624632654.38526440,0.00200000,-0.01745329,0.00145500,-1.98365000
1624632654.48537660,0.00200000,-0.01745329,0.00145500,-1.98365000
1624632654.58489561,0.00200000,-0.01745329,0.00145500,-1.98365000
1624632654.68515182,0.00200000,-0.01745329,0.00145500,-1.98462000
1624632654.78539729,0.00200000,-0.01745329,0.00145500,-1.98462000
1624632654.88498950,0.00200000,0.03490659,0.00145500,-1.98462000
1624632654.98527813,0.00200000,0.03490659,0.00145500,-1.98462000
1624632655.08552980,0.00200000,0.03490659,0.00145500,-1.98462000
1624632655.18613195,0.00200000,0.03490659,0.00145500,-1.98559000
1624632655.28561568,0.00200000,0.01745329,0.00145500,-1.98559000
1624632655.38596821,0.00200000,0.01745329,0.00145500,-1.98559000
1624632655.48617029,0.00200000,0.01745329,0.00145500,-1.98559000
1624632655.58637738,0.00200000,0.01745329,0.00145500,-1.98559000
1624632655.68652177,0.00200000,0.01745329,0.00145500,-1.98656000
1624632655.78675914,0.00100000,0.01745329,0.00145500,-1.98656000
1624632655.88718510,0.00100000,0.01745329,0.00145500,-1.98656000
1624632655.98744059,0.00100000,0.01745329,0.00145500,-1.98656000
1624632656.08686948,0.00100000,0.01745329,0.00145500,-1.98656000
1624632656.18719625,0.00100000,0.01745329,0.00145500,-1.98656000
1624632656.28747845,0.00100000,0.01745329,0.00145500,-1.98656000
1624632656.38711476,0.00100000,0.01745329,0.00145500,-1.98656000
1624632656.48708367,0.00100000,0.01745329,0.00145500,-1.98656000
1624632656.58740091,0.00100000,0.00000000,0.00145500,-1.98753000
1624632656.68669248,0.00100000,0.00000000,0.00145500,-1.98753000
1624632656.78714347,0.00100000,0.00000000,0.00145500,-1.98753000
1624632656.88702774,0.00100000,0.00000000,0.00145500,-1.98753000
1624632656.98735189,0.00100000,0.00000000,0.00145500,-1.98753000
1624632657.08727503,0.00100000,0.00000000,0.00145500,-1.98753000
1624632657.18656135,0.00100000,-0.01745329,0.00145500,-1.98753000
1624632657.28679609,0.00100000,-0.01745329,0.00145500,-1.98753000
1624632657.38731670,0.00100000,-0.01745329,0.00145500,-1.98753000
1624632657.48754716,0.00100000,-0.01745329,0.00145500,-1.98753000
1624632657.58847666,0.00100000,-0.01745329,0.00145500,-1.98898500
1624632657.68885899,0.00100000,-0.01745329,0.00145500,-1.98898500
1624632657.78891492,0.00100000,-0.01745329,0.00145500,-1.98898500
1624632657.88906646,0.00100000,-0.01745329,0.00145500,-1.98898500
1624632657.98932528,0.00100000,-0.01745329,0.00145500,-1.98898500
1624632658.08947611,0.00100000,-0.01745329,0.00145500,-1.98898500
1624632658.19046044,0.00100000,-0.01745329,0.00145500,-1.98898500
1624632658.29083395,0.00100000,-0.01745329,0.00145500,-1.98898500
1624632658.39096355,0.00100000,-0.01745329,0.00145500,-1.98898500
1624632658.49102998,0.00100000,-0.01745329,0.00145500,-1.98898500
1624632658.59074473,0.00100000,-0.01745329,0.00145500,-1.98995500
1624632658.69128633,0.00100000,-0.01745329,0.00145500,-1.98995500
1624632658.79044080,0.00100000,-0.01745329,0.00145500,-1.98995500
1624632658.89129400,0.00000000,0.00000000,0.00145500,-1.98995500
1624632658.99135923,0.00000000,0.00000000,0.00145500,-1.98995500
1624632659.09098792,0.00000000,0.00000000,0.00145500,-1.98995500
1624632659.19071507,0.00000000,0.00000000,0.00145500,-1.98995500
1624632659.29142833,0.00000000,0.00000000,0.00145500,-1.98995500
1624632659.39113379,0.00000000,0.00000000,0.00145500,-1.98995500
1624632659.49126554,0.00000000,0.00000000,0.00145500,-1.98995500
1624632659.59070516,0.00000000,0.00000000,0.00145500,-1.98995500
1624632659.69083905,0.00000000,0.00000000,0.00145500,-1.98995500
1624632659.79075480,0.00000000,0.00000000,0.00145500,-1.98995500
1624632659.89151287,0.00000000,0.00000000,0.00145500,-1.98995500
1624632659.99227643,0.00000000,0.00000000,0.00145500,-1.98995500
1624632660.09201956,0.00000000,0.00000000,0.00145500,-1.98995500
1624632660.19176674,0.00000000,0.00000000,0.00145500,-1.98995500
1624632660.29252076,0.00000000,0.00000000,0.00145500,-1.98995500
1624632660.39204144,0.00000000,0.00000000,0.00145500,-1.98995500
1624632660.49238777,0.00000000,0.00000000,0.00145500,-1.98995500
1624632660.59208179,0.00000000,0.00000000,0.00145500,-1.98995500
1624632660.69180155,0.00000000,0.00000000,0.00145500,-1.98995500
1624632660.79159212,0.00000000,0.00000000,0.00145500,-1.98995500
1624632660.89248800,0.00000000,0.00000000,0.00145500,-1.98995500
1624632660.99233270,0.00000000,0.00000000,0.00145500,-1.98995500
1624632661.09204388,0.00000000,0.00000000,0.00145500,-1.98995500
1624632661.19168520,0.00000000,0.00000000,0.00145500,-1.98995500
1624632661.29260230,0.00000000,0.00000000,0.00145500,-1.98995500
1624632661.39326358,0.00000000,0.00000000,0.00145500,-1.98995500
1624632661.49364996,0.00000000,0.00000000,0.00145500,-1.98995500
1624632661.59376955,0.00000000,0.00000000,0.00145500,-1.98995500
1624632661.69449019,0.00000000,0.00000000,0.00145500,-1.98995500
1624632661.79421306,0.00000000,0.00000000,0.00145500,-1.98995500
1624632661.89387989,0.00000000,0.00000000,0.00145500,-1.98995500
1624632661.99458027,0.00000000,0.00000000,0.00145500,-1.98995500
1624632662.09470248,0.00000000,0.00000000,0.00145500,-1.98995500
1624632662.19527864,0.00000000,0.00000000,0.00145500,-1.98995500
1624632662.29505396,0.00000000,0.00000000,0.00145500,-1.98995500
1624632662.39453650,0.00000000,0.00000000,0.00145500,-1.98995500
1624632662.49534488,0.00000000,0.00000000,0.00145500,-1.98995500
1624632662.59509325,0.00000000,0.00000000,0.00145500,-1.98995500
1624632662.69484639,0.00000000,0.00000000,0.00145500,-1.98995500
1624632662.79514766,0.00000000,0.00000000,0.00145500,-1.98995500
1624632662.89491892,0.00000000,0.00000000,0.00145500,-1.98995500
1624632662.99562335,0.00000000,0.00000000,0.00145500,-1.98995500
1624632663.09625387,0.00000000,0.00000000,0.00145500,-1.98995500
1624632663.19586277,0.00000000,0.00000000,0.00145500,-1.98995500
1624632663.29568768,0.00000000,0.00000000,0.00145500,-1.98995500
