Seconds,Desired Distance
1624627225.48336864,3.50000000
1624627225.58301115,3.50000000
1624627225.68298936,3.50000000
1624627225.78300190,3.50000000
1624627225.88297510,3.50000000
1624627225.98297811,3.50000000
1624627226.08300734,3.50000000
1624627226.18297958,3.50000000
1624627226.28298402,3.50000000
1624627226.38299274,3.50000000
1624627226.48298311,3.50000000
1624627226.58304906,3.50000000
1624627226.68304181,3.50000000
1624627226.78306079,3.50000000
1624627226.88303995,3.50000000
1624627226.98276234,3.50000000
1624627227.08276248,3.50000000
1624627227.18275332,3.50000000
1624627227.28275394,3.50000000
1624627227.38299108,3.50000000
1624627227.48288822,3.50000000
1624627227.58303857,3.50000000
1624627227.68306756,3.50000000
1624627227.78308606,3.50000000
1624627227.88306379,3.50000000
1624627227.98309350,3.50000000
1624627228.08310151,3.50000000
1624627228.18298149,3.50000000
1624627228.28298354,3.50000000
1624627228.38298345,3.50000000
1624627228.48299527,3.50000000
1624627228.58294463,3.50000000
1624627228.68298364,3.50000000
1624627228.78300023,3.50000000
1624627228.88334489,3.50000000
1624627228.98324943,3.50000000
1624627229.08295298,3.50000000
1624627229.18276620,3.50000000
1624627229.28276873,3.50000000
1624627229.38276935,3.50000000
1624627229.48275852,3.50000000
1624627229.58300996,3.50000000
1624627229.68300819,3.50000000
1624627229.78293300,3.50000000
1624627229.88300395,3.50000000
1624627229.98298597,3.50000000
1624627230.08302784,3.50000000
1624627230.18302035,3.50000000
1624627230.28307152,3.50000000
1624627230.38303971,3.50000000
1624627230.48300958,3.50000000
1624627230.58297038,3.50000000
1624627230.68298149,3.50000000
1624627230.78300190,3.50000000
1624627230.88299870,3.50000000
1624627230.98298693,3.50000000
1624627231.08300805,3.50000000
1624627231.18298531,3.50000000
1624627231.28290415,3.50000000
1624627231.38296938,3.50000000
1624627231.48298645,3.50000000
1624627231.58302569,3.50000000
1624627231.68299460,3.50000000
1624627231.78299427,3.50000000
1624627231.88300371,3.50000000
1624627231.98299241,3.50000000
1624627232.08299255,3.50000000
1624627232.18298936,3.50000000
1624627232.28286505,3.50000000
1624627232.38307357,3.50000000
1624627232.48298502,3.50000000
1624627232.58295178,3.50000000
1624627232.68304658,3.50000000
1624627232.78304887,3.50000000
1624627232.88304639,3.50000000
1624627232.98298764,3.50000000
1624627233.08289742,3.50000000
1624627233.18298864,3.50000000
1624627233.28310299,3.50000000
1624627233.38299751,3.50000000
1624627233.48301315,3.50000000
1624627233.58301163,3.50000000
1624627233.68298078,3.50000000
1624627233.78306174,3.50000000
1624627233.88307285,3.50000000
1624627233.98301792,3.50000000
1624627234.08300376,3.50000000
1624627234.18300629,3.50000000
1624627234.28300261,3.50000000
1624627234.38299704,3.50000000
1624627234.48282838,3.50000000
1624627234.58298421,3.50000000
1624627234.68298960,3.50000000
1624627234.78304148,3.50000000
1624627234.88301539,3.50000000
1624627234.98299026,3.50000000
1624627235.08298707,3.50000000
1624627235.18291855,3.50000000
1624627235.28299975,3.50000000
1624627235.38281465,3.50000000
1624627235.48300147,3.50000000
1624627235.58299828,3.50000000
1624627235.68300891,3.50000000
1624627235.78300929,3.50000000
1624627235.88298917,3.50000000
1624627235.98300505,3.50000000
1624627236.08305335,3.50000000
1624627236.18303394,3.50000000
1624627236.28305316,3.50000000
1624627236.38302159,3.50000000
1624627236.48298359,3.50000000
1624627236.58301973,3.50000000
1624627236.68300247,3.50000000
1624627236.78302550,3.50000000
1624627236.88299441,3.50000000
1624627236.98299384,3.50000000
1624627237.08307719,3.50000000
1624627237.18302011,3.50000000
1624627237.28302026,3.50000000
1624627237.38295507,3.50000000
1624627237.48301244,3.50000000
1624627237.58299351,3.50000000
1624627237.68300700,3.50000000
1624627237.78300571,3.50000000
1624627237.88300538,3.50000000
1624627237.98300076,3.50000000
1624627238.08305597,3.50000000
1624627238.18275499,3.50000000
1624627238.28279567,3.50000000
1624627238.38284683,3.50000000
1624627238.48286581,3.50000000
1624627238.58287024,3.50000000
1624627238.68298674,3.50000000
1624627238.78297687,3.50000000
1624627238.88298225,3.50000000
1624627238.98306870,3.50000000
1624627239.08305383,3.50000000
1624627239.18293095,3.50000000
1624627239.28305483,3.50000000
1624627239.38305879,3.50000000
1624627239.48284578,3.50000000
1624627239.58288217,3.50000000
1624627239.68306804,3.50000000
1624627239.78306007,3.50000000
1624627239.88307571,3.50000000
1624627239.98298931,3.50000000
1624627240.08301616,3.50000000
1624627240.18306851,3.50000000
1624627240.28286219,3.50000000
1624627240.38306546,3.50000000
1624627240.48303151,3.50000000
1624627240.58305955,3.50000000
1624627240.68299937,3.50000000
1624627240.78299236,3.50000000
1624627240.88300228,3.50000000
1624627240.98299837,3.50000000
1624627241.08298802,3.50000000
1624627241.18298841,3.50000000
1624627241.28289318,3.50000000
1624627241.38304830,3.50000000
1624627241.48303819,3.50000000
1624627241.58302975,3.50000000
1624627241.68304276,3.50000000
1624627241.78304124,3.50000000
1624627241.88302851,3.50000000
1624627241.98300529,3.50000000
1624627242.08299184,3.50000000
1624627242.18299961,3.50000000
1624627242.28306746,3.50000000
1624627242.38296628,3.50000000
1624627242.48302269,3.50000000
1624627242.58305836,3.50000000
1624627242.68309212,3.50000000
1624627242.78300786,3.50000000
1624627242.88299680,3.50000000
1624627242.98300481,3.50000000
1624627243.08306003,3.50000000
1624627243.18303823,3.50000000
1624627243.28301311,3.50000000
1624627243.38304901,3.50000000
1624627243.48299694,3.50000000
1624627243.58300543,3.50000000
1624627243.68303585,3.50000000
1624627243.78299952,3.50000000
1624627243.88298655,3.50000000
1624627243.98301363,3.50000000
1624627244.08299541,3.50000000
1624627244.18301320,3.50000000
1624627244.28296638,3.50000000
1624627244.38301516,3.50000000
1624627244.48284340,3.50000000
1624627244.58294725,3.50000000
1624627244.68290019,3.50000000
1624627244.78300810,3.50000000
1624627244.88300371,3.50000000
1624627244.98303485,3.50000000
1624627245.08312416,3.50000000
1624627245.18294072,3.50000000
1624627245.28301525,3.50000000
1624627245.38302040,3.50000000
1624627245.48273897,3.50000000
1624627245.58299589,3.50000000
1624627245.68301797,3.50000000
1624627245.78307986,3.50000000
1624627245.88299704,3.50000000
1624627245.98281121,3.50000000
1624627246.08310103,3.50000000
1624627246.18299127,3.50000000
1624627246.28308201,3.50000000
1624627246.38304543,3.50000000
1624627246.48310590,3.50000000
1624627246.58309293,3.50000000
1624627246.68311548,3.50000000
1624627246.78312945,3.50000000
1624627246.88304448,3.50000000
1624627246.98310947,3.50000000
1624627247.08299065,3.50000000
1624627247.18299341,3.50000000
1624627247.28307295,3.50000000
1624627247.38299346,3.50000000
1624627247.48298955,3.50000000
1624627247.58300304,3.50000000
1624627247.68299723,3.50000000
1624627247.78298903,3.50000000
1624627247.88305211,3.50000000
1624627247.98301125,3.50000000
1624627248.08301139,3.50000000
1624627248.18301296,3.50000000
1624627248.28308177,3.50000000
1624627248.38309908,3.50000000
1624627248.48307920,3.50000000
1624627248.58301020,3.50000000
1624627248.68300819,3.50000000
1624627248.78299761,3.50000000
1624627248.88301206,3.50000000
1624627248.98299837,3.50000000
1624627249.08298755,3.50000000
1624627249.18300104,3.50000000
1624627249.28299522,3.50000000
1624627249.38299108,3.50000000
1624627249.48303223,3.50000000
1624627249.58306503,3.50000000
1624627249.68301177,3.50000000
1624627249.78303123,3.50000000
1624627249.88303089,3.50000000
1624627249.98310852,3.50000000
1624627250.08301735,3.50000000
1624627250.18302393,3.50000000
1624627250.28300428,3.50000000
1624627250.38299489,3.50000000
1624627250.48301148,3.50000000
1624627250.58300042,3.50000000
1624627250.68299794,3.50000000
1624627250.78299618,3.50000000
1624627250.88299346,3.50000000
1624627250.98306012,3.50000000
1624627251.08301544,3.50000000
1624627251.18299103,3.50000000
1624627251.28290558,3.50000000
1624627251.38300109,3.50000000
1624627251.48309350,3.50000000
1624627251.58309102,3.50000000
1624627251.68311214,3.50000000
1624627251.78310227,3.50000000
1624627251.88308907,3.50000000
1624627251.98310161,3.50000000
1624627252.08309984,3.50000000
1624627252.18309689,3.50000000
1624627252.28310490,3.50000000
1624627252.38310051,3.50000000
1624627252.48308706,3.50000000
1624627252.58311081,3.50000000
1624627252.68310785,3.50000000
1624627252.78291845,3.50000000
1624627252.88291502,3.50000000
1624627252.98300171,3.50000000
1624627253.08302164,3.50000000
1624627253.18299198,3.50000000
1624627253.28300858,3.50000000
1624627253.38300157,3.50000000
1624627253.48300719,3.50000000
1624627253.58300757,3.50000000
1624627253.68296528,3.50000000
1624627253.78304529,3.50000000
1624627253.88302660,3.50000000
1624627253.98303533,3.50000000
1624627254.08312321,3.50000000
1624627254.18299365,3.50000000
1624627254.28300285,3.50000000
1624627254.38310695,3.50000000
1624627254.48283172,3.50000000
1624627254.58274603,3.50000000
1624627254.68282819,3.50000000
1624627254.78301191,3.50000000
1624627254.88291311,3.50000000
1624627254.98308849,3.50000000
1624627255.08308029,3.50000000
1624627255.18309498,3.50000000
1624627255.28298593,3.50000000
1624627255.38311744,3.50000000
1624627255.48300838,3.50000000
1624627255.58300972,3.50000000
1624627255.68300676,3.50000000
1624627255.78300190,3.50000000
1624627255.88299036,3.50000000
1624627255.98298669,3.50000000
1624627256.08297801,3.50000000
1624627256.18301129,3.50000000
1624627256.28299928,3.50000000
1624627256.38308811,3.50000000
1624627256.48299861,3.50000000
1624627256.58298564,3.50000000
1624627256.68300605,3.50000000
1624627256.78299356,3.50000000
1624627256.88301587,3.50000000
1624627256.98301244,3.50000000
1624627257.08299184,3.50000000
1624627257.18301630,3.50000000
1624627257.28297186,3.50000000
1624627257.38299537,3.50000000
1624627257.48298764,3.50000000
1624627257.58282828,3.50000000
1624627257.68300271,3.50000000
1624627257.78299332,3.50000000
1624627257.88300490,3.50000000
1624627257.98299885,3.50000000
1624627258.08303952,3.50000000
1624627258.18301463,3.50000000
1624627258.28302574,3.50000000
1624627258.38304138,3.50000000
1624627258.48298669,3.50000000
1624627258.58298087,3.50000000
1624627258.68298864,3.50000000
1624627258.78299069,3.50000000
1624627258.88304257,3.50000000
1624627258.98305106,3.50000000
1624627259.08299899,3.50000000
1624627259.18298626,3.50000000
1624627259.28298998,3.50000000
1624627259.38299632,3.50000000
1624627259.48299026,3.50000000
1624627259.58295393,3.50000000
1624627259.68299294,3.50000000
1624627259.78299308,3.50000000
1624627259.88298631,3.50000000
1624627259.98298573,3.50000000
1624627260.08299255,3.50000000
1624627260.18298674,3.50000000
1624627260.28296661,3.50000000
1624627260.38299203,3.50000000
1624627260.48300028,3.50000000
1624627260.58299541,3.50000000
1624627260.68301630,3.50000000
1624627260.78299451,3.50000000
1624627260.88299632,3.50000000
1624627260.98299956,3.50000000
1624627261.08296299,3.50000000
1624627261.18298960,3.50000000
1624627261.28300714,3.50000000
1624627261.38298392,3.50000000
1624627261.48306823,3.50000000
1624627261.58301163,3.50000000
1624627261.68300366,3.50000000
1624627261.78299236,3.50000000
1624627261.88306189,3.50000000
1624627261.98305154,3.50000000
1624627262.08301663,3.50000000
1624627262.18302155,3.50000000
1624627262.28303003,3.50000000
1624627262.38299179,3.50000000
1624627262.48298621,3.50000000
1624627262.58298349,3.50000000
1624627262.68298745,3.50000000
1624627262.78298783,3.50000000
1624627262.88298845,3.50000000
1624627262.98299241,3.50000000
1624627263.08299923,3.50000000
1624627263.18298697,3.50000000
1624627263.28298998,3.50000000
1624627263.38299131,3.50000000
1624627263.48298597,3.50000000
1624627263.58298397,3.50000000
1624627263.68298793,3.50000000
1624627263.78283143,3.50000000
1624627263.88299274,3.50000000
1624627263.98302221,3.50000000
1624627264.08300591,3.50000000
1624627264.18299389,3.50000000
1624627264.28299093,3.50000000
1624627264.38298774,3.50000000
1624627264.48285961,3.50000000
1624627264.58299851,3.50000000
1624627264.68306971,3.50000000
1624627264.78299785,3.50000000
1624627264.88308024,3.50000000
1624627264.98299384,3.50000000
1624627265.08299255,3.50000000
1624627265.18299270,3.50000000
1624627265.28299761,3.50000000
1624627265.38299227,3.50000000
1624627265.48298740,3.50000000
1624627265.58299446,3.50000000
1624627265.68298483,3.50000000
1624627265.78301120,3.50000000
1624627265.88301420,3.50000000
1624627265.98299313,3.50000000
1624627266.08300281,3.50000000
1624627266.18300271,3.50000000
1624627266.28311038,3.50000000
1624627266.38299227,3.50000000
1624627266.48299193,3.50000000
1624627266.58300924,3.50000000
1624627266.68301558,3.50000000
1624627266.78301835,3.50000000
1624627266.88302350,3.50000000
1624627266.98304915,3.50000000
1624627267.08302331,3.50000000
1624627267.18302178,3.50000000
1624627267.28302145,3.50000000
1624627267.38301945,3.50000000
1624627267.48299861,3.50000000
1624627267.58302879,3.50000000
1624627267.68301892,3.50000000
1624627267.78302026,3.50000000
1624627267.88303494,3.50000000
1624627267.98303437,3.50000000
1624627268.08302569,3.50000000
1624627268.18298459,3.50000000
1624627268.28302813,3.50000000
1624627268.38302374,3.50000000
1624627268.48302460,3.50000000
1624627268.58298898,3.50000000
1624627268.68298984,3.50000000
1624627268.78301692,3.50000000
1624627268.88298440,3.50000000
1624627268.98300791,3.50000000
1624627269.08301187,3.50000000
1624627269.18298864,3.50000000
1624627269.28305078,3.50000000
1624627269.38298702,3.50000000
1624627269.48308444,3.50000000
1624627269.58308601,3.50000000
1624627269.68282747,3.50000000
1624627269.78298831,3.50000000
1624627269.88304448,3.50000000
1624627269.98298764,3.50000000
1624627270.08301806,3.50000000
1624627270.18298960,3.50000000
1624627270.28301096,3.50000000
1624627270.38301277,3.50000000
1624627270.48304248,3.50000000
1624627270.58299732,3.50000000
1624627270.68299341,3.50000000
1624627270.78301239,3.50000000
1624627270.88306427,3.50000000
1624627270.98299742,3.50000000
1624627271.08300066,3.50000000
1624627271.18301249,3.50000000
1624627271.28301048,3.50000000
1624627271.38301897,3.50000000
1624627271.48304749,3.50000000
1624627271.58298445,3.50000000
1624627271.68299699,3.50000000
1624627271.78299212,3.50000000
1624627271.88299370,3.50000000
1624627271.98299217,3.50000000
1624627272.08298779,3.50000000
1624627272.18299413,3.50000000
1624627272.28301167,3.50000000
1624627272.38298821,3.50000000
1624627272.48299408,3.50000000
1624627272.58299685,3.50000000
1624627272.68299079,3.50000000
1624627272.78298974,3.50000000
1624627272.88298893,3.50000000
1624627272.98300457,3.50000000
1624627273.08301687,3.50000000
1624627273.18306351,3.50000000
1624627273.28302455,3.50000000
1624627273.38299131,3.50000000
1624627273.48299527,3.50000000
1624627273.58309197,3.50000000
1624627273.68305063,3.50000000
1624627273.78308868,3.50000000
1624627273.88303685,3.50000000
1624627273.98302460,3.50000000
1624627274.08315182,3.50000000
1624627274.18300581,3.50000000
1624627274.28302431,3.50000000
1624627274.38301492,3.50000000
1624627274.48283458,3.50000000
1624627274.58297181,3.50000000
1624627274.68303657,3.50000000
1624627274.78301811,3.50000000
1624627274.88299179,3.50000000
1624627274.98300362,3.50000000
1624627275.08301806,3.50000000
1624627275.18299603,3.50000000
1624627275.28300858,3.50000000
1624627275.38298583,3.50000000
1624627275.48300791,3.50000000
1624627275.58295536,3.50000000
1624627275.68307304,3.50000000
1624627275.78300047,3.50000000
1624627275.88301849,3.50000000
1624627275.98301291,3.50000000
1624627276.08297253,3.50000000
1624627276.18299079,3.50000000
1624627276.28307509,3.50000000
1624627276.38305140,3.50000000
1624627276.48299026,3.50000000
1624627276.58307314,3.50000000
1624627276.68304443,3.50000000
1624627276.78305316,3.50000000
1624627276.88299990,3.50000000
1624627276.98298931,3.50000000
1624627277.08300042,3.50000000
1624627277.18299532,3.50000000
1624627277.28311419,3.50000000
1624627277.38308430,3.50000000
1624627277.48305798,3.50000000
1624627277.58303714,3.50000000
1624627277.68300056,3.50000000
1624627277.78301477,3.50000000
1624627277.88305497,3.50000000
1624627277.98299193,3.50000000
1624627278.08308315,3.50000000
1624627278.18296432,3.50000000
1624627278.28285909,3.50000000
1624627278.38301659,3.50000000
1624627278.48301244,3.50000000
1624627278.58300376,3.50000000
1624627278.68307590,3.50000000
1624627278.78299618,3.50000000
1624627278.88299108,3.50000000
1624627278.98307467,3.50000000
1624627279.08309937,3.50000000
1624627279.18307519,3.50000000
1624627279.28309727,3.50000000
1624627279.38309717,3.50000000
1624627279.48299980,3.50000000
1624627279.58304310,3.50000000
1624627279.68299437,3.50000000
1624627279.78299785,3.50000000
1624627279.88299942,3.50000000
1624627279.98305058,3.50000000
1624627280.08298922,3.50000000
1624627280.18299341,3.50000000
1624627280.28303671,3.50000000
1624627280.38299036,3.50000000
1624627280.48299479,3.50000000
1624627280.58308959,3.50000000
1624627280.68310618,3.50000000
1624627280.78308272,3.50000000
1624627280.88309479,3.50000000
1624627280.98307133,3.50000000
1624627281.08305383,3.50000000
1624627281.18304133,3.50000000
1624627281.28306174,3.50000000
1624627281.38309193,3.50000000
1624627281.48308039,3.50000000
1624627281.58314991,3.50000000
1624627281.68299675,3.50000000
1624627281.78302932,3.50000000
1624627281.88310218,3.50000000
1624627281.98298550,3.50000000
1624627282.08303809,3.50000000
1624627282.18298888,3.50000000
1624627282.28301215,3.50000000
1624627282.38298154,3.50000000
1624627282.48303890,3.50000000
1624627282.58305335,3.50000000
1624627282.68301463,3.50000000
1624627282.78283381,3.50000000
1624627282.88303304,3.50000000
1624627282.98303032,3.50000000
1624627283.08305025,3.50000000
1624627283.18301129,3.50000000
1624627283.28300071,3.50000000
1624627283.38304567,3.50000000
1624627283.48300076,3.50000000
1624627283.58297181,3.50000000
1624627283.68300390,3.50000000
1624627283.78301358,3.50000000
1624627283.88300323,3.50000000
1624627283.98301125,3.50000000
1624627284.08305097,3.50000000
1624627284.18302464,3.50000000
1624627284.28302121,3.50000000
1624627284.38300490,3.50000000
1624627284.48278093,3.50000000
1624627284.58302379,3.50000000
1624627284.68302965,3.50000000
1624627284.78311372,3.50000000
1624627284.88300133,3.50000000
1624627284.98303509,3.50000000
1624627285.08301425,3.50000000
1624627285.18301344,3.50000000
1624627285.28312588,3.50000000
1624627285.38300657,3.50000000
1624627285.48301482,3.50000000
1624627285.58306980,3.50000000
1624627285.68299723,3.50000000
1624627285.78298783,3.50000000
1624627285.88309717,3.50000000
1624627285.98305368,3.50000000
1624627286.08300495,3.50000000
1624627286.18299007,3.50000000
1624627286.28305221,3.50000000
1624627286.38306808,3.50000000
1624627286.48306966,3.50000000
1624627286.58307672,3.50000000
1624627286.68301439,3.50000000
1624627286.78300762,3.50000000
1624627286.88301730,3.50000000
1624627286.98300862,3.50000000
1624627287.08300447,3.50000000
1624627287.18301558,3.50000000
1624627287.28298521,3.50000000
1624627287.38298631,3.50000000
1624627287.48299670,3.50000000
1624627287.58300996,3.50000000
1624627287.68299007,3.50000000
1624627287.78299689,3.50000000
1624627287.88301277,3.50000000
1624627287.98299623,3.50000000
1624627288.08302689,3.50000000
1624627288.18300676,3.50000000
1624627288.28282905,3.50000000
1624627288.38303924,3.50000000
1624627288.48298860,3.50000000
1624627288.58298302,3.50000000
1624627288.68301535,3.50000000
1624627288.78299451,3.50000000
1624627288.88300991,3.50000000
1624627288.98308206,3.50000000
1624627289.08301067,3.50000000
1624627289.18299341,3.50000000
1624627289.28299308,3.50000000
1624627289.38304806,3.50000000
1624627289.48298788,3.50000000
1624627289.58301640,3.50000000
1624627289.68299079,3.50000000
1624627289.78299785,3.50000000
1624627289.88301301,3.50000000
1624627289.98273396,3.50000000
1624627290.08301902,3.50000000
1624627290.18307710,3.50000000
1624627290.28299689,3.50000000
1624627290.38299131,3.50000000
1624627290.48284125,3.50000000
1624627290.58301067,3.50000000
1624627290.68301916,3.50000000
1624627290.78313947,3.50000000
1624627290.88300109,3.50000000
1624627290.98307991,3.50000000
