Seconds,x,y,z,w
1624627229.89554167,0.00000000,0.00000000,0.00000000,0.00000000
1624627229.99554205,0.00000000,0.00000000,0.00000000,0.00000000
1624627230.09549069,0.00000000,0.00000000,0.00000000,0.00000000
1624627230.19553471,0.00000000,0.00000000,0.00000000,0.00000000
1624627230.29551506,0.00000000,0.00000000,0.00000000,0.00000000
1624627230.39553070,0.00000000,0.00000000,0.00000000,0.00000000
1624627230.49554491,0.00000000,0.00000000,0.00000000,0.00000000
1624627230.59553266,0.00000000,0.00000000,0.00000000,0.00000000
1624627230.69554210,0.00000000,0.00000000,0.00000000,0.00000000
1624627230.79553127,0.00000000,0.00000000,0.00000000,0.00000000
1624627230.89553785,0.00000000,0.00000000,0.00000000,0.00000000
1624627230.99553776,0.00000000,0.00000000,0.00000000,0.00000000
1624627231.09550261,0.00000000,0.00000000,0.00000000,0.00000000
1624627231.19549274,0.00000000,0.00000000,0.00000000,0.00000000
1624627231.29549646,0.00000000,0.00000000,0.00000000,0.00000000
1624627231.39553547,0.00000000,0.00000000,0.00000000,0.00000000
1624627231.49553704,0.00000000,0.00000000,0.00000000,0.00000000
1624627231.59550405,0.00000000,0.00000000,0.00000000,0.00000000
1624627231.69553900,0.00000000,0.00000000,0.00000000,0.00000000
1624627231.79553127,0.00000000,0.00000000,0.00000000,0.00000000
1624627231.89553237,0.00000000,0.00000000,0.00000000,0.00000000
1624627231.99550414,0.00000000,0.00000000,0.00000000,0.00000000
1624627232.09550548,0.00000000,0.00000000,0.00000000,0.00000000
1624627232.19553185,0.00000000,0.00000000,0.00000000,0.00000000
1624627232.29548407,0.00000000,0.00000000,0.00000000,0.00000000
1624627232.39553165,0.00000000,0.00000000,0.00000000,0.00000000
1624627232.49549294,0.00000000,0.00000000,0.00000000,0.00000000
1624627232.59553266,0.00000000,0.00000000,0.00000000,0.00000000
1624627232.69553208,0.00000000,0.00000000,0.00000000,0.00000000
1624627232.79553318,0.00000000,0.00000000,0.00000000,0.00000000
1624627232.89553809,0.00000000,0.00000000,0.00000000,0.00000000
1624627232.99553943,0.00000000,0.00000000,0.00000000,0.00000000
1624627233.09553242,0.00000000,0.00000000,0.00000000,0.00000000
1624627233.19553232,0.00000000,0.00000000,0.00000000,0.00000000
1624627233.29549432,0.00000000,0.00000000,0.00000000,0.00000000
1624627233.39549017,100.00000000,0.00000000,0.00000000,0.00000000
1624627233.49553895,90.48000000,0.00000000,0.00000000,0.00000000
1624627233.59554195,81.87000000,0.00000000,0.00000000,0.00000000
1624627233.69550705,74.08000000,0.00000000,0.00000000,0.00000000
1624627233.79549861,67.03000000,0.00000000,0.00000000,0.00000000
1624627233.89550900,60.65000000,0.00000000,0.00000000,0.00000000
1624627233.99554062,54.88000000,0.00000000,0.00000000,0.00000000
1624627234.09553361,49.66000000,0.00000000,0.00000000,0.00000000
1624627234.19553947,44.93000000,0.00000000,0.00000000,0.00000000
1624627234.29554057,40.66000000,0.00000000,0.00000000,0.00000000
1624627234.39554024,36.79000000,0.00000000,0.00000000,0.00000000
1624627234.49547768,33.29000000,0.00000000,0.00000000,0.00000000
1624627234.59553051,30.12000000,0.00000000,0.00000000,0.00000000
1624627234.69553447,27.25000000,0.00000000,0.00000000,0.00000000
1624627234.79554391,24.66000000,0.00000000,0.00000000,0.00000000
1624627234.89550900,22.31000000,0.00000000,0.00000000,0.00000000
1624627234.99553299,20.19000000,0.00000000,0.00000000,0.00000000
1624627235.09553981,18.27000000,0.00000000,0.00000000,0.00000000
1624627235.19549632,16.53000000,0.00000000,0.00000000,0.00000000
1624627235.29553556,14.96000000,0.00000000,0.00000000,0.00000000
1624627235.39551020,13.53000000,0.00000000,0.00000000,0.00000000
1624627235.49552989,12.25000000,0.00000000,0.00000000,0.00000000
1624627235.59554362,11.08000000,0.00000000,0.00000000,0.00000000
1624627235.69553304,10.03000000,0.00000000,0.00000000,0.00000000
1624627235.79553127,9.07000000,0.00000000,0.00000000,0.00000000
1624627235.89553142,8.21000000,0.00000000,0.00000000,0.00000000
1624627235.99553275,7.43000000,0.00000000,0.00000000,0.00000000
1624627236.09553146,6.72000000,0.00000000,0.00000000,0.00000000
1624627236.19553113,6.08000000,0.00000000,0.00000000,0.00000000
1624627236.29553390,5.50000000,0.00000000,0.00000000,0.00000000
1624627236.39553571,4.98000000,0.00000000,0.00000000,0.00000000
1624627236.49554253,4.50000000,0.00000000,0.00000000,0.00000000
1624627236.59553289,4.08000000,0.00000000,0.00000000,0.00000000
1624627236.69550753,3.69000000,0.00000000,0.00000000,0.00000000
1624627236.79554796,3.34000000,0.00000000,0.00000000,0.00000000
1624627236.89554501,3.02000000,0.00000000,0.00000000,0.00000000
1624627236.99554324,2.73000000,0.00000000,0.00000000,0.00000000
1624627237.09554195,2.47000000,0.00000000,0.00000000,0.00000000
1624627237.19551396,2.24000000,0.00000000,0.00000000,0.00000000
1624627237.29550886,2.02000000,0.00000000,0.00000000,0.00000000
1624627237.39550972,1.83000000,0.00000000,0.00000000,0.00000000
1624627237.49550796,1.66000000,0.00000000,0.00000000,0.00000000
1624627237.59554982,1.50000000,0.00000000,0.00000000,0.00000000
1624627237.69549346,1.36000000,0.00000000,0.00000000,0.00000000
1624627237.79554176,1.23000000,0.00000000,0.00000000,0.00000000
1624627237.89555669,1.11000000,0.00000000,0.00000000,0.00000000
1624627237.99554706,1.01000000,0.00000000,0.00000000,0.00000000
1624627238.09554577,0.91000000,0.00000000,0.00000000,0.00000000
1624627238.19551039,0.82000000,0.00000000,0.00000000,0.00000000
1624627238.29553938,0.74000000,0.00000000,0.00000000,0.00000000
1624627238.39550567,0.67000000,0.00000000,0.00000000,0.00000000
1624627238.49551916,0.61000000,0.00000000,0.00000000,0.00000000
1624627238.59548545,0.55000000,0.00000000,0.00000000,0.00000000
1624627238.69553137,0.50000000,0.00000000,0.00000000,0.00000000
1624627238.79553318,0.45000000,0.00000000,0.00000000,0.00000000
1624627238.89554167,0.41000000,0.00000000,0.00000000,0.00000000
1624627238.99555612,0.37000000,0.00000000,0.00000000,0.00000000
1624627239.09553909,0.33000000,0.00000000,0.00000000,0.00000000
1624627239.19553566,0.30000000,0.00000000,0.00000000,0.00000000
1624627239.29554510,0.27000000,0.00000000,0.00000000,0.00000000
1624627239.39550877,0.25000000,0.00000000,0.00000000,0.00000000
1624627239.49556899,0.22000000,0.00000000,0.00000000,0.00000000
1624627239.59553218,0.20000000,0.00000000,0.00000000,0.00000000
1624627239.69554210,0.18000000,0.00000000,0.00000000,0.00000000
1624627239.79553461,0.17000000,0.00000000,0.00000000,0.00000000
1624627239.89548516,0.15000000,0.00000000,0.00000000,0.00000000
1624627239.99550319,0.14000000,0.00000000,0.00000000,0.00000000
1624627240.09555435,0.12000000,0.00000000,0.00000000,0.00000000
1624627240.19554782,0.11000000,0.00000000,0.00000000,0.00000000
1624627240.29551935,0.10000000,0.00000000,0.00000000,0.00000000
1624627240.39555097,0.09000000,0.00000000,0.00000000,0.00000000
1624627240.49554276,0.08000000,0.00000000,0.00000000,0.00000000
1624627240.59552360,0.07000000,0.00000000,0.00000000,0.00000000
1624627240.69553447,0.07000000,0.00000000,0.00000000,0.00000000
1624627240.79554868,0.06000000,0.00000000,0.00000000,0.00000000
1624627240.89554262,0.06000000,0.00000000,0.00000000,0.00000000
1624627240.99554205,0.00000000,0.00000000,0.00000000,0.00000000
1624627241.09554029,0.00000000,0.00000000,0.00000000,0.00000000
1624627241.19553471,0.00000000,0.00000000,0.00000000,0.00000000
1624627241.29553223,0.00000000,0.00000000,0.00000000,0.00000000
1624627241.39553595,0.00000000,0.00000000,0.00000000,0.00000000
1624627241.49553490,0.00000000,0.00000000,0.00000000,0.00000000
1624627241.59555554,0.00000000,0.00000000,0.00000000,0.00000000
1624627241.69554520,0.00000000,0.00000000,0.00000000,0.00000000
1624627241.79554439,0.00000000,0.00000000,0.00000000,0.00000000
1624627241.89550257,0.00000000,0.00000000,0.00000000,0.00000000
1624627241.99555016,0.00000000,0.00000000,0.00000000,0.00000000
1624627242.09554410,0.00000000,0.00000000,0.00000000,0.00000000
1624627242.19549751,0.00000000,0.00000000,0.00000000,0.00000000
1624627242.29554009,0.00000000,0.00000000,0.00000000,0.00000000
1624627242.39554286,0.00000000,0.00000000,0.00000000,0.00000000
1624627242.49554372,0.00000000,0.00000000,0.00000000,0.00000000
1624627242.59554648,0.00000000,0.00000000,0.00000000,0.00000000
1624627242.69550943,0.00000000,0.00000000,0.00000000,0.00000000
1624627242.79551482,0.00000000,0.00000000,0.00000000,0.00000000
1624627242.89551234,0.00000000,0.00000000,0.00000000,0.00000000
1624627242.99551439,0.00000000,0.00000000,0.00000000,0.00000000
1624627243.09553456,0.00000000,0.00000000,0.00000000,0.00000000
1624627243.19554782,0.00000000,0.00000000,0.00000000,0.00000000
1624627243.29551077,0.00000000,0.00000000,0.00000000,0.00000000
1624627243.39552593,0.00000000,0.00000000,0.00000000,0.00000000
1624627243.49550509,0.00000000,0.00000000,0.00000000,0.00000000
1624627243.59550691,0.00000000,0.00000000,0.00000000,0.00000000
1624627243.69551229,0.00000000,0.00000000,0.00000000,0.00000000
1624627243.79550242,0.00000000,0.00000000,0.00000000,0.00000000
1624627243.89555001,0.00000000,0.00000000,0.00000000,0.00000000
1624627243.99554443,0.00000000,0.00000000,0.00000000,0.00000000
1624627244.09554386,0.00000000,0.00000000,0.00000000,0.00000000
1624627244.19553041,0.00000000,0.00000000,0.00000000,0.00000000
1624627244.29554415,0.00000000,0.00000000,0.00000000,0.00000000
1624627244.39554787,0.00000000,0.00000000,0.00000000,0.00000000
1624627244.49555564,0.00000000,0.00000000,0.00000000,0.00000000
1624627244.59553742,0.00000000,0.00000000,0.00000000,0.00000000
1624627244.69551659,0.00000000,0.00000000,0.00000000,0.00000000
1624627244.79554415,0.00000000,0.00000000,0.00000000,0.00000000
1624627244.89549923,0.00000000,0.00000000,0.00000000,0.00000000
1624627244.99555779,0.00000000,0.00000000,0.00000000,0.00000000
1624627245.09553742,0.00000000,0.00000000,0.00000000,0.00000000
1624627245.19547057,0.00000000,0.00000000,0.00000000,0.00000000
1624627245.29554439,0.00000000,0.00000000,0.00000000,0.00000000
1624627245.39555454,0.00000000,0.00000000,0.00000000,0.00000000
1624627245.49550247,0.00000000,0.00000000,0.00000000,0.00000000
1624627245.59554243,0.00000000,0.00000000,0.00000000,0.00000000
1624627245.69554400,0.00000000,0.00000000,0.00000000,0.00000000
1624627245.79549837,0.00000000,0.00000000,0.00000000,0.00000000
1624627245.89554477,0.00000000,0.00000000,0.00000000,0.00000000
1624627245.99552131,0.00000000,0.00000000,0.00000000,0.00000000
1624627246.09554124,0.00000000,0.00000000,0.00000000,0.00000000
1624627246.19554067,0.00000000,0.00000000,0.00000000,0.00000000
1624627246.29554033,0.00000000,0.00000000,0.00000000,0.00000000
1624627246.39550400,0.00000000,0.00000000,0.00000000,0.00000000
1624627246.49554420,0.00000000,0.00000000,0.00000000,0.00000000
1624627246.59555125,0.00000000,0.00000000,0.00000000,0.00000000
1624627246.69550610,0.00000000,0.00000000,0.00000000,0.00000000
1624627246.79554224,0.00000000,0.00000000,0.00000000,0.00000000
1624627246.89549804,0.00000000,0.00000000,0.00000000,0.00000000
1624627246.99554420,0.00000000,0.00000000,0.00000000,0.00000000
1624627247.09551787,0.00000000,0.00000000,0.00000000,0.00000000
1624627247.19554234,0.00000000,0.00000000,0.00000000,0.00000000
1624627247.29554725,0.00000000,0.00000000,0.00000000,0.00000000
1624627247.39553547,0.00000000,0.00000000,0.00000000,0.00000000
1624627247.49550223,0.00000000,0.00000000,0.00000000,0.00000000
1624627247.59553504,0.00000000,0.00000000,0.00000000,0.00000000
1624627247.69555235,0.00000000,0.00000000,0.00000000,0.00000000
1624627247.79553938,0.00000000,0.00000000,0.00000000,0.00000000
1624627247.89553928,0.00000000,0.00000000,0.00000000,0.00000000
1624627247.99553990,0.00000000,0.00000000,0.00000000,0.00000000
1624627248.09549451,0.00000000,0.00000000,0.00000000,0.00000000
1624627248.19553924,0.00000000,0.00000000,0.00000000,0.00000000
1624627248.29550481,0.00000000,0.00000000,0.00000000,0.00000000
1624627248.39553881,0.00000000,0.00000000,0.00000000,0.00000000
1624627248.49554062,0.00000000,0.00000000,0.00000000,0.00000000
1624627248.59549737,0.00000000,0.00000000,0.00000000,0.00000000
1624627248.69549608,0.00000000,0.00000000,0.00000000,0.00000000
1624627248.79549646,0.00000000,0.00000000,0.00000000,0.00000000
1624627248.89553833,0.00000000,0.00000000,0.00000000,0.00000000
1624627248.99552536,0.00000000,0.00000000,0.00000000,0.00000000
1624627249.09554338,0.00000000,0.00000000,0.00000000,0.00000000
1624627249.19549394,0.00000000,0.00000000,0.00000000,0.00000000
1624627249.29549694,0.00000000,0.00000000,0.00000000,0.00000000
1624627249.39553738,0.00000000,0.00000000,0.00000000,0.00000000
1624627249.49553466,0.00000000,0.00000000,0.00000000,0.00000000
1624627249.59553838,0.00000000,0.00000000,0.00000000,0.00000000
1624627249.69550753,0.00000000,0.00000000,0.00000000,0.00000000
1624627249.79553342,0.00000000,0.00000000,0.00000000,0.00000000
1624627249.89556932,0.00000000,0.00000000,0.00000000,0.00000000
1624627249.99553251,0.00000000,0.00000000,0.00000000,0.00000000
1624627250.09549594,0.00000000,0.00000000,0.00000000,0.00000000
1624627250.19554615,0.00000000,0.00000000,0.00000000,0.00000000
1624627250.29550838,0.00000000,0.00000000,0.00000000,0.00000000
1624627250.39550662,0.00000000,0.00000000,0.00000000,0.00000000
1624627250.49553156,0.00000000,0.00000000,0.00000000,0.00000000
1624627250.59553885,0.00000000,0.00000000,0.00000000,0.00000000
1624627250.69553876,0.00000000,0.00000000,0.00000000,0.00000000
1624627250.79553699,0.00000000,0.00000000,0.00000000,0.00000000
1624627250.89553666,0.00000000,0.00000000,0.00000000,0.00000000
1624627250.99553728,0.00000000,0.00000000,0.00000000,0.00000000
1624627251.09553099,0.00000000,0.00000000,0.00000000,0.00000000
1624627251.19553757,0.00000000,0.00000000,0.00000000,0.00000000
1624627251.29554057,0.00000000,0.00000000,0.00000000,0.00000000
1624627251.39553285,0.00000000,0.00000000,0.00000000,0.00000000
1624627251.49553990,0.00000000,0.00000000,0.00000000,0.00000000
1624627251.59553766,0.00000000,0.00000000,0.00000000,0.00000000
1624627251.69553161,0.00000000,0.00000000,0.00000000,0.00000000
1624627251.79553461,0.00000000,0.00000000,0.00000000,0.00000000
1624627251.89554119,0.00000000,0.00000000,0.00000000,0.00000000
1624627251.99554038,0.00000000,0.00000000,0.00000000,0.00000000
1624627252.09553242,0.00000000,0.00000000,0.00000000,0.00000000
1624627252.19553947,0.00000000,0.00000000,0.00000000,0.00000000
1624627252.29553342,0.00000000,0.00000000,0.00000000,0.00000000
1624627252.39554787,0.00000000,0.00000000,0.00000000,0.00000000
1624627252.49554682,0.00000000,0.00000000,0.00000000,0.00000000
1624627252.59553266,0.00000000,0.00000000,0.00000000,0.00000000
1624627252.69554305,0.00000000,0.00000000,0.00000000,0.00000000
1624627252.79548311,0.00000000,0.00000000,0.00000000,0.00000000
1624627252.89550638,0.00000000,0.00000000,0.00000000,0.00000000
1624627252.99554467,0.00000000,0.00000000,0.00000000,0.00000000
1624627253.09553981,0.00000000,0.00000000,0.00000000,0.00000000
1624627253.19553494,0.00000000,0.00000000,0.00000000,0.00000000
1624627253.29553270,0.00000000,0.00000000,0.00000000,0.00000000
1624627253.39553332,0.00000000,0.00000000,0.00000000,0.00000000
1624627253.49553514,0.00000000,0.00000000,0.00000000,0.00000000
1624627253.59551740,0.00000000,0.00000000,0.00000000,0.00000000
1624627253.69549561,0.00000000,0.00000000,0.00000000,0.00000000
1624627253.79553723,0.00000000,0.00000000,0.00000000,0.00000000
1624627253.89550996,0.00000000,0.00000000,0.00000000,0.00000000
1624627253.99550819,0.00000000,0.00000000,0.00000000,0.00000000
1624627254.09554958,0.00000000,0.00000000,0.00000000,0.00000000
1624627254.19553924,0.00000000,0.00000000,0.00000000,0.00000000
1624627254.29554200,0.00000000,0.00000000,0.00000000,0.00000000
1624627254.39554572,0.00000000,0.00000000,0.00000000,0.00000000
1624627254.49548340,0.00000000,0.00000000,0.00000000,0.00000000
1624627254.59550953,0.00000000,0.00000000,0.00000000,0.00000000
1624627254.69549990,0.00000000,0.00000000,0.00000000,0.00000000
1624627254.79554772,0.00000000,0.00000000,0.00000000,0.00000000
1624627254.89548492,0.00000000,0.00000000,0.00000000,0.00000000
1624627254.99553776,0.00000000,0.00000000,0.00000000,0.00000000
1624627255.09550738,0.00000000,0.00000000,0.00000000,0.00000000
1624627255.19554210,0.00000000,0.00000000,0.00000000,0.00000000
1624627255.29553938,0.00000000,0.00000000,0.00000000,0.00000000
1624627255.39553165,0.00000000,0.00000000,0.00000000,0.00000000
1624627255.49553251,0.00000000,0.00000000,0.00000000,0.00000000
1624627255.59553194,0.00000000,0.00000000,0.00000000,0.00000000
1624627255.69551110,0.00000000,0.00000000,0.00000000,0.00000000
1624627255.79553246,0.00000000,0.00000000,0.00000000,0.00000000
1624627255.89551330,0.00000000,0.00000000,0.00000000,0.00000000
1624627255.99553251,0.00000000,0.00000000,0.00000000,0.00000000
1624627256.09554338,0.00000000,0.00000000,0.00000000,0.00000000
1624627256.19553328,0.00000000,0.00000000,0.00000000,0.00000000
1624627256.29550052,0.00000000,0.00000000,0.00000000,0.00000000
1624627256.39553666,0.00000000,0.00000000,0.00000000,0.00000000
1624627256.49553895,0.00000000,0.00000000,0.00000000,0.00000000
1624627256.59555817,0.00000000,0.00000000,0.00000000,0.00000000
1624627256.69553137,0.00000000,0.00000000,0.00000000,0.00000000
1624627256.79553390,0.00000000,0.00000000,0.00000000,0.00000000
1624627256.89553833,0.00000000,0.00000000,0.00000000,0.00000000
1624627256.99553990,0.00000000,0.00000000,0.00000000,0.00000000
1624627257.09554338,0.00000000,0.00000000,0.00000000,0.00000000
1624627257.19553256,0.00000000,0.00000000,0.00000000,0.00000000
1624627257.29553747,0.00000000,0.00000000,0.00000000,0.00000000
1624627257.39553380,0.00000000,0.00000000,0.00000000,0.00000000
1624627257.49553418,0.00000000,0.00000000,0.00000000,0.00000000
1624627257.59556150,0.00000000,0.00000000,0.00000000,0.00000000
1624627257.69553494,0.00000000,0.00000000,0.00000000,0.00000000
1624627257.79553199,0.00000000,0.00000000,0.00000000,0.00000000
1624627257.89553952,0.00000000,0.00000000,0.00000000,0.00000000
1624627257.99554157,0.00000000,0.00000000,0.00000000,0.00000000
1624627258.09553170,0.00000000,0.00000000,0.00000000,0.00000000
1624627258.19553757,0.00000000,0.00000000,0.00000000,0.00000000
1624627258.29550576,0.00000000,0.00000000,0.00000000,0.00000000
1624627258.39550567,0.00000000,0.00000000,0.00000000,0.00000000
1624627258.49549437,0.00000000,0.00000000,0.00000000,0.00000000
1624627258.59553242,0.00000000,0.00000000,0.00000000,0.00000000
1624627258.69553161,0.00000000,0.00000000,0.00000000,0.00000000
1624627258.79553175,0.00000000,0.00000000,0.00000000,0.00000000
1624627258.89553189,0.00000000,0.00000000,0.00000000,0.00000000
1624627258.99553418,0.00000000,0.00000000,0.00000000,0.00000000
1624627259.09553862,0.00000000,0.00000000,0.00000000,0.00000000
1624627259.19553161,0.00000000,0.00000000,0.00000000,0.00000000
1624627259.29549193,0.00000000,0.00000000,0.00000000,0.00000000
1624627259.39553761,0.00000000,0.00000000,0.00000000,0.00000000
1624627259.49553275,0.00000000,0.00000000,0.00000000,0.00000000
1624627259.59553218,0.00000000,0.00000000,0.00000000,0.00000000
1624627259.69550943,0.00000000,0.00000000,0.00000000,0.00000000
1624627259.79553938,0.00000000,0.00000000,0.00000000,0.00000000
1624627259.89550614,0.00000000,0.00000000,0.00000000,0.00000000
1624627259.99550772,0.00000000,0.00000000,0.00000000,0.00000000
1624627260.09550667,0.00000000,0.00000000,0.00000000,0.00000000
1624627260.19551015,0.00000000,0.00000000,0.00000000,0.00000000
1624627260.29550719,0.00000000,0.00000000,0.00000000,0.00000000
1624627260.39550734,0.00000000,0.00000000,0.00000000,0.00000000
1624627260.49550772,0.00000000,0.00000000,0.00000000,0.00000000
1624627260.59553909,0.00000000,0.00000000,0.00000000,0.00000000
1624627260.69553208,0.00000000,0.00000000,0.00000000,0.00000000
1624627260.79553223,0.00000000,0.00000000,0.00000000,0.00000000
1624627260.89554024,0.00000000,0.00000000,0.00000000,0.00000000
1624627260.99553370,0.00000000,0.00000000,0.00000000,0.00000000
1624627261.09553885,0.00000000,0.00000000,0.00000000,0.00000000
1624627261.19554782,0.00000000,0.00000000,0.00000000,0.00000000
1624627261.29554009,0.00000000,0.00000000,0.00000000,0.00000000
1624627261.39554572,0.00000000,0.00000000,0.00000000,0.00000000
1624627261.49553251,0.00000000,0.00000000,0.00000000,0.00000000
1624627261.59553289,0.00000000,0.00000000,0.00000000,0.00000000
1624627261.69553280,0.00000000,0.00000000,0.00000000,0.00000000
1624627261.79553890,0.00000000,0.00000000,0.00000000,0.00000000
1624627261.89553809,0.00000000,0.00000000,0.00000000,0.00000000
1624627261.99553156,0.00000000,0.00000000,0.00000000,0.00000000
1624627262.09553218,0.00000000,0.00000000,0.00000000,0.00000000
1624627262.19554567,0.00000000,0.00000000,0.00000000,0.00000000
1624627262.29553103,0.00000000,0.00000000,0.00000000,0.00000000
1624627262.39553189,0.00000000,0.00000000,0.00000000,0.00000000
1624627262.49553776,0.00000000,0.00000000,0.00000000,0.00000000
1624627262.59553289,0.00000000,0.00000000,0.00000000,0.00000000
1624627262.69553781,0.00000000,0.00000000,0.00000000,0.00000000
1624627262.79553890,0.00000000,0.00000000,0.00000000,0.00000000
1624627262.89553881,0.00000000,0.00000000,0.00000000,0.00000000
1624627262.99553227,0.00000000,0.00000000,0.00000000,0.00000000
1624627263.09554410,0.00000000,0.00000000,0.00000000,0.00000000
1624627263.19553781,0.00000000,0.00000000,0.00000000,0.00000000
1624627263.29553246,0.00000000,0.00000000,0.00000000,0.00000000
1624627263.39553380,0.00000000,0.00000000,0.00000000,0.00000000
1624627263.49553967,0.00000000,0.00000000,0.00000000,0.00000000
1624627263.59553885,0.00000000,0.00000000,0.00000000,0.00000000
1624627263.69553137,0.00000000,0.00000000,0.00000000,0.00000000
1624627263.79550910,0.00000000,0.00000000,0.00000000,0.00000000
1624627263.89549303,0.00000000,0.00000000,0.00000000,0.00000000
1624627263.99549603,0.00000000,0.00000000,0.00000000,0.00000000
1624627264.09554338,0.00000000,0.00000000,0.00000000,0.00000000
1624627264.19553399,0.00000000,0.00000000,0.00000000,0.00000000
1624627264.29553819,0.00000000,0.00000000,0.00000000,0.00000000
1624627264.39553070,0.00000000,0.00000000,0.00000000,0.00000000
1624627264.49551725,0.00000000,0.00000000,0.00000000,0.00000000
1624627264.59553599,0.00000000,0.00000000,0.00000000,0.00000000
1624627264.69551611,0.00000000,0.00000000,0.00000000,0.00000000
1624627264.79553151,0.00000000,0.00000000,0.00000000,0.00000000
1624627264.89553714,0.00000000,0.00000000,0.00000000,0.00000000
1624627264.99553752,0.00000000,0.00000000,0.00000000,0.00000000
1624627265.09554052,0.00000000,0.00000000,0.00000000,0.00000000
1624627265.19554043,0.00000000,0.00000000,0.00000000,0.00000000
1624627265.29553127,0.00000000,0.00000000,0.00000000,0.00000000
1624627265.39553905,0.00000000,0.00000000,0.00000000,0.00000000
1624627265.49553180,0.00000000,0.00000000,0.00000000,0.00000000
1624627265.59554482,0.00000000,0.00000000,0.00000000,0.00000000
1624627265.69553113,0.00000000,0.00000000,0.00000000,0.00000000
1624627265.79553366,0.00000000,0.00000000,0.00000000,0.00000000
1624627265.89553356,0.00000000,0.00000000,0.00000000,0.00000000
1624627265.99553514,0.00000000,0.00000000,0.00000000,0.00000000
1624627266.09554029,0.00000000,0.00000000,0.00000000,0.00000000
1624627266.19553304,0.00000000,0.00000000,0.00000000,0.00000000
1624627266.29553795,0.00000000,0.00000000,0.00000000,0.00000000
1624627266.39550614,0.00000000,0.00000000,0.00000000,0.00000000
1624627266.49553514,0.00000000,0.00000000,0.00000000,0.00000000
1624627266.59553218,0.00000000,0.00000000,0.00000000,0.00000000
1624627266.69553494,0.00000000,0.00000000,0.00000000,0.00000000
1624627266.79553175,0.00000000,0.00000000,0.00000000,0.00000000
1624627266.89553189,0.00000000,0.00000000,0.00000000,0.00000000
1624627266.99553347,0.00000000,0.00000000,0.00000000,0.00000000
1624627267.09553933,0.00000000,0.00000000,0.00000000,0.00000000
1624627267.19553280,0.00000000,0.00000000,0.00000000,0.00000000
1624627267.29553986,0.00000000,0.00000000,0.00000000,0.00000000
1624627267.39553237,0.00000000,0.00000000,0.00000000,0.00000000
1624627267.49553752,0.00000000,0.00000000,0.00000000,0.00000000
1624627267.59553146,0.00000000,0.00000000,0.00000000,0.00000000
1624627267.69553828,0.00000000,0.00000000,0.00000000,0.00000000
1624627267.79554272,0.00000000,0.00000000,0.00000000,0.00000000
1624627267.89553332,0.00000000,0.00000000,0.00000000,0.00000000
1624627267.99553943,0.00000000,0.00000000,0.00000000,0.00000000
1624627268.09554029,0.00000000,0.00000000,0.00000000,0.00000000
1624627268.19550538,0.00000000,0.00000000,0.00000000,0.00000000
1624627268.29553461,0.00000000,0.00000000,0.00000000,0.00000000
1624627268.39553738,0.00000000,0.00000000,0.00000000,0.00000000
1624627268.49553204,0.00000000,0.00000000,0.00000000,0.00000000
1624627268.59554720,0.00000000,0.00000000,0.00000000,0.00000000
1624627268.69553852,0.00000000,0.00000000,0.00000000,0.00000000
1624627268.79549909,0.00000000,0.00000000,0.00000000,0.00000000
1624627268.89553833,0.00000000,0.00000000,0.00000000,0.00000000
1624627268.99553156,0.00000000,0.00000000,0.00000000,0.00000000
1624627269.09553313,0.00000000,0.00000000,0.00000000,0.00000000
1624627269.19554281,0.00000000,0.00000000,0.00000000,0.00000000
1624627269.29553223,0.00000000,0.00000000,0.00000000,0.00000000
1624627269.39553285,0.00000000,0.00000000,0.00000000,0.00000000
1624627269.49553919,0.00000000,0.00000000,0.00000000,0.00000000
1624627269.59553719,0.00000000,0.00000000,0.00000000,0.00000000
1624627269.69556022,0.00000000,0.00000000,0.00000000,0.00000000
1624627269.79553533,0.00000000,0.00000000,0.00000000,0.00000000
1624627269.89553308,0.00000000,0.00000000,0.00000000,0.00000000
1624627269.99553394,0.00000000,0.00000000,0.00000000,0.00000000
1624627270.09553170,0.00000000,0.00000000,0.00000000,0.00000000
1624627270.19554281,0.00000000,0.00000000,0.00000000,0.00000000
1624627270.29553771,0.00000000,0.00000000,0.00000000,0.00000000
1624627270.39553142,0.00000000,0.00000000,0.00000000,0.00000000
1624627270.49553108,0.00000000,0.00000000,0.00000000,0.00000000
1624627270.59553242,0.00000000,0.00000000,0.00000000,0.00000000
1624627270.69553304,0.00000000,0.00000000,0.00000000,0.00000000
1624627270.79553366,0.00000000,0.00000000,0.00000000,0.00000000
1624627270.89553094,0.00000000,0.00000000,0.00000000,0.00000000
1624627270.99553180,0.00000000,0.00000000,0.00000000,0.00000000
1624627271.09554505,0.00000000,0.00000000,0.00000000,0.00000000
1624627271.19553256,0.00000000,0.00000000,0.00000000,0.00000000
1624627271.29554248,0.00000000,0.00000000,0.00000000,0.00000000
1624627271.39553070,0.00000000,0.00000000,0.00000000,0.00000000
1624627271.49553299,0.00000000,0.00000000,0.00000000,0.00000000
1624627271.59554315,0.00000000,0.00000000,0.00000000,0.00000000
1624627271.69553185,0.00000000,0.00000000,0.00000000,0.00000000
1624627271.79554892,0.00000000,0.00000000,0.00000000,0.00000000
1624627271.89554882,0.00000000,0.00000000,0.00000000,0.00000000
1624627271.99553967,0.00000000,0.00000000,0.00000000,0.00000000
1624627272.09553337,0.00000000,0.00000000,0.00000000,0.00000000
1624627272.19553328,0.00000000,0.00000000,0.00000000,0.00000000
1624627272.29553270,0.00000000,0.00000000,0.00000000,0.00000000
1624627272.39553976,0.00000000,0.00000000,0.00000000,0.00000000
1624627272.49554014,0.00000000,0.00000000,0.00000000,0.00000000
1624627272.59553194,0.00000000,0.00000000,0.00000000,0.00000000
1624627272.69553304,0.00000000,0.00000000,0.00000000,0.00000000
1624627272.79553318,0.00000000,0.00000000,0.00000000,0.00000000
1624627272.89553905,0.00000000,0.00000000,0.00000000,0.00000000
1624627272.99553299,0.00000000,0.00000000,0.00000000,0.00000000
1624627273.09553194,0.00000000,0.00000000,0.00000000,0.00000000
1624627273.19553304,0.00000000,0.00000000,0.00000000,0.00000000
1624627273.29554176,0.00000000,0.00000000,0.00000000,0.00000000
1624627273.39553142,0.00000000,0.00000000,0.00000000,0.00000000
1624627273.49549961,0.00000000,0.00000000,0.00000000,0.00000000
1624627273.59554768,0.00000000,0.00000000,0.00000000,0.00000000
1624627273.69554496,0.00000000,0.00000000,0.00000000,0.00000000
1624627273.79553390,0.00000000,0.00000000,0.00000000,0.00000000
1624627273.89553928,0.00000000,0.00000000,0.00000000,0.00000000
1624627273.99553919,0.00000000,0.00000000,0.00000000,0.00000000
1624627274.09553933,0.00000000,0.00000000,0.00000000,0.00000000
1624627274.19553971,0.00000000,0.00000000,0.00000000,0.00000000
1624627274.29553199,0.00000000,0.00000000,0.00000000,0.00000000
1624627274.39553809,0.00000000,0.00000000,0.00000000,0.00000000
1624627274.49551630,0.00000000,0.00000000,0.00000000,0.00000000
1624627274.59553552,0.00000000,0.00000000,0.00000000,0.00000000
1624627274.69553256,0.00000000,0.00000000,0.00000000,0.00000000
1624627274.79553914,0.00000000,0.00000000,0.00000000,0.00000000
1624627274.89554000,0.00000000,0.00000000,0.00000000,0.00000000
1624627274.99553418,0.00000000,0.00000000,0.00000000,0.00000000
1624627275.09553337,0.00000000,0.00000000,0.00000000,0.00000000
1624627275.19553661,0.00000000,0.00000000,0.00000000,0.00000000
1624627275.29553795,0.00000000,0.00000000,0.00000000,0.00000000
1624627275.39549828,0.00000000,0.00000000,0.00000000,0.00000000
1624627275.49553704,0.00000000,0.00000000,0.00000000,0.00000000
1624627275.59553194,0.00000000,0.00000000,0.00000000,0.00000000
1624627275.69553137,0.00000000,0.00000000,0.00000000,0.00000000
1624627275.79553080,0.00000000,0.00000000,0.00000000,0.00000000
1624627275.89553094,0.00000000,0.00000000,0.00000000,0.00000000
1624627275.99554181,0.00000000,0.00000000,0.00000000,0.00000000
1624627276.09553051,0.00000000,0.00000000,0.00000000,0.00000000
1624627276.19553328,0.00000000,0.00000000,0.00000000,0.00000000
1624627276.29553342,0.00000000,0.00000000,0.00000000,0.00000000
1624627276.39553142,0.00000000,0.00000000,0.00000000,0.00000000
1624627276.49553251,0.00000000,0.00000000,0.00000000,0.00000000
1624627276.59553814,0.00000000,0.00000000,0.00000000,0.00000000
1624627276.69553232,0.00000000,0.00000000,0.00000000,0.00000000
1624627276.79553175,0.00000000,0.00000000,0.00000000,0.00000000
1624627276.89549708,0.00000000,0.00000000,0.00000000,0.00000000
1624627276.99554396,0.00000000,0.00000000,0.00000000,0.00000000
1624627277.09553790,0.00000000,0.00000000,0.00000000,0.00000000
1624627277.19553995,0.00000000,0.00000000,0.00000000,0.00000000
1624627277.29553366,0.00000000,0.00000000,0.00000000,0.00000000
1624627277.39554524,0.00000000,0.00000000,0.00000000,0.00000000
1624627277.49554849,0.00000000,0.00000000,0.00000000,0.00000000
1624627277.59553838,0.00000000,0.00000000,0.00000000,0.00000000
1624627277.69553208,0.00000000,0.00000000,0.00000000,0.00000000
1624627277.79553080,0.00000000,0.00000000,0.00000000,0.00000000
1624627277.89556909,0.00000000,0.00000000,0.00000000,0.00000000
1624627277.99555087,0.00000000,0.00000000,0.00000000,0.00000000
1624627278.09549427,0.00000000,0.00000000,0.00000000,0.00000000
1624627278.19554949,0.00000000,0.00000000,0.00000000,0.00000000
1624627278.29553437,0.00000000,0.00000000,0.00000000,0.00000000
1624627278.39553952,0.00000000,0.00000000,0.00000000,0.00000000
1624627278.49554110,0.00000000,0.00000000,0.00000000,0.00000000
1624627278.59553576,0.00000000,0.00000000,0.00000000,0.00000000
1624627278.69555545,0.00000000,0.00000000,0.00000000,0.00000000
1624627278.79554176,0.00000000,0.00000000,0.00000000,0.00000000
1624627278.89554000,0.00000000,0.00000000,0.00000000,0.00000000
1624627278.99554324,0.00000000,0.00000000,0.00000000,0.00000000
1624627279.09553862,0.00000000,0.00000000,0.00000000,0.00000000
1624627279.19553423,0.00000000,0.00000000,0.00000000,0.00000000
1624627279.29554105,0.00000000,0.00000000,0.00000000,0.00000000
1624627279.39554095,0.00000000,0.00000000,0.00000000,0.00000000
1624627279.49553299,0.00000000,0.00000000,0.00000000,0.00000000
1624627279.59553432,0.00000000,0.00000000,0.00000000,0.00000000
1624627279.69549918,0.00000000,0.00000000,0.00000000,0.00000000
1624627279.79553938,0.00000000,0.00000000,0.00000000,0.00000000
1624627279.89554286,0.00000000,0.00000000,0.00000000,0.00000000
1624627279.99553084,0.00000000,0.00000000,0.00000000,0.00000000
1624627280.09550881,0.00000000,0.00000000,0.00000000,0.00000000
1624627280.19553185,0.00000000,0.00000000,0.00000000,0.00000000
1624627280.29549670,0.00000000,0.00000000,0.00000000,0.00000000
1624627280.39553118,0.00000000,0.00000000,0.00000000,0.00000000
1624627280.49553895,0.00000000,0.00000000,0.00000000,0.00000000
1624627280.59550810,0.00000000,0.00000000,0.00000000,0.00000000
1624627280.69550371,0.00000000,0.00000000,0.00000000,0.00000000
1624627280.79550719,0.00000000,0.00000000,0.00000000,0.00000000
1624627280.89554143,0.00000000,0.00000000,0.00000000,0.00000000
1624627280.99553704,0.00000000,0.00000000,0.00000000,0.00000000
1624627281.09553099,0.00000000,0.00000000,0.00000000,0.00000000
1624627281.19553065,0.00000000,0.00000000,0.00000000,0.00000000
1624627281.29553103,0.00000000,0.00000000,0.00000000,0.00000000
1624627281.39554000,0.00000000,0.00000000,0.00000000,0.00000000
1624627281.49553108,0.00000000,0.00000000,0.00000000,0.00000000
1624627281.59554005,0.00000000,0.00000000,0.00000000,0.00000000
1624627281.69553876,0.00000000,0.00000000,0.00000000,0.00000000
1624627281.79553962,0.00000000,0.00000000,0.00000000,0.00000000
1624627281.89553785,0.00000000,0.00000000,0.00000000,0.00000000
1624627281.99549294,0.00000000,0.00000000,0.00000000,0.00000000
1624627282.09554458,0.00000000,0.00000000,0.00000000,0.00000000
1624627282.19553876,0.00000000,0.00000000,0.00000000,0.00000000
1624627282.29553795,0.00000000,0.00000000,0.00000000,0.00000000
1624627282.39553905,0.00000000,0.00000000,0.00000000,0.00000000
1624627282.49554420,0.00000000,0.00000000,0.00000000,0.00000000
1624627282.59553909,0.00000000,0.00000000,0.00000000,0.00000000
1624627282.69551373,0.00000000,0.00000000,0.00000000,0.00000000
1624627282.79547572,0.00000000,0.00000000,0.00000000,0.00000000
1624627282.89550018,0.00000000,0.00000000,0.00000000,0.00000000
1624627282.99554086,0.00000000,0.00000000,0.00000000,0.00000000
1624627283.09554362,0.00000000,0.00000000,0.00000000,0.00000000
1624627283.19553828,0.00000000,0.00000000,0.00000000,0.00000000
1624627283.29553246,0.00000000,0.00000000,0.00000000,0.00000000
1624627283.39553976,0.00000000,0.00000000,0.00000000,0.00000000
1624627283.49553275,0.00000000,0.00000000,0.00000000,0.00000000
1624627283.59551001,0.00000000,0.00000000,0.00000000,0.00000000
1624627283.69552517,0.00000000,0.00000000,0.00000000,0.00000000
1624627283.79549003,0.00000000,0.00000000,0.00000000,0.00000000
1624627283.89554763,0.00000000,0.00000000,0.00000000,0.00000000
1624627283.99553299,0.00000000,0.00000000,0.00000000,0.00000000
1624627284.09549475,0.00000000,0.00000000,0.00000000,0.00000000
1624627284.19555283,0.00000000,0.00000000,0.00000000,0.00000000
1624627284.29554009,0.00000000,0.00000000,0.00000000,0.00000000
1624627284.39549899,0.00000000,0.00000000,0.00000000,0.00000000
1624627284.49548364,0.00000000,0.00000000,0.00000000,0.00000000
1624627284.59554219,0.00000000,0.00000000,0.00000000,0.00000000
1624627284.69554949,0.00000000,0.00000000,0.00000000,0.00000000
1624627284.79553246,0.00000000,0.00000000,0.00000000,0.00000000
1624627284.89553785,0.00000000,0.00000000,0.00000000,0.00000000
1624627284.99550962,0.00000000,0.00000000,0.00000000,0.00000000
1624627285.09550953,0.00000000,0.00000000,0.00000000,0.00000000
1624627285.19551039,0.00000000,0.00000000,0.00000000,0.00000000
1624627285.29553461,0.00000000,0.00000000,0.00000000,0.00000000
1624627285.39554000,0.00000000,0.00000000,0.00000000,0.00000000
1624627285.49553537,0.00000000,0.00000000,0.00000000,0.00000000
1624627285.59554386,0.00000000,0.00000000,0.00000000,0.00000000
1624627285.69553876,0.00000000,0.00000000,0.00000000,0.00000000
1624627285.79555416,0.00000000,0.00000000,0.00000000,0.00000000
1624627285.89553833,0.00000000,0.00000000,0.00000000,0.00000000
1624627285.99553823,0.00000000,0.00000000,0.00000000,0.00000000
1624627286.09553313,0.00000000,0.00000000,0.00000000,0.00000000
1624627286.19553256,0.00000000,0.00000000,0.00000000,0.00000000
1624627286.29553914,0.00000000,0.00000000,0.00000000,0.00000000
1624627286.39549303,0.00000000,0.00000000,0.00000000,0.00000000
1624627286.49553895,0.00000000,0.00000000,0.00000000,0.00000000
1624627286.59553838,0.00000000,0.00000000,0.00000000,0.00000000
1624627286.69554281,0.00000000,0.00000000,0.00000000,0.00000000
1624627286.79553366,0.00000000,0.00000000,0.00000000,0.00000000
1624627286.89554119,0.00000000,0.00000000,0.00000000,0.00000000
1624627286.99553132,0.00000000,0.00000000,0.00000000,0.00000000
1624627287.09553981,0.00000000,0.00000000,0.00000000,0.00000000
1624627287.19553375,0.00000000,0.00000000,0.00000000,0.00000000
1624627287.29554200,0.00000000,0.00000000,0.00000000,0.00000000
1624627287.39554405,0.00000000,0.00000000,0.00000000,0.00000000
1624627287.49553537,0.00000000,0.00000000,0.00000000,0.00000000
1624627287.59553885,0.00000000,0.00000000,0.00000000,0.00000000
1624627287.69554186,0.00000000,0.00000000,0.00000000,0.00000000
1624627287.79553008,0.00000000,0.00000000,0.00000000,0.00000000
1624627287.89553714,0.00000000,0.00000000,0.00000000,0.00000000
1624627287.99554324,0.00000000,0.00000000,0.00000000,0.00000000
1624627288.09554529,0.00000000,0.00000000,0.00000000,0.00000000
1624627288.19554090,0.00000000,0.00000000,0.00000000,0.00000000
1624627288.29551578,0.00000000,0.00000000,0.00000000,0.00000000
1624627288.39553452,0.00000000,0.00000000,0.00000000,0.00000000
1624627288.49549484,0.00000000,0.00000000,0.00000000,0.00000000
1624627288.59549809,0.00000000,0.00000000,0.00000000,0.00000000
1624627288.69553685,0.00000000,0.00000000,0.00000000,0.00000000
1624627288.79554129,0.00000000,0.00000000,0.00000000,0.00000000
1624627288.89553738,0.00000000,0.00000000,0.00000000,0.00000000
1624627288.99554133,0.00000000,0.00000000,0.00000000,0.00000000
1624627289.09554338,0.00000000,0.00000000,0.00000000,0.00000000
1624627289.19553185,0.00000000,0.00000000,0.00000000,0.00000000
1624627289.29553151,0.00000000,0.00000000,0.00000000,0.00000000
1624627289.39549398,0.00000000,0.00000000,0.00000000,0.00000000
1624627289.49550438,0.00000000,0.00000000,0.00000000,0.00000000
1624627289.59553981,0.00000000,0.00000000,0.00000000,0.00000000
1624627289.69553781,0.00000000,0.00000000,0.00000000,0.00000000
1624627289.79553938,0.00000000,0.00000000,0.00000000,0.00000000
1624627289.89554095,0.00000000,0.00000000,0.00000000,0.00000000
1624627289.99558330,0.00000000,0.00000000,0.00000000,0.00000000
1624627290.09554386,0.00000000,0.00000000,0.00000000,0.00000000
1624627290.19555330,0.00000000,0.00000000,0.00000000,0.00000000
1624627290.29554200,0.00000000,0.00000000,0.00000000,0.00000000
1624627290.39554000,0.00000000,0.00000000,0.00000000,0.00000000
1624627290.49551296,0.00000000,0.00000000,0.00000000,0.00000000
1624627290.59554267,0.00000000,0.00000000,0.00000000,0.00000000
1624627290.69553375,0.00000000,0.00000000,0.00000000,0.00000000
1624627290.79553914,0.00000000,0.00000000,0.00000000,0.00000000
1624627290.89549541,0.00000000,0.00000000,0.00000000,0.00000000
1624627290.99553466,0.00000000,0.00000000,0.00000000,0.00000000
1624627291.09549618,0.00000000,0.00000000,0.00000000,0.00000000
1624627291.19548965,0.00000000,0.00000000,0.00000000,0.00000000
1624627291.29550076,0.00000000,0.00000000,0.00000000,0.00000000
1624627291.39555597,0.00000000,0.00000000,0.00000000,0.00000000
1624627291.49553204,0.00000000,0.00000000,0.00000000,0.00000000
1624627291.59553480,0.00000000,0.00000000,0.00000000,0.00000000
1624627291.69554019,0.00000000,0.00000000,0.00000000,0.00000000
1624627291.79558063,0.00000000,0.00000000,0.00000000,0.00000000
1624627291.89553213,0.00000000,0.00000000,0.00000000,0.00000000
1624627291.99553227,0.00000000,0.00000000,0.00000000,0.00000000
1624627292.09553170,0.00000000,0.00000000,0.00000000,0.00000000
1624627292.19553304,0.00000000,0.00000000,0.00000000,0.00000000
1624627292.29553342,0.00000000,0.00000000,0.00000000,0.00000000
1624627292.39553475,0.00000000,0.00000000,0.00000000,0.00000000
1624627292.49553323,0.00000000,0.00000000,0.00000000,0.00000000
1624627292.59558535,0.00000000,0.00000000,0.00000000,0.00000000
1624627292.69553065,0.00000000,0.00000000,0.00000000,0.00000000
1624627292.79553342,0.00000000,0.00000000,0.00000000,0.00000000
1624627292.89549947,0.00000000,0.00000000,0.00000000,0.00000000
1624627292.99552417,0.00000000,0.00000000,0.00000000,0.00000000
1624627293.09553909,0.00000000,0.00000000,0.00000000,0.00000000
1624627293.19553685,0.00000000,0.00000000,0.00000000,0.00000000
1624627293.29553461,0.00000000,0.00000000,0.00000000,0.00000000
1624627293.39553499,0.00000000,0.00000000,0.00000000,0.00000000
1624627293.49553466,0.00000000,0.00000000,0.00000000,0.00000000
1624627293.59553790,0.00000000,0.00000000,0.00000000,0.00000000
1624627293.69558525,0.00000000,0.00000000,0.00000000,0.00000000
1624627293.79553556,0.00000000,0.00000000,0.00000000,0.00000000
1624627293.89554119,0.00000000,0.00000000,0.00000000,0.00000000
1624627293.99553919,0.00000000,0.00000000,0.00000000,0.00000000
1624627294.09553242,0.00000000,0.00000000,0.00000000,0.00000000
1624627294.19553661,0.00000000,0.00000000,0.00000000,0.00000000
1624627294.29553652,0.00000000,0.00000000,0.00000000,0.00000000
1624627294.39554572,0.00000000,0.00000000,0.00000000,0.00000000
1624627294.49555206,0.00000000,0.00000000,0.00000000,0.00000000
1624627294.59553242,0.00000000,0.00000000,0.00000000,0.00000000
1624627294.69553518,0.00000000,0.00000000,0.00000000,0.00000000
1624627294.79548049,0.00000000,0.00000000,0.00000000,0.00000000
1624627294.89553356,0.00000000,0.00000000,0.00000000,0.00000000
1624627294.99553490,0.00000000,0.00000000,0.00000000,0.00000000
1624627295.09553528,0.00000000,0.00000000,0.00000000,0.00000000
1624627295.19553971,0.00000000,0.00000000,0.00000000,0.00000000
1624627295.29549646,0.00000000,0.00000000,0.00000000,0.00000000
1624627295.39547896,0.00000000,0.00000000,0.00000000,0.00000000
1624627295.49549603,0.00000000,0.00000000,0.00000000,0.00000000
1624627295.59554195,0.00000000,0.00000000,0.00000000,0.00000000
1624627295.69553399,0.00000000,0.00000000,0.00000000,0.00000000
1624627295.79553294,0.00000000,0.00000000,0.00000000,0.00000000
1624627295.89553595,0.00000000,0.00000000,0.00000000,0.00000000
1624627295.99550200,0.00000000,0.00000000,0.00000000,0.00000000
1624627296.09554410,0.00000000,0.00000000,0.00000000,0.00000000
1624627296.19553614,0.00000000,0.00000000,0.00000000,0.00000000
1624627296.29554081,0.00000000,0.00000000,0.00000000,0.00000000
1624627296.39551044,0.00000000,0.00000000,0.00000000,0.00000000
1624627296.49553847,0.00000000,0.00000000,0.00000000,0.00000000
1624627296.59553862,0.00000000,0.00000000,0.00000000,0.00000000
1624627296.69553733,0.00000000,0.00000000,0.00000000,0.00000000
1624627296.79553652,0.00000000,0.00000000,0.00000000,0.00000000
1624627296.89553475,0.00000000,0.00000000,0.00000000,0.00000000
1624627296.99553728,0.00000000,0.00000000,0.00000000,0.00000000
1624627297.09553742,0.00000000,0.00000000,0.00000000,0.00000000
1624627297.19557333,0.00000000,0.00000000,0.00000000,0.00000000
1624627297.29553103,0.00000000,0.00000000,0.00000000,0.00000000
1624627297.39553499,0.00000000,0.00000000,0.00000000,0.00000000
1624627297.49553823,0.00000000,0.00000000,0.00000000,0.00000000
1624627297.59554148,0.00000000,0.00000000,0.00000000,0.00000000
1624627297.69550633,0.00000000,0.00000000,0.00000000,0.00000000
1624627297.79554057,0.00000000,0.00000000,0.00000000,0.00000000
1624627297.89553523,0.00000000,0.00000000,0.00000000,0.00000000
1624627297.99553657,0.00000000,0.00000000,0.00000000,0.00000000
1624627298.09553599,0.00000000,0.00000000,0.00000000,0.00000000
1624627298.19553638,0.00000000,0.00000000,0.00000000,0.00000000
1624627298.29553723,0.00000000,0.00000000,0.00000000,0.00000000
