Seconds, Linear Velocity, Angular Velocitiy,X,Y
1624627218.96898770,0.00000000,0.00000000,0.00000000,0.00000000
1624627219.05367351,0.00000000,0.00000000,0.00000000,0.00000000
1624627219.15380406,0.00000000,0.00000000,0.00000000,0.00000000
1624627219.25357771,0.00000000,0.00000000,0.00000000,0.00000000
1624627219.35453796,0.00000000,0.00000000,0.00000000,0.00000000
1624627219.45527434,0.00000000,0.00000000,0.00000000,0.00000000
1624627219.55494022,0.00000000,0.00000000,0.00000000,0.00000000
1624627219.65463948,0.00000000,0.00000000,0.00000000,0.00000000
1624627219.75531912,0.00000000,0.00000000,0.00000000,0.00000000
1624627219.85501456,0.00000000,0.00000000,0.00000000,0.00000000
1624627219.95466447,0.00000000,0.00000000,0.00000000,0.00000000
1624627220.05530572,0.00000000,0.00000000,0.00000000,0.00000000
1624627220.15498424,0.00000000,0.00000000,0.00000000,0.00000000
1624627220.25465107,0.00000000,0.00000000,0.00000000,0.00000000
1624627220.35541558,0.00000000,0.00000000,0.00000000,0.00000000
1624627220.45509410,0.00000000,0.00000000,0.00000000,0.00000000
1624627220.55501366,0.00000000,0.00000000,0.00000000,0.00000000
1624627220.65466475,0.00000000,0.00000000,0.00000000,0.00000000
1624627220.75537109,0.00000000,0.00000000,0.00000000,0.00000000
1624627220.85509801,0.00000000,0.00000000,0.00000000,0.00000000
1624627220.95484614,0.00000000,0.00000000,0.00000000,0.00000000
1624627221.05560112,0.00000000,0.00000000,0.00000000,0.00000000
1624627221.15606189,0.00000000,0.00000000,0.00000000,0.00000000
1624627221.25597906,0.00000000,0.00000000,0.00000000,0.00000000
1624627221.35558915,0.00000000,0.00000000,0.00000000,0.00000000
1624627221.45628214,0.00000000,0.00000000,0.00000000,0.00000000
1624627221.55709004,0.00000000,0.00000000,0.00000000,0.00000000
1624627221.65670061,0.00000000,0.00000000,0.00000000,0.00000000
1624627221.75734282,0.00000000,0.00000000,0.00000000,0.00000000
1624627221.85699940,0.00000000,0.00000000,0.00000000,0.00000000
1624627221.95671058,0.00000000,0.00000000,0.00000000,0.00000000
1624627222.05750680,0.00000000,0.00000000,0.00000000,0.00000000
1624627222.15828919,0.00000000,0.00000000,0.00000000,0.00000000
1624627222.25799465,0.00000000,0.00000000,0.00000000,0.00000000
1624627222.35749674,0.00000000,0.00000000,0.00000000,0.00000000
1624627222.45816326,0.00000000,0.00000000,0.00000000,0.00000000
1624627222.55791163,0.00000000,0.00000000,0.00000000,0.00000000
1624627222.65774679,0.00000000,0.00000000,0.00000000,0.00000000
1624627222.75856400,0.00000000,0.00000000,0.00000000,0.00000000
1624627222.85914254,0.00000000,0.00000000,0.00000000,0.00000000
1624627222.95878196,0.00000000,0.00000000,0.00000000,0.00000000
1624627223.05937457,0.00000000,0.00000000,0.00000000,0.00000000
1624627223.15899134,0.00000000,0.00000000,0.00000000,0.00000000
1624627223.25961995,0.00000000,0.00000000,0.00000000,0.00000000
1624627223.36026025,0.00000000,0.00000000,0.00000000,0.00000000
1624627223.45997167,0.00000000,0.00000000,0.00000000,0.00000000
1624627223.56033063,0.00000000,0.00000000,0.00000000,0.00000000
1624627223.66084957,0.00000000,0.00000000,0.00000000,0.00000000
1624627223.76051354,0.00000000,0.00000000,0.00000000,0.00000000
1624627223.86104536,0.00000000,0.00000000,0.00000000,0.00000000
1624627223.96080256,0.00000000,0.00000000,0.00000000,0.00000000
1624627224.06100202,0.00000000,0.00000000,0.00000000,0.00000000
1624627224.16070986,0.00000000,0.00000000,0.00000000,0.00000000
1624627224.26145887,0.00000000,0.00000000,0.00000000,0.00000000
1624627224.36115837,0.00000000,0.00000000,0.00000000,0.00000000
1624627224.46071005,0.00000000,0.00000000,0.00000000,0.00000000
1624627224.56072354,0.00000000,0.00000000,0.00000000,0.00000000
1624627224.66142344,0.00000000,0.00000000,0.00000000,0.00000000
1624627224.76085854,0.00000000,0.00000000,0.00000000,0.00000000
1624627224.86033869,0.00000000,0.00000000,0.00000000,0.00000000
1624627224.96103740,0.00000000,0.00000000,0.00000000,0.00000000
1624627225.06073427,0.00000000,0.00000000,0.00000000,0.00000000
1624627225.16130805,0.00000000,0.00000000,0.00000000,0.00000000
1624627225.26134896,0.00000000,0.00000000,0.00000000,0.00000000
1624627225.36112237,0.00000000,0.00000000,0.00000000,0.00000000
1624627225.46086669,0.00000000,0.00000000,0.00000000,0.00000000
1624627225.56157064,0.00000000,0.00000000,0.00000000,0.00000000
1624627225.66227436,0.00000000,0.00000000,0.00000000,0.00000000
1624627225.76193047,0.00000000,0.00000000,0.00000000,0.00000000
1624627225.86259723,0.00000000,0.00000000,0.00000000,0.00000000
1624627225.96326756,0.00000000,0.00000000,0.00000000,0.00000000
1624627226.06296420,0.00000000,0.00000000,0.00000000,0.00000000
1624627226.16265392,0.00000000,0.00000000,0.00000000,0.00000000
1624627226.26326823,0.00000000,0.00000000,0.00000000,0.00000000
1624627226.36295652,0.00000000,0.00000000,0.00000000,0.00000000
1624627226.46265602,0.00000000,0.00000000,0.00000000,0.00000000
1624627226.56332779,0.00000000,0.00000000,0.00000000,0.00000000
1624627226.66299605,0.00000000,0.00000000,0.00000000,0.00000000
1624627226.76267719,0.00000000,0.00000000,0.00000000,0.00000000
1624627226.86337185,0.00000000,0.00000000,0.00000000,0.00000000
1624627226.96280289,0.00000000,0.00000000,0.00000000,0.00000000
1624627227.06330180,0.00000000,0.00000000,0.00000000,0.00000000
1624627227.16395688,0.00000000,0.00000000,0.00000000,0.00000000
1624627227.26364160,0.00000000,0.00000000,0.00000000,0.00000000
1624627227.36444306,0.00000000,0.00000000,0.00000000,0.00000000
1624627227.46412826,0.00000000,0.00000000,0.00000000,0.00000000
1624627227.56452465,0.00000000,0.00000000,0.00000000,0.00000000
1624627227.66392994,0.00000000,0.00000000,0.00000000,0.00000000
1624627227.76366782,0.00000000,0.00000000,0.00000000,0.00000000
1624627227.86449170,0.00000000,0.00000000,0.00000000,0.00000000
1624627227.96464562,0.00000000,0.17453293,0.00000000,0.00000000
1624627228.06490302,0.00000000,0.34906585,0.00000000,0.00000000
1624627228.16527629,0.00000000,0.45378561,0.00000000,0.00000000
1624627228.26547050,0.00000000,0.45378561,0.00000000,0.00000000
1624627228.36536193,0.00000000,0.45378561,0.00000000,0.00000000
1624627228.46462679,0.00000000,0.45378561,0.00000000,0.00000000
1624627228.56489825,0.00300000,0.45378561,0.00000000,0.00000000
1624627228.66523576,0.01000000,0.45378561,0.00097000,0.00000000
1624627228.76529217,0.02100000,0.45378561,0.00291000,0.00097000
1624627228.86526799,0.02800000,0.45378561,0.00582000,0.00194000
1624627228.96528244,0.03800000,0.45378561,0.00873000,0.00388000
1624627229.06554627,0.04500000,0.45378561,0.01261000,0.00582000
1624627229.16557884,0.05500000,0.45378561,0.01794500,0.00776000
1624627229.26628709,0.03300000,0.43633231,0.02085500,0.00970000
1624627229.36691904,0.06300000,0.45378561,0.02570500,0.01261000
1624627229.46686053,0.08100000,0.45378561,0.03298000,0.01794500
1624627229.56682920,0.08650000,0.43633231,0.03880000,0.02376500
1624627229.66700554,0.09350000,0.43633231,0.04559000,0.02958500
1624627229.76712418,0.10250000,0.43633231,0.05383500,0.03686000
1624627229.86714602,0.10750000,0.41887902,0.06062500,0.04462000
1624627229.96738601,0.11650000,0.41887902,0.06887000,0.05383500
1624627230.06664872,0.12150000,0.40142573,0.07566000,0.06353500
1624627230.16690969,0.12950000,0.40142573,0.08390500,0.07372000
1624627230.26704288,0.13350000,0.38397244,0.09166500,0.08487500
1624627230.36723995,0.13850000,0.38397244,0.09894000,0.09651500
1624627230.46750188,0.14250000,0.36651914,0.10573000,0.10961000
1624627230.56777501,0.14850000,0.34906585,0.11252000,0.12270500
1624627230.66807151,0.15250000,0.33161256,0.11882500,0.13677000
1624627230.76838827,0.15350000,0.33161256,0.12464500,0.15083500
1624627230.86770535,0.15650000,0.31415927,0.13095000,0.16587000
1624627230.96810269,0.16150000,0.29670597,0.13677000,0.18090500
1624627231.06847763,0.16350000,0.27925268,0.14162000,0.19691000
1624627231.16776967,0.16350000,0.27925268,0.14598500,0.21194500
1624627231.26822948,0.16550000,0.26179939,0.15083500,0.22795000
1624627231.36787748,0.16650000,0.24434610,0.15374500,0.24492500
1624627231.46825480,0.16750000,0.22689280,0.15762500,0.26093000
1624627231.56806445,0.16750000,0.22689280,0.16053500,0.27693500
1624627231.66840839,0.16850000,0.20943951,0.16393000,0.29391000
1624627231.76794338,0.16850000,0.19198622,0.16587000,0.31088500
1624627231.86836600,0.16850000,0.17453293,0.16781000,0.32786000
1624627231.96774745,0.16750000,0.17453293,0.16975000,0.34386500
1624627232.06827950,0.16750000,0.15707963,0.17072000,0.36084000
1624627232.16856503,0.16650000,0.15707963,0.17266000,0.37781500
1624627232.26880908,0.16550000,0.13962634,0.17363000,0.39382000
1624627232.36909676,0.16450000,0.13962634,0.17363000,0.41079500
1624627232.46940827,0.16350000,0.12217305,0.17460000,0.42680000
1624627232.56868386,0.16250000,0.10471976,0.17460000,0.44280500
1624627232.66904902,0.16150000,0.10471976,0.17460000,0.45881000
1624627232.76942992,0.16050000,0.08726646,0.17460000,0.47578500
1624627232.86867905,0.15950000,0.08726646,0.17460000,0.49179000
1624627232.96928144,0.15750000,0.08726646,0.17411500,0.50682500
1624627233.06947231,0.15650000,0.08726646,0.17411500,0.52283000
1624627233.17023492,0.15550000,0.06981317,0.17314500,0.53883500
1624627233.27048731,0.15350000,0.06981317,0.17314500,0.55387000
1624627233.37093043,0.15250000,0.06981317,0.17217500,0.56890500
1624627233.47121096,0.15050000,0.06981317,0.17120500,0.58394000
1624627233.57159615,0.14950000,0.05235988,0.17023500,0.59897500
1624627233.67194653,0.14750000,0.05235988,0.16926500,0.61352500
1624627233.77215838,0.14650000,0.03490659,0.16829500,0.62856000
1624627233.87238050,0.14450000,0.03490659,0.16635500,0.64262500
1624627233.97258592,0.14350000,0.03490659,0.16538500,0.65669000
1624627234.07290864,0.14150000,0.03490659,0.16441500,0.67172500
1624627234.17314911,0.14050000,0.03490659,0.16344500,0.68579000
1624627234.27337575,0.13850000,0.03490659,0.16102000,0.69985500
1624627234.37308931,0.13750000,0.01745329,0.16005000,0.71295000
1624627234.47308683,0.13650000,0.01745329,0.15811000,0.72653000
1624627234.57312942,0.13450000,0.01745329,0.15714000,0.73962500
1624627234.67334580,0.13350000,0.01745329,0.15617000,0.75369000
1624627234.77352953,0.13150000,0.01745329,0.15423000,0.76678500
1624627234.87371254,0.13050000,0.01745329,0.15326000,0.77988000
1624627234.97368455,0.12950000,0.01745329,0.15132000,0.79297500
1624627235.07365394,0.12750000,0.01745329,0.15035000,0.80461500
1624627235.17374921,0.12650000,0.01745329,0.14938000,0.81771000
1624627235.27367926,0.12550000,0.01745329,0.14744000,0.82983500
1624627235.37355304,0.12350000,0.01745329,0.14647000,0.84293000
1624627235.47368455,0.12250000,0.01745329,0.14404500,0.85457000
1624627235.57454681,0.12150000,0.01745329,0.14307500,0.86669500
1624627235.67535973,0.11950000,0.01745329,0.14113500,0.87882000
1624627235.77492857,0.11850000,0.01745329,0.14016500,0.89094500
1624627235.87515712,0.11800000,0.00000000,0.13822500,0.90161500
1624627235.97492051,0.11650000,0.01745329,0.13725500,0.91374000
1624627236.07507491,0.11500000,0.00000000,0.13531500,0.92489500
1624627236.17526174,0.11350000,0.01745329,0.13434500,0.93653500
1624627236.27543139,0.11300000,0.00000000,0.13337500,0.94769000
1624627236.37496471,0.11150000,0.01745329,0.13143500,0.95884500
1624627236.47536707,0.11100000,0.00000000,0.13046500,0.96951500
1624627236.57477450,0.10850000,0.01745329,0.12804000,0.98067000
1624627236.67505145,0.10800000,0.00000000,0.12707000,0.99085500
1624627236.77497077,0.10650000,0.01745329,0.12513000,1.00152500
1624627236.87491703,0.10550000,0.01745329,0.12416000,1.01268000
1624627236.97537279,0.10450000,0.01745329,0.12319000,1.02286500
1624627237.07468605,0.10350000,0.01745329,0.12125000,1.03256500
1624627237.17491150,0.10250000,-0.01745329,0.12028000,1.04372000
1624627237.27517319,0.10150000,-0.01745329,0.11834000,1.05390500
1624627237.37546062,0.10050000,-0.01745329,0.11737000,1.06360500
1624627237.47477198,0.09850000,-0.01745329,0.11640000,1.07379000
1624627237.57473564,0.09750000,-0.01745329,0.11446000,1.08252000
1624627237.67497134,0.09650000,-0.01745329,0.11300500,1.09270500
1624627237.77525282,0.09550000,-0.01745329,0.11203500,1.10192000
1624627237.87550664,0.09450000,-0.01745329,0.11106500,1.11162000
1624627237.97624254,0.09350000,-0.01745329,0.10912500,1.12083500
1624627238.07587504,0.09250000,-0.01745329,0.10815500,1.12956500
1624627238.17596316,0.09200000,0.00000000,0.10718500,1.13878000
1624627238.27583146,0.09100000,0.00000000,0.10621500,1.14896500
1624627238.37561846,0.09000000,0.00000000,0.10524500,1.15769500
1624627238.47566986,0.09000000,0.00000000,0.10427500,1.16594000
1624627238.57617426,0.08900000,0.00000000,0.10330500,1.17467000
1624627238.67563725,0.08800000,0.00000000,0.10233500,1.18388500
1624627238.77561569,0.08700000,0.00000000,0.10136500,1.19261500
1624627238.87565994,0.08600000,0.00000000,0.10039500,1.20086000
1624627238.97597718,0.08500000,0.00000000,0.09845500,1.20959000
1624627239.07628417,0.08400000,0.00000000,0.09700000,1.21783500
1624627239.17631912,0.08300000,0.00000000,0.09603000,1.22559500
1624627239.27604699,0.08200000,0.00000000,0.09506000,1.23384000
1624627239.37634850,0.08100000,0.00000000,0.09409000,1.24160000
1624627239.47549295,0.08100000,0.00000000,0.09312000,1.25081500
1624627239.57571149,0.08000000,0.00000000,0.09312000,1.25857500
1624627239.67566204,0.07900000,0.00000000,0.09215000,1.26585000
1624627239.77625370,0.07800000,0.00000000,0.09118000,1.27361000
1624627239.87575579,0.07700000,0.00000000,0.09021000,1.28185500
1624627239.97640347,0.07600000,0.00000000,0.08924000,1.28864500
1624627240.07576108,0.07500000,0.00000000,0.08827000,1.29689000
1624627240.17614508,0.07500000,0.00000000,0.08730000,1.30368000
1624627240.27622056,0.07400000,0.00000000,0.08633000,1.31192500
1624627240.37653232,0.07300000,0.00000000,0.08536000,1.31871500
1624627240.47746301,0.07200000,0.00000000,0.08439000,1.32599000
1624627240.57680488,0.07200000,0.00000000,0.08342000,1.33278000
1624627240.67717838,0.07100000,0.00000000,0.08245000,1.33957000
1624627240.77750945,0.07000000,0.00000000,0.08245000,1.34684500
1624627240.87780762,0.06900000,0.00000000,0.08148000,1.35363500
1624627240.97817421,0.06900000,0.00000000,0.08002500,1.36091000
1624627241.07846642,0.06800000,0.00000000,0.07905500,1.36673000
1624627241.17768931,0.06700000,0.00000000,0.07808500,1.37352000
1624627241.27807736,0.06700000,0.00000000,0.07808500,1.38079500
1624627241.37845826,0.06550000,0.01745329,0.07711500,1.38661500
1624627241.47775865,0.06500000,0.00000000,0.07614500,1.39389000
1624627241.57808757,0.06400000,0.00000000,0.07517500,1.39971000
1624627241.67861295,0.06400000,0.00000000,0.07420500,1.40553000
1624627241.77897549,0.06300000,0.00000000,0.07420500,1.41280500
1624627241.87930346,0.06200000,0.00000000,0.07323500,1.41862500
1624627241.97866368,0.06200000,0.00000000,0.07226500,1.42493000
1624627242.07898641,0.06100000,0.00000000,0.07129500,1.43075000
1624627242.17891741,0.06000000,0.00000000,0.07129500,1.43657000
1624627242.27926350,0.06000000,0.00000000,0.07032500,1.44287500
1624627242.37962294,0.05850000,0.01745329,0.06935500,1.44869500
1624627242.47992659,0.05900000,0.00000000,0.06838500,1.45451500
1624627242.58029366,0.05800000,0.00000000,0.06838500,1.45985000
1624627242.67967033,0.05700000,0.00000000,0.06741500,1.46567000
1624627242.78010201,0.05650000,0.01745329,0.06644500,1.47197500
1624627242.88058114,0.05550000,0.01745329,0.06547500,1.47682500
1624627242.98102570,0.05600000,0.00000000,0.06547500,1.48264500
1624627243.08061409,0.05500000,0.00000000,0.06402000,1.48798000
1624627243.18106627,0.05350000,0.01745329,0.06305000,1.49380000
1624627243.28157043,0.05400000,0.00000000,0.06305000,1.49865000
1624627243.38244939,0.05300000,0.00000000,0.06208000,1.50398500
1624627243.48229003,0.05300000,0.00000000,0.06111000,1.50883500
1624627243.58239651,0.05150000,0.01745329,0.06111000,1.51465500
1624627243.68242288,0.05200000,0.00000000,0.06014000,1.51999000
1624627243.78238511,0.05100000,0.00000000,0.05917000,1.52484000
1624627243.88173342,0.05100000,0.00000000,0.05917000,1.52969000
1624627243.98227620,0.05000000,0.00000000,0.05820000,1.53454000
1624627244.08168769,0.04900000,0.00000000,0.05723000,1.53987500
1624627244.18198991,0.04850000,-0.01745329,0.05723000,1.54472500
1624627244.28230453,0.04750000,-0.01745329,0.05626000,1.54860500
1624627244.38171673,0.04750000,-0.01745329,0.05529000,1.55394000
1624627244.48194528,0.04650000,-0.01745329,0.05529000,1.55879000
1624627244.58223200,0.04650000,-0.01745329,0.05432000,1.56267000
1624627244.68159151,0.04550000,-0.01745329,0.05432000,1.56752000
1624627244.78239965,0.04600000,0.00000000,0.05335000,1.57285500
1624627244.88188219,0.04500000,0.00000000,0.05238000,1.57673500
1624627244.98235869,0.04500000,0.00000000,0.05238000,1.58158500
1624627245.08169174,0.04400000,0.00000000,0.05141000,1.58595000
1624627245.18214917,0.04400000,0.00000000,0.05141000,1.58983000
1624627245.28241324,0.04400000,0.00000000,0.05044000,1.59468000
1624627245.38171506,0.04300000,0.00000000,0.05044000,1.59856000
1624627245.48236871,0.04300000,0.00000000,0.04947000,1.60292500
1624627245.58342433,0.04200000,0.00000000,0.04947000,1.60680500
1624627245.68276167,0.04200000,0.00000000,0.04801500,1.61068500
1624627245.78302431,0.04100000,0.00000000,0.04801500,1.61553500
1624627245.88330936,0.04100000,0.00000000,0.04704500,1.61990000
1624627245.98247981,0.04000000,0.00000000,0.04704500,1.62378000
1624627246.08296967,0.04000000,0.00000000,0.04607500,1.62766000
1624627246.18337488,0.04000000,0.00000000,0.04607500,1.63154000
1624627246.28276157,0.03900000,0.00000000,0.04510500,1.63493500
1624627246.38330054,0.03900000,0.00000000,0.04510500,1.63881500
1624627246.48282528,0.03800000,0.00000000,0.04413500,1.64269500
1624627246.58301497,0.03800000,0.00000000,0.04413500,1.64657500
1624627246.68291235,0.03800000,0.00000000,0.04316500,1.65094000
1624627246.78283787,0.03700000,0.00000000,0.04316500,1.65385000
1624627246.88275361,0.03700000,0.00000000,0.04316500,1.65773000
1624627246.98301768,0.03600000,0.00000000,0.04219500,1.66161000
1624627247.08320498,0.03600000,0.00000000,0.04219500,1.66452000
1624627247.18350101,0.03600000,0.00000000,0.04122500,1.66888500
1624627247.28283572,0.03500000,0.00000000,0.04122500,1.67179500
1624627247.38305211,0.03500000,0.00000000,0.04025500,1.67567500
1624627247.48346305,0.03400000,0.00000000,0.04025500,1.67858500
1624627247.58286381,0.03400000,0.00000000,0.04025500,1.68198000
1624627247.68357277,0.03400000,0.00000000,0.03928500,1.68586000
1624627247.78382802,0.03300000,0.00000000,0.03928500,1.68877000
1624627247.88405037,0.03300000,0.00000000,0.03831500,1.69168000
1624627247.98433709,0.03300000,0.00000000,0.03831500,1.69556000
1624627248.08418107,0.03200000,0.00000000,0.03831500,1.69895500
1624627248.18360305,0.03150000,0.01745329,0.03734500,1.70186500
1624627248.28403997,0.03200000,0.00000000,0.03734500,1.70477500
1624627248.38451600,0.03050000,0.01745329,0.03637500,1.70768500
1624627248.48491430,0.03100000,0.00000000,0.03637500,1.71059500
1624627248.58539391,0.03100000,0.00000000,0.03637500,1.71399000
1624627248.68489194,0.02950000,0.01745329,0.03540500,1.71690000
1624627248.78542185,0.03000000,0.00000000,0.03540500,1.71981000
1624627248.88487816,0.02950000,0.01745329,0.03443500,1.72272000
1624627248.98531103,0.02900000,0.00000000,0.03443500,1.72563000
1624627249.08467793,0.02900000,0.00000000,0.03443500,1.72854000
1624627249.18528032,0.02850000,0.01745329,0.03346500,1.73193500
1624627249.28478265,0.02900000,0.00000000,0.03346500,1.73484500
1624627249.38536954,0.02750000,0.01745329,0.03346500,1.73775500
1624627249.48505950,0.02800000,0.00000000,0.03201000,1.73969500
1624627249.58537030,0.02800000,0.00000000,0.03201000,1.74260500
1624627249.68461728,0.02650000,0.01745329,0.03104000,1.74551500
1624627249.78475738,0.02700000,0.00000000,0.03104000,1.74794000
1624627249.88484907,0.02650000,0.01745329,0.03104000,1.75085000
1624627249.98517227,0.02600000,0.00000000,0.03007000,1.75376000
1624627250.08463669,0.02550000,-0.01745329,0.03007000,1.75570000
1624627250.18495297,0.02550000,-0.01745329,0.03007000,1.75861000
1624627250.28485227,0.02550000,-0.01745329,0.02910000,1.76055000
1624627250.38544607,0.02450000,-0.01745329,0.02910000,1.76394500
1624627250.48493457,0.02450000,-0.01745329,0.02910000,1.76588500
1624627250.58522987,0.02450000,-0.01745329,0.02813000,1.76879500
1624627250.68541813,0.02450000,-0.01745329,0.02813000,1.77073500
1624627250.78482413,0.02350000,-0.01745329,0.02813000,1.77364500
1624627250.88507938,0.02400000,0.00000000,0.02716000,1.77558500
1624627250.98551059,0.02400000,0.00000000,0.02716000,1.77898000
1624627251.08485484,0.02400000,0.00000000,0.02716000,1.78092000
1624627251.18507981,0.02300000,0.00000000,0.02716000,1.78286000
1624627251.28535151,0.02300000,0.00000000,0.02619000,1.78577000
1624627251.38462901,0.02300000,0.00000000,0.02619000,1.78771000
1624627251.48476791,0.02300000,0.00000000,0.02619000,1.78965000
1624627251.58495569,0.02200000,0.00000000,0.02522000,1.79159000
1624627251.68516517,0.02200000,0.00000000,0.02522000,1.79353000
1624627251.78549075,0.02200000,0.00000000,0.02522000,1.79692500
1624627251.88468242,0.02200000,0.00000000,0.02522000,1.79886500
1624627251.98481154,0.02100000,0.00000000,0.02425000,1.80080500
1624627252.08533597,0.02100000,0.00000000,0.02425000,1.80274500
1624627252.18509746,0.02100000,0.00000000,0.02425000,1.80468500
1624627252.28473282,0.02100000,0.00000000,0.02425000,1.80662500
1624627252.38487196,0.02000000,0.00000000,0.02328000,1.80856500
1624627252.48554897,0.02000000,0.00000000,0.02328000,1.81099000
1624627252.58570147,0.02000000,0.00000000,0.02328000,1.81293000
1624627252.68606472,0.02000000,0.00000000,0.02328000,1.81487000
1624627252.78551841,0.02000000,0.00000000,0.02231000,1.81681000
1624627252.88580227,0.01900000,0.00000000,0.02231000,1.81875000
1624627252.98567700,0.01900000,0.00000000,0.02231000,1.82069000
1624627253.08589053,0.01900000,0.00000000,0.02231000,1.82263000
1624627253.18604875,0.01900000,0.00000000,0.02231000,1.82457000
1624627253.28625703,0.01900000,0.00000000,0.02134000,1.82554000
1624627253.38607216,0.01800000,0.00000000,0.02134000,1.82796500
1624627253.48629951,0.01800000,0.00000000,0.02134000,1.82990500
1624627253.58653808,0.01800000,0.00000000,0.02134000,1.83184500
1624627253.68657088,0.01800000,0.00000000,0.02037000,1.83378500
1624627253.78703475,0.01750000,0.01745329,0.02037000,1.83475500
1624627253.88736439,0.01800000,0.00000000,0.02037000,1.83669500
1624627253.98662663,0.01700000,0.00000000,0.02037000,1.83863500
1624627254.08690929,0.01700000,0.00000000,0.02037000,1.84057500
1624627254.18718481,0.01650000,0.01745329,0.01940000,1.84154500
1624627254.28730059,0.01700000,0.00000000,0.01940000,1.84397000
1624627254.38753867,0.01700000,0.00000000,0.01940000,1.84591000
1624627254.48765588,0.01600000,0.00000000,0.01940000,1.84688000
1624627254.58793759,0.01550000,0.01745329,0.01843000,1.84882000
1624627254.68817806,0.01550000,0.01745329,0.01843000,1.84979000
1624627254.78856683,0.01600000,0.00000000,0.01843000,1.85173000
1624627254.88879490,0.01600000,0.00000000,0.01843000,1.85367000
1624627254.98942065,0.01600000,0.00000000,0.01843000,1.85464000
1624627255.08869171,0.01450000,0.01745329,0.01746000,1.85658000
1624627255.18901992,0.01450000,0.01745329,0.01746000,1.85755000
1624627255.28930020,0.01500000,0.00000000,0.01746000,1.85997500
1624627255.38915062,0.01500000,0.00000000,0.01746000,1.86094500
1624627255.48903704,0.01500000,0.00000000,0.01746000,1.86288500
1624627255.58890820,0.01500000,0.00000000,0.01600500,1.86385500
1624627255.68916011,0.01450000,0.01745329,0.01600500,1.86579500
1624627255.78945041,0.01400000,0.00000000,0.01600500,1.86676500
1624627255.88866258,0.01350000,-0.01745329,0.01600500,1.86773500
1624627255.98878598,0.01350000,-0.01745329,0.01600500,1.86967500
1624627256.08894563,0.01350000,-0.01745329,0.01600500,1.87064500
1624627256.18917418,0.01400000,0.00000000,0.01503500,1.87258500
1624627256.28940940,0.01350000,-0.01745329,0.01503500,1.87355500
1624627256.38958478,0.01350000,-0.01745329,0.01503500,1.87452500
1624627256.48977876,0.01250000,-0.01745329,0.01503500,1.87695000
1624627256.59004045,0.01250000,-0.01745329,0.01503500,1.87792000
1624627256.69024467,0.01300000,0.00000000,0.01503500,1.87889000
1624627256.79041982,0.01300000,0.00000000,0.01406500,1.88083000
1624627256.88968801,0.01300000,0.00000000,0.01406500,1.88180000
1624627256.98988652,0.01300000,0.00000000,0.01406500,1.88277000
1624627257.09009552,0.01300000,0.00000000,0.01406500,1.88374000
1624627257.19032621,0.01200000,0.00000000,0.01406500,1.88568000
1624627257.29051518,0.01200000,0.00000000,0.01406500,1.88665000
1624627257.39106965,0.01200000,0.00000000,0.01309500,1.88762000
1624627257.49137592,0.01200000,0.00000000,0.01309500,1.88859000
1624627257.59107280,0.01200000,0.00000000,0.01309500,1.88956000
1624627257.69133520,0.01200000,0.00000000,0.01309500,1.89198500
1624627257.79062819,0.01200000,0.00000000,0.01309500,1.89295500
1624627257.89081883,0.01200000,0.00000000,0.01309500,1.89392500
1624627257.99104404,0.01100000,0.00000000,0.01309500,1.89489500
1624627258.09125733,0.01100000,0.00000000,0.01212500,1.89586500
1624627258.19153714,0.01100000,0.00000000,0.01212500,1.89683500
1624627258.29170322,0.01100000,0.00000000,0.01212500,1.89780500
1624627258.39195609,0.01100000,0.00000000,0.01212500,1.89877500
1624627258.49216557,0.01100000,0.00000000,0.01212500,1.89974500
1624627258.59246421,0.01100000,0.00000000,0.01212500,1.90168500
1624627258.69172812,0.01100000,0.00000000,0.01212500,1.90265500
1624627258.79196215,0.01000000,0.00000000,0.01212500,1.90362500
1624627258.89217997,0.01000000,0.00000000,0.01115500,1.90459500
1624627258.99238586,0.01000000,0.00000000,0.01115500,1.90556500
1624627259.09262228,0.01000000,0.00000000,0.01115500,1.90653500
1624627259.19281173,0.01000000,0.00000000,0.01115500,1.90799000
1624627259.29296088,0.01000000,0.00000000,0.01115500,1.90896000
1624627259.39307570,0.01000000,0.00000000,0.01115500,1.90993000
1624627259.49333525,0.01000000,0.00000000,0.01115500,1.91090000
1624627259.59353209,0.01000000,0.00000000,0.01115500,1.91187000
1624627259.69428515,0.00900000,0.00000000,0.01018500,1.91187000
1624627259.79456663,0.00900000,0.00000000,0.01018500,1.91284000
1624627259.89534593,0.00900000,0.00000000,0.01018500,1.91381000
1624627259.99475980,0.00900000,0.00000000,0.01018500,1.91478000
1624627260.09506083,0.00900000,0.00000000,0.01018500,1.91575000
1624627260.19540954,0.00850000,0.01745329,0.01018500,1.91672000
1624627260.29484630,0.00900000,0.00000000,0.01018500,1.91769000
1624627260.39512444,0.00900000,0.00000000,0.01018500,1.91866000
1624627260.49556732,0.00900000,0.00000000,0.01018500,1.91963000
1624627260.59584641,0.00900000,0.00000000,0.00921500,1.91963000
1624627260.69618011,0.00800000,0.00000000,0.00921500,1.92060000
1624627260.79642820,0.00800000,0.00000000,0.00921500,1.92157000
1624627260.89566183,0.00800000,0.00000000,0.00921500,1.92254000
1624627260.99591875,0.00800000,0.00000000,0.00921500,1.92399500
1624627261.09617543,0.00750000,0.01745329,0.00921500,1.92399500
1624627261.19646692,0.00800000,0.00000000,0.00921500,1.92496500
1624627261.29570699,0.00800000,0.00000000,0.00921500,1.92593500
1624627261.39594531,0.00800000,0.00000000,0.00921500,1.92690500
1624627261.49612427,0.00800000,0.00000000,0.00921500,1.92787500
1624627261.59643126,0.00800000,0.00000000,0.00824500,1.92787500
1624627261.69636750,0.00800000,0.00000000,0.00824500,1.92884500
1624627261.79621744,0.00800000,0.00000000,0.00824500,1.92981500
1624627261.89614987,0.00700000,0.00000000,0.00824500,1.93078500
1624627261.99644613,0.00700000,0.00000000,0.00824500,1.93078500
1624627262.09571743,0.00650000,0.01745329,0.00824500,1.93175500
1624627262.19607329,0.00700000,0.00000000,0.00824500,1.93272500
1624627262.29638767,0.00700000,0.00000000,0.00824500,1.93272500
1624627262.39622116,0.00700000,0.00000000,0.00824500,1.93369500
1624627262.49641800,0.00700000,0.00000000,0.00824500,1.93466500
1624627262.59594798,0.00700000,0.00000000,0.00824500,1.93563500
1624627262.69616699,0.00700000,0.00000000,0.00727500,1.93563500
1624627262.79563546,0.00700000,0.00000000,0.00727500,1.93660500
1624627262.89589810,0.00700000,0.00000000,0.00727500,1.93757500
1624627262.99621892,0.00700000,0.00000000,0.00727500,1.93757500
1624627263.09659481,0.00650000,0.01745329,0.00727500,1.93854500
1624627263.19685316,0.00550000,0.01745329,0.00727500,1.93951500
1624627263.29717231,0.00600000,0.00000000,0.00727500,1.93951500
1624627263.39751625,0.00600000,0.00000000,0.00727500,1.94097000
1624627263.49785256,0.00600000,0.00000000,0.00727500,1.94097000
1624627263.59817171,0.00600000,0.00000000,0.00727500,1.94194000
1624627263.69846582,0.00600000,0.00000000,0.00727500,1.94291000
1624627263.79859781,0.00600000,0.00000000,0.00727500,1.94291000
1624627263.89899659,0.00600000,0.00000000,0.00630500,1.94388000
1624627263.99935412,0.00600000,0.00000000,0.00630500,1.94388000
1624627264.09892488,0.00600000,0.00000000,0.00630500,1.94485000
1624627264.19923639,0.00600000,0.00000000,0.00630500,1.94582000
1624627264.29955101,0.00550000,0.01745329,0.00630500,1.94582000
1624627264.39980602,0.00550000,0.01745329,0.00630500,1.94679000
1624627264.49966717,0.00600000,0.00000000,0.00630500,1.94679000
1624627264.60055041,0.00600000,0.00000000,0.00630500,1.94776000
1624627264.70078874,0.00600000,0.00000000,0.00630500,1.94873000
1624627264.80111551,0.00500000,0.00000000,0.00630500,1.94873000
1624627264.90138292,0.00450000,-0.01745329,0.00630500,1.94970000
1624627265.00062704,0.00450000,-0.01745329,0.00630500,1.94970000
1624627265.10065389,0.00450000,-0.01745329,0.00630500,1.95067000
1624627265.20070720,0.00450000,-0.01745329,0.00630500,1.95067000
1624627265.30082560,0.00450000,-0.01745329,0.00533500,1.95164000
1624627265.40094399,0.00450000,-0.01745329,0.00533500,1.95164000
1624627265.50142193,0.00450000,-0.01745329,0.00533500,1.95261000
1624627265.60088968,0.00500000,0.00000000,0.00533500,1.95261000
1624627265.70118833,0.00450000,0.01745329,0.00533500,1.95358000
1624627265.80151653,0.00450000,0.01745329,0.00533500,1.95358000
1624627265.90177608,0.00500000,0.00000000,0.00533500,1.95455000
1624627266.00169468,0.00500000,0.00000000,0.00533500,1.95455000
1624627266.10258126,0.00500000,0.00000000,0.00533500,1.95552000
1624627266.20287323,0.00500000,0.00000000,0.00533500,1.95552000
1624627266.30317903,0.00500000,0.00000000,0.00533500,1.95552000
1624627266.40346861,0.00500000,0.00000000,0.00533500,1.95697500
1624627266.50275493,0.00500000,0.00000000,0.00533500,1.95697500
1624627266.60279799,0.00500000,0.00000000,0.00533500,1.95794500
1624627266.70299292,0.00400000,0.00000000,0.00533500,1.95794500
1624627266.80330038,0.00400000,0.00000000,0.00533500,1.95891500
1624627266.90268826,0.00400000,0.00000000,0.00436500,1.95891500
1624627267.00299835,0.00400000,0.00000000,0.00436500,1.95988500
1624627267.10344386,0.00400000,0.00000000,0.00436500,1.95988500
1624627267.20300007,0.00350000,0.01745329,0.00436500,1.95988500
1624627267.30362272,0.00350000,0.01745329,0.00436500,1.96085500
1624627267.40425420,0.00350000,0.01745329,0.00436500,1.96085500
1624627267.50458431,0.00350000,-0.01745329,0.00436500,1.96182500
1624627267.60493159,0.00400000,0.00000000,0.00436500,1.96182500
1624627267.70527101,0.00400000,0.00000000,0.00436500,1.96182500
1624627267.80555844,0.00400000,0.00000000,0.00436500,1.96279500
1624627267.90591383,0.00400000,0.00000000,0.00436500,1.96279500
1624627268.00628376,0.00400000,0.00000000,0.00436500,1.96376500
1624627268.10659719,0.00400000,0.00000000,0.00436500,1.96376500
1624627268.20696115,0.00400000,0.00000000,0.00436500,1.96376500
1624627268.30714369,0.00400000,0.00000000,0.00436500,1.96473500
1624627268.40746236,0.00400000,0.00000000,0.00436500,1.96473500
1624627268.50672531,0.00400000,0.00000000,0.00436500,1.96570500
1624627268.60705066,0.00400000,0.00000000,0.00436500,1.96570500
1624627268.70744920,0.00400000,0.00000000,0.00436500,1.96570500
1624627268.80674624,0.00400000,0.00000000,0.00436500,1.96667500
1624627268.90685368,0.00400000,0.00000000,0.00339500,1.96667500
1624627269.00701857,0.00400000,0.00000000,0.00339500,1.96764500
1624627269.10733438,0.00300000,0.01745329,0.00339500,1.96764500
1624627269.20759559,0.00300000,0.01745329,0.00339500,1.96764500
1624627269.30817723,0.00300000,0.01745329,0.00339500,1.96764500
1624627269.40775013,0.00300000,0.01745329,0.00339500,1.96861500
1624627269.50800300,0.00300000,-0.01745329,0.00339500,1.96861500
1624627269.60828209,0.00300000,-0.01745329,0.00339500,1.96861500
1624627269.70820522,0.00300000,-0.01745329,0.00339500,1.96958500
1624627269.80771041,0.00300000,-0.01745329,0.00339500,1.96958500
1624627269.90839195,0.00300000,-0.01745329,0.00339500,1.96958500
1624627270.00811076,0.00300000,-0.01745329,0.00339500,1.96958500
1624627270.10765958,0.00300000,-0.01745329,0.00339500,1.97055500
1624627270.20856476,0.00300000,-0.01745329,0.00339500,1.97055500
1624627270.30919170,0.00300000,0.00000000,0.00339500,1.97055500
1624627270.40863037,0.00300000,0.00000000,0.00339500,1.97152500
1624627270.50878763,0.00300000,0.00000000,0.00339500,1.97152500
1624627270.60916567,0.00300000,0.00000000,0.00339500,1.97152500
1624627270.70950890,0.00300000,0.00000000,0.00339500,1.97298000
1624627270.80874753,0.00300000,0.00000000,0.00339500,1.97298000
1624627270.90906549,0.00300000,0.00000000,0.00339500,1.97298000
1624627271.00955343,0.00300000,0.00000000,0.00339500,1.97298000
1624627271.10995436,0.00300000,0.00000000,0.00339500,1.97395000
1624627271.21036077,0.00300000,0.00000000,0.00339500,1.97395000
1624627271.30964518,0.00300000,0.00000000,0.00339500,1.97395000
1624627271.41013122,0.00300000,0.00000000,0.00339500,1.97492000
1624627271.51059437,0.00300000,0.00000000,0.00242500,1.97492000
1624627271.61093879,0.00300000,0.00000000,0.00242500,1.97492000
1624627271.71115565,0.00300000,0.01745329,0.00242500,1.97589000
1624627271.81154919,0.00300000,0.01745329,0.00242500,1.97589000
1624627271.91198540,0.00300000,0.01745329,0.00242500,1.97589000
1624627272.01228237,0.00300000,0.01745329,0.00242500,1.97589000
1624627272.11173940,0.00300000,-0.01745329,0.00242500,1.97686000
1624627272.21212649,0.00300000,-0.01745329,0.00242500,1.97686000
1624627272.31244063,0.00200000,-0.01745329,0.00242500,1.97686000
1624627272.41181111,0.00200000,-0.01745329,0.00242500,1.97686000
1624627272.51165247,0.00200000,-0.01745329,0.00242500,1.97783000
1624627272.61216474,0.00200000,-0.01745329,0.00242500,1.97783000
1624627272.71256089,0.00200000,-0.01745329,0.00242500,1.97783000
1624627272.81287193,0.00200000,-0.01745329,0.00242500,1.97783000
1624627272.91321611,0.00200000,-0.01745329,0.00242500,1.97783000
1624627273.01353359,0.00200000,-0.01745329,0.00242500,1.97880000
1624627273.11391902,0.00200000,0.00000000,0.00242500,1.97880000
1624627273.21438217,0.00200000,0.00000000,0.00242500,1.97880000
1624627273.31374788,0.00200000,0.00000000,0.00242500,1.97880000
1624627273.41398287,0.00200000,0.00000000,0.00242500,1.97880000
1624627273.51420546,0.00200000,0.01745329,0.00242500,1.97977000
1624627273.61443543,0.00200000,0.01745329,0.00242500,1.97977000
1624627273.71378899,0.00200000,0.01745329,0.00242500,1.97977000
1624627273.81406593,0.00200000,0.01745329,0.00242500,1.97977000
1624627273.91436625,0.00200000,0.01745329,0.00242500,1.97977000
1624627274.01365972,0.00200000,0.01745329,0.00242500,1.98074000
1624627274.11394405,0.00200000,0.01745329,0.00242500,1.98074000
1624627274.21394539,0.00200000,0.00000000,0.00242500,1.98074000
1624627274.31430840,0.00200000,0.00000000,0.00242500,1.98074000
1624627274.41361117,0.00200000,0.00000000,0.00242500,1.98074000
1624627274.51395035,0.00200000,0.00000000,0.00242500,1.98171000
1624627274.61438370,0.00200000,0.00000000,0.00242500,1.98171000
1624627274.71371150,0.00200000,0.00000000,0.00242500,1.98171000
1624627274.81403995,0.00200000,0.00000000,0.00242500,1.98171000
1624627274.91393590,0.00200000,0.00000000,0.00242500,1.98171000
1624627275.01429176,0.00200000,0.00000000,0.00242500,1.98268000
1624627275.11368012,0.00200000,0.01745329,0.00242500,1.98268000
1624627275.21404457,0.00200000,0.01745329,0.00145500,1.98268000
1624627275.31401229,0.00200000,0.01745329,0.00145500,1.98268000
1624627275.41431284,0.00200000,0.01745329,0.00145500,1.98268000
1624627275.51363683,0.00200000,0.01745329,0.00145500,1.98365000
1624627275.61450148,0.00200000,0.01745329,0.00145500,1.98365000
1624627275.71457648,0.00200000,0.01745329,0.00145500,1.98365000
1624627275.81470966,0.00200000,-0.01745329,0.00145500,1.98365000
1624627275.91564178,0.00200000,-0.01745329,0.00145500,1.98365000
1624627276.01595855,0.00200000,-0.01745329,0.00145500,1.98462000
1624627276.11630845,0.00200000,-0.03490659,0.00145500,1.98462000
1624627276.21565413,0.00200000,-0.03490659,0.00145500,1.98462000
1624627276.31593823,0.00200000,-0.03490659,0.00145500,1.98462000
1624627276.41624570,0.00200000,-0.03490659,0.00145500,1.98462000
1624627276.51656961,0.00200000,-0.03490659,0.00145500,1.98559000
1624627276.61688948,0.00200000,-0.01745329,0.00145500,1.98559000
1624627276.71716285,0.00200000,-0.01745329,0.00145500,1.98559000
1624627276.81747031,0.00200000,-0.01745329,0.00145500,1.98559000
1624627276.91672897,0.00200000,-0.01745329,0.00145500,1.98559000
1624627277.01704216,0.00200000,-0.01745329,0.00145500,1.98656000
1624627277.11740470,0.00100000,0.00000000,0.00145500,1.98656000
1624627277.21667790,0.00100000,0.00000000,0.00145500,1.98656000
1624627277.31703901,0.00100000,0.00000000,0.00145500,1.98656000
1624627277.41738987,0.00100000,0.00000000,0.00145500,1.98656000
1624627277.51675224,0.00100000,0.00000000,0.00145500,1.98656000
1624627277.61714149,0.00100000,0.00000000,0.00145500,1.98656000
1624627277.71759748,0.00100000,0.00000000,0.00145500,1.98656000
1624627277.81810331,0.00100000,0.00000000,0.00145500,1.98656000
1624627277.91846228,0.00100000,0.00000000,0.00145500,1.98656000
1624627278.01777411,0.00100000,0.00000000,0.00145500,1.98753000
1624627278.11804104,0.00100000,0.00000000,0.00145500,1.98753000
1624627278.21847725,0.00100000,0.00000000,0.00145500,1.98753000
1624627278.31778598,0.00100000,0.00000000,0.00145500,1.98753000
1624627278.41857672,0.00100000,0.00000000,0.00145500,1.98753000
1624627278.51914334,0.00100000,0.00000000,0.00145500,1.98753000
1624627278.61865187,0.00100000,0.01745329,0.00145500,1.98753000
1624627278.71953678,0.00100000,0.01745329,0.00145500,1.98753000
1624627278.82005668,0.00100000,0.01745329,0.00145500,1.98753000
1624627278.92017770,0.00100000,0.01745329,0.00145500,1.98753000
1624627279.01963377,0.00100000,0.01745329,0.00145500,1.98898500
1624627279.12001491,0.00100000,0.01745329,0.00145500,1.98898500
1624627279.22042108,0.00100000,0.01745329,0.00145500,1.98898500
1624627279.31972265,0.00100000,0.01745329,0.00145500,1.98898500
1624627279.42007399,0.00100000,0.01745329,0.00145500,1.98898500
1624627279.52032542,0.00100000,0.01745329,0.00145500,1.98898500
1624627279.62058973,0.00100000,0.01745329,0.00145500,1.98898500
1624627279.72089076,0.00100000,0.01745329,0.00145500,1.98898500
1624627279.82112932,0.00100000,0.01745329,0.00145500,1.98898500
1624627279.92142892,0.00100000,0.01745329,0.00145500,1.98898500
1624627280.02075958,0.00100000,0.01745329,0.00145500,1.98995500
1624627280.12128973,0.00100000,0.01745329,0.00145500,1.98995500
1624627280.22162533,0.00100000,0.01745329,0.00145500,1.98995500
1624627280.32188678,0.00100000,0.01745329,0.00145500,1.98995500
1624627280.42210269,0.00100000,0.01745329,0.00145500,1.98995500
1624627280.52241373,0.00100000,0.01745329,0.00145500,1.98995500
1624627280.62167573,0.00100000,0.01745329,0.00145500,1.98995500
1624627280.72189927,0.00100000,0.00000000,0.00145500,1.98995500
1624627280.82221007,0.00100000,0.00000000,0.00145500,1.98995500
1624627280.92246866,0.00100000,0.00000000,0.00145500,1.98995500
1624627281.02171493,0.00100000,0.00000000,0.00145500,1.99092500
1624627281.12193274,0.00100000,0.00000000,0.00145500,1.99092500
1624627281.22261763,0.00100000,0.00000000,0.00145500,1.99092500
1624627281.32308388,0.00100000,0.00000000,0.00145500,1.99092500
1624627281.42334747,0.00100000,0.00000000,0.00145500,1.99092500
1624627281.52264047,0.00100000,0.00000000,0.00145500,1.99092500
1624627281.62290764,0.00100000,0.01745329,0.00000000,1.99092500
1624627281.72320223,0.00100000,0.01745329,0.00000000,1.99092500
1624627281.82265949,0.00100000,0.01745329,0.00000000,1.99092500
1624627281.92305326,0.00100000,0.01745329,0.00000000,1.99092500
1624627282.02354026,0.00100000,0.01745329,0.00000000,1.99189500
1624627282.12400365,0.00100000,0.01745329,0.00000000,1.99189500
1624627282.22438717,0.00100000,-0.08726646,0.00000000,1.99189500
1624627282.32383108,0.00100000,-0.08726646,0.00000000,1.99189500
1624627282.42407012,0.00100000,-0.08726646,0.00000000,1.99189500
1624627282.52448678,0.00100000,-0.08726646,0.00000000,1.99189500
1624627282.62388802,0.00100000,-0.08726646,0.00000000,1.99189500
1624627282.72411227,0.00100000,-0.08726646,0.00000000,1.99189500
1624627282.82440901,0.00100000,-0.08726646,0.00000000,1.99189500
1624627282.92375994,0.00100000,-0.08726646,0.00000000,1.99189500
1624627283.02364731,0.00100000,-0.06981317,0.00000000,1.99286500
1624627283.12397766,0.00100000,-0.06981317,0.00000000,1.99286500
1624627283.22365141,0.00100000,-0.06981317,0.00000000,1.99286500
1624627283.32387471,0.00100000,-0.06981317,0.00000000,1.99286500
1624627283.42403412,0.00100000,-0.05235988,0.00000000,1.99286500
1624627283.52438307,0.00100000,-0.05235988,0.00000000,1.99286500
1624627283.62439466,0.00100000,-0.03490659,0.00000000,1.99286500
1624627283.72442484,0.00100000,-0.03490659,0.00000000,1.99286500
1624627283.82362247,0.00100000,-0.03490659,0.00000000,1.99286500
1624627283.92398500,0.00100000,-0.03490659,0.00000000,1.99286500
1624627284.02428675,0.00100000,-0.03490659,0.00000000,1.99383500
1624627284.12460709,0.00100000,-0.01745329,0.00000000,1.99383500
1624627284.22495866,0.00100000,-0.01745329,0.00000000,1.99383500
1624627284.32526302,0.00100000,-0.01745329,0.00000000,1.99383500
1624627284.42564225,0.00100000,-0.01745329,0.00000000,1.99383500
1624627284.52594876,0.00100000,-0.01745329,0.00000000,1.99383500
1624627284.62626648,0.00100000,-0.01745329,0.00000000,1.99383500
1624627284.72652221,0.00100000,-0.01745329,0.00000000,1.99383500
1624627284.82688904,0.00100000,-0.01745329,0.00000000,1.99383500
1624627284.92717886,0.00100000,-0.01745329,0.00000000,1.99383500
1624627285.02756643,0.00100000,-0.01745329,0.00000000,1.99480500
1624627285.12787318,0.00100000,-0.01745329,0.00000000,1.99480500
1624627285.22818303,0.00100000,-0.01745329,0.00000000,1.99480500
1624627285.32865357,0.00100000,-0.01745329,0.00000000,1.99480500
1624627285.42894268,0.00100000,-0.01745329,0.00000000,1.99480500
1624627285.52880096,0.00100000,-0.01745329,0.00000000,1.99480500
1624627285.62866879,0.00100000,0.00000000,0.00000000,1.99480500
1624627285.72950602,0.00100000,0.00000000,0.00000000,1.99480500
1624627285.82868099,0.00100000,0.00000000,0.00000000,1.99480500
1624627285.92910457,0.00100000,0.00000000,0.00000000,1.99480500
1624627286.02888274,0.00100000,0.00000000,0.00000000,1.99577500
1624627286.12929893,0.00100000,0.00000000,0.00000000,1.99577500
1624627286.22877574,0.00100000,0.00000000,0.00000000,1.99577500
1624627286.32971239,0.00100000,0.00000000,0.00000000,1.99577500
1624627286.43008971,0.00100000,0.00000000,0.00000000,1.99577500
1624627286.52982354,0.00100000,0.00000000,0.00000000,1.99577500
1624627286.62972999,0.00000000,0.00000000,0.00000000,1.99577500
1624627286.73047566,0.00000000,0.00000000,0.00000000,1.99577500
1624627286.83014226,0.00000000,0.00000000,0.00000000,1.99577500
1624627286.93000960,0.00000000,0.00000000,0.00000000,1.99577500
1624627287.02989745,0.00000000,0.00000000,0.00000000,1.99577500
1624627287.12969351,0.00000000,0.00000000,0.00000000,1.99577500
1624627287.22990251,0.00000000,0.00000000,0.00000000,1.99577500
1624627287.33062458,0.00000000,0.00000000,0.00000000,1.99577500
1624627287.43137908,0.00000000,0.00000000,0.00000000,1.99577500
1624627287.53116155,0.00000000,0.00000000,0.00000000,1.99577500
1624627287.63126612,0.00000000,0.00000000,0.00000000,1.99577500
1624627287.73101473,0.00000000,0.00000000,0.00000000,1.99577500
1624627287.83076835,0.00000000,0.00000000,0.00000000,1.99577500
1624627287.93145967,0.00000000,0.00000000,0.00000000,1.99577500
1624627288.03120399,0.00000000,0.00000000,0.00000000,1.99577500
1624627288.13122392,0.00000000,0.00000000,0.00000000,1.99577500
1624627288.23121977,0.00000000,0.00000000,0.00000000,1.99577500
1624627288.33147979,0.00000000,0.00000000,0.00000000,1.99577500
1624627288.43128347,0.00000000,0.00000000,0.00000000,1.99577500
1624627288.53104281,0.00000000,0.00000000,0.00000000,1.99577500
1624627288.63093948,0.00000000,0.00000000,0.00000000,1.99577500
1624627288.73125696,0.00000000,0.00000000,0.00000000,1.99577500
1624627288.83127689,0.00000000,0.00000000,0.00000000,1.99577500
1624627288.93100929,0.00000000,0.00000000,0.00000000,1.99577500
1624627289.03078842,0.00000000,0.00000000,0.00000000,1.99577500
1624627289.13161111,0.00000000,0.00000000,0.00000000,1.99577500
1624627289.23240685,0.00000000,0.00000000,0.00000000,1.99577500
1624627289.33232069,0.00000000,0.00000000,0.00000000,1.99577500
1624627289.43215990,0.00000000,0.00000000,0.00000000,1.99577500
1624627289.53193617,0.00000000,0.00000000,0.00000000,1.99577500
1624627289.63172865,0.00000000,0.00000000,0.00000000,1.99577500
1624627289.73255396,0.00000000,0.00000000,0.00000000,1.99577500
1624627289.83339024,0.00000000,0.00000000,0.00000000,1.99577500
1624627289.93334055,0.00000000,0.00000000,0.00000000,1.99577500
1624627290.03318405,0.00000000,0.00000000,0.00000000,1.99577500
1624627290.13312864,0.00000000,0.00000000,0.00000000,1.99577500
1624627290.23351264,0.00000000,0.00000000,0.00000000,1.99577500
1624627290.33334517,0.00000000,0.00000000,0.00000000,1.99577500
1624627290.43348908,0.00000000,0.00000000,0.00000000,1.99577500
1624627290.53294158,0.00000000,0.00000000,0.00000000,1.99577500
1624627290.63312960,0.00000000,0.00000000,0.00000000,1.99577500
1624627290.73321676,0.00000000,0.00000000,0.00000000,1.99577500
1624627290.83324313,0.00000000,0.00000000,0.00000000,1.99577500
1624627290.93306017,0.00000000,0.00000000,0.00000000,1.99577500
1624627291.03283453,0.00000000,0.00000000,0.00000000,1.99577500
1624627291.13357735,0.00000000,0.00000000,0.00000000,1.99577500
1624627291.23396873,0.00000000,0.00000000,0.00000000,1.99577500
1624627291.33408737,0.00000000,0.00000000,0.00000000,1.99577500
1624627291.43375993,0.00000000,0.00000000,0.00000000,1.99577500
1624627291.53384805,0.00000000,0.00000000,0.00000000,1.99577500
1624627291.63410854,0.00000000,0.00000000,0.00000000,1.99577500
1624627291.73379016,0.00000000,0.00000000,0.00000000,1.99577500
1624627291.83345032,0.00000000,0.00000000,0.00000000,1.99577500
1624627291.93381977,0.00000000,0.00000000,0.00000000,1.99577500
1624627292.03379679,0.00000000,0.00000000,0.00000000,1.99577500
1624627292.13370991,0.00000000,0.00000000,0.00000000,1.99577500
1624627292.23369694,0.00000000,0.00000000,0.00000000,1.99577500
1624627292.33459616,0.00000000,0.00000000,0.00000000,1.99577500
1624627292.43558025,0.00000000,0.00000000,0.00000000,1.99577500
1624627292.53541040,0.00000000,0.00000000,0.00000000,1.99577500
1624627292.63589287,0.00000000,0.00000000,0.00000000,1.99577500
1624627292.73627830,0.00000000,0.00000000,0.00000000,1.99577500
1624627292.83648539,0.00000000,0.00000000,0.00000000,1.99577500
1624627292.93619776,0.00000000,0.00000000,0.00000000,1.99577500
1624627293.03577638,0.00000000,0.00000000,0.00000000,1.99577500
1624627293.13579988,0.00000000,0.00000000,0.00000000,1.99577500
1624627293.23583984,0.00000000,0.00000000,0.00000000,1.99577500
1624627293.33568740,0.00000000,0.00000000,0.00000000,1.99577500
1624627293.43641710,0.00000000,0.00000000,0.00000000,1.99577500
1624627293.53656626,0.00000000,0.00000000,0.00000000,1.99577500
1624627293.63710141,0.00000000,0.00000000,0.00000000,1.99577500
1624627293.73702574,0.00000000,0.00000000,0.00000000,1.99577500
1624627293.83700228,0.00000000,0.00000000,0.00000000,1.99577500
1624627293.93687248,0.00000000,0.00000000,0.00000000,1.99577500
1624627294.03656316,0.00000000,0.00000000,0.00000000,1.99577500
1624627294.13702369,0.00000000,0.00000000,0.00000000,1.99577500
1624627294.23716927,0.00000000,0.00000000,0.00000000,1.99577500
1624627294.33708358,0.00000000,0.00000000,0.00000000,1.99577500
1624627294.43693542,0.00000000,0.00000000,0.00000000,1.99577500
1624627294.53673983,0.00000000,0.00000000,0.00000000,1.99577500
1624627294.63748622,0.00000000,0.00000000,0.00000000,1.99577500
1624627294.73726630,0.00000000,0.00000000,0.00000000,1.99577500
1624627294.83691335,0.00000000,0.00000000,0.00000000,1.99577500
1624627294.93726873,0.00000000,0.00000000,0.00000000,1.99577500
1624627295.03662014,0.00000000,0.00000000,0.00000000,1.99577500
1624627295.13717413,0.00000000,0.00000000,0.00000000,1.99577500
1624627295.23760772,0.00000000,0.00000000,0.00000000,1.99577500
1624627295.33844829,0.00000000,0.00000000,0.00000000,1.99577500
1624627295.43855119,0.00000000,0.00000000,0.00000000,1.99577500
1624627295.53957820,0.00000000,0.00000000,0.00000000,1.99577500
1624627295.64060020,0.00000000,0.00000000,0.00000000,1.99577500
1624627295.74092507,0.00000000,0.00000000,0.00000000,1.99577500
1624627295.84081507,0.00000000,0.00000000,0.00000000,1.99577500
