Seconds,Detected,Distance,Angle,Child.X,Child.Y,Child.Angle
1624627225.42080641,1,2.00000000,90.00000000,0.00000000,2.00000000,90.00000000
1624627225.52080107,1,2.00000000,90.00000000,0.00000000,2.00000000,90.00000000
1624627225.62080097,1,2.00000000,90.00000000,0.00000000,2.00000000,90.00000000
1624627225.72079802,1,2.00000000,90.00000000,0.00000000,2.00000000,90.00000000
1624627225.82080007,1,2.00000000,90.00000000,0.00000000,2.00000000,90.00000000
1624627225.92080688,1,2.00000000,90.00000000,0.00000000,2.00000000,90.00000000
1624627226.02080178,1,2.00000000,90.00000000,0.00000000,2.00000000,90.00000000
1624627226.12080526,1,2.00000000,90.00000000,0.00000000,2.00000000,90.00000000
1624627226.22080278,1,2.00000000,90.00000000,0.00000000,2.00000000,90.00000000
1624627226.32080293,1,2.00000000,90.00000000,0.00000000,2.00000000,90.00000000
1624627226.42080259,1,2.00000000,90.00000000,0.00000000,2.00000000,90.00000000
1624627226.52080464,1,2.00000000,90.00000000,0.00000000,2.00000000,90.00000000
1624627226.62080717,1,2.00000000,90.00000000,0.00000000,2.00000000,90.00000000
1624627226.72083402,1,2.00000000,90.00000000,0.00000000,2.00000000,90.00000000
1624627226.82080102,1,2.00000000,90.00000000,0.00000000,2.00000000,90.00000000
1624627226.92074084,1,2.00000000,90.00000000,0.00000000,2.00000000,90.00000000
1624627227.02072763,1,2.00000000,90.00000000,0.00000000,2.00000000,90.00000000
1624627227.12072182,1,2.00000000,90.00000000,0.00000000,2.00000000,90.00000000
1624627227.22072363,1,2.00000000,90.00000000,0.00000000,2.00000000,90.00000000
1624627227.32081246,1,2.00000000,90.00000000,0.00000000,2.00000000,90.00000000
1624627227.42080879,1,2.00000000,90.00000000,0.00000000,2.00000000,90.00000000
1624627227.52079558,1,2.00000000,90.00000000,0.00000000,2.00000000,90.00000000
1624627227.62079763,1,2.00000000,90.00000000,0.00000000,2.00000000,90.00000000
1624627227.72081685,1,2.00000000,90.00000000,0.00000000,2.00000000,90.00000000
1624627227.82080841,1,2.00000000,90.00000000,0.00000000,2.00000000,90.00000000
1624627227.92080402,1,2.00000000,90.00000000,0.00000000,2.00000000,90.00000000
1624627228.02082658,1,2.00000000,90.00000000,-0.03365841,1.99971676,90.96428797
1624627228.12080622,1,2.00000000,89.00000000,-0.06911965,1.99880526,91.98052645
1624627228.22080779,1,2.00000000,87.00000000,-0.10331424,1.99732976,92.96105290
1624627228.32080913,1,2.00000000,84.00000000,-0.06900679,1.99880916,91.97729138
1624627228.42081285,1,2.00000000,82.00000000,-0.10320147,1.99733559,92.95781783
1624627228.52079821,1,2.00000000,79.00000000,-0.06583567,1.99891612,91.88639377
1624627228.62080717,1,2.00000000,77.00000000,-0.10308869,1.99734141,92.95458276
1624627228.72078395,1,2.00000000,74.00000000,-0.10143983,1.99737634,92.93510921
1624627228.82081413,1,2.00000024,71.00000000,-0.06213342,1.99991230,91.86368515
1624627228.92080522,1,1.99903214,69.00000000,-0.09642755,1.99835552,92.93187414
1624627229.02083659,1,1.99806845,66.00000000,-0.05613784,2.00089520,91.86045008
1624627229.12075162,1,1.99613905,64.00000000,-0.08632679,1.99950569,92.84097653
1624627229.22072530,1,1.99421990,62.00000000,-0.11801072,1.99734012,93.90916553
1624627229.32072043,1,1.99232078,59.00000000,-0.07778019,1.99957768,92.83774146
1624627229.42072797,1,1.99040926,57.00000000,-0.10684040,1.99860112,93.81826792
1624627229.52080107,1,1.98755622,54.00000000,-0.06530722,2.00306952,92.83450640
1624627229.62078881,1,1.98232937,52.00000000,-0.09309566,2.00170162,93.81503285
1624627229.72079873,1,1.97661591,49.00000000,-0.05204474,2.00378810,92.83127133
1624627229.82080436,1,1.97094238,47.00000000,-0.07719198,2.00344226,93.81179778
1624627229.92080975,1,1.96387804,45.00000000,-0.07048770,2.00411647,93.82803626
1624627230.02080369,1,1.95631957,43.00000000,-0.09512194,2.00326900,94.80856271
1624627230.12076879,1,1.94738317,40.00000000,-0.05424176,2.00658073,93.82480119
1624627230.22080374,1,1.93794250,38.00000000,-0.04591503,2.00730939,93.84103967
1624627230.32083702,1,1.92810655,37.00000000,-0.06865587,2.00630469,94.76961561
1624627230.42079759,1,1.91731751,35.00000000,-0.09607556,2.00388894,95.83780460
1624627230.52080178,1,1.90605462,32.00000000,-0.05265002,2.00907307,94.76638054
1624627230.62080050,1,1.89334440,30.00000000,-0.04533863,2.00945715,94.78261902
1624627230.72076821,1,1.88066399,29.00000000,-0.07119063,2.00781011,95.79885750
1624627230.82078028,1,1.86701512,27.00000000,-0.03038605,2.01140234,94.76314547
1624627230.92080164,1,1.85336113,26.00000000,-0.05568034,2.00981051,95.77938395
1624627231.02080035,1,1.83879876,24.00000000,-0.04891242,2.01030461,95.79562243
1624627231.12080574,1,1.82422936,23.00000000,-0.07197935,2.00859101,96.72419837
1624627231.22079730,1,1.80864310,21.00000000,-0.03604071,2.01140506,95.77614888
1624627231.32078815,1,1.79400456,20.00000000,-0.06134557,2.00936286,96.79238737
1624627231.42081213,1,1.77845788,18.00000000,-0.02464141,2.01441383,95.75667533
1624627231.52077579,1,1.76179624,17.00000000,-0.01799757,2.01395102,95.72096330
1624627231.62080359,1,1.74619877,16.00000000,-0.04432131,2.01107572,96.73720179
1624627231.72080350,1,1.73052728,15.00000000,-0.03801658,2.01261365,96.70148975
1624627231.82080007,1,1.71394753,14.00000000,-0.03568513,2.01294013,96.75344027
1624627231.92080545,1,1.69723964,13.00000000,-0.03072976,2.01344724,96.71772824
1624627232.02080488,1,1.68053937,12.00000000,-0.02834941,2.01268770,96.76967875
1624627232.12076378,1,1.66481173,11.00000000,-0.02449499,2.01416671,96.73396672
1624627232.22080374,1,1.64802635,10.00000000,-0.01956659,2.01459225,96.69825469
1624627232.32080770,1,1.63134778,9.00000000,-0.01812017,2.01385933,96.75020520
1624627232.42081118,1,1.61553752,8.00000000,0.01176667,2.01820340,95.75020520
1624627232.52079630,1,1.59866190,8.00000000,-0.01231868,2.01449685,96.71449317
1624627232.62082624,1,1.58285928,8.00000000,-0.03690035,2.01147039,97.67878114
1624627232.72079134,1,1.56695294,7.00000000,-0.00764120,2.01512927,96.67878114
1624627232.82081270,1,1.55104864,7.00000000,-0.03404349,2.01273645,97.73073165
1624627232.92079902,1,1.53418267,6.00000000,-0.00521146,2.01539897,96.73073165
1624627233.02081394,1,1.51828277,6.00000000,-0.02918313,2.01143540,97.69501962
1624627233.12081504,1,1.50329220,5.00000000,-0.00114543,2.01587093,96.69501962
1624627233.22079611,1,1.48739612,5.00000000,-0.02735381,2.01265570,97.74697013
1624627233.32077909,1,1.47138786,4.00000000,0.00027917,2.01506802,96.74697013
1624627233.42080379,1,1.45645845,4.00000000,0.00106315,2.01527700,96.74697013
1624627233.52080655,1,1.44141495,4.00000000,-0.02220536,2.01232003,97.71125810
1624627233.62076378,1,1.42637205,3.00000000,0.00354077,2.01557313,96.71125810
1624627233.72080660,1,1.41132951,3.00000000,0.00432873,2.01518366,96.71125810
1624627233.82079577,1,1.39676893,3.00000000,-0.01826196,2.01281429,97.67554607
1624627233.92079759,1,1.38172746,2.00000000,0.00573355,2.01498483,96.67554607
1624627234.02079415,1,1.36753094,2.00000000,0.00641385,2.01494957,96.67554607
1624627234.12076688,1,1.35345256,2.00000000,0.00708042,2.01600163,96.67554607
1624627234.22080636,1,1.33841205,2.00000000,0.00785883,2.01512809,96.67554607
1624627234.32080436,1,1.32433462,2.00000000,-0.01705235,2.01216305,97.72749658
1624627234.42081547,1,1.31007802,1.00000000,0.00657783,2.01400754,96.72749658
1624627234.52081609,1,1.29696321,1.00000000,0.00617419,2.01456303,96.72749658
1624627234.62081361,1,1.28324771,1.00000000,0.00681093,2.01403696,96.72749658
1624627234.72079086,1,1.27013314,1.00000000,0.00737727,2.01507769,96.72749658
1624627234.82080245,1,1.25605643,1.00000000,0.00708632,2.01419291,96.72749658
1624627234.92084408,1,1.24282181,1.00000000,0.00766672,2.01414442,96.72749658
1624627235.02079010,1,1.22970784,1.00000000,0.00726298,2.01421574,96.72749658
1624627235.12080669,1,1.21647322,1.00000000,0.00784338,2.01271225,96.72749658
1624627235.22081685,1,1.20480311,1.00000000,-0.01187578,2.01167277,97.69178455
1624627235.32080078,1,1.19168961,1.00000000,-0.01206061,2.01080227,97.69178455
1624627235.42074561,1,1.17941713,0.00000000,0.00903449,2.01431220,96.69178455
1624627235.52079964,1,1.16630375,1.00000000,-0.01205786,2.01037982,97.69178455
1624627235.62079000,1,1.15445173,0.00000000,0.00854867,2.01328187,96.69178455
1624627235.72079325,1,1.14230061,1.00000000,-0.01175519,2.01084264,97.69178455
1624627235.82079530,1,1.13002813,0.00000000,0.00848471,2.01327466,96.69178455
1624627235.92079401,1,1.11787713,1.00000000,-0.01139625,2.00943392,97.69178455
1624627236.02077031,1,1.10704827,0.00000000,0.00825252,2.01324636,96.69178455
1624627236.12077665,1,1.09489715,1.00000000,-0.01123051,2.00994071,97.69178455
1624627236.22080564,1,1.08358705,0.00000000,0.00807641,2.01273997,96.69178455
1624627236.32080889,1,1.07191718,1.00000000,-0.01009478,2.00996250,97.69178455
1624627236.42080092,1,1.06072867,1.00000000,-0.01053726,2.01002966,97.69178455
1624627236.52079797,1,1.04941833,1.00000000,-0.00999344,2.00949109,97.69178455
1624627236.62081289,1,1.03871095,1.00000000,-0.02985997,2.00730920,98.74373506
1624627236.72079921,1,1.02734017,-1.00000000,0.00643067,2.01108732,96.74373506
1624627236.82080293,1,1.01711380,-1.00000000,0.00569154,2.01160170,96.74373506
1624627236.92078876,1,1.00628519,-1.00000000,0.00599313,2.01200301,96.74373506
1624627237.02078366,1,0.99509621,-1.00000000,0.00633704,2.01107644,96.74373506
1624627237.12079883,1,0.98486984,-1.00000000,0.00559791,2.01062082,96.74373506
1624627237.22079659,1,0.97500360,-1.00000000,0.00578649,2.01197785,96.74373506
1624627237.32079554,1,0.96381468,-1.00000000,0.00516039,2.01105133,96.74373506
1624627237.42082977,1,0.95346743,-1.00000000,0.00540545,2.01047568,96.74373506
1624627237.52080035,1,0.94372207,-1.00000000,0.00557984,2.01098274,96.74373506
1624627237.62077641,1,0.93349552,-1.00000000,0.02187865,2.01141320,95.69178455
1624627237.72079468,1,0.92459214,0.00000000,0.00526382,2.01099823,96.69178455
1624627237.82080603,1,0.91430539,0.00000000,0.00549252,2.00999656,96.69178455
1624627237.92077661,1,0.90504116,0.00000000,0.00560207,2.01049545,96.69178455
1624627238.02080011,1,0.89529574,0.00000000,0.00479768,2.01003142,96.69178455
1624627238.12082672,1,0.88591158,0.00000000,0.00492120,2.00944119,96.69178455
1624627238.22072673,1,0.87712860,0.00000000,0.00497467,2.00993305,96.69178455
1624627238.32079935,1,0.86786431,0.00000000,0.00508422,2.01091687,96.69178455
1624627238.42076898,1,0.85763758,0.00000000,0.00530593,2.00948982,96.69178455
1624627238.52073359,1,0.84885466,0.00000000,0.00535939,2.00901173,96.69178455
1624627238.62079668,1,0.84055299,0.00000000,0.00535677,2.00949661,96.69178455
1624627238.72080255,1,0.83177012,0.00000000,0.00541022,2.00998858,96.69178455
1624627238.82078743,1,0.82250601,0.00000000,0.00551975,2.00951758,96.69178455
1624627238.92079186,1,0.81372315,0.00000000,0.00557320,2.00903955,96.69178455
1624627239.02076721,1,0.80542159,0.00000000,0.00460057,2.00952455,96.69178455
1624627239.12081218,1,0.79651827,0.00000000,0.00418306,2.00892688,96.69178455
1624627239.22078538,1,0.78815675,0.00000000,0.00418741,2.00838233,96.69178455
1624627239.32079363,1,0.78033638,0.00000000,0.00412871,2.00886024,96.69178455
1624627239.42076349,1,0.77203470,0.00000000,0.00412609,2.00837512,96.69178455
1624627239.52078032,1,0.76421428,0.00000000,0.00406739,2.00982297,96.69178455
1624627239.62079477,1,0.75494999,0.00000000,0.00514694,2.00838179,96.69178455
1624627239.72079039,1,0.74724984,0.00000000,0.00507423,2.00800910,96.69178455
1624627239.82080030,1,0.73991072,0.00000000,0.00495944,2.00847998,96.69178455
1624627239.92080307,1,0.73209029,0.00000000,0.00490074,2.00895783,96.69178455
1624627240.02077579,1,0.72378868,0.00000000,0.00489812,2.00750277,96.69178455
1624627240.12080359,1,0.71693075,0.00000000,0.00472726,2.00893656,96.69178455
1624627240.22082424,1,0.70862913,0.00000000,0.00472463,2.00748150,96.69178455
1624627240.32080460,1,0.70177120,0.00000000,0.00455378,2.00891529,96.69178455
1624627240.42083001,1,0.69346958,0.00000000,0.00455115,2.00746023,96.69178455
1624627240.52079535,1,0.68661165,0.00000000,0.00438029,2.00792402,96.69178455
1624627240.62080979,1,0.67927253,0.00000000,0.00426551,2.00742490,96.69178455
1624627240.72080445,1,0.67241460,0.00000000,0.00409465,2.00740369,96.69178455
1624627240.82079577,1,0.66555673,0.00000000,0.00489379,2.00786754,96.69178455
1624627240.92081237,1,0.65833843,1.00000000,-0.00663471,2.00604996,97.69178455
1624627241.02081108,1,0.65148038,0.00000000,0.00410908,2.00795208,96.69178455
1624627241.12080884,1,0.64408076,0.00000000,0.00400135,2.00642287,96.69178455
1624627241.22074890,1,0.63818538,0.00000000,0.00371832,2.00735766,96.69178455
1624627241.32079506,1,0.63132751,0.00000000,0.00451746,2.00782151,96.69178455
1624627241.42076612,1,0.62410903,0.00000000,0.00438862,2.00647220,96.69178455
1624627241.52080083,1,0.61821347,0.00000000,0.00410562,2.00789181,96.69178455
1624627241.62080550,1,0.61087430,0.00000000,0.00399084,2.00642263,96.69178455
1624627241.72081828,1,0.60497880,0.00000000,0.00370783,2.00638730,96.69178455
1624627241.82075930,1,0.59908342,0.00000000,0.00439481,2.00780709,96.69178455
1624627241.92078280,1,0.59186512,1.00000000,-0.00598265,2.00516476,97.69178455
1624627242.02077937,1,0.58596951,0.00000000,0.00398295,2.00690751,96.69178455
1624627242.12075734,1,0.57959270,0.00000000,0.00375603,2.00639415,96.69178455
1624627242.22080493,1,0.57369727,0.00000000,0.00444302,2.00635888,96.69178455
1624627242.32079387,1,0.56792283,1.00000000,-0.00568811,2.00568789,97.69178455
1624627242.42079663,1,0.56154597,1.00000000,-0.00580461,2.00518840,97.69178455
1624627242.52079463,1,0.55565035,0.00000000,0.00363599,2.00637991,96.69178455
1624627242.62081194,1,0.54975486,0.00000000,0.00432299,2.00585958,96.69178455
1624627242.72079802,1,0.54446167,1.00000000,-0.00545798,2.00523282,97.69178455
1624627242.82079601,1,0.53856599,0.00000000,0.00368681,2.00687194,96.69178455
1624627242.92077136,1,0.53218919,0.00000000,0.00345988,2.00538858,96.69178455
1624627243.02076316,1,0.52725613,0.00000000,0.00403472,2.00630913,96.69178455
1624627243.12080574,1,0.52148169,1.00000000,-0.00577724,2.00476961,97.69178455
1624627243.22079682,1,0.51600683,0.00000000,0.00292059,2.00629146,96.69178455
1624627243.32079482,1,0.51011151,0.00000000,0.00360756,2.00528631,96.69178455
1624627243.42079759,1,0.50529903,0.00000000,0.00319835,2.00584162,96.69178455
1624627243.52077961,1,0.49988478,0.00000000,0.00285926,2.00531425,96.69178455
1624627243.62079787,1,0.49495199,0.00000000,-0.00558111,2.00509335,97.74373506
1624627243.72079873,1,0.48917708,-1.00000000,0.00269652,2.00578261,96.74373506
1624627243.82081294,1,0.48376277,-1.00000000,0.00236231,2.00525576,96.74373506
1624627243.92080259,1,0.47882995,-1.00000000,0.00294157,2.00520707,96.74373506
1624627244.02079892,1,0.47401750,-1.00000000,0.00253669,2.00527792,96.74373506
1624627244.12080526,1,0.46908447,-1.00000000,0.00214597,2.00571402,96.74373506
1624627244.22077298,1,0.46367046,-1.00000000,0.01124452,2.00610947,95.69178455
1624627244.32075644,1,0.45885792,0.00000000,0.00279005,2.00433689,96.69178455
1624627244.42082667,1,0.45488751,0.00000000,0.00228272,2.00572853,96.69178455
1624627244.52079535,1,0.44947359,0.00000000,0.00291359,2.00520149,96.69178455
1624627244.62079000,1,0.44466081,0.00000000,0.00250442,2.00430150,96.69178455
1624627244.72075748,1,0.44069058,0.00000000,0.00296706,2.00520831,96.69178455
1624627244.82080555,1,0.43587798,0.00000000,0.00255787,2.00576350,96.69178455
1624627244.92080617,1,0.43046379,0.00000000,0.00221877,2.00426620,96.69178455
1624627245.02080393,1,0.42649376,0.00000000,0.00268139,2.00517322,96.69178455
1624627245.12081122,1,0.42168090,0.00000000,0.00227223,2.00475814,96.69178455
1624627245.22079754,1,0.41722941,0.00000000,0.00279095,2.00421698,96.69178455
1624627245.32079434,1,0.41337925,0.00000000,0.00226961,2.00524305,96.69178455
1624627245.42075658,1,0.40844643,0.00000000,0.00284442,2.00422384,96.69178455
1624627245.52079701,1,0.40459642,0.00000000,0.00232306,2.00476505,96.69178455
1624627245.62080503,1,0.40014476,0.00000000,0.00284180,2.00422372,96.69178455
1624627245.72080660,1,0.39629483,0.00000000,0.00183543,2.00428002,96.69178455
1624627245.82080626,1,0.39226472,0.00000000,0.00230505,2.00512737,96.69178455
1624627245.92079735,1,0.38745165,0.00000000,0.00189591,2.00471208,96.69178455
1624627246.02078938,1,0.38300031,0.00000000,0.00241461,2.00417107,96.69178455
1624627246.12079382,1,0.37915000,0.00000000,0.00189328,2.00422699,96.69178455
1624627246.22079778,1,0.37517995,0.00000000,0.00235591,2.00416398,96.69178455
1624627246.32080460,1,0.37132961,0.00000000,0.00183458,2.00373487,96.69178455
1624627246.42079902,1,0.36784089,0.00000000,0.00224112,2.00414992,96.69178455
1624627246.52076054,1,0.36399049,0.00000000,0.00171980,2.00420575,96.69178455
1624627246.62076783,1,0.36002049,0.00000000,0.00218241,2.00414280,96.69178455
1624627246.72076368,1,0.35617009,0.00000000,0.00166109,2.00468363,96.69178455
1624627246.82080698,1,0.35171878,0.00000000,0.00217980,2.00317265,96.69178455
1624627246.92079568,1,0.34883097,0.00000000,0.00251631,2.00418451,96.69178455
1624627247.02077627,1,0.34498110,0.00000000,0.00199493,2.00424087,96.69178455
1624627247.12081122,1,0.34101057,0.00000000,0.00245761,2.00320739,96.69178455
1624627247.22079706,1,0.33812311,0.00000000,0.00182408,2.00470460,96.69178455
1624627247.32079935,1,0.33367145,0.00000000,0.00234282,2.00319327,96.69178455
1624627247.42079782,1,0.33078396,0.00000000,0.00170930,2.00420545,96.69178455
1624627247.52080894,1,0.32681367,0.00000000,0.00217195,2.00317221,96.69178455
1624627247.62082720,1,0.32392603,0.00000000,0.00250844,2.00369924,96.69178455
1624627247.72080874,1,0.32055762,1.00000000,-0.00361974,2.00353338,97.69178455
1624627247.82079959,1,0.31658688,0.00000000,0.00239366,2.00320009,96.69178455
1624627247.92079329,1,0.31369957,1.00000000,-0.00367183,2.00255703,97.69178455
1624627248.02079272,1,0.31069160,0.00000000,0.00211063,2.00413497,96.69178455
1624627248.12079549,1,0.30684158,0.00000000,0.00255926,2.00370618,96.69178455
1624627248.22079611,1,0.30347344,1.00000000,-0.00327313,2.00260791,97.69178455
1624627248.32080102,1,0.30046484,0.00000000,0.00233233,2.00319288,96.69178455
1624627248.42080092,1,0.29757765,1.00000000,-0.00345401,2.00258517,97.69178455
1624627248.52080297,1,0.29456952,0.00000000,0.00204931,2.00315773,96.69178455
1624627248.62081313,1,0.29168200,0.00000000,0.00238578,2.00368488,96.69178455
1624627248.72079492,1,0.28831384,1.00000000,-0.00318410,2.00261970,97.69178455
1624627248.82080555,1,0.28530532,0.00000000,0.00215885,2.00317164,96.69178455
1624627248.92080522,1,0.28241804,1.00000000,-0.00336499,2.00259696,97.69178455
1624627249.02080274,1,0.27941003,0.00000000,0.00187582,2.00313652,96.69178455
1624627249.12081051,1,0.27652246,0.00000000,0.00221230,2.00317861,96.69178455
1624627249.22075915,1,0.27363536,1.00000000,-0.00315948,2.00310830,97.69178455
1624627249.32080007,1,0.27014580,0.00000000,0.00198536,2.00315040,96.69178455
1624627249.42076278,1,0.26725847,1.00000000,-0.00716238,2.00190742,98.74373506
1624627249.52079344,1,0.26437160,0.00000000,-0.00361211,2.00165570,97.74373506
1624627249.62080407,1,0.26226577,-1.00000000,0.00121244,2.00305623,96.74373506
1624627249.72078824,1,0.25937778,-1.00000000,0.00058158,2.00309822,96.74373506
1624627249.82079887,1,0.25637102,-1.00000000,0.00093466,2.00253727,96.74373506
1624627249.92079854,1,0.25396404,-1.00000000,0.00121731,2.00305694,96.74373506
1624627250.02079797,1,0.25107610,-1.00000000,0.00058643,2.00309898,96.74373506
1624627250.12080956,1,0.24806923,-1.00000000,0.00093953,2.00205291,96.74373506
1624627250.22081733,1,0.24614365,-1.00000000,0.00116564,2.00305066,96.74373506
1624627250.32080412,1,0.24325570,-1.00000000,0.00497461,2.00260641,95.69178455
1624627250.42080402,1,0.24121176,0.00000000,0.00099200,2.00351347,96.69178455
1624627250.52079821,1,0.23784190,0.00000000,0.00138468,2.00210657,96.69178455
1624627250.62080669,1,0.23591660,0.00000000,0.00063903,2.00310439,96.69178455
1624627250.72076964,1,0.23290996,0.00000000,0.00098939,2.00205823,96.69178455
1624627250.82079768,1,0.23098429,0.00000000,0.00121379,2.00305567,96.69178455
1624627250.92080402,1,0.22809622,0.00000000,0.00058033,2.00212728,96.69178455
1624627251.02078176,1,0.22605255,0.00000000,0.00081847,2.00349254,96.69178455
1624627251.12080073,1,0.22268252,0.00000000,0.00121118,2.00208547,96.69178455
1624627251.22079778,1,0.22075713,0.00000000,0.00143554,2.00211319,96.69178455
1624627251.32079768,1,0.21883200,0.00000000,0.00068987,2.00311118,96.69178455
1624627251.42077923,1,0.21582495,0.00000000,0.00104028,2.00206461,96.69178455
1624627251.52075529,1,0.21389942,0.00000000,0.00126466,2.00209220,96.69178455
1624627251.62078285,1,0.21197414,0.00000000,0.00051901,2.00212004,96.69178455
1624627251.72080898,1,0.20993041,0.00000000,0.00075716,2.00203023,96.69178455
1624627251.82080722,1,0.20800459,0.00000000,0.00098157,2.00351254,96.69178455
1624627251.92080259,1,0.20463505,0.00000000,0.00137422,2.00210595,96.69178455
1624627252.02080607,1,0.20270999,0.00000000,0.00062854,2.00213400,96.69178455
1624627252.12080646,1,0.20066567,0.00000000,0.00086677,2.00204361,96.69178455
1624627252.22079229,1,0.19874002,0.00000000,0.00109116,2.00207108,96.69178455
1624627252.32081866,1,0.19681466,0.00000000,0.00131552,2.00209883,96.69178455
1624627252.42079020,1,0.19488959,0.00000000,0.00056984,2.00212688,96.69178455
1624627252.52081060,1,0.19284531,0.00000000,0.00080806,2.00252153,96.69178455
1624627252.62078404,1,0.19043829,0.00000000,0.00108854,2.00207090,96.69178455
1624627252.72079682,1,0.18851298,0.00000000,0.00131290,2.00209871,96.69178455
1624627252.82074332,1,0.18658799,0.00000000,0.00056721,2.00212683,96.69178455
1624627252.92081499,1,0.18454352,0.00000000,0.00080545,2.00203629,96.69178455
1624627253.02080441,1,0.18261790,0.00000000,0.00102984,2.00206379,96.69178455
1624627253.12082219,1,0.18069258,0.00000000,0.00125420,2.00209159,96.69178455
1624627253.22079825,1,0.17876759,0.00000000,0.00147851,2.00211971,96.69178455
1624627253.32080364,1,0.17684293,1.00000000,-0.00232938,2.00079177,97.69178455
1624627253.42079854,1,0.17576031,0.00000000,0.00085894,2.00252792,96.69178455
1624627253.52079868,1,0.17335351,0.00000000,0.00113941,2.00207751,96.69178455
1624627253.62080550,1,0.17142843,0.00000000,0.00136373,2.00210555,96.69178455
1624627253.72078300,1,0.16950369,1.00000000,-0.00231707,2.00176356,97.69178455
1624627253.82080507,1,0.16745853,0.00000000,0.00085634,2.00107270,96.69178455
1624627253.92080617,1,0.16649579,0.00000000,0.00096852,2.00205651,96.69178455
1624627254.02080417,1,0.16457053,0.00000000,0.00119287,2.00208437,96.69178455
1624627254.12079096,1,0.16264562,1.00000000,-0.00139916,2.00175720,97.69178455
1624627254.22079253,1,0.16072109,1.00000000,-0.00211157,2.00081999,97.69178455
1624627254.32081509,1,0.15963818,0.00000000,0.00079763,2.00252063,96.69178455
1624627254.42078328,1,0.15723142,0.00000000,0.00107809,2.00207026,96.69178455
1624627254.52079940,1,0.15530643,0.00000000,0.00130240,2.00112838,96.69178455
1624627254.62079835,1,0.15434408,1.00000000,-0.00125804,1.99983536,97.69178455
1624627254.72077155,1,0.15434408,1.00000000,-0.00222804,2.00177536,97.69178455
1624627254.82074356,1,0.15229924,0.00000000,0.00068282,2.00105168,96.69178455
1624627254.92075038,1,0.15133642,0.00000000,0.00079502,2.00203542,96.69178455
1624627255.02078438,1,0.14941104,0.00000000,0.00101938,2.00206316,96.69178455
1624627255.12072587,1,0.14748605,0.00000000,0.00124370,2.00112128,96.69178455
1624627255.22076988,1,0.14652370,1.00000000,-0.00215133,2.00178534,97.69178455
1624627255.32078004,1,0.14447889,0.00000000,-0.00200746,2.00071133,97.74373506
1624627255.42077518,1,0.14351603,-1.00000000,0.00060708,2.00249809,96.74373506
1624627255.52077413,1,0.14110936,-1.00000000,0.00088970,2.00107807,96.74373506
1624627255.62077641,1,0.14014687,-1.00000000,0.00100272,2.00206223,96.74373506
1624627255.72077775,1,0.13822219,0.00000000,-0.00261941,2.00081669,97.74373506
1624627255.82077861,1,0.13708253,-1.00000000,-0.00009244,2.00192910,96.74373506
1624627255.92078042,1,0.13515599,-1.00000000,0.00013379,2.00098589,96.74373506
1624627256.02073812,1,0.13419287,-1.00000000,0.00024689,2.00099943,96.74373506
1624627256.12077260,1,0.13322984,-1.00000000,0.00279166,2.00224799,95.69178455
1624627256.22077632,1,0.13130410,0.00000000,0.00070435,2.00105457,96.69178455
1624627256.32078195,1,0.13034138,0.00000000,-0.00015346,2.00203841,96.69178455
1624627256.42078090,1,0.12829900,0.00000000,0.00008453,2.00097994,96.69178455
1624627256.52077603,1,0.12733573,0.00000000,0.00019678,2.00099324,96.69178455
1624627256.62078857,1,0.12637258,0.00000000,0.00030901,2.00246165,96.69178455
1624627256.72077990,1,0.12396513,0.00000000,0.00058955,2.00104060,96.69178455
1624627256.82077813,1,0.12300235,0.00000000,0.00070174,2.00105438,96.69178455
1624627256.92077494,1,0.12203968,0.00000000,-0.00015608,2.00203826,96.69178455
1624627257.02075171,1,0.11999714,0.00000000,0.00008193,2.00097964,96.69178455
1624627257.12078261,1,0.11903388,0.00000000,0.00019418,2.00099295,96.69178455
1624627257.22078633,1,0.11807073,0.00000000,0.00030642,2.00100636,96.69178455
1624627257.32078624,1,0.11710770,0.00000000,0.00041864,2.00198989,96.69178455
1624627257.42077804,1,0.11518198,0.00000000,0.00064304,2.00104728,96.69178455
1624627257.52078462,1,0.11421929,0.00000000,-0.00021478,2.00106116,96.69178455
1624627257.62079525,1,0.11314037,0.00000000,-0.00008906,2.00095958,96.69178455
1624627257.72077608,1,0.11217695,0.00000000,0.00002321,2.00097273,96.69178455
1624627257.82077885,1,0.11121363,0.00000000,0.00013546,2.00244097,96.69178455
1624627257.92077994,1,0.10880588,0.00000000,0.00041603,2.00101963,96.69178455
1624627258.02078414,1,0.10784299,0.00000000,0.00052824,2.00103329,96.69178455
1624627258.12079239,1,0.10688023,0.00000000,0.00064043,2.00104710,96.69178455
1624627258.22077537,1,0.10591761,0.00000000,-0.00021740,2.00106103,96.69178455
1624627258.32078528,1,0.10483851,0.00000000,-0.00009166,2.00095929,96.69178455
1624627258.42079115,1,0.10387509,0.00000000,0.00002061,2.00097242,96.69178455
1624627258.52075458,1,0.10291178,0.00000000,0.00013286,2.00098568,96.69178455
1624627258.62096691,1,0.10194860,0.00000000,0.00024510,2.00099906,96.69178455
1624627258.72077966,1,0.10098555,0.00000000,0.00035732,2.00198257,96.69178455
1624627258.82077289,1,0.09905986,0.00000000,0.00058172,2.00104000,96.69178455
1624627258.92078018,1,0.09809722,0.00000000,0.00069389,2.00105392,96.69178455
1624627259.02075315,1,0.09713473,0.00000000,-0.00016395,2.00106799,96.69178455
1624627259.12073112,1,0.09605492,0.00000000,-0.00003812,2.00096553,96.69178455
1624627259.22079372,1,0.09509155,0.00000000,0.00007414,2.00097873,96.69178455
1624627259.32075930,1,0.09412832,0.00000000,0.00018638,2.00147706,96.69178455
1624627259.42075753,1,0.09268373,0.00000000,0.00035472,2.00101231,96.69178455
1624627259.52077508,1,0.09172086,0.00000000,0.00046692,2.00102600,96.69178455
1624627259.62078023,1,0.09075814,0.00000000,0.00057911,2.00103984,96.69178455
1624627259.72077370,1,0.08979557,0.00000000,0.00069127,2.00105382,96.69178455
1624627259.82078457,1,0.08883316,1.00000000,-0.00170479,1.99990388,97.69178455
1624627259.92077279,1,0.08871657,0.00000000,-0.00015299,2.00095218,96.69178455
1624627260.02077699,1,0.08775306,0.00000000,-0.00004072,2.00096524,96.69178455
1624627260.12079763,1,0.08678969,0.00000000,0.00007154,2.00097842,96.69178455
1624627260.22077537,1,0.08582647,0.00000000,0.00018378,2.00099177,96.69178455
1624627260.32077622,1,0.08486340,0.00000000,0.00029601,2.00100526,96.69178455
1624627260.42073536,1,0.08390049,0.00000000,0.00040822,2.00101891,96.69178455
1624627260.52077317,1,0.08293775,0.00000000,0.00052040,2.00103272,96.69178455
1624627260.62078571,1,0.08197518,0.00000000,0.00063257,2.00104671,96.69178455
1624627260.72077775,1,0.08101279,1.00000000,-0.00162808,1.99991386,97.69178455
1624627260.82077885,1,0.08089656,0.00000000,-0.00021174,2.00094544,96.69178455
1624627260.92076039,1,0.07993295,0.00000000,-0.00009945,2.00095840,96.69178455
1624627261.02077484,1,0.07896949,0.00000000,0.00001282,2.00097150,96.69178455
1624627261.12078547,1,0.07800620,0.00000000,0.00012507,2.00146977,96.69178455
1624627261.22077990,1,0.07656159,0.00000000,0.00029341,2.00003500,96.69178455
1624627261.32078314,1,0.07656159,0.00000000,0.00029341,2.00100500,96.69178455
1624627261.42078400,1,0.07559872,0.00000000,0.00040561,2.00101870,96.69178455
1624627261.52078056,1,0.07463605,0.00000000,0.00051779,2.00103258,96.69178455
1624627261.62078094,1,0.07367357,0.00000000,0.00062994,2.00104666,96.69178455
1624627261.72078061,1,0.07271129,1.00000000,-0.00148698,1.99993206,97.69178455
1624627261.82082081,1,0.07259473,0.00000000,-0.00021434,2.00094517,96.69178455
1624627261.92078209,1,0.07163110,0.00000000,-0.00010205,2.00095810,96.69178455
1624627262.02078032,1,0.07066763,0.00000000,0.00001022,2.00097120,96.69178455
1624627262.12078953,1,0.06970435,0.00000000,0.00012247,2.00001448,96.69178455
1624627262.22077751,1,0.06970435,0.00000000,0.00012247,2.00098448,96.69178455
1624627262.32080364,1,0.06874125,0.00000000,0.00023470,2.00099795,96.69178455
1624627262.42078352,1,0.06777836,0.00000000,0.00034690,2.00004161,96.69178455
1624627262.52078652,1,0.06777836,0.00000000,0.00034690,2.00101161,96.69178455
1624627262.62079120,1,0.06681567,0.00000000,0.00045908,2.00102548,96.69178455
1624627262.72073746,1,0.06585319,1.00000000,-0.00056906,2.00089567,97.69178455
1624627262.82082462,1,0.06489094,1.00000000,-0.00141027,1.99994207,97.69178455
1624627262.92077875,1,0.06477483,0.00000000,-0.00027310,2.00093855,96.69178455
1624627263.02077532,1,0.06381106,0.00000000,-0.00016080,2.00095134,96.69178455
1624627263.12075567,1,0.06284749,0.00000000,-0.00004851,1.99999433,96.69178455
1624627263.22077775,1,0.06284749,0.00000000,-0.00004851,2.00096433,96.69178455
1624627263.32077384,1,0.06188411,0.00000000,0.00006375,2.00097751,96.69178455
1624627263.42079282,1,0.06092094,0.00000000,0.00017598,2.00002091,96.69178455
1624627263.52077842,1,0.06092094,0.00000000,0.00017598,2.00147591,96.69178455
1624627263.62078452,1,0.05947661,0.00000000,0.00034429,2.00004141,96.69178455
1624627263.72077227,1,0.05947661,0.00000000,0.00034429,2.00101141,96.69178455
1624627263.82077789,1,0.05851401,0.00000000,0.00045646,2.00102538,96.69178455
1624627263.92077899,1,0.05755166,1.00000000,-0.00042795,1.99994383,97.69178455
1624627264.02077818,1,0.05755166,1.00000000,-0.00139795,2.00091383,97.69178455
1624627264.12079000,1,0.05647307,0.00000000,-0.00027571,1.99996834,96.69178455
1624627264.22078371,1,0.05647307,0.00000000,-0.00027571,2.00093834,96.69178455
1624627264.32078195,1,0.05550924,0.00000000,-0.00016340,2.00095108,96.69178455
1624627264.42078495,1,0.05454563,0.00000000,-0.00104462,1.99986820,97.74373506
1624627264.52078080,1,0.05454563,-1.00000000,-0.00010023,2.00095824,96.74373506
1624627264.62078142,1,0.05358225,-1.00000000,0.00001290,2.00000153,96.74373506
1624627264.72077346,1,0.05358225,-1.00000000,0.00001290,2.00097153,96.74373506
1624627264.82077026,1,0.05261911,-1.00000000,0.00012600,2.00098506,96.74373506
1624627264.92077875,1,0.05165623,-1.00000000,0.00023907,2.00002883,96.74373506
1624627265.02077579,1,0.05165623,-1.00000000,0.00023907,2.00099883,96.74373506
1624627265.12074113,1,0.05069362,-1.00000000,0.00127736,2.00014369,95.69178455
1624627265.22078395,1,0.05069362,0.00000000,0.00039776,2.00101826,96.69178455
1624627265.32077909,1,0.04973130,1.00000000,-0.00035124,1.99995383,97.69178455
1624627265.42077327,1,0.04973130,1.00000000,-0.00132124,2.00092383,97.69178455
1624627265.52077079,1,0.04865338,0.00000000,-0.00033450,1.99996193,96.69178455
1624627265.62078166,1,0.04865338,0.00000000,-0.00033450,2.00093193,96.69178455
1624627265.72073650,1,0.04768935,0.00000000,-0.00022216,1.99997446,96.69178455
1624627265.82079530,1,0.04768935,0.00000000,-0.00022216,2.00094446,96.69178455
1624627265.92077589,1,0.04672557,0.00000000,-0.00010985,1.99998724,96.69178455
1624627266.02077913,1,0.04672557,0.00000000,-0.00010985,2.00095724,96.69178455
1624627266.12078285,1,0.04576204,0.00000000,0.00000243,2.00000028,96.69178455
1624627266.22077227,1,0.04576204,0.00000000,0.00000243,2.00097028,96.69178455
1624627266.32078099,1,0.04479880,0.00000000,0.00011467,2.00001360,96.69178455
1624627266.42077279,1,0.04479880,0.00000000,0.00011467,2.00001360,96.69178455
1624627266.52078104,1,0.04479880,0.00000000,0.00011467,2.00146860,96.69178455
1624627266.62074184,1,0.04335450,0.00000000,0.00028297,2.00003415,96.69178455
1624627266.72076821,1,0.04335450,0.00000000,0.00028297,2.00100415,96.69178455
1624627266.82073665,1,0.04239204,1.00000000,-0.00033892,1.99995561,97.69178455
1624627266.92078304,1,0.04239204,1.00000000,-0.00033892,2.00092561,97.69178455
1624627267.02078748,1,0.04142993,1.00000000,-0.00118015,1.99997216,97.69178455
1624627267.12081194,1,0.04131623,-1.00000000,0.00026738,2.00099753,95.69178455
1624627267.22077703,1,0.04035178,0.00000000,-0.00033713,1.99996188,96.69178455
1624627267.32079005,1,0.04035178,0.00000000,-0.00033713,1.99996188,96.69178455
1624627267.42078781,1,0.04035178,0.00000000,-0.00033713,2.00093188,96.69178455
1624627267.52080655,1,0.03938762,0.00000000,-0.00022477,1.99997428,96.69178455
1624627267.62077713,1,0.03938762,0.00000000,-0.00022477,2.00094428,96.69178455
1624627267.72079301,1,0.03842374,0.00000000,-0.00011245,1.99998697,96.69178455
1624627267.82078338,1,0.03842374,0.00000000,-0.00011245,1.99998697,96.69178455
1624627267.92077422,1,0.03842374,0.00000000,-0.00011245,2.00095697,96.69178455
1624627268.02078295,1,0.03746018,0.00000000,-0.00000017,1.99999998,96.69178455
1624627268.12078238,1,0.03746018,0.00000000,-0.00000017,2.00096998,96.69178455
1624627268.22076058,1,0.03649696,0.00000000,0.00011207,2.00001332,96.69178455
1624627268.32077813,1,0.03649696,0.00000000,0.00011207,2.00001332,96.69178455
1624627268.42078638,1,0.03649696,0.00000000,0.00011207,2.00098332,96.69178455
1624627268.52081227,1,0.03553412,0.00000000,0.00022427,2.00002704,96.69178455
1624627268.62078452,1,0.03553412,0.00000000,0.00022427,2.00099704,96.69178455
1624627268.72076249,1,0.03457167,1.00000000,-0.00026221,1.99996561,97.69178455
1624627268.82076001,1,0.03457167,1.00000000,-0.00026221,1.99996561,97.69178455
1624627268.92075872,1,0.03457167,1.00000000,-0.00026221,2.00093561,97.69178455
1624627269.02078247,1,0.03360965,1.00000000,-0.00110345,1.99998225,97.69178455
1624627269.12078238,1,0.03349749,-1.00000000,0.00007282,2.00097734,95.69178455
1624627269.22079301,1,0.03253263,-1.00000000,0.00016851,2.00001724,95.69178455
1624627269.32078314,1,0.03253263,-1.00000000,-0.00042527,1.99995255,96.74373506
1624627269.42079711,1,0.03253263,-2.00000000,0.00013916,2.00001430,95.74373506
1624627269.52078128,1,0.03253263,-2.00000000,0.00013916,2.00098430,95.74373506
1624627269.62078524,1,0.03156809,-2.00000000,0.00023569,2.00002460,95.74373506
1624627269.72078824,1,0.03156809,-2.00000000,0.00023569,2.00002460,95.74373506
1624627269.82078338,1,0.03156809,-2.00000000,0.00081287,2.00104731,94.69178455
1624627269.92078161,1,0.03060389,0.00000000,-0.00017122,1.99998040,96.69178455
1624627270.02073812,1,0.03060389,0.00000000,-0.00017122,1.99998040,96.69178455
1624627270.12077475,1,0.03060389,0.00000000,-0.00017122,1.99998040,96.69178455
1624627270.22081637,1,0.03060389,0.00000000,-0.00017122,2.00095040,96.69178455
1624627270.32073593,1,0.02964007,0.00000000,-0.00005891,1.99999315,96.69178455
1624627270.42077303,1,0.02964007,0.00000000,-0.00005891,1.99999315,96.69178455
1624627270.52076030,1,0.02964007,0.00000000,-0.00005891,2.00096315,96.69178455
1624627270.62075233,1,0.02867667,0.00000000,0.00005336,2.00000631,96.69178455
1624627270.72075200,1,0.02867667,0.00000000,0.00005336,2.00000631,96.69178455
1624627270.82078242,1,0.02867667,0.00000000,0.00005336,2.00146131,96.69178455
1624627270.92077589,1,0.02723245,0.00000000,0.00022165,2.00002693,96.69178455
1624627271.02077651,1,0.02723245,0.00000000,0.00022165,2.00002693,96.69178455
1624627271.12077975,1,0.02723245,0.00000000,0.00022165,2.00002693,96.69178455
1624627271.22077966,1,0.02723245,0.00000000,0.00022165,2.00099693,96.69178455
1624627271.32078171,1,0.02627030,1.00000000,-0.00012112,1.99998393,97.69178455
1624627271.42079091,1,0.02627030,1.00000000,-0.00012112,1.99998393,97.69178455
1624627271.52077842,1,0.02627030,1.00000000,-0.00012112,2.00095393,97.69178455
1624627271.62078094,1,0.02530874,1.00000000,-0.00096243,2.00000102,97.69178455
1624627271.72077465,1,0.02519696,-1.00000000,-0.00007396,1.99999274,95.69178455
1624627271.82077575,1,0.02519696,-1.00000000,-0.00007396,2.00096274,95.69178455
1624627271.92078328,1,0.02423165,-1.00000000,0.00002178,2.00000218,95.69178455
1624627272.02077579,1,0.02423165,-1.00000000,0.00002178,2.00000218,95.69178455
1624627272.12075043,1,0.02423165,-1.00000000,0.00002178,2.00000218,95.69178455
1624627272.22075129,1,0.02423165,-1.00000000,0.00002178,2.00097218,95.69178455
1624627272.32077622,1,0.02326672,-1.00000000,0.00011747,2.00001201,95.69178455
1624627272.42073393,1,0.02326672,-1.00000000,0.00011747,2.00001201,95.69178455
1624627272.52077746,1,0.02326672,-1.00000000,0.00011747,2.00001201,95.69178455
1624627272.62075186,1,0.02326672,-1.00000000,0.00011747,2.00098201,95.69178455
1624627272.72078156,1,0.02230223,0.00000000,-0.00017384,1.99998029,96.69178455
1624627272.82077432,1,0.02230223,0.00000000,-0.00017384,1.99998029,96.69178455
1624627272.92079425,1,0.02230223,0.00000000,-0.00017384,1.99998029,96.69178455
1624627273.02077985,1,0.02230223,0.00000000,0.00019930,2.00002089,95.72749658
1624627273.12074089,1,0.02230223,1.00000000,-0.00018765,2.00094867,96.72749658
1624627273.22077727,1,0.02133824,1.00000000,-0.00007472,1.99999132,96.72749658
1624627273.32076669,1,0.02133824,1.00000000,-0.00007472,1.99999132,96.72749658
1624627273.42073512,1,0.02133824,1.00000000,-0.00007472,1.99999132,96.72749658
1624627273.52077007,1,0.02133824,1.00000000,-0.00007472,1.99999132,96.72749658
1624627273.62077069,1,0.02133824,1.00000000,-0.00007472,2.00096132,96.72749658
1624627273.72073531,1,0.02037483,1.00000000,-0.00030205,1.99996150,97.69178455
1624627273.82076836,1,0.02037483,0.00000000,0.00005076,2.00000602,96.69178455
1624627273.92077565,1,0.02037483,0.00000000,0.00005076,2.00000602,96.69178455
1624627274.02074194,1,0.02037483,0.00000000,0.00005076,2.00000602,96.69178455
1624627274.12075090,1,0.02037483,0.00000000,0.00005076,2.00097602,96.69178455
1624627274.22072887,1,0.01941206,0.00000000,0.00016294,2.00001982,96.69178455
1624627274.32075500,1,0.01941206,0.00000000,0.00016294,2.00001982,96.69178455
1624627274.42077947,1,0.01941206,0.00000000,0.00016294,2.00001982,96.69178455
1624627274.52077985,1,0.01941206,0.00000000,0.00016294,2.00001982,96.69178455
1624627274.62077785,1,0.01941206,0.00000000,0.00016294,2.00098982,96.69178455
1624627274.72078300,1,0.01845006,1.00000000,-0.00004443,1.99999405,97.69178455
1624627274.82077599,1,0.01845006,1.00000000,-0.00004443,1.99999405,97.69178455
1624627274.92074728,1,0.01845006,1.00000000,-0.00004443,1.99999405,97.69178455
1624627275.02077317,1,0.01845006,1.00000000,-0.00004443,1.99999405,97.69178455
1624627275.12076807,1,0.01845006,1.00000000,-0.00004443,2.00096405,97.69178455
1624627275.22078228,1,0.01748894,1.00000000,0.00008421,2.00001158,97.69178455
1624627275.32073140,1,0.01748894,1.00000000,-0.00088579,2.00001158,97.69178455
1624627275.42076826,1,0.01738101,-2.00000000,0.00003331,2.00000277,94.69178455
1624627275.52076769,1,0.01738101,-2.00000000,0.00003331,2.00000277,94.69178455
1624627275.62078738,1,0.01738101,-2.00000000,-0.00028448,2.00094374,95.74373506
1624627275.72068191,1,0.01641461,-3.00000000,0.00009752,2.00000839,94.74373506
1624627275.82076883,1,0.01641461,-3.00000000,0.00009752,2.00000839,94.74373506
1624627275.92078137,1,0.01641461,-3.00000000,0.00009752,2.00000839,94.74373506
1624627276.02076674,1,0.01641461,-3.00000000,0.00009752,2.00000839,94.74373506
1624627276.12077713,1,0.01641461,-3.00000000,0.00039808,2.00100055,93.69178455
1624627276.22073460,1,0.01544867,-1.00000000,-0.00007715,1.99999251,95.69178455
1624627276.32077312,1,0.01544867,-1.00000000,-0.00007715,1.99999251,95.69178455
1624627276.42077279,1,0.01544867,-1.00000000,-0.00007715,1.99999251,95.69178455
1624627276.52077675,1,0.01544867,-1.00000000,-0.00007715,1.99999251,95.69178455
1624627276.62076926,1,0.01544867,-1.00000000,0.00018177,2.00098611,94.72749658
1624627276.72077608,1,0.01448327,0.00000000,0.00000961,2.00000097,95.72749658
1624627276.82077336,1,0.01448327,0.00000000,0.00000961,2.00000097,95.72749658
1624627276.92078018,1,0.01448327,0.00000000,0.00000961,2.00000097,95.72749658
1624627277.02077579,1,0.01448327,0.00000000,0.00000961,2.00000097,95.72749658
1624627277.12077641,1,0.01448327,0.00000000,0.00000961,2.00097097,95.72749658
1624627277.22077227,1,0.01351853,0.00000000,0.00010589,2.00001104,95.72749658
1624627277.32077575,1,0.01351853,0.00000000,0.00010589,2.00001104,95.72749658
1624627277.42077637,1,0.01351853,0.00000000,0.00010589,2.00001104,95.72749658
1624627277.52078152,1,0.01351853,0.00000000,0.00010589,2.00001104,95.72749658
1624627277.62073398,1,0.01351853,0.00000000,0.00010589,2.00001104,95.72749658
1624627277.72077823,1,0.01351853,0.00000000,0.00010589,2.00001104,95.72749658
1624627277.82076836,1,0.01351853,0.00000000,0.00010589,2.00001104,95.72749658
1624627277.92077661,1,0.01351853,0.00000000,0.00010589,2.00001104,95.72749658
1624627278.02076912,1,0.01351853,0.00000000,0.00010589,2.00001104,95.72749658
1624627278.12077379,1,0.01351853,0.00000000,0.00010589,2.00098104,95.72749658
1624627278.22077298,1,0.01255460,1.00000000,-0.00001574,1.99999815,96.72749658
1624627278.32073879,1,0.01255460,1.00000000,-0.00001574,1.99999815,96.72749658
1624627278.42077303,1,0.01255460,1.00000000,-0.00001574,1.99999815,96.72749658
1624627278.52078295,1,0.01255460,1.00000000,-0.00001574,1.99999815,96.72749658
1624627278.62077880,1,0.01255460,1.00000000,-0.00001574,1.99999815,96.72749658
1624627278.72077751,1,0.01255460,1.00000000,-0.00001574,1.99999815,96.72749658
1624627278.82078052,1,0.01255460,1.00000000,-0.00001574,1.99999815,96.72749658
1624627278.92075229,1,0.01255460,1.00000000,-0.00001574,1.99999815,96.72749658
1624627279.02074957,1,0.01255460,1.00000000,-0.00001574,1.99999815,96.72749658
1624627279.12073064,1,0.01255460,1.00000000,-0.00001574,2.00145315,96.72749658
1624627279.22079539,1,0.01111068,2.00000000,-0.00022404,1.99996808,98.69178455
1624627279.32079268,1,0.01111068,1.00000000,-0.00003210,1.99999571,97.69178455
1624627279.42077398,1,0.01111068,1.00000000,-0.00003210,1.99999571,97.69178455
1624627279.52074671,1,0.01111068,1.00000000,-0.00003210,1.99999571,97.69178455
1624627279.62077188,1,0.01111068,1.00000000,-0.00003210,1.99999571,97.69178455
1624627279.72080827,1,0.01111068,1.00000000,-0.00003210,1.99999571,97.69178455
1624627279.82079434,1,0.01111068,1.00000000,-0.00003210,1.99999571,97.69178455
1624627279.92080975,1,0.01111068,1.00000000,-0.00003210,1.99999571,97.69178455
1624627280.02079487,1,0.01111068,1.00000000,-0.00003210,1.99999571,97.69178455
1624627280.12080336,1,0.01111068,1.00000000,-0.00003210,2.00096571,97.69178455
1624627280.22080851,1,0.01014983,2.00000000,-0.00026277,1.99995841,99.74373506
1624627280.32080460,1,0.01014983,0.00000000,0.00008739,2.00001227,97.74373506
1624627280.42079759,1,0.01014983,0.00000000,0.00008739,2.00001227,97.74373506
1624627280.52083278,1,0.01014983,0.00000000,0.00008739,2.00001227,97.74373506
1624627280.62078047,1,0.01014983,0.00000000,0.00008739,2.00001227,97.74373506
1624627280.72078490,1,0.01014983,0.00000000,0.00008739,2.00001227,97.74373506
1624627280.82080078,1,0.01014983,0.00000000,0.00008739,2.00001227,97.74373506
1624627280.92082047,1,0.01014983,0.00000000,0.00008739,2.00001227,97.74373506
1624627281.02081466,1,0.01014983,0.00000000,0.00008739,2.00001227,97.74373506
1624627281.12076950,1,0.01014983,0.00000000,0.00008739,2.00098227,97.74373506
1624627281.22079229,1,0.00919090,1.00000000,0.00005784,2.00000908,98.74373506
1624627281.32081151,1,0.00919090,1.00000000,0.00005784,2.00000908,98.74373506
1624627281.42079782,1,0.00919090,1.00000000,0.00005784,2.00000908,98.74373506
1624627281.52080297,1,0.00919090,1.00000000,0.00005784,2.00000908,98.74373506
1624627281.62081790,1,0.00919090,1.00000000,0.00005784,2.00000908,98.74373506
1624627281.72079992,1,0.00919090,1.00000000,-0.00139716,2.00000908,98.74373506
1624627281.82080388,1,0.00907500,-8.00000000,0.00004059,1.99999991,89.74373506
1624627281.92080688,1,0.00907500,-8.00000000,0.00004059,1.99999991,89.74373506
1624627282.02079964,1,0.00907500,-8.00000000,0.00004059,1.99999991,89.74373506
1624627282.12081647,1,0.00907500,-8.00000000,-0.00011214,2.00096931,90.70802303
1624627282.22081470,1,0.00810500,-9.00000000,0.00004130,1.99999989,89.70802303
1624627282.32080340,1,0.00810500,-9.00000000,0.00017770,1.99999805,88.74373506
1624627282.42081499,1,0.00810500,-8.00000000,0.00003625,1.99999992,89.74373506
1624627282.52080727,1,0.00810500,-8.00000000,0.00018504,1.99999789,88.69178455
1624627282.62080956,1,0.00810500,-7.00000000,0.00004360,1.99999988,89.69178455
1624627282.72081208,1,0.00810500,-7.00000000,0.00017999,1.99999800,88.72749658
1624627282.82080245,1,0.00810500,-6.00000000,0.00003855,1.99999991,89.72749658
1624627282.92080545,1,0.00810500,-6.00000000,0.00018734,1.99999783,88.67554607
1624627283.02080274,1,0.00810500,-5.00000000,0.00004590,1.99999987,89.67554607
1624627283.12080860,1,0.00810500,-5.00000000,0.00018229,2.00096795,88.71125810
1624627283.22080898,1,0.00713500,-4.00000000,0.00003596,1.99999991,89.71125810
1624627283.32080269,1,0.00713500,-4.00000000,0.00015603,1.99999829,88.74697013
1624627283.42078781,1,0.00713500,-3.00000000,0.00003151,1.99999993,89.74697013
1624627283.52080202,1,0.00713500,-3.00000000,0.00003151,1.99999993,89.74697013
1624627283.62079668,1,0.00713500,-3.00000000,0.00016249,1.99999815,88.69501962
1624627283.72075939,1,0.00713500,-2.00000000,0.00003798,1.99999990,89.69501962
1624627283.82078123,1,0.00713500,-2.00000000,0.00003798,1.99999990,89.69501962
1624627283.92080021,1,0.00713500,-2.00000000,0.00003798,1.99999990,89.69501962
1624627284.02079272,1,0.00713500,-2.00000000,0.00003798,1.99999990,89.69501962
1624627284.12078857,1,0.00713500,-2.00000000,0.00015805,2.00096825,88.73073165
1624627284.22081685,1,0.00616500,-1.00000000,0.00002897,1.99999993,89.73073165
1624627284.32079291,1,0.00616500,-1.00000000,0.00002897,1.99999993,89.73073165
1624627284.42081141,1,0.00616500,-1.00000000,0.00002897,1.99999993,89.73073165
1624627284.52080607,1,0.00616500,-1.00000000,0.00002897,1.99999993,89.73073165
1624627284.62081027,1,0.00616500,-1.00000000,0.00002897,1.99999993,89.73073165
1624627284.72082615,1,0.00616500,-1.00000000,0.00002897,1.99999993,89.73073165
1624627284.82075477,1,0.00616500,-1.00000000,0.00002897,1.99999993,89.73073165
1624627284.92080140,1,0.00616500,-1.00000000,0.00002897,1.99999993,89.73073165
1624627285.02079701,1,0.00616500,-1.00000000,0.00002897,1.99999993,89.73073165
1624627285.12080884,1,0.00616500,-1.00000000,0.00014215,2.00096836,88.67878114
1624627285.22079921,1,0.00519500,0.00000000,0.00002912,1.99999992,89.67878114
1624627285.32080555,1,0.00519500,0.00000000,0.00002912,1.99999992,89.67878114
1624627285.42080641,1,0.00519500,0.00000000,0.00002912,1.99999992,89.67878114
1624627285.52079797,1,0.00519500,0.00000000,0.00002912,1.99999992,89.67878114
1624627285.62080431,1,0.00519500,0.00000000,0.00002912,1.99999992,89.67878114
1624627285.72078514,1,0.00519500,0.00000000,0.00002912,1.99999992,89.67878114
1624627285.82080865,1,0.00519500,0.00000000,0.00002912,1.99999992,89.67878114
1624627285.92080593,1,0.00519500,0.00000000,0.00002912,1.99999992,89.67878114
1624627286.02081490,1,0.00519500,0.00000000,0.00002912,1.99999992,89.67878114
1624627286.12081575,1,0.00519500,0.00000000,0.00002912,2.00096992,89.67878114
1624627286.22080851,1,0.00422500,0.00000000,0.00002369,1.99999993,89.67878114
1624627286.32080078,1,0.00422500,0.00000000,0.00002369,1.99999993,89.67878114
1624627286.42081428,1,0.00422500,0.00000000,0.00002369,1.99999993,89.67878114
1624627286.52079082,1,0.00422500,0.00000000,0.00002369,1.99999993,89.67878114
1624627286.62080598,1,0.00422500,0.00000000,0.00002369,1.99999993,89.67878114
1624627286.72075939,1,0.00422500,0.00000000,0.00002369,1.99999993,89.67878114
1624627286.82080531,1,0.00422500,0.00000000,0.00002369,1.99999993,89.67878114
1624627286.92080092,1,0.00422500,0.00000000,0.00002369,1.99999993,89.67878114
1624627287.02080226,1,0.00422500,0.00000000,0.00002369,1.99999993,89.67878114
1624627287.12079835,1,0.00422500,0.00000000,0.00002369,1.99999993,89.67878114
1624627287.22080135,1,0.00422500,0.00000000,0.00002369,1.99999993,89.67878114
1624627287.32083893,1,0.00422500,0.00000000,0.00002369,1.99999993,89.67878114
1624627287.42080331,1,0.00422500,0.00000000,0.00002369,1.99999993,89.67878114
1624627287.52083278,1,0.00422500,0.00000000,0.00002369,1.99999993,89.67878114
1624627287.62079430,1,0.00422500,0.00000000,0.00002369,1.99999993,89.67878114
1624627287.72080278,1,0.00422500,0.00000000,0.00002369,1.99999993,89.67878114
1624627287.82078958,1,0.00422500,0.00000000,0.00002369,1.99999993,89.67878114
1624627287.92082691,1,0.00422500,0.00000000,0.00002369,1.99999993,89.67878114
1624627288.02080131,1,0.00422500,0.00000000,0.00002369,1.99999993,89.67878114
1624627288.12080669,1,0.00422500,0.00000000,0.00002369,1.99999993,89.67878114
1624627288.22081089,1,0.00422500,0.00000000,0.00002369,1.99999993,89.67878114
1624627288.32079172,1,0.00422500,0.00000000,0.00002369,1.99999993,89.67878114
1624627288.42078137,1,0.00422500,0.00000000,0.00002369,1.99999993,89.67878114
1624627288.52080011,1,0.00422500,0.00000000,0.00002369,1.99999993,89.67878114
1624627288.62079525,1,0.00422500,0.00000000,0.00002369,1.99999993,89.67878114
1624627288.72079754,1,0.00422500,0.00000000,0.00002369,1.99999993,89.67878114
1624627288.82079887,1,0.00422500,0.00000000,0.00002369,1.99999993,89.67878114
1624627288.92080092,1,0.00422500,0.00000000,0.00002369,1.99999993,89.67878114
1624627289.02080083,1,0.00422500,0.00000000,0.00002369,1.99999993,89.67878114
1624627289.12079692,1,0.00422500,0.00000000,0.00002369,1.99999993,89.67878114
1624627289.22080469,1,0.00422500,0.00000000,0.00002369,1.99999993,89.67878114
1624627289.32080054,1,0.00422500,0.00000000,0.00002369,1.99999993,89.67878114
1624627289.42079210,1,0.00422500,0.00000000,0.00002369,1.99999993,89.67878114
1624627289.52080083,1,0.00422500,0.00000000,0.00002369,1.99999993,89.67878114
1624627289.62080741,1,0.00422500,0.00000000,0.00002369,1.99999993,89.67878114
1624627289.72075772,1,0.00422500,0.00000000,0.00002369,1.99999993,89.67878114
1624627289.82078910,1,0.00422500,0.00000000,0.00002369,1.99999993,89.67878114
1624627289.92078280,1,0.00422500,0.00000000,0.00002369,1.99999993,89.67878114
1624627290.02072644,1,0.00422500,0.00000000,0.00002369,1.99999993,89.67878114
1624627290.12076306,1,0.00422500,0.00000000,0.00002369,1.99999993,89.67878114
1624627290.22081900,1,0.00422500,0.00000000,0.00002369,1.99999993,89.67878114
1624627290.32078767,1,0.00422500,0.00000000,0.00002369,1.99999993,89.67878114
1624627290.42077947,1,0.00422500,0.00000000,0.00002369,1.99999993,89.67878114
1624627290.52080560,1,0.00422500,0.00000000,0.00002369,1.99999993,89.67878114
1624627290.62080050,1,0.00422500,0.00000000,0.00002369,1.99999993,89.67878114
1624627290.72080088,1,0.00422500,0.00000000,0.00002369,1.99999993,89.67878114
1624627290.82080793,1,0.00422500,0.00000000,0.00002369,1.99999993,89.67878114
1624627290.92076230,1,0.00422500,0.00000000,0.00002369,1.99999993,89.67878114
