Seconds,ChildArea,Child Observation Distance,Robot bounds proximity
1624627223.08990812,0,0.00000000,0.00000000
1624627223.18985510,0,0.00000000,0.00000000
1624627223.28989100,0,0.00000000,0.00000000
1624627223.38989091,0,0.00000000,0.00000000
1624627223.48988557,0,0.00000000,0.00000000
1624627223.58986211,0,0.00000000,0.00000000
1624627223.68981194,0,0.00000000,0.00000000
1624627223.78981400,0,0.00000000,0.00000000
1624627223.88991523,0,0.00000000,0.00000000
1624627223.98988676,0,0.00000000,0.00000000
1624627224.08987141,0,0.00000000,0.00000000
1624627224.18988729,0,0.00000000,0.00000000
1624627224.28988934,0,0.00000000,0.00000000
1624627224.38988638,0,0.00000000,0.00000000
1624627224.48987794,0,0.00000000,0.00000000
1624627224.58988285,0,0.00000000,0.00000000
1624627224.68990397,0,0.00000000,0.00000000
1624627224.78983974,0,0.00000000,0.00000000
1624627224.88983774,0,0.00000000,0.00000000
1624627224.98983741,0,0.00000000,0.00000000
1624627225.08987522,0,0.00000000,0.00000000
1624627225.18986416,0,0.00000000,0.00000000
1624627225.28987336,0,0.00000000,0.00000000
1624627225.38986421,0,0.00000000,0.00000000
1624627225.48992276,2,0.00000000,0.00000000
1624627225.49016309,2,0.00000000,0.00000000
1624627225.58988810,2,0.00000000,0.00000000
1624627225.59012318,2,0.00000000,0.00000000
1624627225.68986654,2,0.00000000,0.00000000
1624627225.69010377,2,0.00000000,0.00000000
1624627225.78988647,2,0.00000000,0.00000000
1624627225.79012299,2,0.00000000,0.00000000
1624627225.88986754,2,0.00000000,0.00000000
1624627225.89010453,2,0.00000000,0.00000000
1624627225.98988771,2,0.00000000,0.00000000
1624627225.99012280,2,0.00000000,0.00000000
1624627226.08988953,2,0.00000000,0.00000000
1624627226.09014702,2,0.00000000,0.00000000
1624627226.18988562,2,0.00000000,0.00000000
1624627226.19018221,2,0.00000000,0.00000000
1624627226.28988910,2,0.00000000,0.00000000
1624627226.29013538,2,0.00000000,0.00000000
1624627226.38990045,2,0.00000000,0.00000000
1624627226.39014363,2,0.00000000,0.00000000
1624627226.48988414,2,0.00000000,0.00000000
1624627226.49012494,2,0.00000000,0.00000000
1624627226.58988786,2,0.00000000,0.00000000
1624627226.59012270,2,0.00000000,0.00000000
1624627226.68988466,2,0.00000000,0.00000000
1624627226.69013786,2,0.00000000,0.00000000
1624627226.78988767,2,0.00000000,0.00000000
1624627226.79016995,2,0.00000000,0.00000000
1624627226.88988757,2,0.00000000,0.00000000
1624627226.89019775,2,0.00000000,0.00000000
1624627226.98983026,2,0.00000000,0.00000000
1624627226.98990369,2,0.00000000,0.00000000
1624627227.08980799,2,0.00000000,0.00000000
1624627227.08992004,2,0.00000000,0.00000000
1624627227.18980479,2,0.00000000,0.00000000
1624627227.18987775,2,0.00000000,0.00000000
1624627227.28980899,2,0.00000000,0.00000000
1624627227.28995085,2,0.00000000,0.00000000
1624627227.38988352,2,0.00000000,0.00000000
1624627227.39021492,2,0.00000000,0.00000000
1624627227.48983836,2,0.00000000,0.00000000
1624627227.49007535,2,0.00000000,0.00000000
1624627227.58990359,2,0.00000000,0.00000000
1624627227.59014273,2,0.00000000,0.00000000
1624627227.68988180,2,0.00000000,0.00000000
1624627227.69018269,2,0.00000000,0.00000000
1624627227.78989315,2,0.00000000,0.00000000
1624627227.79013181,2,0.00000000,0.00000000
1624627227.88988972,2,0.00000000,0.00000000
1624627227.89018726,2,0.00000000,0.00000000
1624627227.98989534,2,0.00000000,0.00000000
1624627227.99014187,2,0.00000000,0.00000000
1624627228.08988571,2,0.00000000,0.00000000
1624627228.09012961,2,0.00000000,0.00000000
1624627228.18989134,2,0.00000000,0.00000000
1624627228.19012833,2,0.00000000,0.00000000
1624627228.28988123,2,0.00000000,0.00000000
1624627228.29018521,2,0.00000000,0.00000000
1624627228.38988590,2,0.00000000,0.00000000
1624627228.39019132,2,0.00000000,0.00000000
1624627228.48984075,2,0.00000000,0.00000000
1624627228.49007463,2,0.00000000,0.00000000
1624627228.58989334,2,0.00000000,0.00000000
1624627228.59016204,2,0.00000000,0.00000000
1624627228.68989372,2,0.00000000,0.00000000
1624627228.69012666,2,0.00000000,0.00000000
1624627228.78988314,2,0.00000000,0.00000000
1624627228.79011965,2,0.00000000,0.00000000
1624627228.88986802,2,0.00000000,0.00000000
1624627228.89010000,2,0.00000000,0.00000000
1624627228.98989296,2,0.00000000,0.00000000
1624627228.99025989,2,0.00000000,0.00000000
1624627229.08988571,2,0.00000000,0.00000000
1624627229.09015918,2,0.00000000,0.00000000
1624627229.18980646,2,0.00000000,0.00000000
1624627229.18987036,2,0.00000000,0.00000000
1624627229.28985667,2,0.00000000,0.00000000
1624627229.28994107,2,0.00000000,0.00000000
1624627229.38981986,2,0.00000000,0.00000000
1624627229.38988972,2,0.00000000,0.00000000
1624627229.48980570,2,0.00000000,0.00000000
1624627229.48988700,2,0.00000000,0.00000000
1624627229.58985901,2,0.00000000,0.00000000
1624627229.59015560,2,0.00000000,0.00000000
1624627229.68990111,2,0.00000000,0.00000000
1624627229.69018602,2,0.00000000,0.00000000
1624627229.78987384,2,0.00000000,0.00000000
1624627229.79006433,2,0.00000000,0.00000000
1624627229.88988876,2,0.00000000,0.00000000
1624627229.89016414,2,0.00000000,0.00000000
1624627229.98988461,2,0.00000000,0.00000000
1624627229.99012661,2,0.00000000,0.00000000
1624627230.08988404,2,0.00000000,0.00000000
1624627230.09012151,2,0.00000000,0.00000000
1624627230.18989229,2,0.00000000,0.00000000
1624627230.19026852,2,0.00000000,0.00000000
1624627230.28988743,2,0.00000000,0.00000000
1624627230.29019237,2,0.00000000,0.00000000
1624627230.38988662,2,0.00000000,0.00000000
1624627230.39012647,2,0.00000000,0.00000000
1624627230.48989439,2,0.00000000,0.00000000
1624627230.49012852,2,0.00000000,0.00000000
1624627230.58988595,2,0.00000000,0.00000000
1624627230.59014225,2,0.00000000,0.00000000
1624627230.68988585,2,0.00000000,0.00000000
1624627230.69014835,2,0.00000000,0.00000000
1624627230.78988767,2,0.00000000,0.00000000
1624627230.79012346,2,0.00000000,0.00000000
1624627230.88988805,2,0.00000000,0.00000000
1624627230.89012122,2,0.00000000,0.00000000
1624627230.98988676,2,0.00000000,0.00000000
1624627230.99013543,2,0.00000000,0.00000000
1624627231.08988857,2,0.00000000,0.00000000
1624627231.09014106,2,0.00000000,0.00000000
1624627231.18988752,2,0.00000000,0.00000000
1624627231.19013047,2,0.00000000,0.00000000
1624627231.28987360,2,0.00000000,0.00000000
1624627231.29003382,2,0.00000000,0.00000000
1624627231.38988400,2,0.00000000,0.00000000
1624627231.39011788,2,0.00000000,0.00000000
1624627231.48988533,2,0.00000000,0.00000000
1624627231.49023581,2,0.00000000,0.00000000
1624627231.58988738,2,0.00000000,0.00000000
1624627231.59012079,2,0.00000000,0.00000000
1624627231.68988752,2,0.00000000,0.00000000
1624627231.69012523,2,0.00000000,0.00000000
1624627231.78988910,2,0.00000000,0.00000000
1624627231.79014349,2,0.00000000,0.00000000
1624627231.88988829,2,0.00000000,0.00000000
1624627231.89014125,2,0.00000000,0.00000000
1624627231.98988700,2,0.00000000,0.00000000
1624627231.99012184,2,0.00000000,0.00000000
1624627232.08988547,2,0.00000000,0.00000000
1624627232.09012079,2,0.00000000,0.00000000
1624627232.18988538,2,0.00000000,0.00000000
1624627232.19017291,2,0.00000000,0.00000000
1624627232.28984833,2,0.00000000,0.00000000
1624627232.28997493,2,0.00000000,0.00000000
1624627232.38988423,2,0.00000000,0.00000000
1624627232.39011693,2,0.00000000,0.00000000
1624627232.48988795,2,0.00000000,0.00000000
1624627232.49012446,2,0.00000000,0.00000000
1624627232.58989239,2,0.00000000,0.00000000
1624627232.59013462,2,0.00000000,0.00000000
1624627232.68988848,2,0.00000000,0.00000000
1624627232.69013596,2,0.00000000,0.00000000
1624627232.78988934,2,0.00000000,0.00000000
1624627232.79015946,2,0.00000000,0.00000000
1624627232.88989282,2,0.00000000,0.00000000
1624627232.89012837,2,0.00000000,0.00000000
1624627232.98988700,2,0.00000000,0.00000000
1624627232.99013233,2,0.00000000,0.00000000
1624627233.08989239,2,0.00000000,0.00000000
1624627233.09013677,2,0.00000000,0.00000000
1624627233.18990445,2,0.00000000,0.00000000
1624627233.19014525,2,0.00000000,0.00000000
1624627233.28988743,2,0.00000000,0.00000000
1624627233.29012275,2,0.00000000,0.00000000
1624627233.38984966,2,0.00000000,0.00000000
1624627233.39024282,2,0.00000000,0.00000000
1624627233.48989034,2,0.00000000,0.00000000
1624627233.49019623,2,0.00000000,0.00000000
1624627233.58988714,2,0.00000000,0.00000000
1624627233.59016228,2,0.00000000,0.00000000
1624627233.68988395,2,0.00000000,0.00000000
1624627233.69011402,2,0.00000000,0.00000000
1624627233.78988481,2,0.00000000,0.00000000
1624627233.79013109,2,0.00000000,0.00000000
1624627233.88988566,2,0.00000000,0.00000000
1624627233.89013171,2,0.00000000,0.00000000
1624627233.98988676,2,0.00000000,0.00000000
1624627233.99012923,2,0.00000000,0.00000000
1624627234.08988810,2,0.00000000,0.00000000
1624627234.09012508,2,0.00000000,0.00000000
1624627234.18988776,2,0.00000000,0.00000000
1624627234.19012332,2,0.00000000,0.00000000
1624627234.28987408,2,0.00000000,0.00000000
1624627234.29024291,2,0.00000000,0.00000000
1624627234.38987207,2,0.00000000,0.00000000
1624627234.39018846,2,0.00000000,0.00000000
1624627234.48989367,2,0.00000000,0.00000000
1624627234.48998499,2,0.00000000,0.00000000
1624627234.58988333,2,0.00000000,0.00000000
1624627234.59011984,2,0.00000000,0.00000000
1624627234.68988562,2,0.00000000,0.00000000
1624627234.69012141,2,0.00000000,0.00000000
1624627234.78985429,2,0.00000000,0.00000000
1624627234.79018426,2,0.00000000,0.00000000
1624627234.88986135,2,0.00000000,0.00000000
1624627234.89010620,2,0.00000000,0.00000000
1624627234.98989201,2,0.00000000,0.00000000
1624627234.99026299,2,0.00000000,0.00000000
1624627235.08988643,2,0.00000000,0.00000000
1624627235.09012151,2,0.00000000,0.00000000
1624627235.18987632,2,0.00000000,0.00000000
1624627235.19003558,2,0.00000000,0.00000000
1624627235.28986764,2,0.00000000,0.00000000
1624627235.29013443,2,0.00000000,0.00000000
1624627235.38984013,2,0.00000000,0.00000000
1624627235.38992929,2,0.00000000,0.00000000
1624627235.48988461,2,0.00000000,0.00000000
1624627235.49013138,2,0.00000000,0.00000000
1624627235.58988070,2,0.00000000,0.00000000
1624627235.59013343,2,0.00000000,0.00000000
1624627235.68986607,2,0.00000000,0.00000000
1624627235.69011903,2,0.00000000,0.00000000
1624627235.78988767,2,0.00000000,0.00000000
1624627235.79014111,2,0.00000000,0.00000000
1624627235.88989067,2,0.00000000,0.00000000
1624627235.89012480,2,0.00000000,0.00000000
1624627235.98989344,2,0.00000000,0.00000000
1624627235.99013281,2,0.00000000,0.00000000
1624627236.08988428,2,0.00000000,0.00000000
1624627236.09013820,2,0.00000000,0.00000000
1624627236.18988919,2,0.00000000,0.00000000
1624627236.19012356,2,0.00000000,0.00000000
1624627236.28988743,2,0.00000000,0.00000000
1624627236.29011822,2,0.00000000,0.00000000
1624627236.38988686,2,0.00000000,0.00000000
1624627236.39012098,2,0.00000000,0.00000000
1624627236.48989010,2,0.00000000,0.00000000
1624627236.49013329,2,0.00000000,0.00000000
1624627236.58988953,2,0.00000000,0.00000000
1624627236.59012389,2,0.00000000,0.00000000
1624627236.68988824,2,0.00000000,0.00000000
1624627236.69013381,2,0.00000000,0.00000000
1624627236.78984857,2,0.00000000,0.00000000
1624627236.79010582,2,0.00000000,0.00000000
1624627236.88988304,2,0.00000000,0.00000000
1624627236.89011383,2,0.00000000,0.00000000
1624627236.98986268,2,0.00000000,0.00000000
1624627236.99011040,2,0.00000000,0.00000000
1624627237.08984876,2,0.00000000,0.00000000
1624627237.09008694,2,0.00000000,0.00000000
1624627237.18988991,2,0.00000000,0.00000000
1624627237.19012570,2,0.00000000,0.00000000
1624627237.28988266,2,0.00000000,0.00000000
1624627237.29011941,2,0.00000000,0.00000000
1624627237.38993311,2,0.00000000,0.00000000
1624627237.39017749,2,0.00000000,0.00000000
1624627237.48986006,2,0.00000000,0.00000000
1624627237.49009728,2,0.00000000,0.00000000
1624627237.58986259,2,0.00000000,0.00000000
1624627237.59009814,2,0.00000000,0.00000000
1624627237.68987846,2,0.00000000,0.00000000
1624627237.69010973,2,0.00000000,0.00000000
1624627237.78988194,2,0.00000000,0.00000000
1624627237.79011512,2,0.00000000,0.00000000
1624627237.88987970,2,0.00000000,0.00000000
1624627237.89010835,2,0.00000000,0.00000000
1624627237.98988247,2,0.00000000,0.00000000
1624627237.99011660,2,0.00000000,0.00000000
1624627238.08987975,2,0.00000000,0.00000000
1624627238.09011650,2,0.00000000,0.00000000
1624627238.18983555,2,0.00000000,0.00000000
1624627238.18989921,2,0.00000000,0.00000000
1624627238.28987980,2,0.00000000,0.00000000
1624627238.29017401,2,0.00000000,0.00000000
1624627238.38983846,2,0.00000000,0.00000000
1624627238.38992476,2,0.00000000,0.00000000
1624627238.48985386,2,0.00000000,0.00000000
1624627238.49000812,2,0.00000000,0.00000000
1624627238.58984923,2,0.00000000,0.00000000
1624627238.58996773,2,0.00000000,0.00000000
1624627238.68988490,2,0.00000000,0.00000000
1624627238.69011641,2,0.00000000,0.00000000
1624627238.78988051,2,0.00000000,0.00000000
1624627238.79021525,2,0.00000000,0.00000000
1624627238.88988137,2,0.00000000,0.00000000
1624627238.89013672,2,0.00000000,0.00000000
1624627238.98985839,2,0.00000000,0.00000000
1624627238.99009252,2,0.00000000,0.00000000
1624627239.08986044,2,0.00000000,0.00000000
1624627239.09009886,2,0.00000000,0.00000000
1624627239.18987203,2,0.00000000,0.00000000
1624627239.19010735,2,0.00000000,0.00000000
1624627239.28985453,2,0.00000000,0.00000000
1624627239.29019952,2,0.00000000,0.00000000
1624627239.38988495,2,0.00000000,0.00000000
1624627239.39025068,2,0.00000000,0.00000000
1624627239.48984838,2,0.00000000,0.00000000
1624627239.48996902,2,0.00000000,0.00000000
1624627239.58987379,2,0.00000000,0.00000000
1624627239.59005117,2,0.00000000,0.00000000
1624627239.68985796,2,0.00000000,0.00000000
1624627239.69009662,2,0.00000000,0.00000000
1624627239.78988075,2,0.00000000,0.00000000
1624627239.79012823,2,0.00000000,0.00000000
1624627239.88987088,2,0.00000000,0.00000000
1624627239.89004803,2,0.00000000,0.00000000
1624627239.98988175,2,0.00000000,0.00000000
1624627239.99016809,2,0.00000000,0.00000000
1624627240.08986449,2,0.00000000,0.00000000
1624627240.09010482,2,0.00000000,0.00000000
1624627240.18988776,2,0.00000000,0.00000000
1624627240.19012785,2,0.00000000,0.00000000
1624627240.28984022,2,0.00000000,0.00000000
1624627240.28995919,2,0.00000000,0.00000000
1624627240.38987970,2,0.00000000,0.00000000
1624627240.39011931,2,0.00000000,0.00000000
1624627240.48988318,2,0.00000000,0.00000000
1624627240.49012852,2,0.00000000,0.00000000
1624627240.58988404,2,0.00000000,0.00000000
1624627240.59012461,2,0.00000000,0.00000000
1624627240.68988323,2,0.00000000,0.00000000
1624627240.69011760,2,0.00000000,0.00000000
1624627240.78989005,2,0.00000000,0.00000000
1624627240.79012728,2,0.00000000,0.00000000
1624627240.88988113,2,0.00000000,0.00000000
1624627240.89011669,2,0.00000000,0.00000000
1624627240.98988724,2,0.00000000,0.00000000
1624627240.99012518,2,0.00000000,0.00000000
1624627241.08988309,2,0.00000000,0.00000000
1624627241.09016633,2,0.00000000,0.00000000
1624627241.18989134,2,0.00000000,0.00000000
1624627241.19024563,2,0.00000000,0.00000000
1624627241.28984571,2,0.00000000,0.00000000
1624627241.29000354,2,0.00000000,0.00000000
1624627241.38988471,2,0.00000000,0.00000000
1624627241.39013243,2,0.00000000,0.00000000
1624627241.48988748,2,0.00000000,0.00000000
1624627241.49013448,2,0.00000000,0.00000000
1624627241.58989024,2,0.00000000,0.00000000
1624627241.59015942,2,0.00000000,0.00000000
1624627241.68985939,2,0.00000000,0.00000000
1624627241.69020367,2,0.00000000,0.00000000
1624627241.78985310,2,0.00000000,0.00000000
1624627241.79009128,2,0.00000000,0.00000000
1624627241.88986588,2,0.00000000,0.00000000
1624627241.89012694,2,0.00000000,0.00000000
1624627241.98989725,2,0.00000000,0.00000000
1624627241.99014163,2,0.00000000,0.00000000
1624627242.08988261,2,0.00000000,0.00000000
1624627242.09021235,2,0.00000000,0.00000000
1624627242.18989062,2,0.00000000,0.00000000
1624627242.19013166,2,0.00000000,0.00000000
1624627242.28988314,2,0.00000000,0.00000000
1624627242.29013181,2,0.00000000,0.00000000
1624627242.38988829,2,0.00000000,0.00000000
1624627242.39013505,2,0.00000000,0.00000000
1624627242.48988247,2,0.00000000,0.00000000
1624627242.49012375,2,0.00000000,0.00000000
1624627242.58988237,2,0.00000000,0.00000000
1624627242.59011030,2,0.00000000,0.00000000
1624627242.68986201,2,0.00000000,0.00000000
1624627242.69021344,2,0.00000000,0.00000000
1624627242.78988314,2,0.00000000,0.00000000
1624627242.79011989,2,0.00000000,0.00000000
1624627242.88988280,2,0.00000000,0.00000000
1624627242.89013290,2,0.00000000,0.00000000
1624627242.98988461,2,0.00000000,0.00000000
1624627242.99011827,2,0.00000000,0.00000000
1624627243.08988738,2,0.00000000,0.00000000
1624627243.09028387,2,0.00000000,0.00000000
1624627243.18986225,2,0.00000000,0.00000000
1624627243.19019866,2,0.00000000,0.00000000
1624627243.28986955,2,0.00000000,0.00000000
1624627243.29010963,2,0.00000000,0.00000000
1624627243.38987970,2,0.00000000,0.00000000
1624627243.39011574,2,0.00000000,0.00000000
1624627243.48988557,2,0.00000000,0.00000000
1624627243.49013495,2,0.00000000,0.00000000
1624627243.58988023,2,0.00000000,0.00000000
1624627243.59011984,2,0.00000000,0.00000000
1624627243.68987870,2,0.00000000,0.00000000
1624627243.69011354,2,0.00000000,0.00000000
1624627243.78987932,2,0.00000000,0.00000000
1624627243.79014683,2,0.00000000,0.00000000
1624627243.88989234,2,0.00000000,0.00000000
1624627243.89019084,2,0.00000000,0.00000000
1624627243.98987079,2,0.00000000,0.00000000
1624627243.99014735,2,0.00000000,0.00000000
1624627244.08984447,2,0.00000000,0.00000000
1624627244.09016895,2,0.00000000,0.00000000
1624627244.18988419,2,0.00000000,0.00000000
1624627244.19020939,2,0.00000000,0.00000000
1624627244.28988528,2,0.00000000,0.00000000
1624627244.29022455,2,0.00000000,0.00000000
1624627244.38984776,2,0.00000000,0.00000000
1624627244.39008522,2,0.00000000,0.00000000
1624627244.48984003,2,0.00000000,0.00000000
1624627244.48992562,2,0.00000000,0.00000000
1624627244.58985853,2,0.00000000,0.00000000
1624627244.59017611,2,0.00000000,0.00000000
1624627244.68985677,2,0.00000000,0.00000000
1624627244.69003963,2,0.00000000,0.00000000
1624627244.78988266,2,0.00000000,0.00000000
1624627244.79015064,2,0.00000000,0.00000000
1624627244.88988066,2,0.00000000,0.00000000
1624627244.89019179,2,0.00000000,0.00000000
1624627244.98988914,2,0.00000000,0.00000000
1624627244.99019098,2,0.00000000,0.00000000
1624627245.08989239,2,0.00000000,0.00000000
1624627245.09025264,2,0.00000000,0.00000000
1624627245.18989968,2,0.00000000,0.00000000
1624627245.19013548,2,0.00000000,0.00000000
1624627245.28989267,2,0.00000000,0.00000000
1624627245.29013085,2,0.00000000,0.00000000
1624627245.38986897,2,0.00000000,0.00000000
1624627245.39023376,2,0.00000000,0.00000000
1624627245.48983717,2,0.00000000,0.00000000
1624627245.48992682,2,0.00000000,0.00000000
1624627245.58988547,2,0.00000000,0.00000000
1624627245.59019136,2,0.00000000,0.00000000
1624627245.68989086,2,0.00000000,0.00000000
1624627245.69021225,2,0.00000000,0.00000000
1624627245.78988552,2,0.00000000,0.00000000
1624627245.79013944,2,0.00000000,0.00000000
1624627245.88988638,2,0.00000000,0.00000000
1624627245.89013529,2,0.00000000,0.00000000
1624627245.98981810,2,0.00000000,0.00000000
1624627245.98994040,2,0.00000000,0.00000000
1624627246.08988786,2,0.00000000,0.00000000
1624627246.09011889,2,0.00000000,0.00000000
1624627246.18985868,2,0.00000000,0.00000000
1624627246.19014978,2,0.00000000,0.00000000
1624627246.28986788,2,0.00000000,0.00000000
1624627246.29022741,2,0.00000000,0.00000000
1624627246.38986492,2,0.00000000,0.00000000
1624627246.39011717,2,0.00000000,0.00000000
1624627246.48990774,2,0.00000000,0.00000000
1624627246.49014807,2,0.00000000,0.00000000
1624627246.58988190,2,0.00000000,0.00000000
1624627246.59012294,2,0.00000000,0.00000000
1624627246.68988037,2,0.00000000,0.00000000
1624627246.69010973,2,0.00000000,0.00000000
1624627246.78988147,2,0.00000000,0.00000000
1624627246.79011130,2,0.00000000,0.00000000
1624627246.88989592,2,0.00000000,0.00000000
1624627246.89013553,2,0.00000000,0.00000000
1624627246.98988295,2,0.00000000,0.00000000
1624627246.99012065,2,0.00000000,0.00000000
1624627247.08988738,2,0.00000000,0.00000000
1624627247.09012556,2,0.00000000,0.00000000
1624627247.18988800,2,0.00000000,0.00000000
1624627247.19012284,2,0.00000000,0.00000000
1624627247.28986216,2,0.00000000,0.00000000
1624627247.29009509,2,0.00000000,0.00000000
1624627247.38988543,2,0.00000000,0.00000000
1624627247.39012456,2,0.00000000,0.00000000
1624627247.48987031,2,0.00000000,0.00000000
1624627247.49010277,2,0.00000000,0.00000000
1624627247.58988309,2,0.00000000,0.00000000
1624627247.59012675,2,0.00000000,0.00000000
1624627247.68988633,2,0.00000000,0.00000000
1624627247.69012094,2,0.00000000,0.00000000
1624627247.78986835,2,0.00000000,0.00000000
1624627247.79012084,2,0.00000000,0.00000000
1624627247.88988256,2,0.00000000,0.00000000
1624627247.89016056,2,0.00000000,0.00000000
1624627247.98988771,2,0.00000000,0.00000000
1624627247.99016523,2,0.00000000,0.00000000
1624627248.08988547,2,0.00000000,0.00000000
1624627248.09019279,2,0.00000000,0.00000000
1624627248.18988180,2,0.00000000,0.00000000
1624627248.19019008,2,0.00000000,0.00000000
1624627248.28988791,2,0.00000000,0.00000000
1624627248.29012108,2,0.00000000,0.00000000
1624627248.38988662,2,0.00000000,0.00000000
1624627248.39014363,2,0.00000000,0.00000000
1624627248.48988366,2,0.00000000,0.00000000
1624627248.49011922,2,0.00000000,0.00000000
1624627248.58988309,2,0.00000000,0.00000000
1624627248.59016085,2,0.00000000,0.00000000
1624627248.68988323,2,0.00000000,0.00000000
1624627248.69011521,2,0.00000000,0.00000000
1624627248.78988099,2,0.00000000,0.00000000
1624627248.79015803,2,0.00000000,0.00000000
1624627248.88988209,2,0.00000000,0.00000000
1624627248.89016628,2,0.00000000,0.00000000
1624627248.98984528,2,0.00000000,0.00000000
1624627248.99015617,2,0.00000000,0.00000000
1624627249.08984041,2,0.00000000,0.00000000
1624627249.09007525,2,0.00000000,0.00000000
1624627249.18988872,2,0.00000000,0.00000000
1624627249.19016242,2,0.00000000,0.00000000
1624627249.28987026,2,0.00000000,0.00000000
1624627249.29012465,2,0.00000000,0.00000000
1624627249.38989353,2,0.00000000,0.00000000
1624627249.39014220,2,0.00000000,0.00000000
1624627249.48986149,2,0.00000000,0.00000000
1624627249.49010086,2,0.00000000,0.00000000
1624627249.58987498,2,0.00000000,0.00000000
1624627249.59022093,2,0.00000000,0.00000000
1624627249.68987989,2,0.00000000,0.00000000
1624627249.69013453,2,0.00000000,0.00000000
1624627249.78988194,2,0.00000000,0.00000000
1624627249.79011846,2,0.00000000,0.00000000
1624627249.88988185,2,0.00000000,0.00000000
1624627249.89015341,2,0.00000000,0.00000000
1624627249.98988271,2,0.00000000,0.00000000
1624627249.99012208,2,0.00000000,0.00000000
1624627250.08984542,2,0.00000000,0.00000000
1624627250.09008980,2,0.00000000,0.00000000
1624627250.18985605,2,0.00000000,0.00000000
1624627250.19009352,2,0.00000000,0.00000000
1624627250.28985572,2,0.00000000,0.00000000
1624627250.29010463,2,0.00000000,0.00000000
1624627250.38988566,2,0.00000000,0.00000000
1624627250.39012384,2,0.00000000,0.00000000
1624627250.48988056,2,0.00000000,0.00000000
1624627250.49012518,2,0.00000000,0.00000000
1624627250.58988309,2,0.00000000,0.00000000
1624627250.59011745,2,0.00000000,0.00000000
1624627250.68988204,2,0.00000000,0.00000000
1624627250.69012046,2,0.00000000,0.00000000
1624627250.78988171,2,0.00000000,0.00000000
1624627250.79016662,2,0.00000000,0.00000000
1624627250.88990164,2,0.00000000,0.00000000
1624627250.89013958,2,0.00000000,0.00000000
1624627250.98988414,2,0.00000000,0.00000000
1624627250.99011850,2,0.00000000,0.00000000
1624627251.08989286,2,0.00000000,0.00000000
1624627251.09012628,2,0.00000000,0.00000000
1624627251.18988228,2,0.00000000,0.00000000
1624627251.19011545,2,0.00000000,0.00000000
1624627251.28989959,2,0.00000000,0.00000000
1624627251.29018903,2,0.00000000,0.00000000
1624627251.38990045,2,0.00000000,0.00000000
1624627251.39019418,2,0.00000000,0.00000000
1624627251.48986769,2,0.00000000,0.00000000
1624627251.49013257,2,0.00000000,0.00000000
1624627251.58988166,2,0.00000000,0.00000000
1624627251.59012365,2,0.00000000,0.00000000
1624627251.68988490,2,0.00000000,0.00000000
1624627251.69018960,2,0.00000000,0.00000000
1624627251.78988671,2,0.00000000,0.00000000
1624627251.79014611,2,0.00000000,0.00000000
1624627251.88993025,2,0.00000000,0.00000000
1624627251.89017630,2,0.00000000,0.00000000
1624627251.98988104,2,0.00000000,0.00000000
1624627251.99012828,2,0.00000000,0.00000000
1624627252.08988023,2,0.00000000,0.00000000
1624627252.09011912,2,0.00000000,0.00000000
1624627252.18988085,2,0.00000000,0.00000000
1624627252.19019628,2,0.00000000,0.00000000
1624627252.28988481,2,0.00000000,0.00000000
1624627252.29012227,2,0.00000000,0.00000000
1624627252.38988471,2,0.00000000,0.00000000
1624627252.39011908,2,0.00000000,0.00000000
1624627252.48986149,2,0.00000000,0.00000000
1624627252.49009252,2,0.00000000,0.00000000
1624627252.58989286,2,0.00000000,0.00000000
1624627252.59013534,2,0.00000000,0.00000000
1624627252.68987417,2,0.00000000,0.00000000
1624627252.69011641,2,0.00000000,0.00000000
1624627252.78984189,2,0.00000000,0.00000000
1624627252.78996563,2,0.00000000,0.00000000
1624627252.88981771,2,0.00000000,0.00000000
1624627252.89008617,2,0.00000000,0.00000000
1624627252.98988461,2,0.00000000,0.00000000
1624627252.99015784,2,0.00000000,0.00000000
1624627253.08987927,2,0.00000000,0.00000000
1624627253.09017110,2,0.00000000,0.00000000
1624627253.18988371,2,0.00000000,0.00000000
1624627253.19015479,2,0.00000000,0.00000000
1624627253.28988242,2,0.00000000,0.00000000
1624627253.29021859,2,0.00000000,0.00000000
1624627253.38989162,2,0.00000000,0.00000000
1624627253.39016676,2,0.00000000,0.00000000
1624627253.48989105,2,0.00000000,0.00000000
1624627253.49018693,2,0.00000000,0.00000000
1624627253.58988619,2,0.00000000,0.00000000
1624627253.59015822,2,0.00000000,0.00000000
1624627253.68987918,2,0.00000000,0.00000000
1624627253.69012380,2,0.00000000,0.00000000
1624627253.78989005,2,0.00000000,0.00000000
1624627253.79016137,2,0.00000000,0.00000000
1624627253.88989139,2,0.00000000,0.00000000
1624627253.89019895,2,0.00000000,0.00000000
1624627253.98988390,2,0.00000000,0.00000000
1624627253.99016809,2,0.00000000,0.00000000
1624627254.08988094,2,0.00000000,0.00000000
1624627254.09015489,2,0.00000000,0.00000000
1624627254.18988514,2,0.00000000,0.00000000
1624627254.19015718,2,0.00000000,0.00000000
1624627254.28988624,2,0.00000000,0.00000000
1624627254.29016042,2,0.00000000,0.00000000
1624627254.38988590,2,0.00000000,0.00000000
1624627254.39015841,2,0.00000000,0.00000000
1624627254.48981476,2,0.00000000,0.00000000
1624627254.49000335,2,0.00000000,0.00000000
1624627254.58983231,2,0.00000000,0.00000000
1624627254.58993220,2,0.00000000,0.00000000
1624627254.68982959,2,0.00000000,0.00000000
1624627254.68991756,2,0.00000000,0.00000000
1624627254.78985119,2,0.00000000,0.00000000
1624627254.79009056,2,0.00000000,0.00000000
1624627254.88982606,2,0.00000000,0.00000000
1624627254.89002085,2,0.00000000,0.00000000
1624627254.98988748,2,0.00000000,0.00000000
1624627254.99010944,2,0.00000000,0.00000000
1624627255.08988619,2,0.00000000,0.00000000
1624627255.09011388,2,0.00000000,0.00000000
1624627255.18985224,2,0.00000000,0.00000000
1624627255.19019389,2,0.00000000,0.00000000
1624627255.28984404,2,0.00000000,0.00000000
1624627255.29007149,2,0.00000000,0.00000000
1624627255.38987970,2,0.00000000,0.00000000
1624627255.39011192,2,0.00000000,0.00000000
1624627255.48988032,2,0.00000000,0.00000000
1624627255.49010515,2,0.00000000,0.00000000
1624627255.58986187,2,0.00000000,0.00000000
1624627255.59009409,2,0.00000000,0.00000000
1624627255.68986583,2,0.00000000,0.00000000
1624627255.69009948,2,0.00000000,0.00000000
1624627255.78985000,2,0.00000000,0.00000000
1624627255.88992023,2,0.00000000,0.00000000
1624627255.89027977,2,0.00000000,0.00000000
1624627255.89050341,2,0.00000000,0.00000000
1624627255.98988676,2,0.00000000,0.00000000
1624627255.99024057,2,0.00000000,0.00000000
1624627256.08988070,2,0.00000000,0.00000000
1624627256.09011245,2,0.00000000,0.00000000
1624627256.18988132,2,0.00000000,0.00000000
1624627256.19013834,2,0.00000000,0.00000000
1624627256.28984880,2,0.00000000,0.00000000
1624627256.29007649,2,0.00000000,0.00000000
1624627256.38989639,2,0.00000000,0.00000000
1624627256.48989224,2,0.00000000,0.00000000
1624627256.49014759,2,0.00000000,0.00000000
1624627256.58985996,2,0.00000000,0.00000000
1624627256.59009504,2,0.00000000,0.00000000
1624627256.68988609,2,0.00000000,0.00000000
1624627256.69015265,2,0.00000000,0.00000000
1624627256.78989339,2,0.00000000,0.00000000
1624627256.79016352,2,0.00000000,0.00000000
1624627256.88984799,2,0.00000000,0.00000000
1624627256.89008617,2,0.00000000,0.00000000
1624627256.98989964,2,0.00000000,0.00000000
1624627256.99014163,2,0.00000000,0.00000000
1624627257.08985901,2,0.00000000,0.00000000
1624627257.09009123,2,0.00000000,0.00000000
1624627257.18989682,2,0.00000000,0.00000000
1624627257.19027042,2,0.00000000,0.00000000
1624627257.28989983,2,0.00000000,0.00000000
1624627257.29013729,2,0.00000000,0.00000000
1624627257.38989234,2,0.00000000,0.00000000
1624627257.39012241,2,0.00000000,0.00000000
1624627257.48989201,2,0.00000000,0.00000000
1624627257.49012017,2,0.00000000,0.00000000
1624627257.58989835,2,0.00000000,0.00000000
1624627257.58996320,2,0.00000000,0.00000000
1624627257.68987036,2,0.00000000,0.00000000
1624627257.69010186,2,0.00000000,0.00000000
1624627257.78989077,2,0.00000000,0.00000000
1624627257.79012442,2,0.00000000,0.00000000
1624627257.88989615,2,0.00000000,0.00000000
1624627257.89012408,2,0.00000000,0.00000000
1624627257.98985291,2,0.00000000,0.00000000
1624627257.99008632,2,0.00000000,0.00000000
1624627258.08985972,2,0.00000000,0.00000000
1624627258.09008741,2,0.00000000,0.00000000
1624627258.18987346,2,0.00000000,0.00000000
1624627258.19010425,2,0.00000000,0.00000000
1624627258.28990030,2,0.00000000,0.00000000
1624627258.29013205,2,0.00000000,0.00000000
1624627258.38985777,2,0.00000000,0.00000000
1624627258.39009094,2,0.00000000,0.00000000
1624627258.48985386,2,0.00000000,0.00000000
1624627258.49008656,2,0.00000000,0.00000000
1624627258.58989453,2,0.00000000,0.00000000
1624627258.59012628,2,0.00000000,0.00000000
1624627258.68991208,2,0.00000000,0.00000000
1624627258.69026256,2,0.00000000,0.00000000
1624627258.78989744,2,0.00000000,0.00000000
1624627258.79012990,2,0.00000000,0.00000000
1624627258.88989305,2,0.00000000,0.00000000
1624627258.89012289,2,0.00000000,0.00000000
1624627258.98987293,2,0.00000000,0.00000000
1624627258.99010181,2,0.00000000,0.00000000
1624627259.08987284,2,0.00000000,0.00000000
1624627259.09012771,2,0.00000000,0.00000000
1624627259.18989229,2,0.00000000,0.00000000
1624627259.19011998,2,0.00000000,0.00000000
1624627259.28987241,2,0.00000000,0.00000000
1624627259.29017711,2,0.00000000,0.00000000
1624627259.38987207,2,0.00000000,0.00000000
1624627259.39022350,2,0.00000000,0.00000000
1624627259.48985267,2,0.00000000,0.00000000
1624627259.49008846,2,0.00000000,0.00000000
1624627259.58985806,2,0.00000000,0.00000000
1624627259.59011698,2,0.00000000,0.00000000
1624627259.68989682,2,0.00000000,0.00000000
1624627259.69012785,2,0.00000000,0.00000000
1624627259.78989863,2,0.00000000,0.00000000
1624627259.79013896,2,0.00000000,0.00000000
1624627259.88989735,2,0.00000000,0.00000000
1624627259.89024425,2,0.00000000,0.00000000
1624627259.98989153,2,0.00000000,0.00000000
1624627259.99011850,2,0.00000000,0.00000000
1624627260.08989167,2,0.00000000,0.00000000
1624627260.09011889,2,0.00000000,0.00000000
1624627260.18989158,2,0.00000000,0.00000000
1624627260.19011760,2,0.00000000,0.00000000
1624627260.28989172,2,0.00000000,0.00000000
1624627260.29011726,2,0.00000000,0.00000000
1624627260.38989305,2,0.00000000,0.00000000
1624627260.39012003,2,0.00000000,0.00000000
1624627260.48989630,2,0.00000000,0.00000000
1624627260.49012899,2,0.00000000,0.00000000
1624627260.58989215,2,0.00000000,0.00000000
1624627260.59011769,2,0.00000000,0.00000000
1624627260.68989038,2,0.00000000,0.00000000
1624627260.69011712,2,0.00000000,0.00000000
1624627260.78989673,2,0.00000000,0.00000000
1624627260.79012156,2,0.00000000,0.00000000
1624627260.88989139,2,0.00000000,0.00000000
1624627260.89011741,2,0.00000000,0.00000000
1624627260.98989010,2,0.00000000,0.00000000
1624627260.99012184,2,0.00000000,0.00000000
1624627261.08989096,2,0.00000000,0.00000000
1624627261.09012008,2,0.00000000,0.00000000
1624627261.18990207,2,0.00000000,0.00000000
1624627261.19013143,2,0.00000000,0.00000000
1624627261.28989172,2,0.00000000,0.00000000
1624627261.29012656,2,0.00000000,0.00000000
1624627261.38989830,2,0.00000000,0.00000000
1624627261.39012790,2,0.00000000,0.00000000
1624627261.48989201,2,0.00000000,0.00000000
1624627261.49012232,2,0.00000000,0.00000000
1624627261.58989310,2,0.00000000,0.00000000
1624627261.59012079,2,0.00000000,0.00000000
1624627261.68989134,2,0.00000000,0.00000000
1624627261.69011831,2,0.00000000,0.00000000
1624627261.78989863,2,0.00000000,0.00000000
1624627261.79012823,2,0.00000000,0.00000000
1624627261.88989234,2,0.00000000,0.00000000
1624627261.89013982,2,0.00000000,0.00000000
1624627261.98989201,2,0.00000000,0.00000000
1624627261.99013066,2,0.00000000,0.00000000
1624627262.08989358,2,0.00000000,0.00000000
1624627262.09012222,2,0.00000000,0.00000000
1624627262.18989253,2,0.00000000,0.00000000
1624627262.19012713,2,0.00000000,0.00000000
1624627262.28989387,2,0.00000000,0.00000000
1624627262.29012656,2,0.00000000,0.00000000
1624627262.38989329,2,0.00000000,0.00000000
1624627262.39014053,2,0.00000000,0.00000000
1624627262.48989248,2,0.00000000,0.00000000
1624627262.49014187,2,0.00000000,0.00000000
1624627262.58989048,2,0.00000000,0.00000000
1624627262.59013033,2,0.00000000,0.00000000
1624627262.68989778,2,0.00000000,0.00000000
1624627262.69013238,2,0.00000000,0.00000000
1624627262.78988957,2,0.00000000,0.00000000
1624627262.79013562,2,0.00000000,0.00000000
1624627262.88989282,2,0.00000000,0.00000000
1624627262.89019036,2,0.00000000,0.00000000
1624627262.98989344,2,0.00000000,0.00000000
1624627262.99013281,2,0.00000000,0.00000000
1624627263.08989334,2,0.00000000,0.00000000
1624627263.09013748,2,0.00000000,0.00000000
1624627263.18989158,2,0.00000000,0.00000000
1624627263.19013667,2,0.00000000,0.00000000
1624627263.28989196,2,0.00000000,0.00000000
1624627263.29011798,2,0.00000000,0.00000000
1624627263.38989139,2,0.00000000,0.00000000
1624627263.39012694,2,0.00000000,0.00000000
1624627263.48984909,2,0.00000000,0.00000000
1624627263.49008274,2,0.00000000,0.00000000
1624627263.58989167,2,0.00000000,0.00000000
1624627263.59011436,2,0.00000000,0.00000000
1624627263.68988991,2,0.00000000,0.00000000
1624627263.69012356,2,0.00000000,0.00000000
1624627263.78988719,2,0.00000000,0.00000000
1624627263.78996801,2,0.00000000,0.00000000
1624627263.88988781,2,0.00000000,0.00000000
1624627263.89011860,2,0.00000000,0.00000000
1624627263.98989272,2,0.00000000,0.00000000
1624627263.99012566,2,0.00000000,0.00000000
1624627264.08989286,2,0.00000000,0.00000000
1624627264.09012723,2,0.00000000,0.00000000
1624627264.18989062,2,0.00000000,0.00000000
1624627264.19011879,2,0.00000000,0.00000000
1624627264.28989220,2,0.00000000,0.00000000
1624627264.29013610,2,0.00000000,0.00000000
1624627264.38989115,2,0.00000000,0.00000000
1624627264.39011574,2,0.00000000,0.00000000
1624627264.48987293,2,0.00000000,0.00000000
1624627264.49001598,2,0.00000000,0.00000000
1624627264.58989024,2,0.00000000,0.00000000
1624627264.59011674,2,0.00000000,0.00000000
1624627264.68986058,2,0.00000000,0.00000000
1624627264.69009042,2,0.00000000,0.00000000
1624627264.78989077,2,0.00000000,0.00000000
1624627264.79011917,2,0.00000000,0.00000000
1624627264.88989544,2,0.00000000,0.00000000
1624627264.89012003,2,0.00000000,0.00000000
1624627264.98986697,2,0.00000000,0.00000000
1624627264.99010110,2,0.00000000,0.00000000
1624627265.08985209,2,0.00000000,0.00000000
1624627265.09008026,2,0.00000000,0.00000000
1624627265.18989086,2,0.00000000,0.00000000
1624627265.19020367,2,0.00000000,0.00000000
1624627265.28989100,2,0.00000000,0.00000000
1624627265.29011369,2,0.00000000,0.00000000
1624627265.38989973,2,0.00000000,0.00000000
1624627265.39018655,2,0.00000000,0.00000000
1624627265.48989153,2,0.00000000,0.00000000
1624627265.49011898,2,0.00000000,0.00000000
1624627265.58989477,2,0.00000000,0.00000000
1624627265.59011292,2,0.00000000,0.00000000
1624627265.68989849,2,0.00000000,0.00000000
1624627265.69013095,2,0.00000000,0.00000000
1624627265.78987861,2,0.00000000,0.00000000
1624627265.79011512,2,0.00000000,0.00000000
1624627265.88989043,2,0.00000000,0.00000000
1624627265.89012313,2,0.00000000,0.00000000
1624627265.98989177,2,0.00000000,0.00000000
1624627265.99012876,2,0.00000000,0.00000000
1624627266.08989811,2,0.00000000,0.00000000
1624627266.09013009,2,0.00000000,0.00000000
1624627266.18989301,2,0.00000000,0.00000000
1624627266.19012618,2,0.00000000,0.00000000
1624627266.28989172,2,0.00000000,0.00000000
1624627266.29012227,2,0.00000000,0.00000000
1624627266.38989019,2,0.00000000,0.00000000
1624627266.39014864,2,0.00000000,0.00000000
1624627266.48990345,2,0.00000000,0.00000000
1624627266.49013066,2,0.00000000,0.00000000
1624627266.58989215,2,0.00000000,0.00000000
1624627266.59011912,2,0.00000000,0.00000000
1624627266.68988895,2,0.00000000,0.00000000
1624627266.69012690,2,0.00000000,0.00000000
1624627266.78989196,2,0.00000000,0.00000000
1624627266.79013038,2,0.00000000,0.00000000
1624627266.88989186,2,0.00000000,0.00000000
1624627266.89013743,2,0.00000000,0.00000000
1624627266.98989224,2,0.00000000,0.00000000
1624627266.99013853,2,0.00000000,0.00000000
1624627267.08990335,2,0.00000000,0.00000000
1624627267.09014058,2,0.00000000,0.00000000
1624627267.18989110,2,0.00000000,0.00000000
1624627267.19013476,2,0.00000000,0.00000000
1624627267.28989172,2,0.00000000,0.00000000
1624627267.29012847,2,0.00000000,0.00000000
1624627267.38989186,2,0.00000000,0.00000000
1624627267.39011812,2,0.00000000,0.00000000
1624627267.48987460,2,0.00000000,0.00000000
1624627267.49010849,2,0.00000000,0.00000000
1624627267.58990645,2,0.00000000,0.00000000
1624627267.59014225,2,0.00000000,0.00000000
1624627267.68990111,2,0.00000000,0.00000000
1624627267.69013715,2,0.00000000,0.00000000
1624627267.78989029,2,0.00000000,0.00000000
1624627267.79012537,2,0.00000000,0.00000000
1624627267.88989258,2,0.00000000,0.00000000
1624627267.89012361,2,0.00000000,0.00000000
1624627267.98989081,2,0.00000000,0.00000000
1624627267.99014044,2,0.00000000,0.00000000
1624627268.08987308,2,0.00000000,0.00000000
1624627268.09011102,2,0.00000000,0.00000000
1624627268.18988800,2,0.00000000,0.00000000
1624627268.19012761,2,0.00000000,0.00000000
1624627268.28989267,2,0.00000000,0.00000000
1624627268.29013085,2,0.00000000,0.00000000
1624627268.38989735,2,0.00000000,0.00000000
1624627268.39015794,2,0.00000000,0.00000000
1624627268.48989773,2,0.00000000,0.00000000
1624627268.49013710,2,0.00000000,0.00000000
1624627268.58989716,2,0.00000000,0.00000000
1624627268.59013534,2,0.00000000,0.00000000
1624627268.68989992,2,0.00000000,0.00000000
1624627268.69017696,2,0.00000000,0.00000000
1624627268.78989387,2,0.00000000,0.00000000
1624627268.79014015,2,0.00000000,0.00000000
1624627268.88989162,2,0.00000000,0.00000000
1624627268.89012051,2,0.00000000,0.00000000
1624627268.98989415,2,0.00000000,0.00000000
1624627268.99012208,2,0.00000000,0.00000000
1624627269.08989739,2,0.00000000,0.00000000
1624627269.09012485,2,0.00000000,0.00000000
1624627269.18989754,2,0.00000000,0.00000000
1624627269.19012666,2,0.00000000,0.00000000
1624627269.28990388,2,0.00000000,0.00000000
1624627269.29013348,2,0.00000000,0.00000000
1624627269.38990474,2,0.00000000,0.00000000
1624627269.39016128,2,0.00000000,0.00000000
1624627269.48985600,2,0.00000000,0.00000000
1624627269.49008393,2,0.00000000,0.00000000
1624627269.58989906,2,0.00000000,0.00000000
1624627269.59012794,2,0.00000000,0.00000000
1624627269.68989778,2,0.00000000,0.00000000
1624627269.68996096,2,0.00000000,0.00000000
1624627269.78988838,2,0.00000000,0.00000000
1624627269.79011512,2,0.00000000,0.00000000
1624627269.88990164,2,0.00000000,0.00000000
1624627269.89016128,2,0.00000000,0.00000000
1624627269.98989654,2,0.00000000,0.00000000
1624627269.99013376,2,0.00000000,0.00000000
1624627270.08989549,2,0.00000000,0.00000000
1624627270.09013796,2,0.00000000,0.00000000
1624627270.18989682,2,0.00000000,0.00000000
1624627270.19013715,2,0.00000000,0.00000000
1624627270.28989482,2,0.00000000,0.00000000
1624627270.29012561,2,0.00000000,0.00000000
1624627270.38990808,2,0.00000000,0.00000000
1624627270.39013410,2,0.00000000,0.00000000
1624627270.48989749,2,0.00000000,0.00000000
1624627270.49019980,2,0.00000000,0.00000000
1624627270.58990288,2,0.00000000,0.00000000
1624627270.59015870,2,0.00000000,0.00000000
1624627270.68989348,2,0.00000000,0.00000000
1624627270.69014740,2,0.00000000,0.00000000
1624627270.78989482,2,0.00000000,0.00000000
1624627270.79012370,2,0.00000000,0.00000000
1624627270.88989234,2,0.00000000,0.00000000
1624627270.89013076,2,0.00000000,0.00000000
1624627270.98989487,2,0.00000000,0.00000000
1624627270.99012375,2,0.00000000,0.00000000
1624627271.08989310,2,0.00000000,0.00000000
1624627271.09012461,2,0.00000000,0.00000000
1624627271.18989301,2,0.00000000,0.00000000
1624627271.19011950,2,0.00000000,0.00000000
1624627271.28989768,2,0.00000000,0.00000000
1624627271.29012513,2,0.00000000,0.00000000
1624627271.38989925,2,0.00000000,0.00000000
1624627271.39013004,2,0.00000000,0.00000000
1624627271.48990417,2,0.00000000,0.00000000
1624627271.49015903,2,0.00000000,0.00000000
1624627271.58989501,2,0.00000000,0.00000000
1624627271.59019518,2,0.00000000,0.00000000
1624627271.68989134,2,0.00000000,0.00000000
1624627271.69014215,2,0.00000000,0.00000000
1624627271.78989577,2,0.00000000,0.00000000
1624627271.79017067,2,0.00000000,0.00000000
1624627271.88989496,2,0.00000000,0.00000000
1624627271.89014220,2,0.00000000,0.00000000
1624627271.98989415,2,0.00000000,0.00000000
1624627271.99017644,2,0.00000000,0.00000000
1624627272.08989477,2,0.00000000,0.00000000
1624627272.09014130,2,0.00000000,0.00000000
1624627272.18989277,2,0.00000000,0.00000000
1624627272.19017005,2,0.00000000,0.00000000
1624627272.28986549,2,0.00000000,0.00000000
1624627272.29015589,2,0.00000000,0.00000000
1624627272.38989472,2,0.00000000,0.00000000
1624627272.39021254,2,0.00000000,0.00000000
1624627272.48989367,2,0.00000000,0.00000000
1624627272.49012637,2,0.00000000,0.00000000
1624627272.58989453,2,0.00000000,0.00000000
1624627272.59012580,2,0.00000000,0.00000000
1624627272.68989420,2,0.00000000,0.00000000
1624627272.69012141,2,0.00000000,0.00000000
1624627272.78987336,2,0.00000000,0.00000000
1624627272.79012084,2,0.00000000,0.00000000
1624627272.88989520,2,0.00000000,0.00000000
1624627272.89014292,2,0.00000000,0.00000000
1624627272.98989177,2,0.00000000,0.00000000
1624627272.99014139,2,0.00000000,0.00000000
1624627273.08988953,2,0.00000000,0.00000000
1624627273.09016633,2,0.00000000,0.00000000
1624627273.18989348,2,0.00000000,0.00000000
1624627273.19011927,2,0.00000000,0.00000000
1624627273.28989601,2,0.00000000,0.00000000
1624627273.29012227,2,0.00000000,0.00000000
1624627273.38989496,2,0.00000000,0.00000000
1624627273.39023185,2,0.00000000,0.00000000
1624627273.48989058,2,0.00000000,0.00000000
1624627273.49023700,2,0.00000000,0.00000000
1624627273.58988953,2,0.00000000,0.00000000
1624627273.59011459,2,0.00000000,0.00000000
1624627273.68990016,2,0.00000000,0.00000000
1624627273.69012713,2,0.00000000,0.00000000
1624627273.78989339,2,0.00000000,0.00000000
1624627273.79023170,2,0.00000000,0.00000000
1624627273.88989568,2,0.00000000,0.00000000
1624627273.89012003,2,0.00000000,0.00000000
1624627273.98989701,2,0.00000000,0.00000000
1624627273.99014425,2,0.00000000,0.00000000
1624627274.08990073,2,0.00000000,0.00000000
1624627274.09015107,2,0.00000000,0.00000000
1624627274.18990612,2,0.00000000,0.00000000
1624627274.19013453,2,0.00000000,0.00000000
1624627274.28989172,2,0.00000000,0.00000000
1624627274.29012704,2,0.00000000,0.00000000
1624627274.38988876,2,0.00000000,0.00000000
1624627274.39011979,2,0.00000000,0.00000000
1624627274.48988771,2,0.00000000,0.00000000
1624627274.48996758,2,0.00000000,0.00000000
1624627274.58988929,2,0.00000000,0.00000000
1624627274.59012413,2,0.00000000,0.00000000
1624627274.68989682,2,0.00000000,0.00000000
1624627274.69012570,2,0.00000000,0.00000000
1624627274.78989339,2,0.00000000,0.00000000
1624627274.79012632,2,0.00000000,0.00000000
1624627274.88988900,2,0.00000000,0.00000000
1624627274.89012098,2,0.00000000,0.00000000
1624627274.98990178,2,0.00000000,0.00000000
1624627274.99012923,2,0.00000000,0.00000000
1624627275.08987021,2,0.00000000,0.00000000
1624627275.09010100,2,0.00000000,0.00000000
1624627275.18989015,2,0.00000000,0.00000000
1624627275.19011307,2,0.00000000,0.00000000
1624627275.28989720,2,0.00000000,0.00000000
1624627275.29013538,2,0.00000000,0.00000000
1624627275.38989615,2,0.00000000,0.00000000
1624627275.39013529,2,0.00000000,0.00000000
1624627275.48989487,2,0.00000000,0.00000000
1624627275.49013138,2,0.00000000,0.00000000
1624627275.58989358,2,0.00000000,0.00000000
1624627275.59013009,2,0.00000000,0.00000000
1624627275.68989515,2,0.00000000,0.00000000
1624627275.69012976,2,0.00000000,0.00000000
1624627275.78989363,2,0.00000000,0.00000000
1624627275.79013395,2,0.00000000,0.00000000
1624627275.88989282,2,0.00000000,0.00000000
1624627275.89012218,2,0.00000000,0.00000000
1624627275.98990178,2,0.00000000,0.00000000
1624627275.99014902,2,0.00000000,0.00000000
1624627276.08986354,2,0.00000000,0.00000000
1624627276.09010887,2,0.00000000,0.00000000
1624627276.18989325,2,0.00000000,0.00000000
1624627276.19012809,2,0.00000000,0.00000000
1624627276.28989196,2,0.00000000,0.00000000
1624627276.29011917,2,0.00000000,0.00000000
1624627276.38989806,2,0.00000000,0.00000000
1624627276.39012909,2,0.00000000,0.00000000
1624627276.48989010,2,0.00000000,0.00000000
1624627276.49011707,2,0.00000000,0.00000000
1624627276.58989310,2,0.00000000,0.00000000
1624627276.59012771,2,0.00000000,0.00000000
1624627276.68989348,2,0.00000000,0.00000000
1624627276.69012213,2,0.00000000,0.00000000
1624627276.78989673,2,0.00000000,0.00000000
1624627276.79012942,2,0.00000000,0.00000000
1624627276.88989377,2,0.00000000,0.00000000
1624627276.89012146,2,0.00000000,0.00000000
1624627276.98989606,2,0.00000000,0.00000000
1624627276.99024463,2,0.00000000,0.00000000
1624627277.08989477,2,0.00000000,0.00000000
1624627277.09012175,2,0.00000000,0.00000000
1624627277.18990612,2,0.00000000,0.00000000
1624627277.19013643,2,0.00000000,0.00000000
1624627277.28990340,2,0.00000000,0.00000000
1624627277.29013252,2,0.00000000,0.00000000
1624627277.38989377,2,0.00000000,0.00000000
1624627277.39019561,2,0.00000000,0.00000000
1624627277.48989487,2,0.00000000,0.00000000
1624627277.49012184,2,0.00000000,0.00000000
1624627277.58989358,2,0.00000000,0.00000000
1624627277.59011769,2,0.00000000,0.00000000
1624627277.68989372,2,0.00000000,0.00000000
1624627277.69014883,2,0.00000000,0.00000000
1624627277.78989363,2,0.00000000,0.00000000
1624627277.79012275,2,0.00000000,0.00000000
1624627277.88989401,2,0.00000000,0.00000000
1624627277.89012885,2,0.00000000,0.00000000
1624627277.98987603,2,0.00000000,0.00000000
1624627277.99028683,2,0.00000000,0.00000000
1624627278.08990145,2,0.00000000,0.00000000
1624627278.09026837,2,0.00000000,0.00000000
1624627278.18988371,2,0.00000000,0.00000000
1624627278.19010735,2,0.00000000,0.00000000
1624627278.28986216,2,0.00000000,0.00000000
1624627278.29001403,2,0.00000000,0.00000000
1624627278.38988781,2,0.00000000,0.00000000
1624627278.39011931,2,0.00000000,0.00000000
1624627278.48988771,2,0.00000000,0.00000000
1624627278.49017596,2,0.00000000,0.00000000
1624627278.58988976,2,0.00000000,0.00000000
1624627278.59014034,2,0.00000000,0.00000000
1624627278.68988967,2,0.00000000,0.00000000
1624627278.69011831,2,0.00000000,0.00000000
1624627278.78988981,2,0.00000000,0.00000000
1624627278.79011750,2,0.00000000,0.00000000
1624627278.88989639,2,0.00000000,0.00000000
1624627278.89014316,2,0.00000000,0.00000000
1624627278.98989868,2,0.00000000,0.00000000
1624627278.99021816,2,0.00000000,0.00000000
1624627279.08989072,2,0.00000000,0.00000000
1624627279.09011722,2,0.00000000,0.00000000
1624627279.18988919,2,0.00000000,0.00000000
1624627279.19011927,2,0.00000000,0.00000000
1624627279.28989053,2,0.00000000,0.00000000
1624627279.29011989,2,0.00000000,0.00000000
1624627279.38986683,2,0.00000000,0.00000000
1624627279.39010262,2,0.00000000,0.00000000
1624627279.48984528,2,0.00000000,0.00000000
1624627279.49008346,2,0.00000000,0.00000000
1624627279.58984590,2,0.00000000,0.00000000
1624627279.59007335,2,0.00000000,0.00000000
1624627279.68993974,2,0.00000000,0.00000000
1624627279.69030166,2,0.00000000,0.00000000
1624627279.78989244,2,0.00000000,0.00000000
1624627279.79013419,2,0.00000000,0.00000000
1624627279.88988924,2,0.00000000,0.00000000
1624627279.89011669,2,0.00000000,0.00000000
1624627279.98988557,2,0.00000000,0.00000000
1624627279.99011874,2,0.00000000,0.00000000
1624627280.08988976,2,0.00000000,0.00000000
1624627280.09011555,2,0.00000000,0.00000000
1624627280.18988633,2,0.00000000,0.00000000
1624627280.19023752,2,0.00000000,0.00000000
1624627280.28989720,2,0.00000000,0.00000000
1624627280.29025578,2,0.00000000,0.00000000
1624627280.38988447,2,0.00000000,0.00000000
1624627280.39011765,2,0.00000000,0.00000000
1624627280.48988485,2,0.00000000,0.00000000
1624627280.49013948,2,0.00000000,0.00000000
1624627280.58989000,2,0.00000000,0.00000000
1624627280.59019971,2,0.00000000,0.00000000
1624627280.68989849,2,0.00000000,0.00000000
1624627280.69015789,2,0.00000000,0.00000000
1624627280.78989291,2,0.00000000,0.00000000
1624627280.79020357,2,0.00000000,0.00000000
1624627280.88988352,2,0.00000000,0.00000000
1624627280.89014173,2,0.00000000,0.00000000
1624627280.98989463,2,0.00000000,0.00000000
1624627280.99020958,2,0.00000000,0.00000000
1624627281.08986902,2,0.00000000,0.00000000
1624627281.09018946,2,0.00000000,0.00000000
1624627281.18988705,2,0.00000000,0.00000000
1624627281.19019961,2,0.00000000,0.00000000
1624627281.28988457,2,0.00000000,0.00000000
1624627281.29013920,2,0.00000000,0.00000000
1624627281.38988948,2,0.00000000,0.00000000
1624627281.39013648,2,0.00000000,0.00000000
1624627281.48986745,2,0.00000000,0.00000000
1624627281.49016523,2,0.00000000,0.00000000
1624627281.58988667,2,0.00000000,0.00000000
1624627281.59012914,2,0.00000000,0.00000000
1624627281.68987155,2,0.00000000,0.00000000
1624627281.69010568,2,0.00000000,0.00000000
1624627281.78988600,2,0.00000000,0.00000000
1624627281.79012465,2,0.00000000,0.00000000
1624627281.88988614,2,0.00000000,0.00000000
1624627281.89012432,2,0.00000000,0.00000000
1624627281.98988533,2,0.00000000,0.00000000
1624627281.99018645,2,0.00000000,0.00000000
1624627282.08988786,2,0.00000000,0.00000000
1624627282.09013009,2,0.00000000,0.00000000
1624627282.18988752,2,0.00000000,0.00000000
1624627282.19019413,2,0.00000000,0.00000000
1624627282.28985643,2,0.00000000,0.00000000
1624627282.29010224,2,0.00000000,0.00000000
1624627282.38986468,2,0.00000000,0.00000000
1624627282.39010477,2,0.00000000,0.00000000
1624627282.48984647,2,0.00000000,0.00000000
1624627282.49011350,2,0.00000000,0.00000000
1624627282.58984852,2,0.00000000,0.00000000
1624627282.59013343,2,0.00000000,0.00000000
1624627282.68988991,2,0.00000000,0.00000000
1624627282.69021463,2,0.00000000,0.00000000
1624627282.78990388,2,0.00000000,0.00000000
1624627282.79001045,2,0.00000000,0.00000000
1624627282.88984179,2,0.00000000,0.00000000
1624627282.89009333,2,0.00000000,0.00000000
1624627282.98987341,2,0.00000000,0.00000000
1624627282.99010944,2,0.00000000,0.00000000
1624627283.08988881,2,0.00000000,0.00000000
1624627283.09013367,2,0.00000000,0.00000000
1624627283.18989110,2,0.00000000,0.00000000
1624627283.19013882,2,0.00000000,0.00000000
1624627283.28989291,2,0.00000000,0.00000000
1624627283.29014730,2,0.00000000,0.00000000
1624627283.38988829,2,0.00000000,0.00000000
1624627283.39013433,2,0.00000000,0.00000000
1624627283.48989415,2,0.00000000,0.00000000
1624627283.49016070,2,0.00000000,0.00000000
1624627283.58988643,2,0.00000000,0.00000000
1624627283.59012580,2,0.00000000,0.00000000
1624627283.68988514,2,0.00000000,0.00000000
1624627283.69014049,2,0.00000000,0.00000000
1624627283.78988552,2,0.00000000,0.00000000
1624627283.79012537,2,0.00000000,0.00000000
1624627283.88988042,2,0.00000000,0.00000000
1624627283.89013433,2,0.00000000,0.00000000
1624627283.98984861,2,0.00000000,0.00000000
1624627283.99008751,2,0.00000000,0.00000000
1624627284.08988714,2,0.00000000,0.00000000
1624627284.09019399,2,0.00000000,0.00000000
1624627284.18985176,2,0.00000000,0.00000000
1624627284.19008875,2,0.00000000,0.00000000
1624627284.28989244,2,0.00000000,0.00000000
1624627284.29012871,2,0.00000000,0.00000000
1624627284.38989139,2,0.00000000,0.00000000
1624627284.39012599,2,0.00000000,0.00000000
1624627284.48981667,2,0.00000000,0.00000000
1624627284.48993039,2,0.00000000,0.00000000
1624627284.58984184,2,0.00000000,0.00000000
1624627284.59008169,2,0.00000000,0.00000000
1624627284.68991756,2,0.00000000,0.00000000
1624627284.69015455,2,0.00000000,0.00000000
1624627284.78988576,2,0.00000000,0.00000000
1624627284.79016304,2,0.00000000,0.00000000
1624627284.88984108,2,0.00000000,0.00000000
1624627284.89008641,2,0.00000000,0.00000000
1624627284.98984075,2,0.00000000,0.00000000
1624627284.99007916,2,0.00000000,0.00000000
1624627285.08988523,2,0.00000000,0.00000000
1624627285.09012556,2,0.00000000,0.00000000
1624627285.18988562,2,0.00000000,0.00000000
1624627285.19011950,2,0.00000000,0.00000000
1624627285.28989100,2,0.00000000,0.00000000
1624627285.29013109,2,0.00000000,0.00000000
1624627285.38988757,2,0.00000000,0.00000000
1624627285.39012814,2,0.00000000,0.00000000
1624627285.48986721,2,0.00000000,0.00000000
1624627285.49012709,2,0.00000000,0.00000000
1624627285.58988523,2,0.00000000,0.00000000
1624627285.59012532,2,0.00000000,0.00000000
1624627285.68986464,2,0.00000000,0.00000000
1624627285.69021702,2,0.00000000,0.00000000
1624627285.78988624,2,0.00000000,0.00000000
1624627285.79024363,2,0.00000000,0.00000000
1624627285.88990355,2,0.00000000,0.00000000
1624627285.89014149,2,0.00000000,0.00000000
1624627285.98989272,2,0.00000000,0.00000000
1624627285.99023390,2,0.00000000,0.00000000
1624627286.08990073,2,0.00000000,0.00000000
1624627286.09014034,2,0.00000000,0.00000000
1624627286.18988705,2,0.00000000,0.00000000
1624627286.19012737,2,0.00000000,0.00000000
1624627286.28989196,2,0.00000000,0.00000000
1624627286.29013062,2,0.00000000,0.00000000
1624627286.38989329,2,0.00000000,0.00000000
1624627286.39019394,2,0.00000000,0.00000000
1624627286.48988795,2,0.00000000,0.00000000
1624627286.49012470,2,0.00000000,0.00000000
1624627286.58988667,2,0.00000000,0.00000000
1624627286.59012556,2,0.00000000,0.00000000
1624627286.68988633,2,0.00000000,0.00000000
1624627286.69012237,2,0.00000000,0.00000000
1624627286.78989244,2,0.00000000,0.00000000
1624627286.79012966,2,0.00000000,0.00000000
1624627286.88989353,2,0.00000000,0.00000000
1624627286.89013004,2,0.00000000,0.00000000
1624627286.98989129,2,0.00000000,0.00000000
1624627286.99013901,2,0.00000000,0.00000000
1624627287.08988857,2,0.00000000,0.00000000
1624627287.09013629,2,0.00000000,0.00000000
1624627287.18984342,2,0.00000000,0.00000000
1624627287.19010901,2,0.00000000,0.00000000
1624627287.28985548,2,0.00000000,0.00000000
1624627287.29010558,2,0.00000000,0.00000000
1624627287.38989091,2,0.00000000,0.00000000
1624627287.39015126,2,0.00000000,0.00000000
1624627287.48988867,2,0.00000000,0.00000000
1624627287.49016809,2,0.00000000,0.00000000
1624627287.58986878,2,0.00000000,0.00000000
1624627287.59012437,2,0.00000000,0.00000000
1624627287.68988848,2,0.00000000,0.00000000
1624627287.69014406,2,0.00000000,0.00000000
1624627287.78989792,2,0.00000000,0.00000000
1624627287.79014707,2,0.00000000,0.00000000
1624627287.88989401,2,0.00000000,0.00000000
1624627287.89021587,2,0.00000000,0.00000000
1624627287.98988914,2,0.00000000,0.00000000
1624627287.99015617,2,0.00000000,0.00000000
1624627288.08989334,2,0.00000000,0.00000000
1624627288.09015632,2,0.00000000,0.00000000
1624627288.18989205,2,0.00000000,0.00000000
1624627288.19019842,2,0.00000000,0.00000000
1624627288.28988242,2,0.00000000,0.00000000
1624627288.28997636,2,0.00000000,0.00000000
1624627288.38988447,2,0.00000000,0.00000000
1624627288.39013672,2,0.00000000,0.00000000
1624627288.48988700,2,0.00000000,0.00000000
1624627288.49013257,2,0.00000000,0.00000000
1624627288.58989072,2,0.00000000,0.00000000
1624627288.59014225,2,0.00000000,0.00000000
1624627288.68985105,2,0.00000000,0.00000000
1624627288.69018340,2,0.00000000,0.00000000
1624627288.78984785,2,0.00000000,0.00000000
1624627288.79009938,2,0.00000000,0.00000000
1624627288.88987517,2,0.00000000,0.00000000
1624627288.89013863,2,0.00000000,0.00000000
1624627288.98984408,2,0.00000000,0.00000000
1624627288.99009752,2,0.00000000,0.00000000
1624627289.08988833,2,0.00000000,0.00000000
1624627289.09022212,2,0.00000000,0.00000000
1624627289.18989301,2,0.00000000,0.00000000
1624627289.19012642,2,0.00000000,0.00000000
1624627289.28989387,2,0.00000000,0.00000000
1624627289.29014874,2,0.00000000,0.00000000
1624627289.38988733,2,0.00000000,0.00000000
1624627289.39011908,2,0.00000000,0.00000000
1624627289.48986578,2,0.00000000,0.00000000
1624627289.49010158,2,0.00000000,0.00000000
1624627289.58988762,2,0.00000000,0.00000000
1624627289.59012413,2,0.00000000,0.00000000
1624627289.68986940,2,0.00000000,0.00000000
1624627289.69010997,2,0.00000000,0.00000000
1624627289.78985620,2,0.00000000,0.00000000
1624627289.79010224,2,0.00000000,0.00000000
1624627289.88984871,2,0.00000000,0.00000000
1624627289.89024305,2,0.00000000,0.00000000
1624627289.98991847,2,0.00000000,0.00000000
1624627289.99000096,2,0.00000000,0.00000000
1624627290.08986878,2,0.00000000,0.00000000
1624627290.09024668,2,0.00000000,0.00000000
1624627290.18988872,2,0.00000000,0.00000000
1624627290.19024777,2,0.00000000,0.00000000
1624627290.28988552,2,0.00000000,0.00000000
1624627290.29020452,2,0.00000000,0.00000000
1624627290.38988256,2,0.00000000,0.00000000
1624627290.39013553,2,0.00000000,0.00000000
1624627290.48983359,2,0.00000000,0.00000000
1624627290.48993468,2,0.00000000,0.00000000
1624627290.58989477,2,0.00000000,0.00000000
1624627290.59020233,2,0.00000000,0.00000000
1624627290.68988442,2,0.00000000,0.00000000
1624627290.69012380,2,0.00000000,0.00000000
1624627290.78989267,2,0.00000000,0.00000000
1624627290.79013872,2,0.00000000,0.00000000
1624627290.88986659,2,0.00000000,0.00000000
1624627290.89010239,2,0.00000000,0.00000000
1624627290.98985744,2,0.00000000,0.00000000
1624627290.99018598,2,0.00000000,0.00000000
1624627291.08989787,2,0.00000000,0.00000000
1624627291.18989182,2,0.00000000,0.00000000
1624627291.28990293,2,0.00000000,0.00000000
1624627291.38984632,2,0.00000000,0.00000000
1624627291.48989916,2,0.00000000,0.00000000
1624627291.58990383,2,0.00000000,0.00000000
1624627291.68989134,2,0.00000000,0.00000000
1624627291.78984427,2,0.00000000,0.00000000
1624627291.88985205,2,0.00000000,0.00000000
1624627291.98991466,2,0.00000000,0.00000000
1624627292.08989549,2,0.00000000,0.00000000
1624627292.18989182,2,0.00000000,0.00000000
1624627292.28990483,2,0.00000000,0.00000000
1624627292.38985062,2,0.00000000,0.00000000
1624627292.48985004,2,0.00000000,0.00000000
1624627292.58981919,2,0.00000000,0.00000000
1624627292.68985081,2,0.00000000,0.00000000
1624627292.78989124,2,0.00000000,0.00000000
1624627292.88990188,2,0.00000000,0.00000000
1624627292.98986220,2,0.00000000,0.00000000
1624627293.08985662,2,0.00000000,0.00000000
1624627293.18989873,2,0.00000000,0.00000000
