Seconds,Desired Distance
1623609821.52652550,3.50000000
1623609821.62637448,3.50000000
1623609821.72636414,3.50000000
1623609821.82636046,3.50000000
1623609821.92635083,3.50000000
1623609822.02638745,3.50000000
1623609822.12640715,3.50000000
1623609822.22632742,3.50000000
1623609822.32635450,3.50000000
1623609822.42640257,3.50000000
1623609822.52641892,3.50000000
1623609822.62642741,3.50000000
1623609822.72639465,3.50000000
1623609822.82636452,3.50000000
1623609822.92622948,3.50000000
1623609823.02611756,3.50000000
1623609823.12611842,3.50000000
1623609823.22612476,3.50000000
1623609823.32612514,3.50000000
1623609823.42646742,3.50000000
1623609823.52636814,3.50000000
1623609823.62635016,3.50000000
1623609823.72634411,3.50000000
1623609823.82634544,3.50000000
1623609823.92644906,3.50000000
1623609824.02636647,3.50000000
1623609824.12641287,3.50000000
1623609824.22640443,3.50000000
1623609824.32642055,3.50000000
1623609824.42634964,3.50000000
1623609824.52643871,3.50000000
1623609824.62620282,3.50000000
1623609824.72634578,3.50000000
1623609824.82612467,3.50000000
1623609824.92620730,3.50000000
1623609825.02636290,3.50000000
1623609825.12616658,3.50000000
1623609825.22611618,3.50000000
1623609825.32612610,3.50000000
1623609825.42611933,3.50000000
1623609825.52619123,3.50000000
1623609825.62636042,3.50000000
1623609825.72624111,3.50000000
1623609825.82635832,3.50000000
1623609825.92636180,3.50000000
1623609826.02636695,3.50000000
1623609826.12642002,3.50000000
1623609826.22636604,3.50000000
1623609826.32619023,3.50000000
1623609826.42632699,3.50000000
1623609826.52643108,3.50000000
1623609826.62633848,3.50000000
1623609826.72633791,3.50000000
1623609826.82648873,3.50000000
1623609826.92620873,3.50000000
1623609827.02613521,3.50000000
1623609827.12619042,3.50000000
1623609827.22638035,3.50000000
1623609827.32637548,3.50000000
1623609827.42634654,3.50000000
1623609827.52644920,3.50000000
1623609827.62646914,3.50000000
1623609827.72645187,3.50000000
1623609827.82634854,3.50000000
1623609827.92630982,3.50000000
1623609828.02631950,3.50000000
1623609828.12637138,3.50000000
1623609828.22638392,3.50000000
1623609828.32635975,3.50000000
1623609828.42648435,3.50000000
1623609828.52635574,3.50000000
1623609828.62631941,3.50000000
1623609828.72637987,3.50000000
1623609828.82642341,3.50000000
1623609828.92635751,3.50000000
1623609829.02636814,3.50000000
1623609829.12635899,3.50000000
1623609829.22634172,3.50000000
1623609829.32636428,3.50000000
1623609829.42637491,3.50000000
1623609829.52636695,3.50000000
1623609829.62641644,3.50000000
1623609829.72627473,3.50000000
1623609829.82635188,3.50000000
1623609829.92638659,3.50000000
1623609830.02635217,3.50000000
1623609830.12634945,3.50000000
1623609830.22635555,3.50000000
1623609830.32635117,3.50000000
1623609830.42633629,3.50000000
1623609830.52634621,3.50000000
1623609830.62637067,3.50000000
1623609830.72636127,3.50000000
1623609830.82636094,3.50000000
1623609830.92617035,3.50000000
1623609831.02617812,3.50000000
1623609831.12646604,3.50000000
1623609831.22625208,3.50000000
1623609831.32648063,3.50000000
1623609831.42637801,3.50000000
1623609831.52638388,3.50000000
1623609831.62632036,3.50000000
1623609831.72634363,3.50000000
1623609831.82637048,3.50000000
1623609831.92635083,3.50000000
1623609832.02613664,3.50000000
1623609832.12639618,3.50000000
1623609832.22615433,3.50000000
1623609832.32625151,3.50000000
1623609832.42618537,3.50000000
1623609832.52638149,3.50000000
1623609832.62640643,3.50000000
1623609832.72628832,3.50000000
1623609832.82635760,3.50000000
1623609832.92636657,3.50000000
1623609833.02625179,3.50000000
1623609833.12611818,3.50000000
1623609833.22622967,3.50000000
1623609833.32611895,3.50000000
1623609833.42637229,3.50000000
1623609833.52638531,3.50000000
1623609833.62621832,3.50000000
1623609833.72635579,3.50000000
1623609833.82634616,3.50000000
1623609833.92634702,3.50000000
1623609834.02640295,3.50000000
1623609834.12639189,3.50000000
1623609834.22634268,3.50000000
1623609834.32636070,3.50000000
1623609834.42639565,3.50000000
1623609834.52623582,3.50000000
1623609834.62614870,3.50000000
1623609834.72614169,3.50000000
1623609834.82628679,3.50000000
1623609834.92632222,3.50000000
1623609835.02635288,3.50000000
1623609835.12631488,3.50000000
1623609835.22637510,3.50000000
1623609835.32639647,3.50000000
1623609835.42635393,3.50000000
1623609835.52643585,3.50000000
1623609835.62636042,3.50000000
1623609835.72633839,3.50000000
1623609835.82623267,3.50000000
1623609835.92618251,3.50000000
1623609836.02617288,3.50000000
1623609836.12623191,3.50000000
1623609836.22633386,3.50000000
1623609836.32642770,3.50000000
1623609836.42641878,3.50000000
1623609836.52641368,3.50000000
1623609836.62635899,3.50000000
1623609836.72636652,3.50000000
1623609836.82639217,3.50000000
1623609836.92636275,3.50000000
1623609837.02635074,3.50000000
1623609837.12640238,3.50000000
1623609837.22640848,3.50000000
1623609837.32636213,3.50000000
1623609837.42635703,3.50000000
1623609837.52635884,3.50000000
1623609837.62640023,3.50000000
1623609837.72620177,3.50000000
1623609837.82647824,3.50000000
1623609837.92654634,3.50000000
1623609838.02635813,3.50000000
1623609838.12634301,3.50000000
1623609838.22637534,3.50000000
1623609838.32644486,3.50000000
1623609838.42636943,3.50000000
1623609838.52637196,3.50000000
1623609838.62635708,3.50000000
1623609838.72635698,3.50000000
1623609838.82632160,3.50000000
1623609838.92637253,3.50000000
1623609839.02637172,3.50000000
1623609839.12634563,3.50000000
1623609839.22647667,3.50000000
1623609839.32636595,3.50000000
1623609839.42636657,3.50000000
1623609839.52636290,3.50000000
1623609839.62637067,3.50000000
1623609839.72637653,3.50000000
1623609839.82634783,3.50000000
1623609839.92640209,3.50000000
1623609840.02641106,3.50000000
1623609840.12636447,3.50000000
1623609840.22637200,3.50000000
1623609840.32642412,3.50000000
1623609840.42643094,3.50000000
1623609840.52641964,3.50000000
1623609840.62636352,3.50000000
1623609840.72641492,3.50000000
1623609840.82637548,3.50000000
1623609840.92641878,3.50000000
1623609841.02632523,3.50000000
1623609841.12643647,3.50000000
1623609841.22637701,3.50000000
1623609841.32615232,3.50000000
1623609841.42634273,3.50000000
1623609841.52670860,3.50000000
1623609841.62637973,3.50000000
1623609841.72641230,3.50000000
1623609841.82636690,3.50000000
1623609841.92642260,3.50000000
1623609842.02643847,3.50000000
1623609842.12637043,3.50000000
1623609842.22638893,3.50000000
1623609842.32635617,3.50000000
1623609842.42635322,3.50000000
1623609842.52637053,3.50000000
1623609842.62629390,3.50000000
1623609842.72641468,3.50000000
1623609842.82644153,3.50000000
1623609842.92634273,3.50000000
1623609843.02638817,3.50000000
1623609843.12646222,3.50000000
1623609843.22643971,3.50000000
1623609843.32646346,3.50000000
1623609843.42670035,3.50000000
1623609843.52631330,3.50000000
1623609843.62644672,3.50000000
1623609843.72644019,3.50000000
1623609843.82645750,3.50000000
1623609843.92644691,3.50000000
1623609844.02637911,3.50000000
1623609844.12641311,3.50000000
1623609844.22640014,3.50000000
1623609844.32646441,3.50000000
1623609844.42646289,3.50000000
1623609844.52636242,3.50000000
1623609844.62635517,3.50000000
1623609844.72641706,3.50000000
1623609844.82638478,3.50000000
1623609844.92637753,3.50000000
1623609845.02632689,3.50000000
1623609845.12633944,3.50000000
1623609845.22633910,3.50000000
1623609845.32636046,3.50000000
1623609845.42643237,3.50000000
1623609845.52635670,3.50000000
1623609845.62636137,3.50000000
1623609845.72631097,3.50000000
1623609845.82635140,3.50000000
1623609845.92633867,3.50000000
1623609846.02643251,3.50000000
1623609846.12641335,3.50000000
1623609846.22644925,3.50000000
1623609846.32647586,3.50000000
1623609846.42643404,3.50000000
1623609846.52642059,3.50000000
1623609846.62636352,3.50000000
1623609846.72635770,3.50000000
1623609846.82636738,3.50000000
1623609846.92635584,3.50000000
1623609847.02641988,3.50000000
1623609847.12636137,3.50000000
1623609847.22636199,3.50000000
1623609847.32634902,3.50000000
1623609847.42637134,3.50000000
1623609847.52634144,3.50000000
1623609847.62636542,3.50000000
1623609847.72643256,3.50000000
1623609847.82646942,3.50000000
1623609847.92645621,3.50000000
1623609848.02639675,3.50000000
1623609848.12637138,3.50000000
1623609848.22640800,3.50000000
1623609848.32641220,3.50000000
1623609848.42637658,3.50000000
1623609848.52636743,3.50000000
1623609848.62637401,3.50000000
1623609848.72638535,3.50000000
1623609848.82637262,3.50000000
1623609848.92632389,3.50000000
1623609849.02646708,3.50000000
1623609849.12634540,3.50000000
1623609849.22639823,3.50000000
1623609849.32636476,3.50000000
1623609849.42636204,3.50000000
1623609849.52636409,3.50000000
1623609849.62636590,3.50000000
1623609849.72646546,3.50000000
1623609849.82637691,3.50000000
1623609849.92634702,3.50000000
1623609850.02635241,3.50000000
1623609850.12642074,3.50000000
1623609850.22641349,3.50000000
1623609850.32634854,3.50000000
1623609850.42638159,3.50000000
1623609850.52635002,3.50000000
1623609850.62635756,3.50000000
1623609850.72635627,3.50000000
1623609850.82636499,3.50000000
1623609850.92634201,3.50000000
1623609851.02637172,3.50000000
1623609851.12642264,3.50000000
1623609851.22635269,3.50000000
1623609851.32637239,3.50000000
1623609851.42628622,3.50000000
1623609851.52640200,3.50000000
1623609851.62635636,3.50000000
1623609851.72636771,3.50000000
1623609851.82635880,3.50000000
1623609851.92638159,3.50000000
1623609852.02636766,3.50000000
1623609852.12637281,3.50000000
1623609852.22634482,3.50000000
1623609852.32637286,3.50000000
1623609852.42635274,3.50000000
1623609852.52636552,3.50000000
1623609852.62633944,3.50000000
1623609852.72634315,3.50000000
1623609852.82633948,3.50000000
1623609852.92634368,3.50000000
1623609853.02637196,3.50000000
1623609853.12610650,3.50000000
1623609853.22636056,3.50000000
1623609853.32635307,3.50000000
1623609853.42634797,3.50000000
1623609853.52636528,3.50000000
1623609853.62633586,3.50000000
1623609853.72633910,3.50000000
1623609853.82634115,3.50000000
1623609853.92634010,3.50000000
1623609854.02637720,3.50000000
1623609854.12635112,3.50000000
1623609854.22635317,3.50000000
1623609854.32635546,3.50000000
1623609854.42636919,3.50000000
1623609854.52635145,3.50000000
1623609854.62635279,3.50000000
1623609854.72640491,3.50000000
1623609854.82631731,3.50000000
1623609854.92631793,3.50000000
1623609855.02636170,3.50000000
1623609855.12636757,3.50000000
1623609855.22614527,3.50000000
1623609855.32636333,3.50000000
1623609855.42637205,3.50000000
1623609855.52650166,3.50000000
1623609855.62634921,3.50000000
1623609855.72642684,3.50000000
1623609855.82634115,3.50000000
1623609855.92636776,3.50000000
1623609856.02634597,3.50000000
1623609856.12636662,3.50000000
1623609856.22635007,3.50000000
1623609856.32642150,3.50000000
1623609856.42648983,3.50000000
1623609856.52642536,3.50000000
1623609856.62642479,3.50000000
1623609856.72635746,3.50000000
1623609856.82640624,3.50000000
1623609856.92641640,3.50000000
1623609857.02639556,3.50000000
1623609857.12635422,3.50000000
1623609857.22634053,3.50000000
1623609857.32646275,3.50000000
1623609857.42641497,3.50000000
1623609857.52640724,3.50000000
1623609857.62641883,3.50000000
1623609857.72636390,3.50000000
1623609857.82643509,3.50000000
1623609857.92646480,3.50000000
1623609858.02635956,3.50000000
1623609858.12648582,3.50000000
1623609858.22635865,3.50000000
1623609858.32635117,3.50000000
1623609858.42633390,3.50000000
1623609858.52637315,3.50000000
1623609858.62648225,3.50000000
1623609858.72633934,3.50000000
1623609858.82635450,3.50000000
1623609858.92634082,3.50000000
1623609859.02634835,3.50000000
1623609859.12639403,3.50000000
1623609859.22642279,3.50000000
1623609859.32631278,3.50000000
1623609859.42641163,3.50000000
1623609859.52637410,3.50000000
1623609859.62612677,3.50000000
1623609859.72618127,3.50000000
1623609859.82647800,3.50000000
1623609859.92634630,3.50000000
1623609860.02657127,3.50000000
1623609860.12641001,3.50000000
1623609860.22648430,3.50000000
1623609860.32642293,3.50000000
1623609860.42636061,3.50000000
1623609860.52636313,3.50000000
1623609860.62634277,3.50000000
1623609860.72634959,3.50000000
1623609860.82634974,3.50000000
1623609860.92634058,3.50000000
1623609861.02636242,3.50000000
1623609861.12637329,3.50000000
1623609861.22636580,3.50000000
1623609861.32637143,3.50000000
1623609861.42630672,3.50000000
1623609861.52637696,3.50000000
1623609861.62635803,3.50000000
1623609861.72635412,3.50000000
1623609861.82641244,3.50000000
1623609861.92634320,3.50000000
1623609862.02637768,3.50000000
1623609862.12641144,3.50000000
1623609862.22634912,3.50000000
1623609862.32640004,3.50000000
1623609862.42636132,3.50000000
1623609862.52642727,3.50000000
1623609862.62634754,3.50000000
1623609862.72640777,3.50000000
1623609862.82633448,3.50000000
1623609862.92639351,3.50000000
1623609863.02643323,3.50000000
1623609863.12640595,3.50000000
1623609863.22633314,3.50000000
1623609863.32643867,3.50000000
1623609863.42645979,3.50000000
1623609863.52636623,3.50000000
1623609863.62632275,3.50000000
1623609863.72635627,3.50000000
1623609863.82634139,3.50000000
1623609863.92636299,3.50000000
1623609864.02643228,3.50000000
1623609864.12642550,3.50000000
1623609864.22637272,3.50000000
1623609864.32639670,3.50000000
1623609864.42636776,3.50000000
1623609864.52636266,3.50000000
1623609864.62639117,3.50000000
1623609864.72640896,3.50000000
1623609864.82640696,3.50000000
1623609864.92636251,3.50000000
1623609865.02644992,3.50000000
1623609865.12633801,3.50000000
1623609865.22618532,3.50000000
1623609865.32634139,3.50000000
1623609865.42634392,3.50000000
1623609865.52635026,3.50000000
1623609865.62635636,3.50000000
1623609865.72636747,3.50000000
1623609865.82642579,3.50000000
1623609865.92635393,3.50000000
1623609866.02636933,3.50000000
1623609866.12633920,3.50000000
1623609866.22635913,3.50000000
1623609866.32635474,3.50000000
1623609866.42634463,3.50000000
1623609866.52651334,3.50000000
1623609866.62636614,3.50000000
1623609866.72638559,3.50000000
1623609866.82637382,3.50000000
1623609866.92641878,3.50000000
1623609867.02643442,3.50000000
1623609867.12641239,3.50000000
1623609867.22634578,3.50000000
1623609867.32621717,3.50000000
1623609867.42618012,3.50000000
1623609867.52642226,3.50000000
1623609867.62656116,3.50000000
1623609867.72633410,3.50000000
1623609867.82640028,3.50000000
1623609867.92633915,3.50000000
1623609868.02635455,3.50000000
1623609868.12641549,3.50000000
1623609868.22629976,3.50000000
1623609868.32639003,3.50000000
1623609868.42633986,3.50000000
1623609868.52636313,3.50000000
1623609868.62634110,3.50000000
1623609868.72633386,3.50000000
1623609868.82633638,3.50000000
1623609868.92629838,3.50000000
1623609869.02635932,3.50000000
1623609869.12634635,3.50000000
1623609869.22646260,3.50000000
1623609869.32634974,3.50000000
1623609869.42634559,3.50000000
1623609869.52638078,3.50000000
1623609869.62634516,3.50000000
1623609869.72633600,3.50000000
1623609869.82634974,3.50000000
1623609869.92634177,3.50000000
1623609870.02616048,3.50000000
1623609870.12639308,3.50000000
1623609870.22641087,3.50000000
1623609870.32637239,3.50000000
1623609870.42636251,3.50000000
1623609870.52645421,3.50000000
1623609870.62635112,3.50000000
1623609870.72635126,3.50000000
1623609870.82614207,3.50000000
1623609870.92618036,3.50000000
1623609871.02645564,3.50000000
1623609871.12643743,3.50000000
1623609871.22642279,3.50000000
1623609871.32633257,3.50000000
1623609871.42617869,3.50000000
1623609871.52641416,3.50000000
1623609871.62635493,3.50000000
1623609871.72634912,3.50000000
1623609871.82634807,3.50000000
1623609871.92635036,3.50000000
1623609872.02636647,3.50000000
1623609872.12638187,3.50000000
1623609872.22636819,3.50000000
1623609872.32642817,3.50000000
1623609872.42638183,3.50000000
1623609872.52638245,3.50000000
1623609872.62631655,3.50000000
1623609872.72637463,3.50000000
1623609872.82645655,3.50000000
1623609872.92638040,3.50000000
1623609873.02636719,3.50000000
1623609873.12634230,3.50000000
1623609873.22634745,3.50000000
1623609873.32627654,3.50000000
1623609873.42635775,3.50000000
1623609873.52636719,3.50000000
1623609873.62633300,3.50000000
1623609873.72634029,3.50000000
1623609873.82631993,3.50000000
1623609873.92637610,3.50000000
1623609874.02646995,3.50000000
1623609874.12633824,3.50000000
1623609874.22633171,3.50000000
1623609874.32636213,3.50000000
1623609874.42634320,3.50000000
1623609874.52634215,3.50000000
1623609874.62633729,3.50000000
1623609874.72633529,3.50000000
1623609874.82636762,3.50000000
1623609874.92633271,3.50000000
1623609875.02637100,3.50000000
1623609875.12634301,3.50000000
1623609875.22633576,3.50000000
1623609875.32633376,3.50000000
1623609875.42633486,3.50000000
1623609875.52640200,3.50000000
1623609875.62639976,3.50000000
1623609875.72639966,3.50000000
1623609875.82633209,3.50000000
1623609875.92636013,3.50000000
1623609876.02637601,3.50000000
1623609876.12634873,3.50000000
1623609876.22634888,3.50000000
1623609876.32635760,3.50000000
1623609876.42636013,3.50000000
1623609876.52639985,3.50000000
1623609876.62636542,3.50000000
1623609876.72636127,3.50000000
1623609876.82635283,3.50000000
1623609876.92634296,3.50000000
1623609877.02640057,3.50000000
1623609877.12636304,3.50000000
1623609877.22639251,3.50000000
1623609877.32633829,3.50000000
1623609877.42633915,3.50000000
1623609877.52634668,3.50000000
1623609877.62643218,3.50000000
1623609877.72640872,3.50000000
1623609877.82635236,3.50000000
1623609877.92636108,3.50000000
1623609878.02630162,3.50000000
1623609878.12637591,3.50000000
1623609878.22645116,3.50000000
1623609878.32635713,3.50000000
1623609878.42636895,3.50000000
1623609878.52638388,3.50000000
1623609878.62636375,3.50000000
1623609878.72636986,3.50000000
1623609878.82637620,3.50000000
1623609878.92636585,3.50000000
1623609879.02638221,3.50000000
1623609879.12637258,3.50000000
1623609879.22635508,3.50000000
1623609879.32635331,3.50000000
1623609879.42635965,3.50000000
1623609879.52634573,3.50000000
1623609879.62639427,3.50000000
1623609879.72640371,3.50000000
1623609879.82640052,3.50000000
1623609879.92632771,3.50000000
1623609880.02636290,3.50000000
1623609880.12635612,3.50000000
1623609880.22632718,3.50000000
1623609880.32633114,3.50000000
1623609880.42633915,3.50000000
1623609880.52634764,3.50000000
1623609880.62636733,3.50000000
1623609880.72648072,3.50000000
1623609880.82634425,3.50000000
1623609880.92645788,3.50000000
1623609881.02635860,3.50000000
1623609881.12634516,3.50000000
1623609881.22635508,3.50000000
1623609881.32634616,3.50000000
1623609881.42633557,3.50000000
1623609881.52636528,3.50000000
1623609881.62633872,3.50000000
1623609881.72632813,3.50000000
1623609881.82634497,3.50000000
1623609881.92634535,3.50000000
1623609882.02636433,3.50000000
1623609882.12629843,3.50000000
1623609882.22635388,3.50000000
1623609882.32649446,3.50000000
1623609882.42645264,3.50000000
1623609882.52642727,3.50000000
1623609882.62636971,3.50000000
1623609882.72635913,3.50000000
1623609882.82635307,3.50000000
1623609882.92633176,3.50000000
1623609883.02635622,3.50000000
1623609883.12634659,3.50000000
1623609883.22632909,3.50000000
1623609883.32635283,3.50000000
1623609883.42635751,3.50000000
1623609883.52641225,3.50000000
1623609883.62637281,3.50000000
1623609883.72634768,3.50000000
1623609883.82633829,3.50000000
1623609883.92634869,3.50000000
1623609884.02634549,3.50000000
1623609884.12635040,3.50000000
1623609884.22640657,3.50000000
1623609884.32632971,3.50000000
1623609884.42633295,3.50000000
1623609884.52634954,3.50000000
1623609884.62634516,3.50000000
1623609884.72634411,3.50000000
1623609884.82640481,3.50000000
1623609884.92635798,3.50000000
1623609885.02638412,3.50000000
1623609885.12635398,3.50000000
1623609885.22638130,3.50000000
1623609885.32634997,3.50000000
1623609885.42633748,3.50000000
1623609885.52641463,3.50000000
1623609885.62638807,3.50000000
1623609885.72635627,3.50000000
1623609885.82635450,3.50000000
1623609885.92635489,3.50000000
1623609886.02642369,3.50000000
1623609886.12636971,3.50000000
1623609886.22634006,3.50000000
1623609886.32633018,3.50000000
1623609886.42634892,3.50000000
1623609886.52636099,3.50000000
1623609886.62640929,3.50000000
1623609886.72646070,3.50000000
1623609886.82649660,3.50000000
1623609886.92646194,3.50000000
1623609887.02636743,3.50000000
1623609887.12642407,3.50000000
1623609887.22636843,3.50000000
1623609887.32640457,3.50000000
1623609887.42641687,3.50000000
1623609887.52642965,3.50000000
1623609887.62643218,3.50000000
1623609887.72643161,3.50000000
1623609887.82646656,3.50000000
1623609887.92639017,3.50000000
1623609888.02635360,3.50000000
1623609888.12634420,3.50000000
1623609888.22636628,3.50000000
1623609888.32638979,3.50000000
1623609888.42634726,3.50000000
1623609888.52635550,3.50000000
1623609888.62635183,3.50000000
1623609888.72633648,3.50000000
1623609888.82637835,3.50000000
1623609888.92639184,3.50000000
1623609889.02632260,3.50000000
1623609889.12634301,3.50000000
1623609889.22636890,3.50000000
1623609889.32636642,3.50000000
1623609889.42636180,3.50000000
1623609889.52638865,3.50000000
1623609889.62635207,3.50000000
1623609889.72633123,3.50000000
1623609889.82635617,3.50000000
1623609889.92637396,3.50000000
1623609890.02636051,3.50000000
1623609890.12634969,3.50000000
1623609890.22635579,3.50000000
1623609890.32634640,3.50000000
1623609890.42635083,3.50000000
1623609890.52642441,3.50000000
1623609890.62634850,3.50000000
1623609890.72634983,3.50000000
1623609890.82632995,3.50000000
1623609890.92633247,3.50000000
1623609891.02620602,3.50000000
1623609891.12638497,3.50000000
1623609891.22635555,3.50000000
1623609891.32635260,3.50000000
1623609891.42635584,3.50000000
1623609891.52636361,3.50000000
1623609891.62635422,3.50000000
1623609891.72634482,3.50000000
1623609891.82635641,3.50000000
1623609891.92635012,3.50000000
1623609892.02638006,3.50000000
1623609892.12637901,3.50000000
1623609892.22633481,3.50000000
1623609892.32634759,3.50000000
1623609892.42636251,3.50000000
1623609892.52647090,3.50000000
1623609892.62633324,3.50000000
1623609892.72634435,3.50000000
1623609892.82634878,3.50000000
1623609892.92634439,3.50000000
1623609893.02636266,3.50000000
1623609893.12635422,3.50000000
1623609893.22641087,3.50000000
1623609893.32636428,3.50000000
1623609893.42633414,3.50000000
1623609893.52636600,3.50000000
1623609893.62633514,3.50000000
1623609893.72643948,3.50000000
1623609893.82635140,3.50000000
1623609893.92634630,3.50000000
1623609894.02637315,3.50000000
1623609894.12635183,3.50000000
1623609894.22636104,3.50000000
1623609894.32634950,3.50000000
1623609894.42633319,3.50000000
1623609894.52640224,3.50000000
1623609894.62633467,3.50000000
1623609894.72641158,3.50000000
1623609894.82634020,3.50000000
1623609894.92635345,3.50000000
1623609895.02627420,3.50000000
1623609895.12635159,3.50000000
1623609895.22637177,3.50000000
1623609895.32636356,3.50000000
1623609895.42639136,3.50000000
1623609895.52635789,3.50000000
1623609895.62636876,3.50000000
1623609895.72644114,3.50000000
1623609895.82634640,3.50000000
1623609895.92634678,3.50000000
1623609896.02641678,3.50000000
1623609896.12639403,3.50000000
1623609896.22640228,3.50000000
1623609896.32634187,3.50000000
1623609896.42639351,3.50000000
1623609896.52641416,3.50000000
1623609896.62638879,3.50000000
1623609896.72633958,3.50000000
1623609896.82634878,3.50000000
1623609896.92633152,3.50000000
1623609897.02636504,3.50000000
1623609897.12633467,3.50000000
1623609897.22633338,3.50000000
1623609897.32639694,3.50000000
1623609897.42633915,3.50000000
1623609897.52639055,3.50000000
1623609897.62635016,3.50000000
1623609897.72635198,3.50000000
1623609897.82634687,3.50000000
1623609897.92635250,3.50000000
1623609898.02647185,3.50000000
1623609898.12634873,3.50000000
1623609898.22633886,3.50000000
1623609898.32630682,3.50000000
1623609898.42635655,3.50000000
1623609898.52635860,3.50000000
1623609898.62634349,3.50000000
1623609898.72635698,3.50000000
1623609898.82642937,3.50000000
1623609898.92636514,3.50000000
1623609899.02637100,3.50000000
1623609899.12636900,3.50000000
1623609899.22634745,3.50000000
1623609899.32634401,3.50000000
1623609899.42636085,3.50000000
1623609899.52636290,3.50000000
1623609899.62635255,3.50000000
1623609899.72635269,3.50000000
1623609899.82634902,3.50000000
1623609899.92638302,3.50000000
1623609900.02637005,3.50000000
1623609900.12634778,3.50000000
1623609900.22635460,3.50000000
1623609900.32637596,3.50000000
1623609900.42636466,3.50000000
1623609900.52637243,3.50000000
1623609900.62634563,3.50000000
1623609900.72634673,3.50000000
1623609900.82633734,3.50000000
1623609900.92634964,3.50000000
1623609901.02637339,3.50000000
1623609901.12636638,3.50000000
1623609901.22633505,3.50000000
1623609901.32634139,3.50000000
1623609901.42623067,3.50000000
1623609901.52638078,3.50000000
1623609901.62635708,3.50000000
1623609901.72634196,3.50000000
1623609901.82634163,3.50000000
1623609901.92633343,3.50000000
1623609902.02636409,3.50000000
1623609902.12635446,3.50000000
1623609902.22636867,3.50000000
1623609902.32636380,3.50000000
1623609902.42643428,3.50000000
1623609902.52645183,3.50000000
1623609902.62635756,3.50000000
1623609902.72643685,3.50000000
1623609902.82643509,3.50000000
1623609902.92644286,3.50000000
1623609903.02636266,3.50000000
1623609903.12636232,3.50000000
1623609903.22643876,3.50000000
1623609903.32643557,3.50000000
1623609903.42643905,3.50000000
1623609903.52636003,3.50000000
1623609903.62635803,3.50000000
1623609903.72634172,3.50000000
1623609903.82633710,3.50000000
1623609903.92635202,3.50000000
1623609904.02624965,3.50000000
1623609904.12630963,3.50000000
1623609904.22637534,3.50000000
1623609904.32636452,3.50000000
1623609904.42634940,3.50000000
1623609904.52634883,3.50000000
1623609904.62635803,3.50000000
1623609904.72634888,3.50000000
1623609904.82635951,3.50000000
1623609904.92634821,3.50000000
1623609905.02649164,3.50000000
1623609905.12635374,3.50000000
1623609905.22635365,3.50000000
1623609905.32634091,3.50000000
1623609905.42634678,3.50000000
1623609905.52635288,3.50000000
1623609905.62633753,3.50000000
1623609905.72633410,3.50000000
1623609905.82635546,3.50000000
1623609905.92635345,3.50000000
1623609906.02636385,3.50000000
1623609906.12634301,3.50000000
1623609906.22636771,3.50000000
1623609906.32636595,3.50000000
1623609906.42635417,3.50000000
1623609906.52634311,3.50000000
1623609906.62637162,3.50000000
1623609906.72635293,3.50000000
1623609906.82633305,3.50000000
1623609906.92633700,3.50000000
1623609907.02638054,3.50000000
1623609907.12633801,3.50000000
1623609907.22635579,3.50000000
1623609907.32635808,3.50000000
1623609907.42635226,3.50000000
1623609907.52636194,3.50000000
1623609907.62641788,3.50000000
1623609907.72633481,3.50000000
1623609907.82634425,3.50000000
1623609907.92634106,3.50000000
1623609908.02636290,3.50000000
1623609908.12643957,3.50000000
1623609908.22635841,3.50000000
1623609908.32642889,3.50000000
1623609908.42634439,3.50000000
1623609908.52634215,3.50000000
1623609908.62636256,3.50000000
1623609908.72631955,3.50000000
1623609908.82634497,3.50000000
1623609908.92635798,3.50000000
1623609909.02634716,3.50000000
1623609909.12635565,3.50000000
1623609909.22643018,3.50000000
1623609909.32634091,3.50000000
1623609909.42635107,3.50000000
1623609909.52635574,3.50000000
1623609909.62634969,3.50000000
1623609909.72634840,3.50000000
1623609909.82638454,3.50000000
1623609909.92635608,3.50000000
1623609910.02638030,3.50000000
1623609910.12639380,3.50000000
1623609910.22642326,3.50000000
1623609910.32636309,3.50000000
1623609910.42634988,3.50000000
1623609910.52636981,3.50000000
1623609910.62640238,3.50000000
1623609910.72635937,3.50000000
1623609910.82635450,3.50000000
1623609910.92634749,3.50000000
1623609911.02649474,3.50000000
1623609911.12635446,3.50000000
1623609911.22640300,3.50000000
1623609911.32636142,3.50000000
1623609911.42627168,3.50000000
1623609911.52638626,3.50000000
1623609911.62641501,3.50000000
1623609911.72633934,3.50000000
1623609911.82635760,3.50000000
1623609911.92643285,3.50000000
1623609912.02649570,3.50000000
1623609912.12637234,3.50000000
1623609912.22636580,3.50000000
1623609912.32633710,3.50000000
1623609912.42637849,3.50000000
1623609912.52643347,3.50000000
1623609912.62634301,3.50000000
1623609912.72635078,3.50000000
1623609912.82633543,3.50000000
1623609912.92654276,3.50000000
1623609913.02636862,3.50000000
1623609913.12634778,3.50000000
1623609913.22640038,3.50000000
1623609913.32636166,3.50000000
1623609913.42634034,3.50000000
1623609913.52636290,3.50000000
1623609913.62633729,3.50000000
1623609913.72633886,3.50000000
1623609913.82635307,3.50000000
1623609913.92636323,3.50000000
1623609914.02637148,3.50000000
1623609914.12635493,3.50000000
1623609914.22635627,3.50000000
1623609914.32636189,3.50000000
1623609914.42635131,3.50000000
1623609914.52639937,3.50000000
1623609914.62636256,3.50000000
1623609914.72636986,3.50000000
1623609914.82649541,3.50000000
1623609914.92643332,3.50000000
1623609915.02638245,3.50000000
1623609915.12644529,3.50000000
1623609915.22642851,3.50000000
1623609915.32635474,3.50000000
1623609915.42636228,3.50000000
1623609915.52644110,3.50000000
1623609915.62635493,3.50000000
1623609915.72640944,3.50000000
1623609915.82635665,3.50000000
1623609915.92637110,3.50000000
1623609916.02640438,3.50000000
1623609916.12640905,3.50000000
1623609916.22637391,3.50000000
1623609916.32637858,3.50000000
1623609916.42639470,3.50000000
1623609916.52639294,3.50000000
1623609916.62643337,3.50000000
1623609916.72635841,3.50000000
1623609916.82636905,3.50000000
1623609916.92636132,3.50000000
1623609917.02648425,3.50000000
1623609917.12634444,3.50000000
1623609917.22634315,3.50000000
1623609917.32634139,3.50000000
1623609917.42634439,3.50000000
1623609917.52636886,3.50000000
1623609917.62639594,3.50000000
1623609917.72635841,3.50000000
1623609917.82635546,3.50000000
1623609917.92634344,3.50000000
1623609918.02637148,3.50000000
1623609918.12638116,3.50000000
1623609918.22634077,3.50000000
1623609918.32638311,3.50000000
1623609918.42634273,3.50000000
1623609918.52650928,3.50000000
1623609918.62635970,3.50000000
1623609918.72635889,3.50000000
1623609918.82636213,3.50000000
1623609918.92633939,3.50000000
1623609919.02634668,3.50000000
1623609919.12640071,3.50000000
1623609919.22648883,3.50000000
1623609919.32632303,3.50000000
1623609919.42636728,3.50000000
1623609919.52639365,3.50000000
1623609919.62637973,3.50000000
1623609919.72638249,3.50000000
1623609919.82647228,3.50000000
1623609919.92642570,3.50000000
1623609920.02642059,3.50000000
1623609920.12649226,3.50000000
1623609920.22644591,3.50000000
1623609920.32647967,3.50000000
1623609920.42636967,3.50000000
1623609920.52643204,3.50000000
1623609920.62635541,3.50000000
1623609920.72637653,3.50000000
1623609920.82634950,3.50000000
1623609920.92636490,3.50000000
1623609921.02639580,3.50000000
1623609921.12640905,3.50000000
1623609921.22638822,3.50000000
1623609921.32636714,3.50000000
1623609921.42626333,3.50000000
1623609921.52651811,3.50000000
1623609921.62639880,3.50000000
1623609921.72635508,3.50000000
1623609921.82634521,3.50000000
1623609921.92634702,3.50000000
1623609922.02642989,3.50000000
1623609922.12645864,3.50000000
1623609922.22642303,3.50000000
1623609922.32637691,3.50000000
1623609922.42640924,3.50000000
1623609922.52634883,3.50000000
1623609922.62635207,3.50000000
1623609922.72634959,3.50000000
1623609922.82634783,3.50000000
1623609922.92633843,3.50000000
1623609923.02634764,3.50000000
1623609923.12636900,3.50000000
1623609923.22634268,3.50000000
1623609923.32633710,3.50000000
1623609923.42654467,3.50000000
1623609923.52637291,3.50000000
1623609923.62638521,3.50000000
1623609923.72637916,3.50000000
1623609923.82642055,3.50000000
1623609923.92637324,3.50000000
1623609924.02639246,3.50000000
1623609924.12636924,3.50000000
1623609924.22642922,3.50000000
1623609924.32638073,3.50000000
1623609924.42635894,3.50000000
1623609924.52637339,3.50000000
1623609924.62644124,3.50000000
1623609924.72620821,3.50000000
1623609924.82635570,3.50000000
1623609924.92637062,3.50000000
1623609925.02639413,3.50000000
1623609925.12635016,3.50000000
1623609925.22635508,3.50000000
1623609925.32632613,3.50000000
1623609925.42651558,3.50000000
1623609925.52637792,3.50000000
1623609925.62650204,3.50000000
1623609925.72639918,3.50000000
1623609925.82636142,3.50000000
1623609925.92640495,3.50000000
1623609926.02637720,3.50000000
1623609926.12634444,3.50000000
1623609926.22637200,3.50000000
1623609926.32634950,3.50000000
1623609926.42640257,3.50000000
1623609926.52638555,3.50000000
1623609926.62635398,3.50000000
1623609926.72637057,3.50000000
1623609926.82642674,3.50000000
1623609926.92643785,3.50000000
1623609927.02637625,3.50000000
1623609927.12634897,3.50000000
1623609927.22634840,3.50000000
1623609927.32635069,3.50000000
1623609927.42635489,3.50000000
1623609927.52645802,3.50000000
1623609927.62639546,3.50000000
1623609927.72635984,3.50000000
1623609927.82638359,3.50000000
1623609927.92636776,3.50000000
1623609928.02636600,3.50000000
1623609928.12636685,3.50000000
1623609928.22636819,3.50000000
1623609928.32638741,3.50000000
1623609928.42634773,3.50000000
1623609928.52635384,3.50000000
1623609928.62634778,3.50000000
1623609928.72634745,3.50000000
1623609928.82635760,3.50000000
1623609928.92635655,3.50000000
1623609929.02635860,3.50000000
1623609929.12637615,3.50000000
1623609929.22640300,3.50000000
1623609929.32637954,3.50000000
1623609929.42639923,3.50000000
1623609929.52642822,3.50000000
1623609929.62636495,3.50000000
1623609929.72636294,3.50000000
1623609929.82634592,3.50000000
1623609929.92641640,3.50000000
1623609930.02642441,3.50000000
1623609930.12637615,3.50000000
1623609930.22636986,3.50000000
1623609930.32635093,3.50000000
1623609930.42634773,3.50000000
1623609930.52638245,3.50000000
1623609930.62641740,3.50000000
1623609930.72643638,3.50000000
1623609930.82634425,3.50000000
1623609930.92633271,3.50000000
1623609931.02637053,3.50000000
1623609931.12636328,3.50000000
1623609931.22634912,3.50000000
1623609931.32636952,3.50000000
1623609931.42634320,3.50000000
1623609931.52641368,3.50000000
1623609931.62637091,3.50000000
1623609931.72636604,3.50000000
1623609931.82636356,3.50000000
1623609931.92633462,3.50000000
1623609932.02642751,3.50000000
1623609932.12638021,3.50000000
1623609932.22643495,3.50000000
1623609932.32644725,3.50000000
1623609932.42634964,3.50000000
1623609932.52654338,3.50000000
1623609932.62636471,3.50000000
1623609932.72643352,3.50000000
1623609932.82635427,3.50000000
1623609932.92634416,3.50000000
1623609933.02620506,3.50000000
1623609933.12635231,3.50000000
1623609933.22634220,3.50000000
1623609933.32634497,3.50000000
1623609933.42634368,3.50000000
1623609933.52636409,3.50000000
1623609933.62634778,3.50000000
1623609933.72632766,3.50000000
1623609933.82635999,3.50000000
1623609933.92640686,3.50000000
1623609934.02636313,3.50000000
1623609934.12639236,3.50000000
1623609934.22634411,3.50000000
1623609934.32632113,3.50000000
1623609934.42631626,3.50000000
1623609934.52638102,3.50000000
1623609934.62637258,3.50000000
1623609934.72633386,3.50000000
1623609934.82647896,3.50000000
1623609934.92635298,3.50000000
1623609935.02632451,3.50000000
1623609935.12636256,3.50000000
1623609935.22636652,3.50000000
1623609935.32640791,3.50000000
1623609935.42636538,3.50000000
1623609935.52621365,3.50000000
1623609935.62635231,3.50000000
1623609935.72639751,3.50000000
1623609935.82624888,3.50000000
1623609935.92635942,3.50000000
1623609936.02643895,3.50000000
1623609936.12642336,3.50000000
1623609936.22643566,3.50000000
1623609936.32646775,3.50000000
1623609936.42638755,3.50000000
1623609936.52637005,3.50000000
1623609936.62636280,3.50000000
1623609936.72637820,3.50000000
1623609936.82637024,3.50000000
1623609936.92636156,3.50000000
1623609937.02643704,3.50000000
1623609937.12638640,3.50000000
1623609937.22635245,3.50000000
1623609937.32635617,3.50000000
1623609937.42632294,3.50000000
1623609937.52642393,3.50000000
1623609937.62635922,3.50000000
1623609937.72634053,3.50000000
1623609937.82635212,3.50000000
1623609937.92630720,3.50000000
1623609938.02626729,3.50000000
1623609938.12637305,3.50000000
1623609938.22633410,3.50000000
1623609938.32636213,3.50000000
1623609938.42635632,3.50000000
1623609938.52643585,3.50000000
1623609938.62641454,3.50000000
1623609938.72636175,3.50000000
1623609938.82634068,3.50000000
1623609938.92634010,3.50000000
1623609939.02641201,3.50000000
1623609939.12641430,3.50000000
1623609939.22643614,3.50000000
1623609939.32637310,3.50000000
1623609939.42638803,3.50000000
1623609939.52641654,3.50000000
1623609939.62637138,3.50000000
1623609939.72635674,3.50000000
1623609939.82634711,3.50000000
1623609939.92636275,3.50000000
1623609940.02639008,3.50000000
1623609940.12649131,3.50000000
1623609940.22635078,3.50000000
1623609940.32634807,3.50000000
1623609940.42635560,3.50000000
1623609940.52643466,3.50000000
1623609940.62634087,3.50000000
1623609940.72633743,3.50000000
1623609940.82635450,3.50000000
1623609940.92635512,3.50000000
1623609941.02632642,3.50000000
1623609941.12637734,3.50000000
1623609941.22635412,3.50000000
1623609941.32637906,3.50000000
1623609941.42641497,3.50000000
1623609941.52650857,3.50000000
1623609941.62634659,3.50000000
1623609941.72633386,3.50000000
1623609941.82634187,3.50000000
1623609941.92634916,3.50000000
1623609942.02651000,3.50000000
1623609942.12634492,3.50000000
1623609942.22633934,3.50000000
1623609942.32635522,3.50000000
1623609942.42634773,3.50000000
1623609942.52636671,3.50000000
1623609942.62633514,3.50000000
1623609942.72633719,3.50000000
1623609942.82634521,3.50000000
1623609942.92634630,3.50000000
1623609943.02647185,3.50000000
1623609943.12637806,3.50000000
1623609943.22634935,3.50000000
1623609943.32634997,3.50000000
1623609943.42634130,3.50000000
1623609943.52643323,3.50000000
1623609943.62638736,3.50000000
1623609943.72644091,3.50000000
1623609943.82634354,3.50000000
1623609943.92640018,3.50000000
1623609944.02642369,3.50000000
1623609944.12636757,3.50000000
1623609944.22633147,3.50000000
1623609944.32635021,3.50000000
1623609944.42637420,3.50000000
1623609944.52637124,3.50000000
1623609944.62633371,3.50000000
1623609944.72635841,3.50000000
1623609944.82631302,3.50000000
1623609944.92636347,3.50000000
1623609945.02637219,3.50000000
1623609945.12638903,3.50000000
1623609945.22635007,3.50000000
1623609945.32642889,3.50000000
1623609945.42633343,3.50000000
1623609945.52642632,3.50000000
1623609945.62633562,3.50000000
1623609945.72635770,3.50000000
1623609945.82635427,3.50000000
1623609945.92636275,3.50000000
1623609946.02644062,3.50000000
1623609946.12642813,3.50000000
1623609946.22642064,3.50000000
1623609946.32635236,3.50000000
1623609946.42633843,3.50000000
1623609946.52648544,3.50000000
1623609946.62633681,3.50000000
1623609946.72641516,3.50000000
1623609946.82639933,3.50000000
1623609946.92642999,3.50000000
1623609947.02643180,3.50000000
1623609947.12650728,3.50000000
1623609947.22640038,3.50000000
1623609947.32633615,3.50000000
1623609947.42634940,3.50000000
1623609947.52635288,3.50000000
1623609947.62633157,3.50000000
1623609947.72644281,3.50000000
1623609947.82635736,3.50000000
1623609947.92634773,3.50000000
1623609948.02638054,3.50000000
1623609948.12633371,3.50000000
1623609948.22635102,3.50000000
1623609948.32635570,3.50000000
1623609948.42633176,3.50000000
1623609948.52631617,3.50000000
1623609948.62630510,3.50000000
1623609948.72638059,3.50000000
1623609948.82641363,3.50000000
1623609948.92642188,3.50000000
1623609949.02641082,3.50000000
1623609949.12635708,3.50000000
1623609949.22632885,3.50000000
1623609949.32637572,3.50000000
1623609949.42646217,3.50000000
1623609949.52642298,3.50000000
1623609949.62640309,3.50000000
1623609949.72634959,3.50000000
1623609949.82638597,3.50000000
1623609949.92636752,3.50000000
1623609950.02636647,3.50000000
1623609950.12643623,3.50000000
1623609950.22644353,3.50000000
1623609950.32633376,3.50000000
1623609950.42632961,3.50000000
1623609950.52635431,3.50000000
1623609950.62633538,3.50000000
1623609950.72634029,3.50000000
1623609950.82635379,3.50000000
1623609950.92635393,3.50000000
1623609951.02640772,3.50000000
1623609951.12640429,3.50000000
1623609951.22635865,3.50000000
1623609951.32631803,3.50000000
1623609951.42638302,3.50000000
1623609951.52643204,3.50000000
1623609951.62635040,3.50000000
1623609951.72635603,3.50000000
1623609951.82633662,3.50000000
1623609951.92636871,3.50000000
1623609952.02644515,3.50000000
1623609952.12633991,3.50000000
1623609952.22636890,3.50000000
1623609952.32633948,3.50000000
1623609952.42638159,3.50000000
1623609952.52633595,3.50000000
1623609952.62632227,3.50000000
1623609952.72630835,3.50000000
1623609952.82644296,3.50000000
1623609952.92635083,3.50000000
1623609953.02649665,3.50000000
1623609953.12631273,3.50000000
1623609953.22634721,3.50000000
1623609953.32634568,3.50000000
1623609953.42634869,3.50000000
1623609953.52636552,3.50000000
1623609953.62635422,3.50000000
1623609953.72649193,3.50000000
1623609953.82639217,3.50000000
1623609953.92635989,3.50000000
1623609954.02645874,3.50000000
1623609954.12628818,3.50000000
1623609954.22631025,3.50000000
1623609954.32636118,3.50000000
1623609954.42638803,3.50000000
1623609954.52642441,3.50000000
1623609954.62635756,3.50000000
1623609954.72636199,3.50000000
1623609954.82637286,3.50000000
1623609954.92636347,3.50000000
1623609955.02644253,3.50000000
1623609955.12636209,3.50000000
1623609955.22634768,3.50000000
1623609955.32635212,3.50000000
1623609955.42636275,3.50000000
1623609955.52642751,3.50000000
1623609955.62641025,3.50000000
1623609955.72633505,3.50000000
1623609955.82633853,3.50000000
1623609955.92636681,3.50000000
1623609956.02640438,3.50000000
1623609956.12634659,3.50000000
1623609956.22634840,3.50000000
1623609956.32636714,3.50000000
1623609956.42635918,3.50000000
1623609956.52644944,3.50000000
1623609956.62636495,3.50000000
1623609956.72641659,3.50000000
1623609956.82648587,3.50000000
1623609956.92633653,3.50000000
1623609957.02639914,3.50000000
1623609957.12635183,3.50000000
1623609957.22642183,3.50000000
1623609957.32636046,3.50000000
1623609957.42642069,3.50000000
1623609957.52643633,3.50000000
1623609957.62636065,3.50000000
1623609957.72634959,3.50000000
1623609957.82636547,3.50000000
1623609957.92635322,3.50000000
1623609958.02643275,3.50000000
1623609958.12627506,3.50000000
1623609958.22633696,3.50000000
1623609958.32635713,3.50000000
1623609958.42635703,3.50000000
1623609958.52635574,3.50000000
1623609958.62636352,3.50000000
1623609958.72634220,3.50000000
1623609958.82635045,3.50000000
1623609958.92635155,3.50000000
1623609959.02632141,3.50000000
1623609959.12636805,3.50000000
1623609959.22634363,3.50000000
1623609959.32635808,3.50000000
1623609959.42634225,3.50000000
1623609959.52641249,3.50000000
1623609959.62638712,3.50000000
1623609959.72640824,3.50000000
1623609959.82647014,3.50000000
1623609959.92635679,3.50000000
1623609960.02635431,3.50000000
1623609960.12636304,3.50000000
1623609960.22635007,3.50000000
1623609960.32633471,3.50000000
1623609960.42634678,3.50000000
1623609960.52643800,3.50000000
1623609960.62635422,3.50000000
1623609960.72640061,3.50000000
1623609960.82636094,3.50000000
1623609960.92635608,3.50000000
1623609961.02636075,3.50000000
1623609961.12633276,3.50000000
1623609961.22633195,3.50000000
1623609961.32634115,3.50000000
1623609961.42628169,3.50000000
1623609961.52634692,3.50000000
1623609961.62634611,3.50000000
1623609961.72634983,3.50000000
1623609961.82636642,3.50000000
1623609961.92636108,3.50000000
1623609962.02648234,3.50000000
1623609962.12634039,3.50000000
1623609962.22635674,3.50000000
1623609962.32633758,3.50000000
1623609962.42635202,3.50000000
1623609962.52635479,3.50000000
1623609962.62635016,3.50000000
1623609962.72636700,3.50000000
1623609962.82637119,3.50000000
1623609962.92633653,3.50000000
1623609963.02640033,3.50000000
1623609963.12635231,3.50000000
1623609963.22633052,3.50000000
1623609963.32635188,3.50000000
1623609963.42634177,3.50000000
1623609963.52639508,3.50000000
1623609963.62643886,3.50000000
1623609963.72642159,3.50000000
1623609963.82633615,3.50000000
1623609963.92635369,3.50000000
1623609964.02638245,3.50000000
1623609964.12638593,3.50000000
1623609964.22642922,3.50000000
1623609964.32637239,3.50000000
1623609964.42636585,3.50000000
1623609964.52636194,3.50000000
1623609964.62644577,3.50000000
1623609964.72633481,3.50000000
1623609964.82633424,3.50000000
1623609964.92636085,3.50000000
1623609965.02638435,3.50000000
1623609965.12632680,3.50000000
1623609965.22637224,3.50000000
1623609965.32634568,3.50000000
1623609965.42634201,3.50000000
1623609965.52639985,3.50000000
1623609965.62634778,3.50000000
1623609965.72633457,3.50000000
1623609965.82634044,3.50000000
1623609965.92635965,3.50000000
1623609966.02642703,3.50000000
1623609966.12636685,3.50000000
1623609966.22635818,3.50000000
1623609966.32636356,3.50000000
1623609966.42645288,3.50000000
1623609966.52644777,3.50000000
1623609966.62643337,3.50000000
1623609966.72635818,3.50000000
1623609966.82637119,3.50000000
1623609966.92619300,3.50000000
1623609967.02640009,3.50000000
