Seconds, Linear Velocity, Angular Velocitiy,X,Y
1623609815.09613299,0.00000000,0.00000000,0.00000000,0.00000000
1623609815.19590783,0.00000000,0.00000000,0.00000000,0.00000000
1623609815.29571629,0.00000000,0.00000000,0.00000000,0.00000000
1623609815.39541221,0.00000000,0.00000000,0.00000000,0.00000000
1623609815.49556136,0.00000000,0.00000000,0.00000000,0.00000000
1623609815.59612036,0.00000000,0.00000000,0.00000000,0.00000000
1623609815.69570231,0.00000000,0.00000000,0.00000000,0.00000000
1623609815.79537535,0.00000000,0.00000000,0.00000000,0.00000000
1623609815.89607596,0.00000000,0.00000000,0.00000000,0.00000000
1623609815.99569988,0.00000000,0.00000000,0.00000000,0.00000000
1623609816.09546947,0.00000000,0.00000000,0.00000000,0.00000000
1623609816.19612694,0.00000000,0.00000000,0.00000000,0.00000000
1623609816.29573059,0.00000000,0.00000000,0.00000000,0.00000000
1623609816.39534879,0.00000000,0.00000000,0.00000000,0.00000000
1623609816.49607134,0.00000000,0.00000000,0.00000000,0.00000000
1623609816.59574342,0.00000000,0.00000000,0.00000000,0.00000000
1623609816.69576454,0.00000000,0.00000000,0.00000000,0.00000000
1623609816.79541373,0.00000000,0.00000000,0.00000000,0.00000000
1623609816.89609718,0.00000000,0.00000000,0.00000000,0.00000000
1623609816.99578166,0.00000000,0.00000000,0.00000000,0.00000000
1623609817.09552026,0.00000000,0.00000000,0.00000000,0.00000000
1623609817.19596553,0.00000000,0.00000000,0.00000000,0.00000000
1623609817.29674888,0.00000000,0.00000000,0.00000000,0.00000000
1623609817.39631748,0.00000000,0.00000000,0.00000000,0.00000000
1623609817.49606752,0.00000000,0.00000000,0.00000000,0.00000000
1623609817.59684515,0.00000000,0.00000000,0.00000000,0.00000000
1623609817.69654512,0.00000000,0.00000000,0.00000000,0.00000000
1623609817.79664612,0.00000000,0.00000000,0.00000000,0.00000000
1623609817.89632440,0.00000000,0.00000000,0.00000000,0.00000000
1623609817.99699593,0.00000000,0.00000000,0.00000000,0.00000000
1623609818.09673738,0.00000000,0.00000000,0.00000000,0.00000000
1623609818.19647908,0.00000000,0.00000000,0.00000000,0.00000000
1623609818.29708242,0.00000000,0.00000000,0.00000000,0.00000000
1623609818.39658952,0.00000000,0.00000000,0.00000000,0.00000000
1623609818.49615097,0.00000000,0.00000000,0.00000000,0.00000000
1623609818.59669256,0.00000000,0.00000000,0.00000000,0.00000000
1623609818.69627881,0.00000000,0.00000000,0.00000000,0.00000000
1623609818.79721212,0.00000000,0.00000000,0.00000000,0.00000000
1623609818.89800453,0.00000000,0.00000000,0.00000000,0.00000000
1623609818.99758053,0.00000000,0.00000000,0.00000000,0.00000000
1623609819.09755373,0.00000000,0.00000000,0.00000000,0.00000000
1623609819.19723344,0.00000000,0.00000000,0.00000000,0.00000000
1623609819.29788995,0.00000000,0.00000000,0.00000000,0.00000000
1623609819.39754462,0.00000000,0.00000000,0.00000000,0.00000000
1623609819.49816418,0.00000000,0.00000000,0.00000000,0.00000000
1623609819.59858465,0.00000000,0.00000000,0.00000000,0.00000000
1623609819.69819212,0.00000000,0.00000000,0.00000000,0.00000000
1623609819.79873919,0.00000000,0.00000000,0.00000000,0.00000000
1623609819.89823198,0.00000000,0.00000000,0.00000000,0.00000000
1623609819.99894595,0.00000000,0.00000000,0.00000000,0.00000000
1623609820.09859371,0.00000000,0.00000000,0.00000000,0.00000000
1623609820.19824696,0.00000000,0.00000000,0.00000000,0.00000000
1623609820.29884553,0.00000000,0.00000000,0.00000000,0.00000000
1623609820.39850402,0.00000000,0.00000000,0.00000000,0.00000000
1623609820.49909687,0.00000000,0.00000000,0.00000000,0.00000000
1623609820.59860945,0.00000000,0.00000000,0.00000000,0.00000000
1623609820.69881821,0.00000000,0.00000000,0.00000000,0.00000000
1623609820.79830575,0.00000000,0.00000000,0.00000000,0.00000000
1623609820.89804173,0.00000000,0.00000000,0.00000000,0.00000000
1623609820.99860358,0.00000000,0.00000000,0.00000000,0.00000000
1623609821.09831762,0.00000000,0.00000000,0.00000000,0.00000000
1623609821.19905519,0.00000000,0.00000000,0.00000000,0.00000000
1623609821.29937005,0.00000000,0.00000000,0.00000000,0.00000000
1623609821.39983249,0.00000000,0.00000000,0.00000000,0.00000000
1623609821.49978733,0.00000000,0.00000000,0.00000000,0.00000000
1623609821.59933639,0.00000000,0.00000000,0.00000000,0.00000000
1623609821.70013523,0.00000000,0.00000000,0.00000000,0.00000000
1623609821.79978585,0.00000000,0.00000000,0.00000000,0.00000000
1623609821.89948487,0.00000000,0.00000000,0.00000000,0.00000000
1623609822.00019073,0.00000000,0.00000000,0.00000000,0.00000000
1623609822.10100460,0.00000000,0.00000000,0.00000000,0.00000000
1623609822.20077729,0.00000000,0.00000000,0.00000000,0.00000000
1623609822.30044222,0.00000000,0.00000000,0.00000000,0.00000000
1623609822.40105152,0.00000000,0.00000000,0.00000000,0.00000000
1623609822.50072336,0.00000000,0.00000000,0.00000000,0.00000000
1623609822.60064340,0.00000000,0.00000000,0.00000000,0.00000000
1623609822.70122385,0.00000000,0.00000000,0.00000000,0.00000000
1623609822.80185413,0.00000000,0.00000000,0.00000000,0.00000000
1623609822.90129256,0.00000000,0.00000000,0.00000000,0.00000000
1623609823.00186682,0.00000000,0.00000000,0.00000000,0.00000000
1623609823.10138488,0.00000000,0.00000000,0.00000000,0.00000000
1623609823.20104289,0.00000000,0.00000000,0.00000000,0.00000000
1623609823.30157423,0.00000000,0.00000000,0.00000000,0.00000000
1623609823.40119147,0.00000000,0.00000000,0.00000000,0.00000000
1623609823.50134349,0.00000000,0.00000000,0.00000000,0.00000000
1623609823.60192680,0.00000000,0.00000000,0.00000000,0.00000000
1623609823.70127940,0.00000000,0.00000000,0.00000000,0.00000000
1623609823.80191827,0.00000000,0.00000000,0.00000000,0.00000000
1623609823.90161014,0.00000000,0.00000000,0.00000000,0.00000000
1623609824.00214124,0.00000000,0.00000000,0.00000000,0.00000000
1623609824.10296130,0.00000000,0.00000000,0.00000000,0.00000000
1623609824.20267367,0.00000000,0.00000000,0.00000000,0.00000000
1623609824.30244875,0.00000000,0.00000000,0.00000000,0.00000000
1623609824.40306568,0.00000000,0.00000000,0.00000000,0.00000000
1623609824.50277495,0.00000000,0.00000000,0.00000000,0.00000000
1623609824.60241127,0.00000000,0.00000000,0.00000000,0.00000000
1623609824.70271182,0.00000000,0.00000000,0.00000000,0.00000000
1623609824.80230379,0.00000000,0.00000000,0.00000000,0.00000000
1623609824.90284491,0.00000000,0.00000000,0.00000000,0.00000000
1623609825.00267100,0.00000000,0.00000000,0.00000000,0.00000000
1623609825.10263133,0.00000000,0.00000000,0.00000000,0.00000000
1623609825.20271921,0.00000000,0.00000000,0.00000000,0.00000000
1623609825.30227375,0.00000000,0.00000000,0.00000000,0.00000000
1623609825.40201902,0.00000000,0.00000000,0.00000000,0.00000000
1623609825.50261021,0.00000000,0.00000000,0.00000000,0.00000000
1623609825.60246682,0.00000000,0.00000000,0.00000000,0.00000000
1623609825.70306969,0.00000000,0.00000000,0.00000000,0.00000000
1623609825.80285811,0.00000000,0.00000000,0.00000000,0.00000000
1623609825.90258622,0.00000000,0.00000000,0.00000000,0.00000000
1623609826.00227165,0.00000000,0.00000000,0.00000000,0.00000000
1623609826.10312295,0.00000000,0.00000000,0.00000000,0.00000000
1623609826.20279598,0.00000000,0.00000000,0.00000000,0.00000000
1623609826.30257845,0.00000000,0.00000000,0.00000000,0.00000000
1623609826.40295696,0.00000000,0.00000000,0.00000000,0.00000000
1623609826.50293207,0.00000000,0.00000000,0.00000000,0.00000000
1623609826.60257483,0.00000000,0.00000000,0.00000000,0.00000000
1623609826.70247674,0.00000000,0.00000000,0.00000000,0.00000000
1623609826.80234933,0.00000000,0.00000000,0.00000000,0.00000000
1623609826.90242553,0.00000000,0.00000000,0.00000000,0.00000000
1623609827.00231504,0.00000000,0.00000000,0.00000000,0.00000000
1623609827.10309267,0.00000000,0.00000000,0.00000000,0.00000000
1623609827.20308566,0.00000000,0.00000000,0.00000000,0.00000000
1623609827.30415440,0.00000000,0.00000000,0.00000000,0.00000000
1623609827.40491271,0.00000000,0.00000000,0.00000000,0.00000000
1623609827.50498843,0.00000000,0.00000000,0.00000000,0.00000000
1623609827.60470653,0.00000000,0.00000000,0.00000000,0.00000000
1623609827.70448303,0.00000000,0.00000000,0.00000000,0.00000000
1623609827.80421495,0.00000000,0.00000000,0.00000000,0.00000000
1623609827.90508437,0.00000000,0.00000000,0.00000000,0.00000000
1623609828.00481009,0.00000000,0.00000000,0.00000000,0.00000000
1623609828.10451818,0.00000000,0.00000000,0.00000000,0.00000000
1623609828.20440817,0.00000000,0.00000000,0.00000000,0.00000000
1623609828.30505633,0.00000000,0.00000000,0.00000000,0.00000000
1623609828.40481901,0.00000000,0.00000000,0.00000000,0.00000000
1623609828.50465941,0.00000000,0.00000000,0.00000000,0.00000000
1623609828.60440040,0.00000000,0.00000000,0.00000000,0.00000000
1623609828.70508242,0.00000000,0.00000000,0.00000000,0.00000000
1623609828.80491877,0.00000000,0.00000000,0.00000000,0.00000000
1623609828.90488482,0.00000000,0.00000000,0.00000000,0.00000000
1623609829.00469899,0.00000000,0.00000000,0.00000000,0.00000000
1623609829.10441756,0.00000000,0.00000000,0.00000000,0.00000000
1623609829.20508766,0.00000000,0.00000000,0.00000000,0.00000000
1623609829.30480313,0.00000000,0.00000000,0.00000000,0.00000000
1623609829.40460038,0.00000000,0.00000000,0.00000000,0.00000000
1623609829.50450325,0.00000000,0.00000000,0.00000000,0.00000000
1623609829.60468578,0.00000000,0.00000000,0.00000000,0.00000000
1623609829.70438337,0.00000000,0.00000000,0.00000000,0.00000000
1623609829.80426717,0.00000000,0.00000000,0.00000000,0.00000000
1623609829.90503454,0.00000000,0.00000000,0.00000000,0.00000000
1623609830.00493646,0.00000000,0.00000000,0.00000000,0.00000000
1623609830.10524726,0.00000000,0.00000000,0.00000000,0.00000000
1623609830.20529270,0.00000000,0.00000000,0.00000000,0.00000000
1623609830.30537105,0.00000000,0.00000000,0.00000000,0.00000000
1623609830.40539169,0.00000000,0.00000000,0.00000000,0.00000000
1623609830.50566792,0.00000000,0.00000000,0.00000000,0.00000000
1623609830.60560584,0.00000000,0.00000000,0.00000000,0.00000000
1623609830.70557785,0.00000000,0.00000000,0.00000000,0.00000000
1623609830.80555964,0.00000000,0.00000000,0.00000000,0.00000000
1623609830.90527463,0.00000000,0.00000000,0.00000000,0.00000000
1623609831.00519896,0.00000000,0.00000000,0.00000000,0.00000000
1623609831.10606408,0.00000000,0.00000000,0.00000000,0.00000000
1623609831.20690656,0.00000000,0.00000000,0.00000000,0.00000000
1623609831.30705762,0.00000000,0.00000000,0.00000000,0.00000000
1623609831.40654778,0.00000000,0.00000000,0.00000000,0.00000000
1623609831.50671840,0.00000000,0.00000000,0.00000000,0.00000000
1623609831.60629559,0.00000000,0.00000000,0.00000000,0.00000000
1623609831.70677137,0.00000000,0.00000000,0.00000000,0.00000000
1623609831.80667114,0.00000000,0.00000000,0.00000000,0.00000000
1623609831.90639257,0.00000000,0.00000000,0.00000000,0.00000000
1623609832.00699544,0.00000000,0.00000000,0.00000000,0.00000000
1623609832.10721970,0.00000000,0.00000000,0.00000000,0.00000000
1623609832.20764041,0.00000000,0.00000000,0.00000000,0.00000000
1623609832.30739141,0.00000000,0.00000000,0.00000000,0.00000000
1623609832.40712929,0.00000000,0.00000000,0.00000000,0.00000000
1623609832.50726962,0.00000000,0.00000000,0.00000000,0.00000000
1623609832.60792446,0.00000000,0.00000000,0.00000000,0.00000000
1623609832.70741963,0.00000000,0.00000000,0.00000000,0.00000000
1623609832.80752993,0.00000000,0.00000000,0.00000000,0.00000000
1623609832.90812540,0.00000000,0.00000000,0.00000000,0.00000000
1623609833.00865579,0.00000000,0.00000000,0.00000000,0.00000000
1623609833.10869884,0.00000000,0.00000000,0.00000000,0.00000000
1623609833.20833325,0.00000000,0.00000000,0.00000000,0.00000000
1623609833.30829215,0.00000000,0.00000000,0.00000000,0.00000000
1623609833.40907192,0.00000000,0.00000000,0.00000000,0.00000000
1623609833.50858688,0.00000000,0.00000000,0.00000000,0.00000000
1623609833.60842776,0.00000000,0.00000000,0.00000000,0.00000000
1623609833.70846653,0.00000000,0.00000000,0.00000000,0.00000000
1623609833.80915904,0.00000000,0.00000000,0.00000000,0.00000000
1623609833.90975857,0.00000000,0.00000000,0.00000000,0.00000000
1623609834.00934553,0.00000000,0.00000000,0.00000000,0.00000000
1623609834.10994434,0.00000000,0.00000000,0.00000000,0.00000000
1623609834.20955181,0.00000000,0.00000000,0.00000000,0.00000000
1623609834.31013179,0.00000000,0.00000000,0.00000000,0.00000000
1623609834.40949893,0.00000000,0.00000000,0.00000000,0.00000000
1623609834.50922704,0.00000000,0.00000000,0.00000000,0.00000000
1623609834.60926294,0.00000000,0.00000000,0.00000000,0.00000000
1623609834.70992327,0.00000000,0.00000000,0.00000000,0.00000000
1623609834.81067371,0.00000000,0.00000000,0.00000000,0.00000000
1623609834.91103029,0.00000000,0.00000000,0.00000000,0.00000000
1623609835.01070094,0.00000000,0.00000000,0.00000000,0.00000000
1623609835.11039376,0.00000000,0.00000000,0.00000000,0.00000000
1623609835.21107054,0.00000000,0.00000000,0.00000000,0.00000000
1623609835.31075764,0.00000000,0.00000000,0.00000000,0.00000000
1623609835.41045403,0.00000000,0.00000000,0.00000000,0.00000000
1623609835.51109004,0.00000000,0.00000000,0.00000000,0.00000000
1623609835.61103678,0.00000000,0.00000000,0.00000000,0.00000000
1623609835.71075201,0.00000000,0.00000000,0.00000000,0.00000000
1623609835.81029272,0.00000000,0.00000000,0.00000000,0.00000000
1623609835.91006613,0.00000000,0.00000000,0.00000000,0.00000000
1623609836.01084733,0.00000000,0.00000000,0.00000000,0.00000000
1623609836.11071825,0.00000000,0.00000000,0.00000000,0.00000000
1623609836.21082592,0.00000000,0.00000000,0.00000000,0.00000000
1623609836.31116128,0.00000000,0.00000000,0.00000000,0.00000000
1623609836.41186333,0.00000000,0.00000000,0.00000000,0.00000000
1623609836.51220608,0.00000000,0.00000000,0.00000000,0.00000000
1623609836.61292076,0.00000000,0.00000000,0.00000000,0.00000000
1623609836.71256948,0.00000000,0.00000000,0.00000000,0.00000000
1623609836.81325150,0.00000000,0.00000000,0.00000000,0.00000000
1623609836.91388011,0.00000000,0.00000000,0.00000000,0.00000000
1623609837.01350164,0.00000000,0.00000000,0.00000000,0.00000000
1623609837.11411333,0.00000000,0.00000000,0.00000000,0.00000000
1623609837.21426964,0.00000000,0.00000000,0.00000000,0.00000000
1623609837.31481457,0.00000000,0.00000000,0.00000000,0.00000000
1623609837.41443419,0.00000000,0.00000000,0.00000000,0.00000000
1623609837.51500773,0.00000000,0.00000000,0.00000000,0.00000000
1623609837.61464024,0.00000000,0.00000000,0.00000000,0.00000000
1623609837.71416140,0.00000000,0.00000000,0.00000000,0.00000000
1623609837.81496716,0.00000000,0.00000000,0.00000000,0.00000000
1623609837.91460967,0.00000000,0.00000000,0.00000000,0.00000000
1623609838.01521254,0.00000000,0.00000000,0.00000000,0.00000000
1623609838.11596394,0.00000000,0.00000000,0.00000000,0.00000000
1623609838.21552992,0.00000000,0.00000000,0.00000000,0.00000000
1623609838.31613040,0.00000000,0.00000000,0.00000000,0.00000000
1623609838.41568565,0.00000000,0.00000000,0.00000000,0.00000000
1623609838.51537681,0.00000000,0.00000000,0.00000000,0.00000000
1623609838.61613774,0.00000000,0.00000000,0.00000000,0.00000000
1623609838.71676469,0.00000000,0.00000000,0.00000000,0.00000000
1623609838.81636238,0.00000000,0.00000000,0.00000000,0.00000000
1623609838.91699433,0.00000000,0.00000000,0.00000000,0.00000000
1623609839.01662183,0.00000000,0.00000000,0.00000000,0.00000000
1623609839.11621809,0.00000000,0.00000000,0.00000000,0.00000000
1623609839.21679902,0.00000000,0.00000000,0.00000000,0.00000000
1623609839.31636524,0.00000000,0.00000000,0.00000000,0.00000000
1623609839.41693687,0.00000000,0.00000000,0.00000000,0.00000000
1623609839.51647997,0.00000000,0.00000000,0.00000000,0.00000000
1623609839.61703825,0.00000000,0.00000000,0.00000000,0.00000000
1623609839.71669698,0.00000000,0.00000000,0.00000000,0.00000000
1623609839.81622887,0.00000000,0.00000000,0.00000000,0.00000000
1623609839.91679263,0.00000000,0.00000000,0.00000000,0.00000000
1623609840.01633859,0.00000000,0.00000000,0.00000000,0.00000000
1623609840.11692548,0.00000000,0.00000000,0.00000000,0.00000000
1623609840.21708798,0.00000000,0.00000000,0.00000000,0.00000000
1623609840.31669378,0.00000000,0.00000000,0.00000000,0.00000000
1623609840.41626334,0.00000000,0.00000000,0.00000000,0.00000000
1623609840.51696467,0.00000000,0.00000000,0.00000000,0.00000000
1623609840.61668015,0.00000000,0.00000000,0.00000000,0.00000000
1623609840.71643925,0.00000000,0.00000000,0.00000000,0.00000000
1623609840.81720877,0.00000000,0.00000000,0.00000000,0.00000000
1623609840.91814852,0.00000000,0.00000000,0.00000000,0.00000000
1623609841.01779509,0.00000000,0.00000000,0.00000000,0.00000000
1623609841.11755061,0.00000000,0.00000000,0.00000000,0.00000000
1623609841.21733522,0.00000000,0.00000000,0.00000000,0.00000000
1623609841.31779981,0.00000000,0.00000000,0.00000000,0.00000000
1623609841.41778684,0.00000000,0.00000000,0.00000000,0.00000000
1623609841.51753712,0.00000000,0.00000000,0.00000000,0.00000000
1623609841.61729479,0.00000000,0.00000000,0.00000000,0.00000000
1623609841.71803617,0.00000000,0.00000000,0.00000000,0.00000000
1623609841.81777859,0.00000000,0.00000000,0.00000000,0.00000000
1623609841.91751981,0.00000000,0.00000000,0.00000000,0.00000000
1623609842.01765394,0.00000000,0.00000000,0.00000000,0.00000000
1623609842.11746883,0.00000000,0.00000000,0.00000000,0.00000000
1623609842.21724868,0.00000000,0.00000000,0.00000000,0.00000000
1623609842.31800628,0.00000000,0.00000000,0.00000000,0.00000000
1623609842.41768217,0.00000000,0.00000000,0.00000000,0.00000000
1623609842.51740646,0.00000000,0.00000000,0.00000000,0.00000000
1623609842.61811757,0.00000000,0.00000000,0.00000000,0.00000000
1623609842.71784949,0.00000000,0.00000000,0.00000000,0.00000000
1623609842.81759071,0.00000000,0.00000000,0.00000000,0.00000000
1623609842.91791677,0.00000000,0.00000000,0.00000000,0.00000000
1623609843.01760030,0.00000000,0.00000000,0.00000000,0.00000000
1623609843.11732817,0.00000000,0.00000000,0.00000000,0.00000000
1623609843.21805334,0.00000000,0.00000000,0.00000000,0.00000000
1623609843.31777191,0.00000000,0.00000000,0.00000000,0.00000000
1623609843.41748714,0.00000000,0.00000000,0.00000000,0.00000000
1623609843.51821542,0.00000000,0.00000000,0.00000000,0.00000000
1623609843.61888623,0.00000000,0.00000000,0.00000000,0.00000000
1623609843.71861458,0.00000000,0.00000000,0.00000000,0.00000000
1623609843.81887412,0.00000000,0.00000000,0.00000000,0.00000000
1623609843.91877151,0.00000000,0.00000000,0.00000000,0.00000000
1623609844.01848984,0.00000000,0.00000000,0.00000000,0.00000000
1623609844.11835289,0.00000000,0.00000000,0.00000000,0.00000000
1623609844.21842551,0.00000000,0.00000000,0.00000000,0.00000000
1623609844.31832647,0.00000000,0.00000000,0.00000000,0.00000000
1623609844.41905856,0.00000000,0.00000000,0.00000000,0.00000000
1623609844.51874089,0.00000000,0.00000000,0.00000000,0.00000000
1623609844.61846638,0.00000000,0.00000000,0.00000000,0.00000000
1623609844.71914411,0.00000000,0.00000000,0.00000000,0.00000000
1623609844.81982493,0.00000000,0.00000000,0.00000000,0.00000000
1623609844.91954780,0.00000000,0.00000000,0.00000000,0.00000000
1623609845.02023005,0.00000000,0.00000000,0.00000000,0.00000000
1623609845.12027478,0.00000000,0.00000000,0.00000000,0.00000000
1623609845.22090530,0.00000000,0.00000000,0.00000000,0.00000000
1623609845.32048535,0.00000000,0.00000000,0.00000000,0.00000000
1623609845.42109632,0.00000000,0.00000000,0.00000000,0.00000000
1623609845.52077150,0.00000000,0.00000000,0.00000000,0.00000000
1623609845.62044477,0.00000000,0.00000000,0.00000000,0.00000000
1623609845.72114921,0.00000000,0.00000000,0.00000000,0.00000000
1623609845.82177663,0.00000000,0.00000000,0.00000000,0.00000000
1623609845.92146158,0.00000000,0.00000000,0.00000000,0.00000000
1623609846.02210569,0.00000000,0.00000000,0.00000000,0.00000000
1623609846.12172198,0.00000000,0.00000000,0.00000000,0.00000000
1623609846.22147846,0.00000000,0.00000000,0.00000000,0.00000000
1623609846.32141948,0.00000000,0.00000000,0.00000000,0.00000000
1623609846.42214251,0.00000000,0.00000000,0.00000000,0.00000000
1623609846.52183461,0.00000000,0.00000000,0.00000000,0.00000000
1623609846.62190008,0.00000000,0.00000000,0.00000000,0.00000000
1623609846.72177505,0.00000000,0.00000000,0.00000000,0.00000000
1623609846.82130003,0.00000000,0.00000000,0.00000000,0.00000000
1623609846.92193604,0.00000000,0.00000000,0.00000000,0.00000000
1623609847.02181387,0.00000000,0.00000000,0.00000000,0.00000000
1623609847.12166190,0.00000000,0.00000000,0.00000000,0.00000000
1623609847.22137642,0.00000000,0.00000000,0.00000000,0.00000000
1623609847.32204318,0.00000000,0.00000000,0.00000000,0.00000000
1623609847.42180967,0.00000000,0.00000000,0.00000000,0.00000000
1623609847.52171159,0.00000000,0.00000000,0.00000000,0.00000000
1623609847.62153554,0.00000000,0.00000000,0.00000000,0.00000000
1623609847.72224689,0.00000000,0.00000000,0.00000000,0.00000000
1623609847.82296062,0.00000000,0.00000000,0.00000000,0.00000000
1623609847.92262936,0.00000000,0.00000000,0.00000000,0.00000000
1623609848.02259016,0.00000000,0.00000000,0.00000000,0.00000000
1623609848.12234378,0.00000000,0.00000000,0.00000000,0.00000000
1623609848.22302961,0.00000000,0.00000000,0.00000000,0.00000000
1623609848.32273507,0.00000000,0.00000000,0.00000000,0.00000000
1623609848.42243123,0.00000000,0.00000000,0.00000000,0.00000000
1623609848.52308011,0.00000000,0.00000000,0.00000000,0.00000000
1623609848.62273932,0.00000000,0.00000000,0.00000000,0.00000000
1623609848.72243690,0.00000000,0.00000000,0.00000000,0.00000000
1623609848.82311654,0.00000000,0.00000000,0.00000000,0.00000000
1623609848.92275834,0.00000000,0.00000000,0.00000000,0.00000000
1623609849.02245927,0.00000000,0.00000000,0.00000000,0.00000000
1623609849.12235117,0.00000000,0.00000000,0.00000000,0.00000000
1623609849.22311306,0.00000000,0.00000000,0.00000000,0.00000000
1623609849.32257795,0.00000000,0.00000000,0.00000000,0.00000000
1623609849.42227292,0.00000000,0.00000000,0.00000000,0.00000000
1623609849.52294683,0.00000000,0.00000000,0.00000000,0.00000000
1623609849.62267876,0.00000000,0.00000000,0.00000000,0.00000000
1623609849.72241902,0.00000000,0.00000000,0.00000000,0.00000000
1623609849.82224321,0.00000000,0.00000000,0.00000000,0.00000000
1623609849.92301226,0.00000000,0.00000000,0.00000000,0.00000000
1623609850.02278161,0.00000000,0.00000000,0.00000000,0.00000000
1623609850.12254071,0.00000000,0.00000000,0.00000000,0.00000000
1623609850.22237563,0.00000000,0.00000000,0.00000000,0.00000000
1623609850.32263207,0.00000000,0.00000000,0.00000000,0.00000000
1623609850.42287827,0.00000000,0.00000000,0.00000000,0.00000000
1623609850.52257133,0.00000000,0.00000000,0.00000000,0.00000000
1623609850.62236047,0.00000000,0.00000000,0.00000000,0.00000000
1623609850.72308707,0.00000000,0.00000000,0.00000000,0.00000000
1623609850.82289696,0.00000000,0.00000000,0.00000000,0.00000000
1623609850.92256927,0.00000000,0.00000000,0.00000000,0.00000000
1623609851.02232242,0.00000000,0.00000000,0.00000000,0.00000000
1623609851.12309194,0.00000000,0.00000000,0.00000000,0.00000000
1623609851.22273946,0.00000000,0.00000000,0.00000000,0.00000000
1623609851.32249498,0.00000000,0.00000000,0.00000000,0.00000000
1623609851.42223454,0.00000000,0.00000000,0.00000000,0.00000000
1623609851.52259922,0.00000000,0.00000000,0.00000000,0.00000000
1623609851.62228537,0.00000000,0.00000000,0.00000000,0.00000000
1623609851.72307420,0.00000000,0.00000000,0.00000000,0.00000000
1623609851.82282686,0.00000000,0.00000000,0.00000000,0.00000000
1623609851.92260480,0.00000000,0.00000000,0.00000000,0.00000000
1623609852.02230978,0.00000000,0.00000000,0.00000000,0.00000000
1623609852.12264013,0.00000000,0.00000000,0.00000000,0.00000000
1623609852.22236562,0.00000000,0.00000000,0.00000000,0.00000000
1623609852.32260180,0.00000000,0.00000000,0.00000000,0.00000000
1623609852.42236733,0.00000000,0.00000000,0.00000000,0.00000000
1623609852.52318430,0.00000000,0.00000000,0.00000000,0.00000000
1623609852.62395835,0.00000000,0.00000000,0.00000000,0.00000000
1623609852.72377324,0.00000000,0.00000000,0.00000000,0.00000000
1623609852.82366300,0.00000000,0.00000000,0.00000000,0.00000000
1623609852.92349529,0.00000000,0.00000000,0.00000000,0.00000000
1623609853.02317786,0.00000000,0.00000000,0.00000000,0.00000000
1623609853.12368655,0.00000000,0.00000000,0.00000000,0.00000000
1623609853.22350144,0.00000000,0.00000000,0.00000000,0.00000000
1623609853.32332063,0.00000000,0.00000000,0.00000000,0.00000000
1623609853.42411137,0.00000000,0.00000000,0.00000000,0.00000000
1623609853.52387261,0.00000000,0.00000000,0.00000000,0.00000000
1623609853.62365913,0.00000000,0.00000000,0.00000000,0.00000000
1623609853.72335172,0.00000000,0.00000000,0.00000000,0.00000000
1623609853.82402182,0.00000000,0.00000000,0.00000000,0.00000000
1623609853.92373013,0.00000000,0.00000000,0.00000000,0.00000000
1623609854.02349186,0.00000000,0.00000000,0.00000000,0.00000000
1623609854.12412381,0.00000000,0.00000000,0.00000000,0.00000000
1623609854.22382569,0.00000000,0.00000000,0.00000000,0.00000000
1623609854.32352734,0.00000000,0.00000000,0.00000000,0.00000000
1623609854.42329097,0.00000000,0.00000000,0.00000000,0.00000000
1623609854.52419710,0.00000000,0.00000000,0.00000000,0.00000000
1623609854.62516832,0.00000000,0.00000000,0.00000000,0.00000000
1623609854.72586036,0.00000000,0.00000000,0.00000000,0.00000000
1623609854.82557631,0.00000000,0.00000000,0.00000000,0.00000000
1623609854.92529011,0.00000000,0.00000000,0.00000000,0.00000000
1623609855.02600932,0.00000000,0.00000000,0.00000000,0.00000000
1623609855.12572074,0.00000000,0.00000000,0.00000000,0.00000000
1623609855.22526765,0.00000000,0.00000000,0.00000000,0.00000000
1623609855.32539082,0.00000000,0.00000000,0.00000000,0.00000000
1623609855.42607498,0.00000000,0.00000000,0.00000000,0.00000000
1623609855.52576303,0.00000000,0.00000000,0.00000000,0.00000000
1623609855.62554312,0.00000000,0.00000000,0.00000000,0.00000000
1623609855.72586417,0.00000000,0.00000000,0.00000000,0.00000000
1623609855.82556057,0.00000000,0.00000000,0.00000000,0.00000000
1623609855.92526436,0.00000000,0.00000000,0.00000000,0.00000000
1623609856.02597451,0.00000000,0.00000000,0.00000000,0.00000000
1623609856.12573171,0.00000000,0.00000000,0.00000000,0.00000000
1623609856.22546721,0.00000000,0.00000000,0.00000000,0.00000000
1623609856.32620239,0.00000000,0.00000000,0.00000000,0.00000000
1623609856.42681551,0.00000000,0.00000000,0.00000000,0.00000000
1623609856.52663064,0.00000000,0.00000000,0.00000000,0.00000000
1623609856.62694764,0.00000000,0.00000000,0.00000000,0.00000000
1623609856.72687078,0.00000000,0.00000000,0.00000000,0.00000000
1623609856.82658744,0.00000000,0.00000000,0.00000000,0.00000000
1623609856.92639446,0.00000000,0.00000000,0.00000000,0.00000000
1623609857.02632713,0.00000000,0.00000000,0.00000000,0.00000000
1623609857.12698197,0.00000000,0.00000000,0.00000000,0.00000000
1623609857.22671294,0.00000000,0.00000000,0.00000000,0.00000000
1623609857.32647967,0.00000000,0.00000000,0.00000000,0.00000000
1623609857.42639470,0.00000000,0.00000000,0.00000000,0.00000000
1623609857.52707839,0.00000000,0.00000000,0.00000000,0.00000000
1623609857.62682772,0.00000000,0.00000000,0.00000000,0.00000000
1623609857.72666788,0.00000000,0.00000000,0.00000000,0.00000000
1623609857.82641864,0.00000000,0.00000000,0.00000000,0.00000000
1623609857.92713141,0.00000000,0.00000000,0.00000000,0.00000000
1623609858.02682304,0.00000000,0.00000000,0.00000000,0.00000000
1623609858.12654686,0.00000000,0.00000000,0.00000000,0.00000000
1623609858.22630072,0.00000000,0.00000000,0.00000000,0.00000000
1623609858.32701325,0.00000000,0.00000000,0.00000000,0.00000000
1623609858.42675805,0.00000000,0.00000000,0.00000000,0.00000000
1623609858.52672124,0.00000000,0.00000000,0.00000000,0.00000000
1623609858.62670827,0.00000000,0.00000000,0.00000000,0.00000000
1623609858.72664976,0.00000000,0.00000000,0.00000000,0.00000000
1623609858.82665157,0.00000000,0.00000000,0.00000000,0.00000000
1623609858.92658567,0.00000000,0.00000000,0.00000000,0.00000000
1623609859.02639627,0.00000000,0.00000000,0.00000000,0.00000000
1623609859.12704039,0.00000000,0.00000000,0.00000000,0.00000000
1623609859.22686076,0.00000000,0.00000000,0.00000000,0.00000000
1623609859.32662058,0.00000000,0.00000000,0.00000000,0.00000000
1623609859.42652893,0.00000000,0.00000000,0.00000000,0.00000000
1623609859.52627659,0.00000000,0.00000000,0.00000000,0.00000000
1623609859.62671614,0.00000000,0.00000000,0.00000000,0.00000000
1623609859.72628260,0.00000000,0.00000000,0.00000000,0.00000000
1623609859.82631326,0.00000000,0.00000000,0.00000000,0.00000000
1623609859.92702317,0.00000000,0.00000000,0.00000000,0.00000000
1623609860.02674127,0.00000000,0.00000000,0.00000000,0.00000000
1623609860.12648511,0.00000000,0.00000000,0.00000000,0.00000000
1623609860.22647476,0.00000000,0.00000000,0.00000000,0.00000000
1623609860.32628274,0.00000000,0.00000000,0.00000000,0.00000000
1623609860.42721891,0.00000000,0.00000000,0.00000000,0.00000000
1623609860.52795100,0.00000000,0.00000000,0.00000000,0.00000000
1623609860.62773204,0.00000000,0.00000000,0.00000000,0.00000000
1623609860.72749543,0.00000000,0.00000000,0.00000000,0.00000000
1623609860.82728720,0.00000000,0.00000000,0.00000000,0.00000000
1623609860.92812014,0.00000000,0.00000000,0.00000000,0.00000000
1623609861.02789903,0.00000000,0.00000000,0.00000000,0.00000000
1623609861.12770152,0.00000000,0.00000000,0.00000000,0.00000000
1623609861.22741151,0.00000000,0.00000000,0.00000000,0.00000000
1623609861.32788324,0.00000000,0.00000000,0.00000000,0.00000000
1623609861.42793250,0.00000000,0.00000000,0.00000000,0.00000000
1623609861.52773118,0.00000000,0.00000000,0.00000000,0.00000000
1623609861.62753558,0.00000000,0.00000000,0.00000000,0.00000000
1623609861.72727489,0.00000000,0.00000000,0.00000000,0.00000000
1623609861.82802486,0.00000000,0.00000000,0.00000000,0.00000000
1623609861.92798448,0.00000000,0.00000000,0.00000000,0.00000000
1623609862.02785087,0.00000000,0.00000000,0.00000000,0.00000000
1623609862.12780023,0.00000000,0.00000000,0.00000000,0.00000000
1623609862.22774982,0.00000000,0.00000000,0.00000000,0.00000000
1623609862.32745242,0.00000000,0.00000000,0.00000000,0.00000000
1623609862.42731404,0.00000000,0.00000000,0.00000000,0.00000000
1623609862.52813029,0.00000000,0.00000000,0.00000000,0.00000000
1623609862.62797499,0.00000000,0.00000000,0.00000000,0.00000000
1623609862.72768259,0.00000000,0.00000000,0.00000000,0.00000000
1623609862.82776833,0.00000000,0.00000000,0.00000000,0.00000000
1623609862.92775202,0.00000000,0.00000000,0.00000000,0.00000000
1623609863.02749753,0.00000000,0.00000000,0.00000000,0.00000000
1623609863.12732482,0.00000000,0.00000000,0.00000000,0.00000000
1623609863.22813177,0.00000000,0.00000000,0.00000000,0.00000000
1623609863.32801580,0.00000000,0.00000000,0.00000000,0.00000000
1623609863.42793226,0.00000000,0.00000000,0.00000000,0.00000000
1623609863.52798009,0.00000000,0.00000000,0.00000000,0.00000000
1623609863.62793732,0.00000000,0.00000000,0.00000000,0.00000000
1623609863.72758126,0.00000000,0.00000000,0.00000000,0.00000000
1623609863.82727647,0.00000000,0.00000000,0.00000000,0.00000000
1623609863.92815804,0.00000000,0.00000000,0.00000000,0.00000000
1623609864.02901888,0.00000000,0.00000000,0.00000000,0.00000000
1623609864.12871456,0.00000000,0.00000000,0.00000000,0.00000000
1623609864.22841716,0.00000000,0.00000000,0.00000000,0.00000000
1623609864.32911134,0.00000000,0.00000000,0.00000000,0.00000000
1623609864.42878842,0.00000000,0.00000000,0.00000000,0.00000000
1623609864.52852798,0.00000000,0.00000000,0.00000000,0.00000000
1623609864.62823009,0.00000000,0.00000000,0.00000000,0.00000000
1623609864.72893620,0.00000000,0.00000000,0.00000000,0.00000000
1623609864.82860518,0.00000000,0.00000000,0.00000000,0.00000000
1623609864.92827415,0.00000000,0.00000000,0.00000000,0.00000000
1623609865.02897382,0.00000000,0.00000000,0.00000000,0.00000000
1623609865.12894535,0.00000000,0.00000000,0.00000000,0.00000000
1623609865.22846127,0.00000000,0.00000000,0.00000000,0.00000000
1623609865.32852507,0.00000000,0.00000000,0.00000000,0.00000000
1623609865.42821646,0.00000000,0.00000000,0.00000000,0.00000000
1623609865.52849746,0.00000000,0.00000000,0.00000000,0.00000000
1623609865.62924075,0.00000000,0.00000000,0.00000000,0.00000000
1623609865.73002505,0.00000000,0.00000000,0.00000000,0.00000000
1623609865.82975674,0.00000000,0.00000000,0.00000000,0.00000000
1623609865.92941928,0.00000000,0.00000000,0.00000000,0.00000000
1623609866.03022933,0.00000000,0.00000000,0.00000000,0.00000000
1623609866.13090277,0.00000000,0.00000000,0.00000000,0.00000000
1623609866.23064518,0.00000000,0.00000000,0.00000000,0.00000000
1623609866.33043885,0.00000000,0.00000000,0.00000000,0.00000000
1623609866.43115783,0.00000000,0.00000000,0.00000000,0.00000000
1623609866.53190708,0.00000000,0.00000000,0.00000000,0.00000000
1623609866.63156486,0.00000000,0.00000000,0.00000000,0.00000000
1623609866.73135257,0.00000000,0.00000000,0.00000000,0.00000000
1623609866.83213711,0.00000000,0.00000000,0.00000000,0.00000000
1623609866.93186474,0.00000000,0.00000000,0.00000000,0.00000000
1623609867.03157377,0.00000000,0.00000000,0.00000000,0.00000000
1623609867.13170862,0.00000000,0.00000000,0.00000000,0.00000000
1623609867.23139167,0.00000000,0.00000000,0.00000000,0.00000000
1623609867.33125830,0.00000000,0.00000000,0.00000000,0.00000000
1623609867.43150735,0.00000000,0.00000000,0.00000000,0.00000000
1623609867.53143215,0.00000000,0.00000000,0.00000000,0.00000000
1623609867.63213134,0.00000000,0.00000000,0.00000000,0.00000000
1623609867.73192143,0.00000000,0.00000000,0.00000000,0.00000000
1623609867.83167124,0.00000000,0.00000000,0.00000000,0.00000000
1623609867.93194008,0.00000000,0.00000000,0.00000000,0.00000000
1623609868.03168249,0.00000000,0.00000000,0.00000000,0.00000000
1623609868.13134146,0.00000000,0.00000000,0.00000000,0.00000000
1623609868.23193693,0.00000000,0.00000000,0.00000000,0.00000000
1623609868.33142662,0.00000000,0.00000000,0.00000000,0.00000000
1623609868.43211627,0.00000000,0.00000000,0.00000000,0.00000000
1623609868.53140783,0.00000000,0.00000000,0.00000000,0.00000000
1623609868.63206863,0.00000000,0.00000000,0.00000000,0.00000000
1623609868.73173475,0.00000000,0.00000000,0.00000000,0.00000000
1623609868.83146381,0.00000000,0.00000000,0.00000000,0.00000000
1623609868.93216777,0.00000000,0.00000000,0.00000000,0.00000000
1623609869.03202128,0.00000000,0.00000000,0.00000000,0.00000000
1623609869.13176060,0.00000000,0.00000000,0.00000000,0.00000000
1623609869.23142242,0.00000000,0.00000000,0.00000000,0.00000000
1623609869.33129001,0.00000000,0.00000000,0.00000000,0.00000000
1623609869.43197918,0.00000000,0.00000000,0.00000000,0.00000000
1623609869.53183603,0.00000000,0.00000000,0.00000000,0.00000000
1623609869.63176131,0.00000000,0.00000000,0.00000000,0.00000000
1623609869.73170471,0.00000000,0.00000000,0.00000000,0.00000000
1623609869.83141088,0.00000000,0.00000000,0.00000000,0.00000000
1623609869.93129039,0.00000000,0.00000000,0.00000000,0.00000000
1623609870.03177285,0.00000000,0.00000000,0.00000000,0.00000000
1623609870.13179684,0.00000000,0.00000000,0.00000000,0.00000000
1623609870.23159885,0.00000000,0.00000000,0.00000000,0.00000000
1623609870.33138204,0.00000000,0.00000000,0.00000000,0.00000000
1623609870.43218064,0.00000000,0.00000000,0.00000000,0.00000000
1623609870.53295732,0.00000000,0.00000000,0.00000000,0.00000000
1623609870.63261938,0.00000000,0.00000000,0.00000000,0.00000000
1623609870.73234820,0.00000000,0.00000000,0.00000000,0.00000000
1623609870.83278179,0.00000000,0.00000000,0.00000000,0.00000000
1623609870.93245888,0.00000000,0.00000000,0.00000000,0.00000000
1623609871.03256416,0.00000000,0.00000000,0.00000000,0.00000000
1623609871.13228488,0.00000000,0.00000000,0.00000000,0.00000000
1623609871.23299408,0.00000000,0.00000000,0.00000000,0.00000000
1623609871.33266521,0.00000000,0.00000000,0.00000000,0.00000000
1623609871.43221331,0.00000000,0.00000000,0.00000000,0.00000000
1623609871.53307247,0.00000000,0.00000000,0.00000000,0.00000000
1623609871.63277316,0.00000000,0.00000000,0.00000000,0.00000000
1623609871.73247457,0.00000000,0.00000000,0.00000000,0.00000000
1623609871.83316612,0.00000000,0.00000000,0.00000000,0.00000000
1623609871.93392682,0.00000000,0.00000000,0.00000000,0.00000000
1623609872.03366232,0.00000000,0.00000000,0.00000000,0.00000000
1623609872.13350487,0.00000000,0.00000000,0.00000000,0.00000000
1623609872.23422885,0.00000000,0.00000000,0.00000000,0.00000000
1623609872.33487296,0.00000000,0.00000000,0.00000000,0.00000000
1623609872.43464088,0.00000000,0.00000000,0.00000000,0.00000000
1623609872.53437591,0.00000000,0.00000000,0.00000000,0.00000000
1623609872.63503003,0.00000000,0.00000000,0.00000000,0.00000000
1623609872.73468685,0.00000000,0.00000000,0.00000000,0.00000000
1623609872.83442235,0.00000000,0.00000000,0.00000000,0.00000000
1623609872.93506169,0.00000000,0.00000000,0.00000000,0.00000000
1623609873.03480673,0.00000000,0.00000000,0.00000000,0.00000000
1623609873.13449597,0.00000000,0.00000000,0.00000000,0.00000000
1623609873.23445249,0.00000000,0.00000000,0.00000000,0.00000000
1623609873.33521605,0.00000000,0.00000000,0.00000000,0.00000000
1623609873.43593097,0.00000000,0.00000000,0.00000000,0.00000000
1623609873.53571582,0.00000000,0.00000000,0.00000000,0.00000000
1623609873.63540936,0.00000000,0.00000000,0.00000000,0.00000000
1623609873.73611832,0.00000000,0.00000000,0.00000000,0.00000000
1623609873.83593011,0.00000000,0.00000000,0.00000000,0.00000000
1623609873.93575478,0.00000000,0.00000000,0.00000000,0.00000000
1623609874.03578544,0.00000000,0.00000000,0.00000000,0.00000000
1623609874.13568091,0.00000000,0.00000000,0.00000000,0.00000000
1623609874.23540235,0.00000000,0.00000000,0.00000000,0.00000000
1623609874.33621335,0.00000000,0.00000000,0.00000000,0.00000000
1623609874.43722034,0.00000000,0.00000000,0.00000000,0.00000000
1623609874.53816175,0.00000000,0.00000000,0.00000000,0.00000000
1623609874.63791227,0.00000000,0.00000000,0.00000000,0.00000000
1623609874.73770690,0.00000000,0.00000000,0.00000000,0.00000000
1623609874.83763170,0.00000000,0.00000000,0.00000000,0.00000000
1623609874.93810678,0.00000000,0.00000000,0.00000000,0.00000000
1623609875.03893566,0.00000000,0.00000000,0.00000000,0.00000000
1623609875.13859677,0.00000000,0.00000000,0.00000000,0.00000000
1623609875.23837447,0.00000000,0.00000000,0.00000000,0.00000000
1623609875.33907413,0.00000000,0.00000000,0.00000000,0.00000000
1623609875.43836117,0.00000000,0.00000000,0.00000000,0.00000000
1623609875.53830218,0.00000000,0.00000000,0.00000000,0.00000000
1623609875.63923645,0.00000000,0.00000000,0.00000000,0.00000000
1623609875.73990273,0.00000000,0.00000000,0.00000000,0.00000000
1623609875.83958983,0.00000000,0.00000000,0.00000000,0.00000000
1623609875.93928909,0.00000000,0.00000000,0.00000000,0.00000000
1623609876.04005742,0.00000000,0.00000000,0.00000000,0.00000000
1623609876.13934517,0.00000000,0.00000000,0.00000000,0.00000000
1623609876.24009156,0.00000000,0.00000000,0.00000000,0.00000000
1623609876.33987737,0.00000000,0.00000000,0.00000000,0.00000000
1623609876.43973875,0.00000000,0.00000000,0.00000000,0.00000000
1623609876.53949642,0.00000000,0.00000000,0.00000000,0.00000000
1623609876.63926911,0.00000000,0.00000000,0.00000000,0.00000000
1623609876.74001360,0.00000000,0.00000000,0.00000000,0.00000000
1623609876.83973646,0.00000000,0.00000000,0.00000000,0.00000000
1623609876.93939400,0.00000000,0.00000000,0.00000000,0.00000000
1623609877.04003525,0.00000000,0.00000000,0.00000000,0.00000000
1623609877.13986945,0.00000000,0.00000000,0.00000000,0.00000000
1623609877.23950243,0.00000000,0.00000000,0.00000000,0.00000000
1623609877.34017730,0.00000000,0.00000000,0.00000000,0.00000000
1623609877.44079781,0.00000000,0.00000000,0.00000000,0.00000000
1623609877.54053974,0.00000000,0.00000000,0.00000000,0.00000000
1623609877.64027500,0.00000000,0.00000000,0.00000000,0.00000000
1623609877.74094915,0.00000000,0.00000000,0.00000000,0.00000000
1623609877.84064031,0.00000000,0.00000000,0.00000000,0.00000000
1623609877.94032860,0.00000000,0.00000000,0.00000000,0.00000000
1623609878.04093909,0.00000000,0.00000000,0.00000000,0.00000000
1623609878.14056110,0.00000000,0.00000000,0.00000000,0.00000000
1623609878.24024177,0.00000000,0.00000000,0.00000000,0.00000000
1623609878.34091544,0.00000000,0.00000000,0.00000000,0.00000000
1623609878.44063830,0.00000000,0.00000000,0.00000000,0.00000000
1623609878.54033375,0.00000000,0.00000000,0.00000000,0.00000000
1623609878.64100981,0.00000000,0.00000000,0.00000000,0.00000000
1623609878.74081135,0.00000000,0.00000000,0.00000000,0.00000000
1623609878.84046412,0.00000000,0.00000000,0.00000000,0.00000000
1623609878.94016814,0.00000000,0.00000000,0.00000000,0.00000000
1623609879.04088402,0.00000000,0.00000000,0.00000000,0.00000000
1623609879.14057159,0.00000000,0.00000000,0.00000000,0.00000000
1623609879.24048376,0.00000000,0.00000000,0.00000000,0.00000000
1623609879.34037995,0.00000000,0.00000000,0.00000000,0.00000000
1623609879.44021583,0.00000000,0.00000000,0.00000000,0.00000000
1623609879.54111290,0.00000000,0.00000000,0.00000000,0.00000000
1623609879.64100790,0.00000000,0.00000000,0.00000000,0.00000000
1623609879.74026036,0.00000000,0.00000000,0.00000000,0.00000000
1623609879.84031153,0.00000000,0.00000000,0.00000000,0.00000000
1623609879.94097185,0.00000000,0.00000000,0.00000000,0.00000000
1623609880.04061174,0.00000000,0.00000000,0.00000000,0.00000000
1623609880.14032054,0.00000000,0.00000000,0.00000000,0.00000000
1623609880.24098682,0.00000000,0.00000000,0.00000000,0.00000000
1623609880.34065461,0.00000000,0.00000000,0.00000000,0.00000000
1623609880.44033146,0.00000000,0.00000000,0.00000000,0.00000000
1623609880.54100013,0.00000000,0.00000000,0.00000000,0.00000000
1623609880.64073014,0.00000000,0.00000000,0.00000000,0.00000000
1623609880.74049997,0.00000000,0.00000000,0.00000000,0.00000000
1623609880.84121108,0.00000000,0.00000000,0.00000000,0.00000000
1623609880.94199967,0.00000000,0.00000000,0.00000000,0.00000000
1623609881.04170084,0.00000000,0.00000000,0.00000000,0.00000000
1623609881.14138937,0.00000000,0.00000000,0.00000000,0.00000000
1623609881.24210644,0.00000000,0.00000000,0.00000000,0.00000000
1623609881.34147692,0.00000000,0.00000000,0.00000000,0.00000000
1623609881.44222236,0.00000000,0.00000000,0.00000000,0.00000000
1623609881.54288578,0.00000000,0.00000000,0.00000000,0.00000000
1623609881.64271307,0.00000000,0.00000000,0.00000000,0.00000000
1623609881.74241519,0.00000000,0.00000000,0.00000000,0.00000000
1623609881.84306741,0.00000000,0.00000000,0.00000000,0.00000000
1623609881.94270611,0.00000000,0.00000000,0.00000000,0.00000000
1623609882.04240370,0.00000000,0.00000000,0.00000000,0.00000000
1623609882.14309192,0.00000000,0.00000000,0.00000000,0.00000000
1623609882.24376607,0.00000000,0.00000000,0.00000000,0.00000000
1623609882.34342551,0.00000000,0.00000000,0.00000000,0.00000000
1623609882.44415784,0.00000000,0.00000000,0.00000000,0.00000000
1623609882.54486012,0.00000000,0.00000000,0.00000000,0.00000000
1623609882.64451432,0.00000000,0.00000000,0.00000000,0.00000000
1623609882.74424744,0.00000000,0.00000000,0.00000000,0.00000000
1623609882.84500647,0.00000000,0.00000000,0.00000000,0.00000000
1623609882.94489193,0.00000000,0.00000000,0.00000000,0.00000000
1623609883.04465008,0.00000000,0.00000000,0.00000000,0.00000000
1623609883.14434052,0.00000000,0.00000000,0.00000000,0.00000000
1623609883.24506378,0.00000000,0.00000000,0.00000000,0.00000000
1623609883.34431219,0.00000000,0.00000000,0.00000000,0.00000000
1623609883.44501829,0.00000000,0.00000000,0.00000000,0.00000000
1623609883.54479671,0.00000000,0.00000000,0.00000000,0.00000000
1623609883.64451528,0.00000000,0.00000000,0.00000000,0.00000000
1623609883.74423456,0.00000000,0.00000000,0.00000000,0.00000000
1623609883.84499693,0.00000000,0.00000000,0.00000000,0.00000000
1623609883.94480848,0.00000000,0.00000000,0.00000000,0.00000000
1623609884.04458356,0.00000000,0.00000000,0.00000000,0.00000000
1623609884.14426541,0.00000000,0.00000000,0.00000000,0.00000000
1623609884.24516463,0.00000000,0.00000000,0.00000000,0.00000000
1623609884.34588146,0.00000000,0.00000000,0.00000000,0.00000000
1623609884.44559503,0.00000000,0.00000000,0.00000000,0.00000000
1623609884.54534054,0.00000000,0.00000000,0.00000000,0.00000000
1623609884.64604926,0.00000000,0.00000000,0.00000000,0.00000000
1623609884.74575877,0.00000000,0.00000000,0.00000000,0.00000000
1623609884.84546375,0.00000000,0.00000000,0.00000000,0.00000000
1623609884.94526100,0.00000000,0.00000000,0.00000000,0.00000000
1623609885.04599476,0.00000000,0.00000000,0.00000000,0.00000000
1623609885.14574337,0.00000000,0.00000000,0.00000000,0.00000000
1623609885.24569273,0.00000000,0.00000000,0.00000000,0.00000000
1623609885.34546828,0.00000000,0.00000000,0.00000000,0.00000000
1623609885.44619322,0.00000000,0.00000000,0.00000000,0.00000000
1623609885.54687929,0.00000000,0.00000000,0.00000000,0.00000000
1623609885.64679813,0.00000000,0.00000000,0.00000000,0.00000000
1623609885.74655962,0.00000000,0.00000000,0.00000000,0.00000000
1623609885.84632802,0.00000000,0.00000000,0.00000000,0.00000000
1623609885.94706011,0.00000000,0.00000000,0.00000000,0.00000000
1623609886.04698443,0.00000000,0.00000000,0.00000000,0.00000000
1623609886.14692473,0.00000000,0.00000000,0.00000000,0.00000000
1623609886.24661112,0.00000000,0.00000000,0.00000000,0.00000000
1623609886.34630942,0.00000000,0.00000000,0.00000000,0.00000000
1623609886.44700360,0.00000000,0.00000000,0.00000000,0.00000000
1623609886.54671669,0.00000000,0.00000000,0.00000000,0.00000000
1623609886.64650536,0.00000000,0.00000000,0.00000000,0.00000000
1623609886.74650669,0.00000000,0.00000000,0.00000000,0.00000000
1623609886.84633565,0.00000000,0.00000000,0.00000000,0.00000000
1623609886.94701815,0.00000000,0.00000000,0.00000000,0.00000000
1623609887.04680061,0.00000000,0.00000000,0.00000000,0.00000000
1623609887.14657474,0.00000000,0.00000000,0.00000000,0.00000000
1623609887.24651933,0.00000000,0.00000000,0.00000000,0.00000000
1623609887.34648538,0.00000000,0.00000000,0.00000000,0.00000000
1623609887.44648075,0.00000000,0.00000000,0.00000000,0.00000000
1623609887.54637790,0.00000000,0.00000000,0.00000000,0.00000000
1623609887.64632082,0.00000000,0.00000000,0.00000000,0.00000000
1623609887.74685431,0.00000000,0.00000000,0.00000000,0.00000000
1623609887.84675384,0.00000000,0.00000000,0.00000000,0.00000000
1623609887.94648957,0.00000000,0.00000000,0.00000000,0.00000000
1623609888.04724312,0.00000000,0.00000000,0.00000000,0.00000000
1623609888.14797616,0.00000000,0.00000000,0.00000000,0.00000000
1623609888.24777293,0.00000000,0.00000000,0.00000000,0.00000000
1623609888.34745836,0.00000000,0.00000000,0.00000000,0.00000000
1623609888.44810438,0.00000000,0.00000000,0.00000000,0.00000000
1623609888.54780889,0.00000000,0.00000000,0.00000000,0.00000000
1623609888.64752674,0.00000000,0.00000000,0.00000000,0.00000000
1623609888.74724841,0.00000000,0.00000000,0.00000000,0.00000000
1623609888.84799576,0.00000000,0.00000000,0.00000000,0.00000000
1623609888.94772649,0.00000000,0.00000000,0.00000000,0.00000000
1623609889.04744005,0.00000000,0.00000000,0.00000000,0.00000000
1623609889.14814425,0.00000000,0.00000000,0.00000000,0.00000000
1623609889.24836183,0.00000000,0.00000000,0.00000000,0.00000000
1623609889.34864044,0.00000000,0.00000000,0.00000000,0.00000000
1623609889.44835782,0.00000000,0.00000000,0.00000000,0.00000000
1623609889.54907632,0.00000000,0.00000000,0.00000000,0.00000000
1623609889.64881301,0.00000000,0.00000000,0.00000000,0.00000000
1623609889.74856496,0.00000000,0.00000000,0.00000000,0.00000000
1623609889.84823537,0.00000000,0.00000000,0.00000000,0.00000000
1623609889.94896030,0.00000000,0.00000000,0.00000000,0.00000000
1623609890.04868484,0.00000000,0.00000000,0.00000000,0.00000000
1623609890.14853263,0.00000000,0.00000000,0.00000000,0.00000000
1623609890.24833179,0.00000000,0.00000000,0.00000000,0.00000000
1623609890.34912992,0.00000000,0.00000000,0.00000000,0.00000000
1623609890.44886780,0.00000000,0.00000000,0.00000000,0.00000000
1623609890.54860497,0.00000000,0.00000000,0.00000000,0.00000000
1623609890.64830589,0.00000000,0.00000000,0.00000000,0.00000000
1623609890.74899530,0.00000000,0.00000000,0.00000000,0.00000000
1623609890.84870863,0.00000000,0.00000000,0.00000000,0.00000000
1623609890.94844890,0.00000000,0.00000000,0.00000000,0.00000000
1623609891.04840493,0.00000000,0.00000000,0.00000000,0.00000000
1623609891.14819837,0.00000000,0.00000000,0.00000000,0.00000000
1623609891.24896240,0.00000000,0.00000000,0.00000000,0.00000000
1623609891.34879613,0.00000000,0.00000000,0.00000000,0.00000000
1623609891.44884539,0.00000000,0.00000000,0.00000000,0.00000000
1623609891.54873085,0.00000000,0.00000000,0.00000000,0.00000000
1623609891.64843059,0.00000000,0.00000000,0.00000000,0.00000000
1623609891.74913502,0.00000000,0.00000000,0.00000000,0.00000000
1623609891.84985113,0.00000000,0.00000000,0.00000000,0.00000000
1623609891.94962740,0.00000000,0.00000000,0.00000000,0.00000000
1623609892.04938626,0.00000000,0.00000000,0.00000000,0.00000000
1623609892.15009737,0.00000000,0.00000000,0.00000000,0.00000000
1623609892.24977803,0.00000000,0.00000000,0.00000000,0.00000000
1623609892.34953070,0.00000000,0.00000000,0.00000000,0.00000000
1623609892.45024920,0.00000000,0.00000000,0.00000000,0.00000000
1623609892.55097032,0.00000000,0.00000000,0.00000000,0.00000000
1623609892.65069604,0.00000000,0.00000000,0.00000000,0.00000000
1623609892.75037932,0.00000000,0.00000000,0.00000000,0.00000000
1623609892.85111856,0.00000000,0.00000000,0.00000000,0.00000000
1623609892.95188761,0.00000000,0.00000000,0.00000000,0.00000000
1623609893.05157137,0.00000000,0.00000000,0.00000000,0.00000000
1623609893.15130472,0.00000000,0.00000000,0.00000000,0.00000000
1623609893.25203896,0.00000000,0.00000000,0.00000000,0.00000000
1623609893.35185218,0.00000000,0.00000000,0.00000000,0.00000000
1623609893.45155787,0.00000000,0.00000000,0.00000000,0.00000000
1623609893.55125332,0.00000000,0.00000000,0.00000000,0.00000000
1623609893.65197897,0.00000000,0.00000000,0.00000000,0.00000000
1623609893.75173306,0.00000000,0.00000000,0.00000000,0.00000000
1623609893.85153127,0.00000000,0.00000000,0.00000000,0.00000000
1623609893.95144224,0.00000000,0.00000000,0.00000000,0.00000000
1623609894.05207515,0.00000000,0.00000000,0.00000000,0.00000000
1623609894.15149403,0.00000000,0.00000000,0.00000000,0.00000000
1623609894.25127983,0.00000000,0.00000000,0.00000000,0.00000000
1623609894.35199404,0.00000000,0.00000000,0.00000000,0.00000000
1623609894.45192695,0.00000000,0.00000000,0.00000000,0.00000000
1623609894.55197406,0.00000000,0.00000000,0.00000000,0.00000000
1623609894.65202546,0.00000000,0.00000000,0.00000000,0.00000000
1623609894.75193095,0.00000000,0.00000000,0.00000000,0.00000000
1623609894.85183191,0.00000000,0.00000000,0.00000000,0.00000000
1623609894.95157933,0.00000000,0.00000000,0.00000000,0.00000000
1623609895.05132008,0.00000000,0.00000000,0.00000000,0.00000000
1623609895.15210032,0.00000000,0.00000000,0.00000000,0.00000000
1623609895.25201273,0.00000000,0.00000000,0.00000000,0.00000000
1623609895.35176182,0.00000000,0.00000000,0.00000000,0.00000000
1623609895.45197225,0.00000000,0.00000000,0.00000000,0.00000000
1623609895.55213118,0.00000000,0.00000000,0.00000000,0.00000000
1623609895.65144420,0.00000000,0.00000000,0.00000000,0.00000000
1623609895.75172305,0.00000000,0.00000000,0.00000000,0.00000000
1623609895.85207200,0.00000000,0.00000000,0.00000000,0.00000000
1623609895.95191479,0.00000000,0.00000000,0.00000000,0.00000000
1623609896.05200934,0.00000000,0.00000000,0.00000000,0.00000000
1623609896.15175486,0.00000000,0.00000000,0.00000000,0.00000000
1623609896.25172973,0.00000000,0.00000000,0.00000000,0.00000000
1623609896.35179162,0.00000000,0.00000000,0.00000000,0.00000000
1623609896.45197535,0.00000000,0.00000000,0.00000000,0.00000000
1623609896.55190301,0.00000000,0.00000000,0.00000000,0.00000000
1623609896.65198684,0.00000000,0.00000000,0.00000000,0.00000000
1623609896.75190592,0.00000000,0.00000000,0.00000000,0.00000000
1623609896.85212588,0.00000000,0.00000000,0.00000000,0.00000000
1623609896.95200133,0.00000000,0.00000000,0.00000000,0.00000000
1623609897.05176878,0.00000000,0.00000000,0.00000000,0.00000000
1623609897.15150428,0.00000000,0.00000000,0.00000000,0.00000000
1623609897.25125241,0.00000000,0.00000000,0.00000000,0.00000000
1623609897.35199881,0.00000000,0.00000000,0.00000000,0.00000000
1623609897.45191479,0.00000000,0.00000000,0.00000000,0.00000000
1623609897.55158091,0.00000000,0.00000000,0.00000000,0.00000000
1623609897.65136218,0.00000000,0.00000000,0.00000000,0.00000000
1623609897.75213504,0.00000000,0.00000000,0.00000000,0.00000000
1623609897.85298944,0.00000000,0.00000000,0.00000000,0.00000000
1623609897.95300269,0.00000000,0.00000000,0.00000000,0.00000000
1623609898.05288053,0.00000000,0.00000000,0.00000000,0.00000000
1623609898.15288711,0.00000000,0.00000000,0.00000000,0.00000000
1623609898.25324202,0.00000000,0.00000000,0.00000000,0.00000000
1623609898.35410190,0.00000000,0.00000000,0.00000000,0.00000000
1623609898.45388484,0.00000000,0.00000000,0.00000000,0.00000000
1623609898.55362940,0.00000000,0.00000000,0.00000000,0.00000000
1623609898.65374494,0.00000000,0.00000000,0.00000000,0.00000000
1623609898.75385761,0.00000000,0.00000000,0.00000000,0.00000000
1623609898.85367990,0.00000000,0.00000000,0.00000000,0.00000000
1623609898.95358348,0.00000000,0.00000000,0.00000000,0.00000000
1623609899.05378580,0.00000000,0.00000000,0.00000000,0.00000000
1623609899.15372419,0.00000000,0.00000000,0.00000000,0.00000000
1623609899.25385833,0.00000000,0.00000000,0.00000000,0.00000000
1623609899.35326505,0.00000000,0.00000000,0.00000000,0.00000000
1623609899.45332241,0.00000000,0.00000000,0.00000000,0.00000000
1623609899.55338168,0.00000000,0.00000000,0.00000000,0.00000000
1623609899.65330935,0.00000000,0.00000000,0.00000000,0.00000000
1623609899.75410175,0.00000000,0.00000000,0.00000000,0.00000000
1623609899.85390782,0.00000000,0.00000000,0.00000000,0.00000000
1623609899.95369172,0.00000000,0.00000000,0.00000000,0.00000000
1623609900.05354357,0.00000000,0.00000000,0.00000000,0.00000000
1623609900.15329313,0.00000000,0.00000000,0.00000000,0.00000000
1623609900.25413060,0.00000000,0.00000000,0.00000000,0.00000000
1623609900.35382986,0.00000000,0.00000000,0.00000000,0.00000000
1623609900.45352626,0.00000000,0.00000000,0.00000000,0.00000000
1623609900.55412173,0.00000000,0.00000000,0.00000000,0.00000000
1623609900.65405083,0.00000000,0.00000000,0.00000000,0.00000000
1623609900.75402808,0.00000000,0.00000000,0.00000000,0.00000000
1623609900.85390878,0.00000000,0.00000000,0.00000000,0.00000000
1623609900.95379758,0.00000000,0.00000000,0.00000000,0.00000000
1623609901.05389357,0.00000000,0.00000000,0.00000000,0.00000000
1623609901.15410972,0.00000000,0.00000000,0.00000000,0.00000000
1623609901.25384879,0.00000000,0.00000000,0.00000000,0.00000000
1623609901.35364342,0.00000000,0.00000000,0.00000000,0.00000000
1623609901.45343375,0.00000000,0.00000000,0.00000000,0.00000000
1623609901.55336809,0.00000000,0.00000000,0.00000000,0.00000000
1623609901.65370822,0.00000000,0.00000000,0.00000000,0.00000000
1623609901.75329995,0.00000000,0.00000000,0.00000000,0.00000000
1623609901.85393906,0.00000000,0.00000000,0.00000000,0.00000000
1623609901.95413446,0.00000000,0.00000000,0.00000000,0.00000000
1623609902.05492544,0.00000000,0.00000000,0.00000000,0.00000000
1623609902.15475416,0.00000000,0.00000000,0.00000000,0.00000000
1623609902.25458217,0.00000000,0.00000000,0.00000000,0.00000000
1623609902.35437369,0.00000000,0.00000000,0.00000000,0.00000000
1623609902.45516682,0.00000000,0.00000000,0.00000000,0.00000000
1623609902.55525780,0.00000000,0.00000000,0.00000000,0.00000000
1623609902.65526152,0.00000000,0.00000000,0.00000000,0.00000000
1623609902.75553012,0.00000000,0.00000000,0.00000000,0.00000000
1623609902.85553098,0.00000000,0.00000000,0.00000000,0.00000000
1623609902.95528865,0.00000000,0.00000000,0.00000000,0.00000000
1623609903.05613351,0.00000000,0.00000000,0.00000000,0.00000000
1623609903.15692735,0.00000000,0.00000000,0.00000000,0.00000000
1623609903.25673223,0.00000000,0.00000000,0.00000000,0.00000000
1623609903.35649061,0.00000000,0.00000000,0.00000000,0.00000000
1623609903.45626664,0.00000000,0.00000000,0.00000000,0.00000000
1623609903.55700183,0.00000000,0.00000000,0.00000000,0.00000000
1623609903.65692449,0.00000000,0.00000000,0.00000000,0.00000000
1623609903.75673294,0.00000000,0.00000000,0.00000000,0.00000000
1623609903.85655951,0.00000000,0.00000000,0.00000000,0.00000000
1623609903.95621800,0.00000000,0.00000000,0.00000000,0.00000000
1623609904.05708313,0.00000000,0.00000000,0.00000000,0.00000000
1623609904.15714359,0.00000000,0.00000000,0.00000000,0.00000000
1623609904.25797129,0.00000000,0.00000000,0.00000000,0.00000000
1623609904.35780931,0.00000000,0.00000000,0.00000000,0.00000000
1623609904.45770836,0.00000000,0.00000000,0.00000000,0.00000000
1623609904.55764818,0.00000000,0.00000000,0.00000000,0.00000000
1623609904.65748429,0.00000000,0.00000000,0.00000000,0.00000000
1623609904.75726748,0.00000000,0.00000000,0.00000000,0.00000000
1623609904.85798573,0.00000000,0.00000000,0.00000000,0.00000000
1623609904.95780182,0.00000000,0.00000000,0.00000000,0.00000000
1623609905.05777478,0.00000000,0.00000000,0.00000000,0.00000000
1623609905.15772247,0.00000000,0.00000000,0.00000000,0.00000000
1623609905.25755596,0.00000000,0.00000000,0.00000000,0.00000000
1623609905.35741687,0.00000000,0.00000000,0.00000000,0.00000000
1623609905.45822453,0.00000000,0.00000000,0.00000000,0.00000000
1623609905.55893707,0.00000000,0.00000000,0.00000000,0.00000000
1623609905.65875220,0.00000000,0.00000000,0.00000000,0.00000000
1623609905.75857925,0.00000000,0.00000000,0.00000000,0.00000000
1623609905.85835934,0.00000000,0.00000000,0.00000000,0.00000000
1623609905.95903993,0.00000000,0.00000000,0.00000000,0.00000000
1623609906.05902672,0.00000000,0.00000000,0.00000000,0.00000000
1623609906.15874147,0.00000000,0.00000000,0.00000000,0.00000000
1623609906.25851274,0.00000000,0.00000000,0.00000000,0.00000000
1623609906.35923195,0.00000000,0.00000000,0.00000000,0.00000000
1623609906.46012759,0.00000000,0.00000000,0.00000000,0.00000000
1623609906.55998039,0.00000000,0.00000000,0.00000000,0.00000000
1623609906.66004992,0.00000000,0.00000000,0.00000000,0.00000000
1623609906.75990295,0.00000000,0.00000000,0.00000000,0.00000000
1623609906.85970235,0.00000000,0.00000000,0.00000000,0.00000000
1623609906.95921826,0.00000000,0.00000000,0.00000000,0.00000000
1623609907.05995870,0.00000000,0.00000000,0.00000000,0.00000000
1623609907.15991998,0.00000000,0.00000000,0.00000000,0.00000000
1623609907.25976276,0.00000000,0.00000000,0.00000000,0.00000000
1623609907.35972404,0.00000000,0.00000000,0.00000000,0.00000000
1623609907.45941401,0.00000000,0.00000000,0.00000000,0.00000000
1623609907.55938363,0.00000000,0.00000000,0.00000000,0.00000000
1623609907.65977073,0.00000000,0.00000000,0.00000000,0.00000000
1623609907.76015639,0.00000000,0.00000000,0.00000000,0.00000000
1623609907.86088657,0.00000000,0.00000000,0.00000000,0.00000000
1623609907.96086431,0.00000000,0.00000000,0.00000000,0.00000000
1623609908.06095338,0.00000000,0.00000000,0.00000000,0.00000000
1623609908.16109538,0.00000000,0.00000000,0.00000000,0.00000000
1623609908.26052308,0.00000000,0.00000000,0.00000000,0.00000000
1623609908.36065292,0.00000000,0.00000000,0.00000000,0.00000000
1623609908.46067238,0.00000000,0.00000000,0.00000000,0.00000000
1623609908.56062818,0.00000000,0.00000000,0.00000000,0.00000000
1623609908.66060972,0.00000000,0.00000000,0.00000000,0.00000000
1623609908.76052141,0.00000000,0.00000000,0.00000000,0.00000000
1623609908.86054277,0.00000000,0.00000000,0.00000000,0.00000000
1623609908.96049690,0.00000000,0.00000000,0.00000000,0.00000000
1623609909.06057906,0.00000000,0.00000000,0.00000000,0.00000000
1623609909.16028094,0.00000000,0.00000000,0.00000000,0.00000000
1623609909.26101732,0.00000000,0.00000000,0.00000000,0.00000000
1623609909.36081195,0.00000000,0.00000000,0.00000000,0.00000000
1623609909.46057653,0.00000000,0.00000000,0.00000000,0.00000000
1623609909.56055665,0.00000000,0.00000000,0.00000000,0.00000000
1623609909.66054296,0.00000000,0.00000000,0.00000000,0.00000000
1623609909.76025248,0.00000000,0.00000000,0.00000000,0.00000000
1623609909.86097503,0.00000000,0.00000000,0.00000000,0.00000000
1623609909.96067381,0.00000000,0.00000000,0.00000000,0.00000000
1623609910.06100702,0.00000000,0.00000000,0.00000000,0.00000000
1623609910.16028452,0.00000000,0.00000000,0.00000000,0.00000000
1623609910.26054120,0.00000000,0.00000000,0.00000000,0.00000000
1623609910.36068106,0.00000000,0.00000000,0.00000000,0.00000000
1623609910.46047521,0.00000000,0.00000000,0.00000000,0.00000000
1623609910.56029201,0.00000000,0.00000000,0.00000000,0.00000000
1623609910.66106820,0.00000000,0.00000000,0.00000000,0.00000000
1623609910.76083159,0.00000000,0.00000000,0.00000000,0.00000000
1623609910.86049342,0.00000000,0.00000000,0.00000000,0.00000000
1623609910.96036482,0.00000000,0.00000000,0.00000000,0.00000000
1623609911.06077671,0.00000000,0.00000000,0.00000000,0.00000000
1623609911.16051102,0.00000000,0.00000000,0.00000000,0.00000000
1623609911.26026106,0.00000000,0.00000000,0.00000000,0.00000000
1623609911.36098838,0.00000000,0.00000000,0.00000000,0.00000000
1623609911.46097827,0.00000000,0.00000000,0.00000000,0.00000000
1623609911.56102300,0.00000000,0.00000000,0.00000000,0.00000000
1623609911.66081095,0.00000000,0.00000000,0.00000000,0.00000000
1623609911.76056480,0.00000000,0.00000000,0.00000000,0.00000000
1623609911.86029768,0.00000000,0.00000000,0.00000000,0.00000000
1623609911.96107984,0.00000000,0.00000000,0.00000000,0.00000000
1623609912.06090379,0.00000000,0.00000000,0.00000000,0.00000000
1623609912.16064882,0.00000000,0.00000000,0.00000000,0.00000000
1623609912.26060009,0.00000000,0.00000000,0.00000000,0.00000000
1623609912.36041737,0.00000000,0.00000000,0.00000000,0.00000000
1623609912.46033263,0.00000000,0.00000000,0.00000000,0.00000000
1623609912.56042480,0.00000000,0.00000000,0.00000000,0.00000000
1623609912.66120648,0.00000000,0.00000000,0.00000000,0.00000000
1623609912.76144862,0.00000000,0.00000000,0.00000000,0.00000000
1623609912.86159921,0.00000000,0.00000000,0.00000000,0.00000000
1623609912.96171761,0.00000000,0.00000000,0.00000000,0.00000000
1623609913.06167126,0.00000000,0.00000000,0.00000000,0.00000000
1623609913.16145921,0.00000000,0.00000000,0.00000000,0.00000000
1623609913.26221180,0.00000000,0.00000000,0.00000000,0.00000000
1623609913.36261511,0.00000000,0.00000000,0.00000000,0.00000000
1623609913.46235514,0.00000000,0.00000000,0.00000000,0.00000000
1623609913.56311369,0.00000000,0.00000000,0.00000000,0.00000000
1623609913.66295886,0.00000000,0.00000000,0.00000000,0.00000000
1623609913.76261640,0.00000000,0.00000000,0.00000000,0.00000000
1623609913.86235547,0.00000000,0.00000000,0.00000000,0.00000000
1623609913.96307182,0.00000000,0.00000000,0.00000000,0.00000000
1623609914.06280160,0.00000000,0.00000000,0.00000000,0.00000000
1623609914.16265059,0.00000000,0.00000000,0.00000000,0.00000000
1623609914.26244187,0.00000000,0.00000000,0.00000000,0.00000000
1623609914.36326337,0.00000000,0.00000000,0.00000000,0.00000000
1623609914.46329498,0.00000000,0.00000000,0.00000000,0.00000000
1623609914.56401157,0.00000000,0.00000000,0.00000000,0.00000000
1623609914.66381550,0.00000000,0.00000000,0.00000000,0.00000000
1623609914.76370597,0.00000000,0.00000000,0.00000000,0.00000000
1623609914.86353326,0.00000000,0.00000000,0.00000000,0.00000000
1623609914.96328282,0.00000000,0.00000000,0.00000000,0.00000000
1623609915.06422353,0.00000000,0.00000000,0.00000000,0.00000000
1623609915.16502905,0.00000000,0.00000000,0.00000000,0.00000000
1623609915.26472235,0.00000000,0.00000000,0.00000000,0.00000000
1623609915.36440420,0.00000000,0.00000000,0.00000000,0.00000000
1623609915.46448755,0.00000000,0.00000000,0.00000000,0.00000000
1623609915.56521440,0.00000000,0.00000000,0.00000000,0.00000000
1623609915.66594529,0.00000000,0.00000000,0.00000000,0.00000000
1623609915.76562786,0.00000000,0.00000000,0.00000000,0.00000000
1623609915.86534333,0.00000000,0.00000000,0.00000000,0.00000000
1623609915.96604133,0.00000000,0.00000000,0.00000000,0.00000000
1623609916.06588769,0.00000000,0.00000000,0.00000000,0.00000000
1623609916.16563368,0.00000000,0.00000000,0.00000000,0.00000000
1623609916.26540446,0.00000000,0.00000000,0.00000000,0.00000000
1623609916.36614633,0.00000000,0.00000000,0.00000000,0.00000000
1623609916.46587706,0.00000000,0.00000000,0.00000000,0.00000000
1623609916.56554317,0.00000000,0.00000000,0.00000000,0.00000000
1623609916.66529799,0.00000000,0.00000000,0.00000000,0.00000000
1623609916.76602268,0.00000000,0.00000000,0.00000000,0.00000000
1623609916.86570430,0.00000000,0.00000000,0.00000000,0.00000000
1623609916.96553063,0.00000000,0.00000000,0.00000000,0.00000000
1623609917.06543660,0.00000000,0.00000000,0.00000000,0.00000000
1623609917.16536140,0.00000000,0.00000000,0.00000000,0.00000000
1623609917.26535034,0.00000000,0.00000000,0.00000000,0.00000000
1623609917.36607885,0.00000000,0.00000000,0.00000000,0.00000000
1623609917.46578741,0.00000000,0.00000000,0.00000000,0.00000000
1623609917.56568813,0.00000000,0.00000000,0.00000000,0.00000000
1623609917.66561937,0.00000000,0.00000000,0.00000000,0.00000000
1623609917.76566386,0.00000000,0.00000000,0.00000000,0.00000000
1623609917.86561966,0.00000000,0.00000000,0.00000000,0.00000000
1623609917.96542501,0.00000000,0.00000000,0.00000000,0.00000000
1623609918.06526995,0.00000000,0.00000000,0.00000000,0.00000000
1623609918.16605306,0.00000000,0.00000000,0.00000000,0.00000000
1623609918.26588607,0.00000000,0.00000000,0.00000000,0.00000000
1623609918.36565638,0.00000000,0.00000000,0.00000000,0.00000000
1623609918.46550679,0.00000000,0.00000000,0.00000000,0.00000000
1623609918.56527424,0.00000000,0.00000000,0.00000000,0.00000000
1623609918.66609097,0.00000000,0.00000000,0.00000000,0.00000000
1623609918.76597810,0.00000000,0.00000000,0.00000000,0.00000000
1623609918.86567378,0.00000000,0.00000000,0.00000000,0.00000000
1623609918.96543598,0.00000000,0.00000000,0.00000000,0.00000000
1623609919.06528187,0.00000000,0.00000000,0.00000000,0.00000000
1623609919.16606045,0.00000000,0.00000000,0.00000000,0.00000000
1623609919.26577544,0.00000000,0.00000000,0.00000000,0.00000000
1623609919.36554217,0.00000000,0.00000000,0.00000000,0.00000000
1623609919.46533871,0.00000000,0.00000000,0.00000000,0.00000000
1623609919.56603765,0.00000000,0.00000000,0.00000000,0.00000000
1623609919.66576886,0.00000000,0.00000000,0.00000000,0.00000000
1623609919.76617551,0.00000000,0.00000000,0.00000000,0.00000000
1623609919.86706996,0.00000000,0.00000000,0.00000000,0.00000000
1623609919.96694160,0.00000000,0.00000000,0.00000000,0.00000000
1623609920.06679225,0.00000000,0.00000000,0.00000000,0.00000000
1623609920.16669297,0.00000000,0.00000000,0.00000000,0.00000000
1623609920.26649666,0.00000000,0.00000000,0.00000000,0.00000000
1623609920.36724186,0.00000000,0.00000000,0.00000000,0.00000000
1623609920.46796703,0.00000000,0.00000000,0.00000000,0.00000000
1623609920.56758571,0.00000000,0.00000000,0.00000000,0.00000000
1623609920.66734052,0.00000000,0.00000000,0.00000000,0.00000000
1623609920.76805997,0.00000000,0.00000000,0.00000000,0.00000000
1623609920.86780071,0.00000000,0.00000000,0.00000000,0.00000000
1623609920.96750331,0.00000000,0.00000000,0.00000000,0.00000000
1623609921.06795168,0.00000000,0.00000000,0.00000000,0.00000000
1623609921.16776395,0.00000000,0.00000000,0.00000000,0.00000000
1623609921.26747632,0.00000000,0.00000000,0.00000000,0.00000000
1623609921.36807585,0.00000000,0.00000000,0.00000000,0.00000000
1623609921.46905494,0.00000000,0.00000000,0.00000000,0.00000000
1623609921.56874394,0.00000000,0.00000000,0.00000000,0.00000000
1623609921.66848350,0.00000000,0.00000000,0.00000000,0.00000000
1623609921.76830983,0.00000000,0.00000000,0.00000000,0.00000000
1623609921.86894369,0.00000000,0.00000000,0.00000000,0.00000000
1623609921.96868348,0.00000000,0.00000000,0.00000000,0.00000000
1623609922.06907821,0.00000000,0.00000000,0.00000000,0.00000000
1623609922.16898727,0.00000000,0.00000000,0.00000000,0.00000000
1623609922.26869011,0.00000000,0.00000000,0.00000000,0.00000000
1623609922.36855769,0.00000000,0.00000000,0.00000000,0.00000000
1623609922.46837068,0.00000000,0.00000000,0.00000000,0.00000000
1623609922.56908941,0.00000000,0.00000000,0.00000000,0.00000000
1623609922.66890192,0.00000000,0.00000000,0.00000000,0.00000000
1623609922.76862907,0.00000000,0.00000000,0.00000000,0.00000000
1623609922.86850214,0.00000000,0.00000000,0.00000000,0.00000000
1623609922.96923184,0.00000000,0.00000000,0.00000000,0.00000000
1623609923.07003617,0.00000000,0.00000000,0.00000000,0.00000000
1623609923.16981864,0.00000000,0.00000000,0.00000000,0.00000000
1623609923.26954341,0.00000000,0.00000000,0.00000000,0.00000000
1623609923.36930227,0.00000000,0.00000000,0.00000000,0.00000000
1623609923.47009444,0.00000000,0.00000000,0.00000000,0.00000000
1623609923.56977177,0.00000000,0.00000000,0.00000000,0.00000000
1623609923.66960573,0.00000000,0.00000000,0.00000000,0.00000000
1623609923.76936054,0.00000000,0.00000000,0.00000000,0.00000000
1623609923.87012863,0.00000000,0.00000000,0.00000000,0.00000000
1623609923.97088289,0.00000000,0.00000000,0.00000000,0.00000000
1623609924.07085967,0.00000000,0.00000000,0.00000000,0.00000000
1623609924.17055392,0.00000000,0.00000000,0.00000000,0.00000000
1623609924.27046657,0.00000000,0.00000000,0.00000000,0.00000000
1623609924.37122583,0.00000000,0.00000000,0.00000000,0.00000000
1623609924.47202969,0.00000000,0.00000000,0.00000000,0.00000000
1623609924.57171607,0.00000000,0.00000000,0.00000000,0.00000000
1623609924.67137599,0.00000000,0.00000000,0.00000000,0.00000000
1623609924.77151060,0.00000000,0.00000000,0.00000000,0.00000000
1623609924.87215447,0.00000000,0.00000000,0.00000000,0.00000000
1623609924.97290945,0.00000000,0.00000000,0.00000000,0.00000000
1623609925.07270646,0.00000000,0.00000000,0.00000000,0.00000000
1623609925.17239022,0.00000000,0.00000000,0.00000000,0.00000000
1623609925.27312517,0.00000000,0.00000000,0.00000000,0.00000000
1623609925.37382650,0.00000000,0.00000000,0.00000000,0.00000000
1623609925.47355604,0.00000000,0.00000000,0.00000000,0.00000000
1623609925.57425976,0.00000000,0.00000000,0.00000000,0.00000000
1623609925.67498946,0.00000000,0.00000000,0.00000000,0.00000000
1623609925.77472091,0.00000000,0.00000000,0.00000000,0.00000000
1623609925.87442565,0.00000000,0.00000000,0.00000000,0.00000000
1623609925.97521544,0.00000000,0.00000000,0.00000000,0.00000000
1623609926.07590199,0.00000000,0.00000000,0.00000000,0.00000000
1623609926.17530370,0.00000000,0.00000000,0.00000000,0.00000000
1623609926.27605796,0.00000000,0.00000000,0.00000000,0.00000000
1623609926.37582254,0.00000000,0.00000000,0.00000000,0.00000000
1623609926.47559476,0.00000000,0.00000000,0.00000000,0.00000000
1623609926.57537174,0.00000000,0.00000000,0.00000000,0.00000000
1623609926.67533088,0.00000000,0.00000000,0.00000000,0.00000000
1623609926.77526116,0.00000000,0.00000000,0.00000000,0.00000000
1623609926.87603021,0.00000000,0.00000000,0.00000000,0.00000000
1623609926.97589159,0.00000000,0.00000000,0.00000000,0.00000000
1623609927.07561207,0.00000000,0.00000000,0.00000000,0.00000000
1623609927.17536378,0.00000000,0.00000000,0.00000000,0.00000000
1623609927.27614665,0.00000000,0.00000000,0.00000000,0.00000000
1623609927.37685823,0.00000000,0.00000000,0.00000000,0.00000000
1623609927.47655392,0.00000000,0.00000000,0.00000000,0.00000000
1623609927.57627869,0.00000000,0.00000000,0.00000000,0.00000000
1623609927.67703199,0.00000000,0.00000000,0.00000000,0.00000000
1623609927.77677846,0.00000000,0.00000000,0.00000000,0.00000000
1623609927.87654233,0.00000000,0.00000000,0.00000000,0.00000000
1623609927.97625589,0.00000000,0.00000000,0.00000000,0.00000000
1623609928.07697535,0.00000000,0.00000000,0.00000000,0.00000000
1623609928.17681670,0.00000000,0.00000000,0.00000000,0.00000000
1623609928.27651906,0.00000000,0.00000000,0.00000000,0.00000000
1623609928.37631106,0.00000000,0.00000000,0.00000000,0.00000000
1623609928.47705793,0.00000000,0.00000000,0.00000000,0.00000000
1623609928.57676864,0.00000000,0.00000000,0.00000000,0.00000000
1623609928.67651582,0.00000000,0.00000000,0.00000000,0.00000000
1623609928.77623558,0.00000000,0.00000000,0.00000000,0.00000000
1623609928.87695909,0.00000000,0.00000000,0.00000000,0.00000000
1623609928.97677922,0.00000000,0.00000000,0.00000000,0.00000000
1623609929.07649350,0.00000000,0.00000000,0.00000000,0.00000000
1623609929.17723441,0.00000000,0.00000000,0.00000000,0.00000000
1623609929.27797985,0.00000000,0.00000000,0.00000000,0.00000000
1623609929.37766862,0.00000000,0.00000000,0.00000000,0.00000000
1623609929.47756219,0.00000000,0.00000000,0.00000000,0.00000000
1623609929.57733178,0.00000000,0.00000000,0.00000000,0.00000000
1623609929.67812085,0.00000000,0.00000000,0.00000000,0.00000000
1623609929.77781153,0.00000000,0.00000000,0.00000000,0.00000000
1623609929.87760639,0.00000000,0.00000000,0.00000000,0.00000000
1623609929.97740030,0.00000000,0.00000000,0.00000000,0.00000000
1623609930.07814717,0.00000000,0.00000000,0.00000000,0.00000000
1623609930.17787361,0.00000000,0.00000000,0.00000000,0.00000000
1623609930.27759504,0.00000000,0.00000000,0.00000000,0.00000000
1623609930.37734103,0.00000000,0.00000000,0.00000000,0.00000000
1623609930.47812057,0.00000000,0.00000000,0.00000000,0.00000000
1623609930.57783961,0.00000000,0.00000000,0.00000000,0.00000000
1623609930.67753100,0.00000000,0.00000000,0.00000000,0.00000000
1623609930.77731395,0.00000000,0.00000000,0.00000000,0.00000000
1623609930.87800145,0.00000000,0.00000000,0.00000000,0.00000000
1623609930.97766852,0.00000000,0.00000000,0.00000000,0.00000000
1623609931.07745600,0.00000000,0.00000000,0.00000000,0.00000000
1623609931.17820668,0.00000000,0.00000000,0.00000000,0.00000000
1623609931.27892399,0.00000000,0.00000000,0.00000000,0.00000000
1623609931.37845635,0.00000000,0.00000000,0.00000000,0.00000000
1623609931.47874737,0.00000000,0.00000000,0.00000000,0.00000000
1623609931.57850766,0.00000000,0.00000000,0.00000000,0.00000000
1623609931.67828274,0.00000000,0.00000000,0.00000000,0.00000000
1623609931.77875686,0.00000000,0.00000000,0.00000000,0.00000000
1623609931.87860799,0.00000000,0.00000000,0.00000000,0.00000000
1623609931.97838235,0.00000000,0.00000000,0.00000000,0.00000000
1623609932.07915139,0.00000000,0.00000000,0.00000000,0.00000000
1623609932.17993808,0.00000000,0.00000000,0.00000000,0.00000000
1623609932.27973700,0.00000000,0.00000000,0.00000000,0.00000000
1623609932.37944102,0.00000000,0.00000000,0.00000000,0.00000000
1623609932.48023987,0.00000000,0.00000000,0.00000000,0.00000000
1623609932.58061481,0.00000000,0.00000000,0.00000000,0.00000000
1623609932.68034291,0.00000000,0.00000000,0.00000000,0.00000000
1623609932.78110313,0.00000000,0.00000000,0.00000000,0.00000000
1623609932.88087940,0.00000000,0.00000000,0.00000000,0.00000000
1623609932.98061323,0.00000000,0.00000000,0.00000000,0.00000000
1623609933.08039856,0.00000000,0.00000000,0.00000000,0.00000000
1623609933.18116426,0.00000000,0.00000000,0.00000000,0.00000000
1623609933.28205466,0.00000000,0.00000000,0.00000000,0.00000000
1623609933.38168573,0.00000000,0.00000000,0.00000000,0.00000000
1623609933.48138547,0.00000000,0.00000000,0.00000000,0.00000000
1623609933.58206439,0.00000000,0.00000000,0.00000000,0.00000000
1623609933.68168306,0.00000000,0.00000000,0.00000000,0.00000000
1623609933.78144050,0.00000000,0.00000000,0.00000000,0.00000000
1623609933.88215089,0.00000000,0.00000000,0.00000000,0.00000000
1623609933.98286915,0.00000000,0.00000000,0.00000000,0.00000000
1623609934.08301878,0.00000000,0.00000000,0.00000000,0.00000000
1623609934.18271017,0.00000000,0.00000000,0.00000000,0.00000000
1623609934.28245854,0.00000000,0.00000000,0.00000000,0.00000000
1623609934.38267446,0.00000000,0.00000000,0.00000000,0.00000000
1623609934.48295641,0.00000000,0.00000000,0.00000000,0.00000000
1623609934.58269191,0.00000000,0.00000000,0.00000000,0.00000000
1623609934.68240643,0.00000000,0.00000000,0.00000000,0.00000000
1623609934.78310752,0.00000000,0.00000000,0.00000000,0.00000000
1623609934.88395739,0.00000000,0.00000000,0.00000000,0.00000000
1623609934.98399329,0.00000000,0.00000000,0.00000000,0.00000000
1623609935.08333659,0.00000000,0.00000000,0.00000000,0.00000000
1623609935.18406487,0.00000000,0.00000000,0.00000000,0.00000000
1623609935.28378272,0.00000000,0.00000000,0.00000000,0.00000000
1623609935.38347340,0.00000000,0.00000000,0.00000000,0.00000000
1623609935.48327518,0.00000000,0.00000000,0.00000000,0.00000000
1623609935.58329606,0.00000000,0.00000000,0.00000000,0.00000000
1623609935.68393159,0.00000000,0.00000000,0.00000000,0.00000000
1623609935.78343725,0.00000000,0.00000000,0.00000000,0.00000000
1623609935.88352442,0.00000000,0.00000000,0.00000000,0.00000000
1623609935.98424101,0.00000000,0.00000000,0.00000000,0.00000000
1623609936.08491898,0.00000000,0.00000000,0.00000000,0.00000000
1623609936.18476176,0.00000000,0.00000000,0.00000000,0.00000000
1623609936.28446889,0.00000000,0.00000000,0.00000000,0.00000000
1623609936.38510799,0.00000000,0.00000000,0.00000000,0.00000000
1623609936.48580551,0.00000000,0.00000000,0.00000000,0.00000000
1623609936.58554173,0.00000000,0.00000000,0.00000000,0.00000000
1623609936.68533397,0.00000000,0.00000000,0.00000000,0.00000000
1623609936.78604078,0.00000000,0.00000000,0.00000000,0.00000000
1623609936.88576531,0.00000000,0.00000000,0.00000000,0.00000000
1623609936.98549986,0.00000000,0.00000000,0.00000000,0.00000000
1623609937.08528948,0.00000000,0.00000000,0.00000000,0.00000000
1623609937.18602490,0.00000000,0.00000000,0.00000000,0.00000000
1623609937.28569245,0.00000000,0.00000000,0.00000000,0.00000000
1623609937.38538051,0.00000000,0.00000000,0.00000000,0.00000000
1623609937.48529530,0.00000000,0.00000000,0.00000000,0.00000000
1623609937.58602357,0.00000000,0.00000000,0.00000000,0.00000000
1623609937.68605018,0.00000000,0.00000000,0.00000000,0.00000000
1623609937.78588724,0.00000000,0.00000000,0.00000000,0.00000000
1623609937.88586664,0.00000000,0.00000000,0.00000000,0.00000000
1623609937.98574948,0.00000000,0.00000000,0.00000000,0.00000000
1623609938.08592725,0.00000000,0.00000000,0.00000000,0.00000000
1623609938.18575311,0.00000000,0.00000000,0.00000000,0.00000000
1623609938.28555489,0.00000000,0.00000000,0.00000000,0.00000000
1623609938.38534737,0.00000000,0.00000000,0.00000000,0.00000000
1623609938.48531365,0.00000000,0.00000000,0.00000000,0.00000000
1623609938.58608484,0.00000000,0.00000000,0.00000000,0.00000000
1623609938.68589330,0.00000000,0.00000000,0.00000000,0.00000000
1623609938.78560090,0.00000000,0.00000000,0.00000000,0.00000000
1623609938.88545680,0.00000000,0.00000000,0.00000000,0.00000000
1623609938.98591685,0.00000000,0.00000000,0.00000000,0.00000000
1623609939.08581519,0.00000000,0.00000000,0.00000000,0.00000000
1623609939.18550324,0.00000000,0.00000000,0.00000000,0.00000000
1623609939.28617311,0.00000000,0.00000000,0.00000000,0.00000000
1623609939.38685083,0.00000000,0.00000000,0.00000000,0.00000000
1623609939.48651958,0.00000000,0.00000000,0.00000000,0.00000000
1623609939.58722472,0.00000000,0.00000000,0.00000000,0.00000000
1623609939.68793750,0.00000000,0.00000000,0.00000000,0.00000000
1623609939.78760719,0.00000000,0.00000000,0.00000000,0.00000000
1623609939.88736248,0.00000000,0.00000000,0.00000000,0.00000000
1623609939.98808360,0.00000000,0.00000000,0.00000000,0.00000000
1623609940.08773613,0.00000000,0.00000000,0.00000000,0.00000000
1623609940.18737006,0.00000000,0.00000000,0.00000000,0.00000000
1623609940.28807998,0.00000000,0.00000000,0.00000000,0.00000000
1623609940.38784981,0.00000000,0.00000000,0.00000000,0.00000000
1623609940.48771000,0.00000000,0.00000000,0.00000000,0.00000000
1623609940.58738732,0.00000000,0.00000000,0.00000000,0.00000000
1623609940.68809247,0.00000000,0.00000000,0.00000000,0.00000000
1623609940.78769684,0.00000000,0.00000000,0.00000000,0.00000000
1623609940.88742709,0.00000000,0.00000000,0.00000000,0.00000000
1623609940.98807359,0.00000000,0.00000000,0.00000000,0.00000000
1623609941.08792901,0.00000000,0.00000000,0.00000000,0.00000000
1623609941.18772578,0.00000000,0.00000000,0.00000000,0.00000000
1623609941.28751349,0.00000000,0.00000000,0.00000000,0.00000000
1623609941.38793135,0.00000000,0.00000000,0.00000000,0.00000000
1623609941.48874807,0.00000000,0.00000000,0.00000000,0.00000000
1623609941.58851361,0.00000000,0.00000000,0.00000000,0.00000000
1623609941.68914104,0.00000000,0.00000000,0.00000000,0.00000000
1623609941.78992343,0.00000000,0.00000000,0.00000000,0.00000000
1623609941.88968229,0.00000000,0.00000000,0.00000000,0.00000000
1623609941.98940229,0.00000000,0.00000000,0.00000000,0.00000000
1623609942.09019828,0.00000000,0.00000000,0.00000000,0.00000000
1623609942.19093800,0.00000000,0.00000000,0.00000000,0.00000000
1623609942.29063845,0.00000000,0.00000000,0.00000000,0.00000000
1623609942.39040351,0.00000000,0.00000000,0.00000000,0.00000000
1623609942.49110317,0.00000000,0.00000000,0.00000000,0.00000000
1623609942.59078884,0.00000000,0.00000000,0.00000000,0.00000000
1623609942.69047642,0.00000000,0.00000000,0.00000000,0.00000000
1623609942.79118299,0.00000000,0.00000000,0.00000000,0.00000000
1623609942.89200044,0.00000000,0.00000000,0.00000000,0.00000000
1623609942.99210787,0.00000000,0.00000000,0.00000000,0.00000000
1623609943.09293342,0.00000000,0.00000000,0.00000000,0.00000000
1623609943.19264865,0.00000000,0.00000000,0.00000000,0.00000000
1623609943.29227805,0.00000000,0.00000000,0.00000000,0.00000000
1623609943.39307022,0.00000000,0.00000000,0.00000000,0.00000000
1623609943.49279237,0.00000000,0.00000000,0.00000000,0.00000000
1623609943.59249353,0.00000000,0.00000000,0.00000000,0.00000000
1623609943.69324112,0.00000000,0.00000000,0.00000000,0.00000000
1623609943.79396510,0.00000000,0.00000000,0.00000000,0.00000000
1623609943.89363384,0.00000000,0.00000000,0.00000000,0.00000000
1623609943.99340796,0.00000000,0.00000000,0.00000000,0.00000000
1623609944.09414220,0.00000000,0.00000000,0.00000000,0.00000000
1623609944.19486380,0.00000000,0.00000000,0.00000000,0.00000000
1623609944.29463911,0.00000000,0.00000000,0.00000000,0.00000000
1623609944.39444494,0.00000000,0.00000000,0.00000000,0.00000000
1623609944.49514604,0.00000000,0.00000000,0.00000000,0.00000000
1623609944.59591770,0.00000000,0.00000000,0.00000000,0.00000000
1623609944.69582725,0.00000000,0.00000000,0.00000000,0.00000000
1623609944.79571700,0.00000000,0.00000000,0.00000000,0.00000000
1623609944.89535546,0.00000000,0.00000000,0.00000000,0.00000000
1623609944.99604964,0.00000000,0.00000000,0.00000000,0.00000000
1623609945.09582710,0.00000000,0.00000000,0.00000000,0.00000000
1623609945.19558477,0.00000000,0.00000000,0.00000000,0.00000000
1623609945.29530168,0.00000000,0.00000000,0.00000000,0.00000000
1623609945.39558077,0.00000000,0.00000000,0.00000000,0.00000000
1623609945.49555922,0.00000000,0.00000000,0.00000000,0.00000000
1623609945.59535146,0.00000000,0.00000000,0.00000000,0.00000000
1623609945.69612408,0.00000000,0.00000000,0.00000000,0.00000000
1623609945.79579973,0.00000000,0.00000000,0.00000000,0.00000000
1623609945.89543915,0.00000000,0.00000000,0.00000000,0.00000000
1623609945.99523139,0.00000000,0.00000000,0.00000000,0.00000000
1623609946.09597278,0.00000000,0.00000000,0.00000000,0.00000000
1623609946.19593310,0.00000000,0.00000000,0.00000000,0.00000000
1623609946.29572392,0.00000000,0.00000000,0.00000000,0.00000000
1623609946.39558816,0.00000000,0.00000000,0.00000000,0.00000000
1623609946.49555564,0.00000000,0.00000000,0.00000000,0.00000000
1623609946.59553623,0.00000000,0.00000000,0.00000000,0.00000000
1623609946.69534063,0.00000000,0.00000000,0.00000000,0.00000000
1623609946.79552865,0.00000000,0.00000000,0.00000000,0.00000000
1623609946.89531851,0.00000000,0.00000000,0.00000000,0.00000000
1623609946.99609399,0.00000000,0.00000000,0.00000000,0.00000000
1623609947.09603381,0.00000000,0.00000000,0.00000000,0.00000000
1623609947.19593453,0.00000000,0.00000000,0.00000000,0.00000000
1623609947.29573774,0.00000000,0.00000000,0.00000000,0.00000000
1623609947.39550066,0.00000000,0.00000000,0.00000000,0.00000000
1623609947.49549365,0.00000000,0.00000000,0.00000000,0.00000000
1623609947.59573531,0.00000000,0.00000000,0.00000000,0.00000000
1623609947.69547391,0.00000000,0.00000000,0.00000000,0.00000000
1623609947.79524040,0.00000000,0.00000000,0.00000000,0.00000000
1623609947.89600015,0.00000000,0.00000000,0.00000000,0.00000000
1623609947.99572325,0.00000000,0.00000000,0.00000000,0.00000000
1623609948.09571195,0.00000000,0.00000000,0.00000000,0.00000000
1623609948.19561911,0.00000000,0.00000000,0.00000000,0.00000000
1623609948.29546237,0.00000000,0.00000000,0.00000000,0.00000000
1623609948.39557099,0.00000000,0.00000000,0.00000000,0.00000000
1623609948.49527502,0.00000000,0.00000000,0.00000000,0.00000000
1623609948.59599018,0.00000000,0.00000000,0.00000000,0.00000000
1623609948.69575405,0.00000000,0.00000000,0.00000000,0.00000000
1623609948.79542661,0.00000000,0.00000000,0.00000000,0.00000000
1623609948.89635444,0.00000000,0.00000000,0.00000000,0.00000000
1623609948.99687147,0.00000000,0.00000000,0.00000000,0.00000000
1623609949.09676075,0.00000000,0.00000000,0.00000000,0.00000000
1623609949.19641972,0.00000000,0.00000000,0.00000000,0.00000000
1623609949.29714251,0.00000000,0.00000000,0.00000000,0.00000000
1623609949.39787388,0.00000000,0.00000000,0.00000000,0.00000000
1623609949.49758410,0.00000000,0.00000000,0.00000000,0.00000000
1623609949.59730172,0.00000000,0.00000000,0.00000000,0.00000000
1623609949.69808364,0.00000000,0.00000000,0.00000000,0.00000000
1623609949.79777837,0.00000000,0.00000000,0.00000000,0.00000000
1623609949.89751959,0.00000000,0.00000000,0.00000000,0.00000000
1623609949.99719882,0.00000000,0.00000000,0.00000000,0.00000000
1623609950.09794831,0.00000000,0.00000000,0.00000000,0.00000000
1623609950.19780207,0.00000000,0.00000000,0.00000000,0.00000000
1623609950.29738927,0.00000000,0.00000000,0.00000000,0.00000000
1623609950.39811134,0.00000000,0.00000000,0.00000000,0.00000000
1623609950.49783111,0.00000000,0.00000000,0.00000000,0.00000000
1623609950.59761310,0.00000000,0.00000000,0.00000000,0.00000000
1623609950.69757724,0.00000000,0.00000000,0.00000000,0.00000000
1623609950.79754376,0.00000000,0.00000000,0.00000000,0.00000000
1623609950.89731193,0.00000000,0.00000000,0.00000000,0.00000000
1623609950.99806023,0.00000000,0.00000000,0.00000000,0.00000000
1623609951.09780812,0.00000000,0.00000000,0.00000000,0.00000000
1623609951.19746232,0.00000000,0.00000000,0.00000000,0.00000000
1623609951.29813027,0.00000000,0.00000000,0.00000000,0.00000000
1623609951.39874434,0.00000000,0.00000000,0.00000000,0.00000000
1623609951.49871349,0.00000000,0.00000000,0.00000000,0.00000000
1623609951.59845734,0.00000000,0.00000000,0.00000000,0.00000000
1623609951.69910026,0.00000000,0.00000000,0.00000000,0.00000000
1623609951.79854798,0.00000000,0.00000000,0.00000000,0.00000000
1623609951.89826155,0.00000000,0.00000000,0.00000000,0.00000000
1623609951.99904418,0.00000000,0.00000000,0.00000000,0.00000000
1623609952.09876370,0.00000000,0.00000000,0.00000000,0.00000000
1623609952.19875503,0.00000000,0.00000000,0.00000000,0.00000000
1623609952.29901791,0.00000000,0.00000000,0.00000000,0.00000000
1623609952.39884186,0.00000000,0.00000000,0.00000000,0.00000000
1623609952.49848843,0.00000000,0.00000000,0.00000000,0.00000000
1623609952.59915519,0.00000000,0.00000000,0.00000000,0.00000000
1623609952.69993472,0.00000000,0.00000000,0.00000000,0.00000000
1623609952.79957342,0.00000000,0.00000000,0.00000000,0.00000000
1623609952.89939570,0.00000000,0.00000000,0.00000000,0.00000000
1623609953.00009418,0.00000000,0.00000000,0.00000000,0.00000000
1623609953.09988785,0.00000000,0.00000000,0.00000000,0.00000000
1623609953.19974613,0.00000000,0.00000000,0.00000000,0.00000000
1623609953.29978204,0.00000000,0.00000000,0.00000000,0.00000000
1623609953.39978623,0.00000000,0.00000000,0.00000000,0.00000000
1623609953.49952817,0.00000000,0.00000000,0.00000000,0.00000000
1623609953.59928370,0.00000000,0.00000000,0.00000000,0.00000000
1623609953.70003104,0.00000000,0.00000000,0.00000000,0.00000000
1623609953.79982400,0.00000000,0.00000000,0.00000000,0.00000000
1623609953.89953518,0.00000000,0.00000000,0.00000000,0.00000000
1623609953.99928474,0.00000000,0.00000000,0.00000000,0.00000000
1623609954.10004282,0.00000000,0.00000000,0.00000000,0.00000000
1623609954.19977832,0.00000000,0.00000000,0.00000000,0.00000000
1623609954.29946136,0.00000000,0.00000000,0.00000000,0.00000000
1623609954.39919782,0.00000000,0.00000000,0.00000000,0.00000000
1623609954.49994969,0.00000000,0.00000000,0.00000000,0.00000000
1623609954.59969759,0.00000000,0.00000000,0.00000000,0.00000000
1623609954.69943142,0.00000000,0.00000000,0.00000000,0.00000000
1623609954.79924011,0.00000000,0.00000000,0.00000000,0.00000000
1623609954.89999032,0.00000000,0.00000000,0.00000000,0.00000000
1623609954.99980903,0.00000000,0.00000000,0.00000000,0.00000000
1623609955.09951425,0.00000000,0.00000000,0.00000000,0.00000000
1623609955.20018435,0.00000000,0.00000000,0.00000000,0.00000000
1623609955.30112243,0.00000000,0.00000000,0.00000000,0.00000000
1623609955.40079713,0.00000000,0.00000000,0.00000000,0.00000000
1623609955.50047374,0.00000000,0.00000000,0.00000000,0.00000000
1623609955.60030079,0.00000000,0.00000000,0.00000000,0.00000000
1623609955.70099330,0.00000000,0.00000000,0.00000000,0.00000000
1623609955.80073810,0.00000000,0.00000000,0.00000000,0.00000000
1623609955.90063047,0.00000000,0.00000000,0.00000000,0.00000000
1623609956.00054693,0.00000000,0.00000000,0.00000000,0.00000000
1623609956.10039067,0.00000000,0.00000000,0.00000000,0.00000000
1623609956.20028591,0.00000000,0.00000000,0.00000000,0.00000000
1623609956.30051947,0.00000000,0.00000000,0.00000000,0.00000000
1623609956.40035033,0.00000000,0.00000000,0.00000000,0.00000000
1623609956.50125861,0.00000000,0.00000000,0.00000000,0.00000000
1623609956.60196733,0.00000000,0.00000000,0.00000000,0.00000000
1623609956.70209241,0.00000000,0.00000000,0.00000000,0.00000000
1623609956.80199862,0.00000000,0.00000000,0.00000000,0.00000000
1623609956.90169621,0.00000000,0.00000000,0.00000000,0.00000000
1623609957.00143600,0.00000000,0.00000000,0.00000000,0.00000000
1623609957.10212302,0.00000000,0.00000000,0.00000000,0.00000000
1623609957.20185828,0.00000000,0.00000000,0.00000000,0.00000000
1623609957.30158615,0.00000000,0.00000000,0.00000000,0.00000000
1623609957.40129542,0.00000000,0.00000000,0.00000000,0.00000000
1623609957.50193834,0.00000000,0.00000000,0.00000000,0.00000000
1623609957.60172129,0.00000000,0.00000000,0.00000000,0.00000000
1623609957.70138383,0.00000000,0.00000000,0.00000000,0.00000000
1623609957.80132961,0.00000000,0.00000000,0.00000000,0.00000000
1623609957.90127134,0.00000000,0.00000000,0.00000000,0.00000000
1623609958.00190830,0.00000000,0.00000000,0.00000000,0.00000000
1623609958.10155320,0.00000000,0.00000000,0.00000000,0.00000000
1623609958.20208859,0.00000000,0.00000000,0.00000000,0.00000000
1623609958.30179477,0.00000000,0.00000000,0.00000000,0.00000000
1623609958.40148616,0.00000000,0.00000000,0.00000000,0.00000000
1623609958.50126219,0.00000000,0.00000000,0.00000000,0.00000000
1623609958.60193992,0.00000000,0.00000000,0.00000000,0.00000000
1623609958.70166802,0.00000000,0.00000000,0.00000000,0.00000000
1623609958.80142832,0.00000000,0.00000000,0.00000000,0.00000000
1623609958.90221381,0.00000000,0.00000000,0.00000000,0.00000000
1623609959.00291157,0.00000000,0.00000000,0.00000000,0.00000000
1623609959.10260749,0.00000000,0.00000000,0.00000000,0.00000000
1623609959.20242763,0.00000000,0.00000000,0.00000000,0.00000000
1623609959.30320573,0.00000000,0.00000000,0.00000000,0.00000000
1623609959.40386724,0.00000000,0.00000000,0.00000000,0.00000000
1623609959.50370049,0.00000000,0.00000000,0.00000000,0.00000000
1623609959.60343599,0.00000000,0.00000000,0.00000000,0.00000000
1623609959.70417309,0.00000000,0.00000000,0.00000000,0.00000000
1623609959.80497360,0.00000000,0.00000000,0.00000000,0.00000000
1623609959.90466261,0.00000000,0.00000000,0.00000000,0.00000000
1623609960.00425148,0.00000000,0.00000000,0.00000000,0.00000000
1623609960.10434127,0.00000000,0.00000000,0.00000000,0.00000000
1623609960.20421815,0.00000000,0.00000000,0.00000000,0.00000000
1623609960.30499911,0.00000000,0.00000000,0.00000000,0.00000000
1623609960.40474319,0.00000000,0.00000000,0.00000000,0.00000000
1623609960.50453615,0.00000000,0.00000000,0.00000000,0.00000000
1623609960.60425830,0.00000000,0.00000000,0.00000000,0.00000000
1623609960.70505285,0.00000000,0.00000000,0.00000000,0.00000000
1623609960.80501723,0.00000000,0.00000000,0.00000000,0.00000000
1623609960.90476584,0.00000000,0.00000000,0.00000000,0.00000000
1623609961.00455308,0.00000000,0.00000000,0.00000000,0.00000000
1623609961.10433483,0.00000000,0.00000000,0.00000000,0.00000000
1623609961.20506287,0.00000000,0.00000000,0.00000000,0.00000000
1623609961.30493569,0.00000000,0.00000000,0.00000000,0.00000000
1623609961.40452814,0.00000000,0.00000000,0.00000000,0.00000000
1623609961.50431395,0.00000000,0.00000000,0.00000000,0.00000000
1623609961.60426545,0.00000000,0.00000000,0.00000000,0.00000000
1623609961.70510030,0.00000000,0.00000000,0.00000000,0.00000000
1623609961.80482244,0.00000000,0.00000000,0.00000000,0.00000000
1623609961.90456653,0.00000000,0.00000000,0.00000000,0.00000000
1623609962.00430965,0.00000000,0.00000000,0.00000000,0.00000000
1623609962.10502887,0.00000000,0.00000000,0.00000000,0.00000000
1623609962.20482826,0.00000000,0.00000000,0.00000000,0.00000000
1623609962.30473304,0.00000000,0.00000000,0.00000000,0.00000000
1623609962.40448570,0.00000000,0.00000000,0.00000000,0.00000000
1623609962.50421143,0.00000000,0.00000000,0.00000000,0.00000000
1623609962.60493493,0.00000000,0.00000000,0.00000000,0.00000000
1623609962.70459652,0.00000000,0.00000000,0.00000000,0.00000000
1623609962.80434299,0.00000000,0.00000000,0.00000000,0.00000000
1623609962.90502763,0.00000000,0.00000000,0.00000000,0.00000000
1623609963.00489759,0.00000000,0.00000000,0.00000000,0.00000000
1623609963.10516882,0.00000000,0.00000000,0.00000000,0.00000000
1623609963.20597625,0.00000000,0.00000000,0.00000000,0.00000000
1623609963.30573535,0.00000000,0.00000000,0.00000000,0.00000000
1623609963.40549207,0.00000000,0.00000000,0.00000000,0.00000000
1623609963.50544333,0.00000000,0.00000000,0.00000000,0.00000000
1623609963.60616732,0.00000000,0.00000000,0.00000000,0.00000000
1623609963.70692372,0.00000000,0.00000000,0.00000000,0.00000000
1623609963.80661511,0.00000000,0.00000000,0.00000000,0.00000000
1623609963.90646219,0.00000000,0.00000000,0.00000000,0.00000000
1623609964.00636506,0.00000000,0.00000000,0.00000000,0.00000000
1623609964.10709167,0.00000000,0.00000000,0.00000000,0.00000000
1623609964.20687389,0.00000000,0.00000000,0.00000000,0.00000000
1623609964.30658889,0.00000000,0.00000000,0.00000000,0.00000000
1623609964.40629554,0.00000000,0.00000000,0.00000000,0.00000000
1623609964.50700879,0.00000000,0.00000000,0.00000000,0.00000000
1623609964.60624862,0.00000000,0.00000000,0.00000000,0.00000000
1623609964.70693779,0.00000000,0.00000000,0.00000000,0.00000000
1623609964.80669832,0.00000000,0.00000000,0.00000000,0.00000000
1623609964.90644407,0.00000000,0.00000000,0.00000000,0.00000000
1623609965.00718665,0.00000000,0.00000000,0.00000000,0.00000000
1623609965.10793304,0.00000000,0.00000000,0.00000000,0.00000000
1623609965.20755363,0.00000000,0.00000000,0.00000000,0.00000000
1623609965.30732942,0.00000000,0.00000000,0.00000000,0.00000000
1623609965.40814829,0.00000000,0.00000000,0.00000000,0.00000000
1623609965.50733399,0.00000000,0.00000000,0.00000000,0.00000000
1623609965.60807896,0.00000000,0.00000000,0.00000000,0.00000000
1623609965.70771432,0.00000000,0.00000000,0.00000000,0.00000000
1623609965.80743170,0.00000000,0.00000000,0.00000000,0.00000000
1623609965.90817380,0.00000000,0.00000000,0.00000000,0.00000000
1623609966.00884581,0.00000000,0.00000000,0.00000000,0.00000000
1623609966.10858035,0.00000000,0.00000000,0.00000000,0.00000000
1623609966.20866466,0.00000000,0.00000000,0.00000000,0.00000000
1623609966.30842710,0.00000000,0.00000000,0.00000000,0.00000000
1623609966.40916085,0.00000000,0.00000000,0.00000000,0.00000000
1623609966.50983953,0.00000000,0.00000000,0.00000000,0.00000000
1623609966.60956717,0.00000000,0.00000000,0.00000000,0.00000000
1623609966.70930624,0.00000000,0.00000000,0.00000000,0.00000000
1623609966.81006813,0.00000000,0.00000000,0.00000000,0.00000000
1623609966.90950727,0.00000000,0.00000000,0.00000000,0.00000000
1623609967.00949216,0.00000000,0.00000000,0.00000000,0.00000000
1623609967.11023760,0.00000000,0.00000000,0.00000000,0.00000000
1623609967.21097779,0.00000000,0.00000000,0.00000000,0.00000000
1623609967.31078601,0.00000000,0.00000000,0.00000000,0.00000000
1623609967.41088748,0.00000000,0.00000000,0.00000000,0.00000000
1623609967.51109338,0.00000000,0.00000000,0.00000000,0.00000000
1623609967.61090922,0.00000000,0.00000000,0.00000000,0.00000000
1623609967.71070313,0.00000000,0.00000000,0.00000000,0.00000000
1623609967.81049848,0.00000000,0.00000000,0.00000000,0.00000000
