Seconds,x,y,z,w
1623609825.80738425,0.00000000,0.00000000,0.00000000,0.00000000
1623609825.90735555,0.00000000,0.00000000,0.00000000,0.00000000
1623609826.00735521,0.00000000,0.00000000,0.00000000,0.00000000
1623609826.10735512,0.00000000,0.00000000,0.00000000,0.00000000
1623609826.20735621,0.00000000,0.00000000,0.00000000,0.00000000
1623609826.30730915,0.00000000,0.00000000,0.00000000,0.00000000
1623609826.40731716,0.00000000,0.00000000,0.00000000,0.00000000
1623609826.50735474,0.00000000,0.00000000,0.00000000,0.00000000
1623609826.60735822,0.00000000,0.00000000,0.00000000,0.00000000
1623609826.70735836,0.00000000,0.00000000,0.00000000,0.00000000
1623609826.80735469,0.00000000,0.00000000,0.00000000,0.00000000
1623609826.90731621,0.00000000,0.00000000,0.00000000,0.00000000
1623609827.00732470,0.00000000,0.00000000,0.00000000,0.00000000
1623609827.10737109,0.00000000,0.00000000,0.00000000,0.00000000
1623609827.20738006,0.00000000,0.00000000,0.00000000,0.00000000
1623609827.30733228,0.00000000,0.00000000,0.00000000,0.00000000
1623609827.40735602,0.00000000,0.00000000,0.00000000,0.00000000
1623609827.50733137,0.00000000,0.00000000,0.00000000,0.00000000
1623609827.60735488,0.00000000,0.00000000,0.00000000,0.00000000
1623609827.70736241,0.00000000,0.00000000,0.00000000,0.00000000
1623609827.80736113,0.00000000,0.00000000,0.00000000,0.00000000
1623609827.90735626,0.00000000,0.00000000,0.00000000,0.00000000
1623609828.00735497,0.00000000,0.00000000,0.00000000,0.00000000
1623609828.10735512,0.00000000,0.00000000,0.00000000,0.00000000
1623609828.20733047,0.00000000,0.00000000,0.00000000,0.00000000
1623609828.30732703,0.00000000,0.00000000,0.00000000,0.00000000
1623609828.40733671,0.00000000,0.00000000,0.00000000,0.00000000
1623609828.50730896,0.00000000,0.00000000,0.00000000,0.00000000
1623609828.60735226,0.00000000,0.00000000,0.00000000,0.00000000
1623609828.70736837,0.00000000,0.00000000,0.00000000,0.00000000
1623609828.80735588,0.00000000,0.00000000,0.00000000,0.00000000
1623609828.90735888,0.00000000,0.00000000,0.00000000,0.00000000
1623609829.00735760,0.00000000,0.00000000,0.00000000,0.00000000
1623609829.10736418,0.00000000,0.00000000,0.00000000,0.00000000
1623609829.20736909,0.00000000,0.00000000,0.00000000,0.00000000
1623609829.30735660,0.00000000,0.00000000,0.00000000,0.00000000
1623609829.40735531,0.00000000,0.00000000,0.00000000,0.00000000
1623609829.50735474,0.00000000,0.00000000,0.00000000,0.00000000
1623609829.60735559,0.00000000,0.00000000,0.00000000,0.00000000
1623609829.70733094,0.00000000,0.00000000,0.00000000,0.00000000
1623609829.80733037,0.00000000,0.00000000,0.00000000,0.00000000
1623609829.90732718,0.00000000,0.00000000,0.00000000,0.00000000
1623609830.00731778,0.00000000,0.00000000,0.00000000,0.00000000
1623609830.10732961,0.00000000,0.00000000,0.00000000,0.00000000
1623609830.20732975,0.00000000,0.00000000,0.00000000,0.00000000
1623609830.30732632,0.00000000,0.00000000,0.00000000,0.00000000
1623609830.40732694,0.00000000,0.00000000,0.00000000,0.00000000
1623609830.50736499,0.00000000,0.00000000,0.00000000,0.00000000
1623609830.60735989,0.00000000,0.00000000,0.00000000,0.00000000
1623609830.70736289,0.00000000,0.00000000,0.00000000,0.00000000
1623609830.80736160,0.00000000,0.00000000,0.00000000,0.00000000
1623609830.90730333,0.00000000,0.00000000,0.00000000,0.00000000
1623609831.00729990,0.00000000,0.00000000,0.00000000,0.00000000
1623609831.10730052,0.00000000,0.00000000,0.00000000,0.00000000
1623609831.20729995,0.00000000,0.00000000,0.00000000,0.00000000
1623609831.30735993,0.00000000,0.00000000,0.00000000,0.00000000
1623609831.40737605,0.00000000,0.00000000,0.00000000,0.00000000
1623609831.50735593,0.00000000,0.00000000,0.00000000,0.00000000
1623609831.60737133,0.00000000,0.00000000,0.00000000,0.00000000
1623609831.70731902,0.00000000,0.00000000,0.00000000,0.00000000
1623609831.80735874,0.00000000,0.00000000,0.00000000,0.00000000
1623609831.90735459,0.00000000,0.00000000,0.00000000,0.00000000
1623609832.00731730,0.00000000,0.00000000,0.00000000,0.00000000
1623609832.10732532,0.00000000,0.00000000,0.00000000,0.00000000
1623609832.20732975,0.00000000,0.00000000,0.00000000,0.00000000
1623609832.30732965,0.00000000,0.00000000,0.00000000,0.00000000
1623609832.40730095,0.00000000,0.00000000,0.00000000,0.00000000
1623609832.50732827,0.00000000,0.00000000,0.00000000,0.00000000
1623609832.60732841,0.00000000,0.00000000,0.00000000,0.00000000
1623609832.70733023,0.00000000,0.00000000,0.00000000,0.00000000
1623609832.80736613,0.00000000,0.00000000,0.00000000,0.00000000
1623609832.90735984,0.00000000,0.00000000,0.00000000,0.00000000
1623609833.00735688,0.00000000,0.00000000,0.00000000,0.00000000
1623609833.10742021,0.00000000,0.00000000,0.00000000,0.00000000
1623609833.20732045,0.00000000,0.00000000,0.00000000,0.00000000
1623609833.30733323,0.00000000,0.00000000,0.00000000,0.00000000
1623609833.40735960,0.00000000,0.00000000,0.00000000,0.00000000
1623609833.50737381,0.00000000,0.00000000,0.00000000,0.00000000
1623609833.60735798,0.00000000,0.00000000,0.00000000,0.00000000
1623609833.70736051,0.00000000,0.00000000,0.00000000,0.00000000
1623609833.80736852,0.00000000,0.00000000,0.00000000,0.00000000
1623609833.90736103,0.00000000,0.00000000,0.00000000,0.00000000
1623609834.00736070,0.00000000,0.00000000,0.00000000,0.00000000
1623609834.10736060,0.00000000,0.00000000,0.00000000,0.00000000
1623609834.20736241,0.00000000,0.00000000,0.00000000,0.00000000
1623609834.30736518,0.00000000,0.00000000,0.00000000,0.00000000
1623609834.40738225,0.00000000,0.00000000,0.00000000,0.00000000
1623609834.50730348,0.00000000,0.00000000,0.00000000,0.00000000
1623609834.60737920,0.00000000,0.00000000,0.00000000,0.00000000
1623609834.70740557,0.00000000,0.00000000,0.00000000,0.00000000
1623609834.80736947,0.00000000,0.00000000,0.00000000,0.00000000
1623609834.90736127,0.00000000,0.00000000,0.00000000,0.00000000
1623609835.00735784,0.00000000,0.00000000,0.00000000,0.00000000
1623609835.10735607,0.00000000,0.00000000,0.00000000,0.00000000
1623609835.20735645,0.00000000,0.00000000,0.00000000,0.00000000
1623609835.30735612,0.00000000,0.00000000,0.00000000,0.00000000
1623609835.40735626,0.00000000,0.00000000,0.00000000,0.00000000
1623609835.50735879,0.00000000,0.00000000,0.00000000,0.00000000
1623609835.60735917,0.00000000,0.00000000,0.00000000,0.00000000
1623609835.70733476,0.00000000,0.00000000,0.00000000,0.00000000
1623609835.80737710,0.00000000,0.00000000,0.00000000,0.00000000
1623609835.90737987,0.00000000,0.00000000,0.00000000,0.00000000
1623609836.00732541,0.00000000,0.00000000,0.00000000,0.00000000
1623609836.10733628,0.00000000,0.00000000,0.00000000,0.00000000
1623609836.20737362,0.00000000,0.00000000,0.00000000,0.00000000
1623609836.30735660,0.00000000,0.00000000,0.00000000,0.00000000
1623609836.40735626,0.00000000,0.00000000,0.00000000,0.00000000
1623609836.50735950,0.00000000,0.00000000,0.00000000,0.00000000
1623609836.60735869,0.00000000,0.00000000,0.00000000,0.00000000
1623609836.70736003,0.00000000,0.00000000,0.00000000,0.00000000
1623609836.80735779,0.00000000,0.00000000,0.00000000,0.00000000
1623609836.90735865,0.00000000,0.00000000,0.00000000,0.00000000
1623609837.00735807,0.00000000,0.00000000,0.00000000,0.00000000
1623609837.10735798,0.00000000,0.00000000,0.00000000,0.00000000
1623609837.20735812,0.00000000,0.00000000,0.00000000,0.00000000
1623609837.30735826,0.00000000,0.00000000,0.00000000,0.00000000
1623609837.40735579,0.00000000,0.00000000,0.00000000,0.00000000
1623609837.50735855,0.00000000,0.00000000,0.00000000,0.00000000
1623609837.60735631,0.00000000,0.00000000,0.00000000,0.00000000
1623609837.70740771,0.00000000,0.00000000,0.00000000,0.00000000
1623609837.80732274,0.00000000,0.00000000,0.00000000,0.00000000
1623609837.90735769,0.00000000,0.00000000,0.00000000,0.00000000
1623609838.00735879,0.00000000,0.00000000,0.00000000,0.00000000
1623609838.10736394,0.00000000,0.00000000,0.00000000,0.00000000
1623609838.20736265,0.00000000,0.00000000,0.00000000,0.00000000
1623609838.30735612,0.00000000,0.00000000,0.00000000,0.00000000
1623609838.40735769,0.00000000,0.00000000,0.00000000,0.00000000
1623609838.50733542,0.00000000,0.00000000,0.00000000,0.00000000
1623609838.60735726,0.00000000,0.00000000,0.00000000,0.00000000
1623609838.70735717,0.00000000,0.00000000,0.00000000,0.00000000
1623609838.80735731,0.00000000,0.00000000,0.00000000,0.00000000
1623609838.90735745,0.00000000,0.00000000,0.00000000,0.00000000
1623609839.00735664,0.00000000,0.00000000,0.00000000,0.00000000
1623609839.10736609,0.00000000,0.00000000,0.00000000,0.00000000
1623609839.20735931,0.00000000,0.00000000,0.00000000,0.00000000
1623609839.30735826,0.00000000,0.00000000,0.00000000,0.00000000
1623609839.40735698,0.00000000,0.00000000,0.00000000,0.00000000
1623609839.50735617,0.00000000,0.00000000,0.00000000,0.00000000
1623609839.60736299,0.00000000,0.00000000,0.00000000,0.00000000
1623609839.70735812,0.00000000,0.00000000,0.00000000,0.00000000
1623609839.80735779,0.00000000,0.00000000,0.00000000,0.00000000
1623609839.90735745,0.00000000,0.00000000,0.00000000,0.00000000
1623609840.00735569,0.00000000,0.00000000,0.00000000,0.00000000
1623609840.10735774,0.00000000,0.00000000,0.00000000,0.00000000
1623609840.20736313,0.00000000,0.00000000,0.00000000,0.00000000
1623609840.30736423,0.00000000,0.00000000,0.00000000,0.00000000
1623609840.40735745,0.00000000,0.00000000,0.00000000,0.00000000
1623609840.50735784,0.00000000,0.00000000,0.00000000,0.00000000
1623609840.60735703,0.00000000,0.00000000,0.00000000,0.00000000
1623609840.70736098,0.00000000,0.00000000,0.00000000,0.00000000
1623609840.80735540,0.00000000,0.00000000,0.00000000,0.00000000
1623609840.90735865,0.00000000,0.00000000,0.00000000,0.00000000
1623609841.00732112,0.00000000,0.00000000,0.00000000,0.00000000
1623609841.10735822,0.00000000,0.00000000,0.00000000,0.00000000
1623609841.20735550,0.00000000,0.00000000,0.00000000,0.00000000
1623609841.30734682,0.00000000,0.00000000,0.00000000,0.00000000
1623609841.40735579,0.00000000,0.00000000,0.00000000,0.00000000
1623609841.50735855,0.00000000,0.00000000,0.00000000,0.00000000
1623609841.60732603,0.00000000,0.00000000,0.00000000,0.00000000
1623609841.70735812,0.00000000,0.00000000,0.00000000,0.00000000
1623609841.80736160,0.00000000,0.00000000,0.00000000,0.00000000
1623609841.90735650,0.00000000,0.00000000,0.00000000,0.00000000
1623609842.00731897,0.00000000,0.00000000,0.00000000,0.00000000
1623609842.10734797,0.00000000,0.00000000,0.00000000,0.00000000
1623609842.20735955,0.00000000,0.00000000,0.00000000,0.00000000
1623609842.30735826,0.00000000,0.00000000,0.00000000,0.00000000
1623609842.40735912,0.00000000,0.00000000,0.00000000,0.00000000
1623609842.50735927,0.00000000,0.00000000,0.00000000,0.00000000
1623609842.60735965,0.00000000,0.00000000,0.00000000,0.00000000
1623609842.70735979,0.00000000,0.00000000,0.00000000,0.00000000
1623609842.80736017,0.00000000,0.00000000,0.00000000,0.00000000
1623609842.90735912,0.00000000,0.00000000,0.00000000,0.00000000
1623609843.00735879,0.00000000,0.00000000,0.00000000,0.00000000
1623609843.10735846,0.00000000,0.00000000,0.00000000,0.00000000
1623609843.20735788,0.00000000,0.00000000,0.00000000,0.00000000
1623609843.30735612,0.00000000,0.00000000,0.00000000,0.00000000
1623609843.40732074,0.00000000,0.00000000,0.00000000,0.00000000
1623609843.50731587,0.00000000,0.00000000,0.00000000,0.00000000
1623609843.60736370,0.00000000,0.00000000,0.00000000,0.00000000
1623609843.70735812,0.00000000,0.00000000,0.00000000,0.00000000
1623609843.80735803,0.00000000,0.00000000,0.00000000,0.00000000
1623609843.90735793,0.00000000,0.00000000,0.00000000,0.00000000
1623609844.00732350,0.00000000,0.00000000,0.00000000,0.00000000
1623609844.10737181,0.00000000,0.00000000,0.00000000,0.00000000
1623609844.20736146,0.00000000,0.00000000,0.00000000,0.00000000
1623609844.30736375,0.00000000,0.00000000,0.00000000,0.00000000
1623609844.40735865,0.00000000,0.00000000,0.00000000,0.00000000
1623609844.50735879,0.00000000,0.00000000,0.00000000,0.00000000
1623609844.60735893,0.00000000,0.00000000,0.00000000,0.00000000
1623609844.70735812,0.00000000,0.00000000,0.00000000,0.00000000
1623609844.80735946,0.00000000,0.00000000,0.00000000,0.00000000
1623609844.90735888,0.00000000,0.00000000,0.00000000,0.00000000
1623609845.00738144,0.00000000,0.00000000,0.00000000,0.00000000
1623609845.10735846,0.00000000,0.00000000,0.00000000,0.00000000
1623609845.20735741,0.00000000,0.00000000,0.00000000,0.00000000
1623609845.30735874,0.00000000,0.00000000,0.00000000,0.00000000
1623609845.40735817,0.00000000,0.00000000,0.00000000,0.00000000
1623609845.50736380,0.00000000,0.00000000,0.00000000,0.00000000
1623609845.60731339,0.00000000,0.00000000,0.00000000,0.00000000
1623609845.70735788,0.00000000,0.00000000,0.00000000,0.00000000
1623609845.80735803,0.00000000,0.00000000,0.00000000,0.00000000
1623609845.90735936,0.00000000,0.00000000,0.00000000,0.00000000
1623609846.00735617,0.00000000,0.00000000,0.00000000,0.00000000
1623609846.10736084,0.00000000,0.00000000,0.00000000,0.00000000
1623609846.20735812,0.00000000,0.00000000,0.00000000,0.00000000
1623609846.30736113,0.00000000,0.00000000,0.00000000,0.00000000
1623609846.40735912,0.00000000,0.00000000,0.00000000,0.00000000
1623609846.50735784,0.00000000,0.00000000,0.00000000,0.00000000
1623609846.60732007,0.00000000,0.00000000,0.00000000,0.00000000
1623609846.70735836,0.00000000,0.00000000,0.00000000,0.00000000
1623609846.80735874,0.00000000,0.00000000,0.00000000,0.00000000
1623609846.90735769,0.00000000,0.00000000,0.00000000,0.00000000
1623609847.00736213,0.00000000,0.00000000,0.00000000,0.00000000
1623609847.10736084,0.00000000,0.00000000,0.00000000,0.00000000
1623609847.20735931,0.00000000,0.00000000,0.00000000,0.00000000
1623609847.30735779,0.00000000,0.00000000,0.00000000,0.00000000
1623609847.40735865,0.00000000,0.00000000,0.00000000,0.00000000
1623609847.50735784,0.00000000,0.00000000,0.00000000,0.00000000
1623609847.60735869,0.00000000,0.00000000,0.00000000,0.00000000
1623609847.70735884,0.00000000,0.00000000,0.00000000,0.00000000
1623609847.80735826,0.00000000,0.00000000,0.00000000,0.00000000
1623609847.90736723,0.00000000,0.00000000,0.00000000,0.00000000
1623609848.00732517,0.00000000,0.00000000,0.00000000,0.00000000
1623609848.10735846,0.00000000,0.00000000,0.00000000,0.00000000
1623609848.20735812,0.00000000,0.00000000,0.00000000,0.00000000
1623609848.30736041,0.00000000,0.00000000,0.00000000,0.00000000
1623609848.40735984,0.00000000,0.00000000,0.00000000,0.00000000
1623609848.50735760,0.00000000,0.00000000,0.00000000,0.00000000
1623609848.60735655,0.00000000,0.00000000,0.00000000,0.00000000
1623609848.70735693,0.00000000,0.00000000,0.00000000,0.00000000
1623609848.80735683,0.00000000,0.00000000,0.00000000,0.00000000
1623609848.90735769,0.00000000,0.00000000,0.00000000,0.00000000
1623609849.00735784,0.00000000,0.00000000,0.00000000,0.00000000
1623609849.10735774,0.00000000,0.00000000,0.00000000,0.00000000
1623609849.20735765,0.00000000,0.00000000,0.00000000,0.00000000
1623609849.30735683,0.00000000,0.00000000,0.00000000,0.00000000
1623609849.40735817,0.00000000,0.00000000,0.00000000,0.00000000
1623609849.50735712,0.00000000,0.00000000,0.00000000,0.00000000
1623609849.60735750,0.00000000,0.00000000,0.00000000,0.00000000
1623609849.70735836,0.00000000,0.00000000,0.00000000,0.00000000
1623609849.80735707,0.00000000,0.00000000,0.00000000,0.00000000
1623609849.90735936,0.00000000,0.00000000,0.00000000,0.00000000
1623609850.00735903,0.00000000,0.00000000,0.00000000,0.00000000
1623609850.10735655,0.00000000,0.00000000,0.00000000,0.00000000
1623609850.20735765,0.00000000,0.00000000,0.00000000,0.00000000
1623609850.30735850,0.00000000,0.00000000,0.00000000,0.00000000
1623609850.40735984,0.00000000,0.00000000,0.00000000,0.00000000
1623609850.50735879,0.00000000,0.00000000,0.00000000,0.00000000
1623609850.60735750,0.00000000,0.00000000,0.00000000,0.00000000
1623609850.70735931,0.00000000,0.00000000,0.00000000,0.00000000
1623609850.80735922,0.00000000,0.00000000,0.00000000,0.00000000
1623609850.90732050,0.00000000,0.00000000,0.00000000,0.00000000
1623609851.00735879,0.00000000,0.00000000,0.00000000,0.00000000
1623609851.10736132,0.00000000,0.00000000,0.00000000,0.00000000
1623609851.20735765,0.00000000,0.00000000,0.00000000,0.00000000
1623609851.30736208,0.00000000,0.00000000,0.00000000,0.00000000
1623609851.40736818,0.00000000,0.00000000,0.00000000,0.00000000
1623609851.50735521,0.00000000,0.00000000,0.00000000,0.00000000
1623609851.60735726,0.00000000,0.00000000,0.00000000,0.00000000
1623609851.70735979,0.00000000,0.00000000,0.00000000,0.00000000
1623609851.80735779,0.00000000,0.00000000,0.00000000,0.00000000
1623609851.90736222,0.00000000,0.00000000,0.00000000,0.00000000
1623609852.00736213,0.00000000,0.00000000,0.00000000,0.00000000
1623609852.10735655,0.00000000,0.00000000,0.00000000,0.00000000
1623609852.20736241,0.00000000,0.00000000,0.00000000,0.00000000
1623609852.30736184,0.00000000,0.00000000,0.00000000,0.00000000
1623609852.40735936,0.00000000,0.00000000,0.00000000,0.00000000
1623609852.50735855,0.00000000,0.00000000,0.00000000,0.00000000
1623609852.60735846,0.00000000,0.00000000,0.00000000,0.00000000
1623609852.70736241,0.00000000,0.00000000,0.00000000,0.00000000
1623609852.80735874,0.00000000,0.00000000,0.00000000,0.00000000
1623609852.90735888,0.00000000,0.00000000,0.00000000,0.00000000
1623609853.00732493,0.00000000,0.00000000,0.00000000,0.00000000
1623609853.10735869,0.00000000,0.00000000,0.00000000,0.00000000
1623609853.20735717,0.00000000,0.00000000,0.00000000,0.00000000
1623609853.30735946,0.00000000,0.00000000,0.00000000,0.00000000
1623609853.40735793,0.00000000,0.00000000,0.00000000,0.00000000
1623609853.50735784,0.00000000,0.00000000,0.00000000,0.00000000
1623609853.60735774,0.00000000,0.00000000,0.00000000,0.00000000
1623609853.70736217,0.00000000,0.00000000,0.00000000,0.00000000
1623609853.80736327,0.00000000,0.00000000,0.00000000,0.00000000
1623609853.90732765,0.00000000,0.00000000,0.00000000,0.00000000
1623609854.00735998,0.00000000,0.00000000,0.00000000,0.00000000
1623609854.10735893,0.00000000,0.00000000,0.00000000,0.00000000
1623609854.20736074,0.00000000,0.00000000,0.00000000,0.00000000
1623609854.30735898,0.00000000,0.00000000,0.00000000,0.00000000
1623609854.40735555,0.00000000,0.00000000,0.00000000,0.00000000
1623609854.50735760,0.00000000,0.00000000,0.00000000,0.00000000
1623609854.60735989,0.00000000,0.00000000,0.00000000,0.00000000
1623609854.70735931,0.00000000,0.00000000,0.00000000,0.00000000
1623609854.80735922,0.00000000,0.00000000,0.00000000,0.00000000
1623609854.90736079,0.00000000,0.00000000,0.00000000,0.00000000
1623609855.00734687,0.00000000,0.00000000,0.00000000,0.00000000
1623609855.10735798,0.00000000,0.00000000,0.00000000,0.00000000
1623609855.20738244,0.00000000,0.00000000,0.00000000,0.00000000
1623609855.30731869,0.00000000,0.00000000,0.00000000,0.00000000
1623609855.40735745,0.00000000,0.00000000,0.00000000,0.00000000
1623609855.50735784,0.00000000,0.00000000,0.00000000,0.00000000
1623609855.60735893,0.00000000,0.00000000,0.00000000,0.00000000
1623609855.70735812,0.00000000,0.00000000,0.00000000,0.00000000
1623609855.80736256,0.00000000,0.00000000,0.00000000,0.00000000
1623609855.90735745,0.00000000,0.00000000,0.00000000,0.00000000
1623609856.00736284,0.00000000,0.00000000,0.00000000,0.00000000
1623609856.10735774,0.00000000,0.00000000,0.00000000,0.00000000
1623609856.20736122,0.00000000,0.00000000,0.00000000,0.00000000
1623609856.30735755,0.00000000,0.00000000,0.00000000,0.00000000
1623609856.40735722,0.00000000,0.00000000,0.00000000,0.00000000
1623609856.50734997,0.00000000,0.00000000,0.00000000,0.00000000
1623609856.60735869,0.00000000,0.00000000,0.00000000,0.00000000
1623609856.70734382,0.00000000,0.00000000,0.00000000,0.00000000
1623609856.80732107,0.00000000,0.00000000,0.00000000,0.00000000
1623609856.90736365,0.00000000,0.00000000,0.00000000,0.00000000
1623609857.00732350,0.00000000,0.00000000,0.00000000,0.00000000
1623609857.10735893,0.00000000,0.00000000,0.00000000,0.00000000
1623609857.20735717,0.00000000,0.00000000,0.00000000,0.00000000
1623609857.30736399,0.00000000,0.00000000,0.00000000,0.00000000
1623609857.40735722,0.00000000,0.00000000,0.00000000,0.00000000
1623609857.50735784,0.00000000,0.00000000,0.00000000,0.00000000
1623609857.60735798,0.00000000,0.00000000,0.00000000,0.00000000
1623609857.70735931,0.00000000,0.00000000,0.00000000,0.00000000
1623609857.80736089,0.00000000,0.00000000,0.00000000,0.00000000
1623609857.90735841,0.00000000,0.00000000,0.00000000,0.00000000
1623609858.00731874,0.00000000,0.00000000,0.00000000,0.00000000
1623609858.10736370,0.00000000,0.00000000,0.00000000,0.00000000
1623609858.20735669,0.00000000,0.00000000,0.00000000,0.00000000
1623609858.30735803,0.00000000,0.00000000,0.00000000,0.00000000
1623609858.40735793,0.00000000,0.00000000,0.00000000,0.00000000
1623609858.50735807,0.00000000,0.00000000,0.00000000,0.00000000
1623609858.60736203,0.00000000,0.00000000,0.00000000,0.00000000
1623609858.70735717,0.00000000,0.00000000,0.00000000,0.00000000
1623609858.80735803,0.00000000,0.00000000,0.00000000,0.00000000
1623609858.90735865,0.00000000,0.00000000,0.00000000,0.00000000
1623609859.00735950,0.00000000,0.00000000,0.00000000,0.00000000
1623609859.10736418,0.00000000,0.00000000,0.00000000,0.00000000
1623609859.20735860,0.00000000,0.00000000,0.00000000,0.00000000
1623609859.30735922,0.00000000,0.00000000,0.00000000,0.00000000
1623609859.40735912,0.00000000,0.00000000,0.00000000,0.00000000
1623609859.50735855,0.00000000,0.00000000,0.00000000,0.00000000
1623609859.60733104,0.00000000,0.00000000,0.00000000,0.00000000
1623609859.70740414,0.00000000,0.00000000,0.00000000,0.00000000
1623609859.80735540,0.00000000,0.00000000,0.00000000,0.00000000
1623609859.90735793,0.00000000,0.00000000,0.00000000,0.00000000
1623609860.00736618,0.00000000,0.00000000,0.00000000,0.00000000
1623609860.10736418,0.00000000,0.00000000,0.00000000,0.00000000
1623609860.20736313,0.00000000,0.00000000,0.00000000,0.00000000
1623609860.30736232,0.00000000,0.00000000,0.00000000,0.00000000
1623609860.40735579,0.00000000,0.00000000,0.00000000,0.00000000
1623609860.50735807,0.00000000,0.00000000,0.00000000,0.00000000
1623609860.60737348,0.00000000,0.00000000,0.00000000,0.00000000
1623609860.70736194,0.00000000,0.00000000,0.00000000,0.00000000
1623609860.80736065,0.00000000,0.00000000,0.00000000,0.00000000
1623609860.90736055,0.00000000,0.00000000,0.00000000,0.00000000
1623609861.00733113,0.00000000,0.00000000,0.00000000,0.00000000
1623609861.10735917,0.00000000,0.00000000,0.00000000,0.00000000
1623609861.20735908,0.00000000,0.00000000,0.00000000,0.00000000
1623609861.30735850,0.00000000,0.00000000,0.00000000,0.00000000
1623609861.40736771,0.00000000,0.00000000,0.00000000,0.00000000
1623609861.50735474,0.00000000,0.00000000,0.00000000,0.00000000
1623609861.60735655,0.00000000,0.00000000,0.00000000,0.00000000
1623609861.70735788,0.00000000,0.00000000,0.00000000,0.00000000
1623609861.80735874,0.00000000,0.00000000,0.00000000,0.00000000
1623609861.90735841,0.00000000,0.00000000,0.00000000,0.00000000
1623609862.00731707,0.00000000,0.00000000,0.00000000,0.00000000
1623609862.10735703,0.00000000,0.00000000,0.00000000,0.00000000
1623609862.20735693,0.00000000,0.00000000,0.00000000,0.00000000
1623609862.30735707,0.00000000,0.00000000,0.00000000,0.00000000
1623609862.40735817,0.00000000,0.00000000,0.00000000,0.00000000
1623609862.50733685,0.00000000,0.00000000,0.00000000,0.00000000
1623609862.60735798,0.00000000,0.00000000,0.00000000,0.00000000
1623609862.70736289,0.00000000,0.00000000,0.00000000,0.00000000
1623609862.80735564,0.00000000,0.00000000,0.00000000,0.00000000
1623609862.90735817,0.00000000,0.00000000,0.00000000,0.00000000
1623609863.00736642,0.00000000,0.00000000,0.00000000,0.00000000
1623609863.10735917,0.00000000,0.00000000,0.00000000,0.00000000
1623609863.20731544,0.00000000,0.00000000,0.00000000,0.00000000
1623609863.30736113,0.00000000,0.00000000,0.00000000,0.00000000
1623609863.40736485,0.00000000,0.00000000,0.00000000,0.00000000
1623609863.50735760,0.00000000,0.00000000,0.00000000,0.00000000
1623609863.60736489,0.00000000,0.00000000,0.00000000,0.00000000
1623609863.70736456,0.00000000,0.00000000,0.00000000,0.00000000
1623609863.80735707,0.00000000,0.00000000,0.00000000,0.00000000
1623609863.90735769,0.00000000,0.00000000,0.00000000,0.00000000
1623609864.00731540,0.00000000,0.00000000,0.00000000,0.00000000
1623609864.10736728,0.00000000,0.00000000,0.00000000,0.00000000
1623609864.20735765,0.00000000,0.00000000,0.00000000,0.00000000
1623609864.30735660,0.00000000,0.00000000,0.00000000,0.00000000
1623609864.40735841,0.00000000,0.00000000,0.00000000,0.00000000
1623609864.50735688,0.00000000,0.00000000,0.00000000,0.00000000
1623609864.60735774,0.00000000,0.00000000,0.00000000,0.00000000
1623609864.70736098,0.00000000,0.00000000,0.00000000,0.00000000
1623609864.80731487,0.00000000,0.00000000,0.00000000,0.00000000
1623609864.90735769,0.00000000,0.00000000,0.00000000,0.00000000
1623609865.00731874,0.00000000,0.00000000,0.00000000,0.00000000
1623609865.10735726,0.00000000,0.00000000,0.00000000,0.00000000
1623609865.20735788,0.00000000,0.00000000,0.00000000,0.00000000
1623609865.30735493,0.00000000,0.00000000,0.00000000,0.00000000
1623609865.40737677,0.00000000,0.00000000,0.00000000,0.00000000
1623609865.50735950,0.00000000,0.00000000,0.00000000,0.00000000
1623609865.60735536,0.00000000,0.00000000,0.00000000,0.00000000
1623609865.70735765,0.00000000,0.00000000,0.00000000,0.00000000
1623609865.80736899,0.00000000,0.00000000,0.00000000,0.00000000
1623609865.90736556,0.00000000,0.00000000,0.00000000,0.00000000
1623609866.00736332,0.00000000,0.00000000,0.00000000,0.00000000
1623609866.10736322,0.00000000,0.00000000,0.00000000,0.00000000
1623609866.20735717,0.00000000,0.00000000,0.00000000,0.00000000
1623609866.30732822,0.00000000,0.00000000,0.00000000,0.00000000
1623609866.40735865,0.00000000,0.00000000,0.00000000,0.00000000
1623609866.50737524,0.00000000,0.00000000,0.00000000,0.00000000
1623609866.60731602,0.00000000,0.00000000,0.00000000,0.00000000
1623609866.70736217,0.00000000,0.00000000,0.00000000,0.00000000
1623609866.80735731,0.00000000,0.00000000,0.00000000,0.00000000
1623609866.90735793,0.00000000,0.00000000,0.00000000,0.00000000
1623609867.00735855,0.00000000,0.00000000,0.00000000,0.00000000
1623609867.10736322,0.00000000,0.00000000,0.00000000,0.00000000
1623609867.20731688,0.00000000,0.00000000,0.00000000,0.00000000
1623609867.30737376,0.00000000,0.00000000,0.00000000,0.00000000
1623609867.40732980,0.00000000,0.00000000,0.00000000,0.00000000
1623609867.50732923,0.00000000,0.00000000,0.00000000,0.00000000
1623609867.60735893,0.00000000,0.00000000,0.00000000,0.00000000
1623609867.70735884,0.00000000,0.00000000,0.00000000,0.00000000
1623609867.80735898,0.00000000,0.00000000,0.00000000,0.00000000
1623609867.90736628,0.00000000,0.00000000,0.00000000,0.00000000
1623609868.00731778,0.00000000,0.00000000,0.00000000,0.00000000
1623609868.10736179,0.00000000,0.00000000,0.00000000,0.00000000
1623609868.20735812,0.00000000,0.00000000,0.00000000,0.00000000
1623609868.30735707,0.00000000,0.00000000,0.00000000,0.00000000
1623609868.40736246,0.00000000,0.00000000,0.00000000,0.00000000
1623609868.50735855,0.00000000,0.00000000,0.00000000,0.00000000
1623609868.60735703,0.00000000,0.00000000,0.00000000,0.00000000
1623609868.70735812,0.00000000,0.00000000,0.00000000,0.00000000
1623609868.80735826,0.00000000,0.00000000,0.00000000,0.00000000
1623609868.90735960,0.00000000,0.00000000,0.00000000,0.00000000
1623609869.00735927,0.00000000,0.00000000,0.00000000,0.00000000
1623609869.10732198,0.00000000,0.00000000,0.00000000,0.00000000
1623609869.20736003,0.00000000,0.00000000,0.00000000,0.00000000
1623609869.30735803,0.00000000,0.00000000,0.00000000,0.00000000
1623609869.40736198,0.00000000,0.00000000,0.00000000,0.00000000
1623609869.50733685,0.00000000,0.00000000,0.00000000,0.00000000
1623609869.60735869,0.00000000,0.00000000,0.00000000,0.00000000
1623609869.70735526,0.00000000,0.00000000,0.00000000,0.00000000
1623609869.80737042,0.00000000,0.00000000,0.00000000,0.00000000
1623609869.90736246,0.00000000,0.00000000,0.00000000,0.00000000
1623609870.00730896,0.00000000,0.00000000,0.00000000,0.00000000
1623609870.10735774,0.00000000,0.00000000,0.00000000,0.00000000
1623609870.20736337,0.00000000,0.00000000,0.00000000,0.00000000
1623609870.30736423,0.00000000,0.00000000,0.00000000,0.00000000
1623609870.40735054,0.00000000,0.00000000,0.00000000,0.00000000
1623609870.50736403,0.00000000,0.00000000,0.00000000,0.00000000
1623609870.60735774,0.00000000,0.00000000,0.00000000,0.00000000
1623609870.70736337,0.00000000,0.00000000,0.00000000,0.00000000
1623609870.80734468,0.00000000,0.00000000,0.00000000,0.00000000
1623609870.90740538,0.00000000,0.00000000,0.00000000,0.00000000
1623609871.00732207,0.00000000,0.00000000,0.00000000,0.00000000
1623609871.10735965,0.00000000,0.00000000,0.00000000,0.00000000
1623609871.20736098,0.00000000,0.00000000,0.00000000,0.00000000
1623609871.30735898,0.00000000,0.00000000,0.00000000,0.00000000
1623609871.40739727,0.00000000,0.00000000,0.00000000,0.00000000
1623609871.50735474,0.00000000,0.00000000,0.00000000,0.00000000
1623609871.60735869,0.00000000,0.00000000,0.00000000,0.00000000
1623609871.70736003,0.00000000,0.00000000,0.00000000,0.00000000
1623609871.80735826,0.00000000,0.00000000,0.00000000,0.00000000
1623609871.90737009,0.00000000,0.00000000,0.00000000,0.00000000
1623609872.00732422,0.00000000,0.00000000,0.00000000,0.00000000
1623609872.10736465,0.00000000,0.00000000,0.00000000,0.00000000
1623609872.20735645,0.00000000,0.00000000,0.00000000,0.00000000
1623609872.30735683,0.00000000,0.00000000,0.00000000,0.00000000
1623609872.40736055,0.00000000,0.00000000,0.00000000,0.00000000
1623609872.50735831,0.00000000,0.00000000,0.00000000,0.00000000
1623609872.60735703,0.00000000,0.00000000,0.00000000,0.00000000
1623609872.70735812,0.00000000,0.00000000,0.00000000,0.00000000
1623609872.80736089,0.00000000,0.00000000,0.00000000,0.00000000
1623609872.90736198,0.00000000,0.00000000,0.00000000,0.00000000
1623609873.00732279,0.00000000,0.00000000,0.00000000,0.00000000
1623609873.10735798,0.00000000,0.00000000,0.00000000,0.00000000
1623609873.20735717,0.00000000,0.00000000,0.00000000,0.00000000
1623609873.30736971,0.00000000,0.00000000,0.00000000,0.00000000
1623609873.40731668,0.00000000,0.00000000,0.00000000,0.00000000
1623609873.50736904,0.00000000,0.00000000,0.00000000,0.00000000
1623609873.60736036,0.00000000,0.00000000,0.00000000,0.00000000
1623609873.70736027,0.00000000,0.00000000,0.00000000,0.00000000
1623609873.80735755,0.00000000,0.00000000,0.00000000,0.00000000
1623609873.90735817,0.00000000,0.00000000,0.00000000,0.00000000
1623609874.00733232,0.00000000,0.00000000,0.00000000,0.00000000
1623609874.10732388,0.00000000,0.00000000,0.00000000,0.00000000
1623609874.20735765,0.00000000,0.00000000,0.00000000,0.00000000
1623609874.30736113,0.00000000,0.00000000,0.00000000,0.00000000
1623609874.40735650,0.00000000,0.00000000,0.00000000,0.00000000
1623609874.50735712,0.00000000,0.00000000,0.00000000,0.00000000
1623609874.60735798,0.00000000,0.00000000,0.00000000,0.00000000
1623609874.70736647,0.00000000,0.00000000,0.00000000,0.00000000
1623609874.80736446,0.00000000,0.00000000,0.00000000,0.00000000
1623609874.90736151,0.00000000,0.00000000,0.00000000,0.00000000
1623609875.00731778,0.00000000,0.00000000,0.00000000,0.00000000
1623609875.10735846,0.00000000,0.00000000,0.00000000,0.00000000
1623609875.20735645,0.00000000,0.00000000,0.00000000,0.00000000
1623609875.30735660,0.00000000,0.00000000,0.00000000,0.00000000
1623609875.40736175,0.00000000,0.00000000,0.00000000,0.00000000
1623609875.50735831,0.00000000,0.00000000,0.00000000,0.00000000
1623609875.60735512,0.00000000,0.00000000,0.00000000,0.00000000
1623609875.70735621,0.00000000,0.00000000,0.00000000,0.00000000
1623609875.80735588,0.00000000,0.00000000,0.00000000,0.00000000
1623609875.90735865,0.00000000,0.00000000,0.00000000,0.00000000
1623609876.00737500,0.00000000,0.00000000,0.00000000,0.00000000
1623609876.10731530,0.00000000,0.00000000,0.00000000,0.00000000
1623609876.20733786,0.00000000,0.00000000,0.00000000,0.00000000
1623609876.30731297,0.00000000,0.00000000,0.00000000,0.00000000
1623609876.40735650,0.00000000,0.00000000,0.00000000,0.00000000
1623609876.50731874,0.00000000,0.00000000,0.00000000,0.00000000
1623609876.60731816,0.00000000,0.00000000,0.00000000,0.00000000
1623609876.70736027,0.00000000,0.00000000,0.00000000,0.00000000
1623609876.80736065,0.00000000,0.00000000,0.00000000,0.00000000
1623609876.90736127,0.00000000,0.00000000,0.00000000,0.00000000
1623609877.00732136,0.00000000,0.00000000,0.00000000,0.00000000
1623609877.10735631,0.00000000,0.00000000,0.00000000,0.00000000
1623609877.20735836,0.00000000,0.00000000,0.00000000,0.00000000
1623609877.30735564,0.00000000,0.00000000,0.00000000,0.00000000
1623609877.40735650,0.00000000,0.00000000,0.00000000,0.00000000
1623609877.50736761,0.00000000,0.00000000,0.00000000,0.00000000
1623609877.60735655,0.00000000,0.00000000,0.00000000,0.00000000
1623609877.70735550,0.00000000,0.00000000,0.00000000,0.00000000
1623609877.80735779,0.00000000,0.00000000,0.00000000,0.00000000
1623609877.90735841,0.00000000,0.00000000,0.00000000,0.00000000
1623609878.00732708,0.00000000,0.00000000,0.00000000,0.00000000
1623609878.10735726,0.00000000,0.00000000,0.00000000,0.00000000
1623609878.20735669,0.00000000,0.00000000,0.00000000,0.00000000
1623609878.30735612,0.00000000,0.00000000,0.00000000,0.00000000
1623609878.40735817,0.00000000,0.00000000,0.00000000,0.00000000
1623609878.50735664,0.00000000,0.00000000,0.00000000,0.00000000
1623609878.60735846,0.00000000,0.00000000,0.00000000,0.00000000
1623609878.70735860,0.00000000,0.00000000,0.00000000,0.00000000
1623609878.80737114,0.00000000,0.00000000,0.00000000,0.00000000
1623609878.90735650,0.00000000,0.00000000,0.00000000,0.00000000
1623609879.00735641,0.00000000,0.00000000,0.00000000,0.00000000
1623609879.10732007,0.00000000,0.00000000,0.00000000,0.00000000
1623609879.20734572,0.00000000,0.00000000,0.00000000,0.00000000
1623609879.30731964,0.00000000,0.00000000,0.00000000,0.00000000
1623609879.40736628,0.00000000,0.00000000,0.00000000,0.00000000
1623609879.50732613,0.00000000,0.00000000,0.00000000,0.00000000
1623609879.60735893,0.00000000,0.00000000,0.00000000,0.00000000
1623609879.70735717,0.00000000,0.00000000,0.00000000,0.00000000
1623609879.80735803,0.00000000,0.00000000,0.00000000,0.00000000
1623609879.90735579,0.00000000,0.00000000,0.00000000,0.00000000
1623609880.00734615,0.00000000,0.00000000,0.00000000,0.00000000
1623609880.10736299,0.00000000,0.00000000,0.00000000,0.00000000
1623609880.20736122,0.00000000,0.00000000,0.00000000,0.00000000
1623609880.30735850,0.00000000,0.00000000,0.00000000,0.00000000
1623609880.40735793,0.00000000,0.00000000,0.00000000,0.00000000
1623609880.50736332,0.00000000,0.00000000,0.00000000,0.00000000
1623609880.60736084,0.00000000,0.00000000,0.00000000,0.00000000
1623609880.70735812,0.00000000,0.00000000,0.00000000,0.00000000
1623609880.80735707,0.00000000,0.00000000,0.00000000,0.00000000
1623609880.90736032,0.00000000,0.00000000,0.00000000,0.00000000
1623609881.00736499,0.00000000,0.00000000,0.00000000,0.00000000
1623609881.10736275,0.00000000,0.00000000,0.00000000,0.00000000
1623609881.20735884,0.00000000,0.00000000,0.00000000,0.00000000
1623609881.30735731,0.00000000,0.00000000,0.00000000,0.00000000
1623609881.40736675,0.00000000,0.00000000,0.00000000,0.00000000
1623609881.50735521,0.00000000,0.00000000,0.00000000,0.00000000
1623609881.60735798,0.00000000,0.00000000,0.00000000,0.00000000
1623609881.70735765,0.00000000,0.00000000,0.00000000,0.00000000
1623609881.80736399,0.00000000,0.00000000,0.00000000,0.00000000
1623609881.90735841,0.00000000,0.00000000,0.00000000,0.00000000
1623609882.00731921,0.00000000,0.00000000,0.00000000,0.00000000
1623609882.10736084,0.00000000,0.00000000,0.00000000,0.00000000
1623609882.20735717,0.00000000,0.00000000,0.00000000,0.00000000
1623609882.30735564,0.00000000,0.00000000,0.00000000,0.00000000
1623609882.40735936,0.00000000,0.00000000,0.00000000,0.00000000
1623609882.50736427,0.00000000,0.00000000,0.00000000,0.00000000
1623609882.60735750,0.00000000,0.00000000,0.00000000,0.00000000
1623609882.70736265,0.00000000,0.00000000,0.00000000,0.00000000
1623609882.80736279,0.00000000,0.00000000,0.00000000,0.00000000
1623609882.90735817,0.00000000,0.00000000,0.00000000,0.00000000
1623609883.00733066,0.00000000,0.00000000,0.00000000,0.00000000
1623609883.10734200,0.00000000,0.00000000,0.00000000,0.00000000
1623609883.20736027,0.00000000,0.00000000,0.00000000,0.00000000
1623609883.30735803,0.00000000,0.00000000,0.00000000,0.00000000
1623609883.40735650,0.00000000,0.00000000,0.00000000,0.00000000
1623609883.50735974,0.00000000,0.00000000,0.00000000,0.00000000
1623609883.60735822,0.00000000,0.00000000,0.00000000,0.00000000
1623609883.70735812,0.00000000,0.00000000,0.00000000,0.00000000
1623609883.80735922,0.00000000,0.00000000,0.00000000,0.00000000
1623609883.90735865,0.00000000,0.00000000,0.00000000,0.00000000
1623609884.00735807,0.00000000,0.00000000,0.00000000,0.00000000
1623609884.10736299,0.00000000,0.00000000,0.00000000,0.00000000
1623609884.20733428,0.00000000,0.00000000,0.00000000,0.00000000
1623609884.30736256,0.00000000,0.00000000,0.00000000,0.00000000
1623609884.40736771,0.00000000,0.00000000,0.00000000,0.00000000
1623609884.50732875,0.00000000,0.00000000,0.00000000,0.00000000
1623609884.60735822,0.00000000,0.00000000,0.00000000,0.00000000
1623609884.70733476,0.00000000,0.00000000,0.00000000,0.00000000
1623609884.80735898,0.00000000,0.00000000,0.00000000,0.00000000
1623609884.90733671,0.00000000,0.00000000,0.00000000,0.00000000
1623609885.00735545,0.00000000,0.00000000,0.00000000,0.00000000
1623609885.10735822,0.00000000,0.00000000,0.00000000,0.00000000
1623609885.20735908,0.00000000,0.00000000,0.00000000,0.00000000
1623609885.30735850,0.00000000,0.00000000,0.00000000,0.00000000
1623609885.40736270,0.00000000,0.00000000,0.00000000,0.00000000
1623609885.50735736,0.00000000,0.00000000,0.00000000,0.00000000
1623609885.60735846,0.00000000,0.00000000,0.00000000,0.00000000
1623609885.70736122,0.00000000,0.00000000,0.00000000,0.00000000
1623609885.80735779,0.00000000,0.00000000,0.00000000,0.00000000
1623609885.90736389,0.00000000,0.00000000,0.00000000,0.00000000
1623609886.00735664,0.00000000,0.00000000,0.00000000,0.00000000
1623609886.10732365,0.00000000,0.00000000,0.00000000,0.00000000
1623609886.20735788,0.00000000,0.00000000,0.00000000,0.00000000
1623609886.30736041,0.00000000,0.00000000,0.00000000,0.00000000
1623609886.40735769,0.00000000,0.00000000,0.00000000,0.00000000
1623609886.50736284,0.00000000,0.00000000,0.00000000,0.00000000
1623609886.60735750,0.00000000,0.00000000,0.00000000,0.00000000
1623609886.70735765,0.00000000,0.00000000,0.00000000,0.00000000
1623609886.80735850,0.00000000,0.00000000,0.00000000,0.00000000
1623609886.90735817,0.00000000,0.00000000,0.00000000,0.00000000
1623609887.00735736,0.00000000,0.00000000,0.00000000,0.00000000
1623609887.10736227,0.00000000,0.00000000,0.00000000,0.00000000
1623609887.20735574,0.00000000,0.00000000,0.00000000,0.00000000
1623609887.30736089,0.00000000,0.00000000,0.00000000,0.00000000
1623609887.40735769,0.00000000,0.00000000,0.00000000,0.00000000
1623609887.50736022,0.00000000,0.00000000,0.00000000,0.00000000
1623609887.60735989,0.00000000,0.00000000,0.00000000,0.00000000
1623609887.70735788,0.00000000,0.00000000,0.00000000,0.00000000
1623609887.80736065,0.00000000,0.00000000,0.00000000,0.00000000
1623609887.90735817,0.00000000,0.00000000,0.00000000,0.00000000
1623609888.00736356,0.00000000,0.00000000,0.00000000,0.00000000
1623609888.10735846,0.00000000,0.00000000,0.00000000,0.00000000
1623609888.20734215,0.00000000,0.00000000,0.00000000,0.00000000
1623609888.30735731,0.00000000,0.00000000,0.00000000,0.00000000
1623609888.40735722,0.00000000,0.00000000,0.00000000,0.00000000
1623609888.50735903,0.00000000,0.00000000,0.00000000,0.00000000
1623609888.60735893,0.00000000,0.00000000,0.00000000,0.00000000
1623609888.70736051,0.00000000,0.00000000,0.00000000,0.00000000
1623609888.80735564,0.00000000,0.00000000,0.00000000,0.00000000
1623609888.90735602,0.00000000,0.00000000,0.00000000,0.00000000
1623609889.00736785,0.00000000,0.00000000,0.00000000,0.00000000
1623609889.10735679,0.00000000,0.00000000,0.00000000,0.00000000
1623609889.20735717,0.00000000,0.00000000,0.00000000,0.00000000
1623609889.30736089,0.00000000,0.00000000,0.00000000,0.00000000
1623609889.40735555,0.00000000,0.00000000,0.00000000,0.00000000
1623609889.50735617,0.00000000,0.00000000,0.00000000,0.00000000
1623609889.60736728,0.00000000,0.00000000,0.00000000,0.00000000
1623609889.70737624,0.00000000,0.00000000,0.00000000,0.00000000
1623609889.80736279,0.00000000,0.00000000,0.00000000,0.00000000
1623609889.90737033,0.00000000,0.00000000,0.00000000,0.00000000
1623609890.00736332,0.00000000,0.00000000,0.00000000,0.00000000
1623609890.10735750,0.00000000,0.00000000,0.00000000,0.00000000
1623609890.20733500,0.00000000,0.00000000,0.00000000,0.00000000
1623609890.30733728,0.00000000,0.00000000,0.00000000,0.00000000
1623609890.40735841,0.00000000,0.00000000,0.00000000,0.00000000
1623609890.50735998,0.00000000,0.00000000,0.00000000,0.00000000
1623609890.60735989,0.00000000,0.00000000,0.00000000,0.00000000
1623609890.70735884,0.00000000,0.00000000,0.00000000,0.00000000
1623609890.80735874,0.00000000,0.00000000,0.00000000,0.00000000
1623609890.90735793,0.00000000,0.00000000,0.00000000,0.00000000
1623609891.00731254,0.00000000,0.00000000,0.00000000,0.00000000
1623609891.10735440,0.00000000,0.00000000,0.00000000,0.00000000
1623609891.20736217,0.00000000,0.00000000,0.00000000,0.00000000
1623609891.30733371,0.00000000,0.00000000,0.00000000,0.00000000
1623609891.40736818,0.00000000,0.00000000,0.00000000,0.00000000
1623609891.50735474,0.00000000,0.00000000,0.00000000,0.00000000
1623609891.60735869,0.00000000,0.00000000,0.00000000,0.00000000
1623609891.70735669,0.00000000,0.00000000,0.00000000,0.00000000
1623609891.80731440,0.00000000,0.00000000,0.00000000,0.00000000
1623609891.90735936,0.00000000,0.00000000,0.00000000,0.00000000
1623609892.00731897,0.00000000,0.00000000,0.00000000,0.00000000
1623609892.10736370,0.00000000,0.00000000,0.00000000,0.00000000
1623609892.20735931,0.00000000,0.00000000,0.00000000,0.00000000
1623609892.30733466,0.00000000,0.00000000,0.00000000,0.00000000
1623609892.40735888,0.00000000,0.00000000,0.00000000,0.00000000
1623609892.50735831,0.00000000,0.00000000,0.00000000,0.00000000
1623609892.60735869,0.00000000,0.00000000,0.00000000,0.00000000
1623609892.70735931,0.00000000,0.00000000,0.00000000,0.00000000
1623609892.80735850,0.00000000,0.00000000,0.00000000,0.00000000
1623609892.90735841,0.00000000,0.00000000,0.00000000,0.00000000
1623609893.00732493,0.00000000,0.00000000,0.00000000,0.00000000
1623609893.10735846,0.00000000,0.00000000,0.00000000,0.00000000
1623609893.20735741,0.00000000,0.00000000,0.00000000,0.00000000
1623609893.30735707,0.00000000,0.00000000,0.00000000,0.00000000
1623609893.40735841,0.00000000,0.00000000,0.00000000,0.00000000
1623609893.50736022,0.00000000,0.00000000,0.00000000,0.00000000
1623609893.60735846,0.00000000,0.00000000,0.00000000,0.00000000
1623609893.70736480,0.00000000,0.00000000,0.00000000,0.00000000
1623609893.80735946,0.00000000,0.00000000,0.00000000,0.00000000
1623609893.90736222,0.00000000,0.00000000,0.00000000,0.00000000
1623609894.00735545,0.00000000,0.00000000,0.00000000,0.00000000
1623609894.10736012,0.00000000,0.00000000,0.00000000,0.00000000
1623609894.20736670,0.00000000,0.00000000,0.00000000,0.00000000
1623609894.30735826,0.00000000,0.00000000,0.00000000,0.00000000
1623609894.40735865,0.00000000,0.00000000,0.00000000,0.00000000
1623609894.50735784,0.00000000,0.00000000,0.00000000,0.00000000
1623609894.60735726,0.00000000,0.00000000,0.00000000,0.00000000
1623609894.70735717,0.00000000,0.00000000,0.00000000,0.00000000
1623609894.80733466,0.00000000,0.00000000,0.00000000,0.00000000
1623609894.90736055,0.00000000,0.00000000,0.00000000,0.00000000
1623609895.00732636,0.00000000,0.00000000,0.00000000,0.00000000
1623609895.10733342,0.00000000,0.00000000,0.00000000,0.00000000
1623609895.20735598,0.00000000,0.00000000,0.00000000,0.00000000
1623609895.30733252,0.00000000,0.00000000,0.00000000,0.00000000
1623609895.40735817,0.00000000,0.00000000,0.00000000,0.00000000
1623609895.50735784,0.00000000,0.00000000,0.00000000,0.00000000
1623609895.60735869,0.00000000,0.00000000,0.00000000,0.00000000
1623609895.70735955,0.00000000,0.00000000,0.00000000,0.00000000
1623609895.80735683,0.00000000,0.00000000,0.00000000,0.00000000
1623609895.90733409,0.00000000,0.00000000,0.00000000,0.00000000
1623609896.00732493,0.00000000,0.00000000,0.00000000,0.00000000
1623609896.10735917,0.00000000,0.00000000,0.00000000,0.00000000
1623609896.20735669,0.00000000,0.00000000,0.00000000,0.00000000
1623609896.30735588,0.00000000,0.00000000,0.00000000,0.00000000
1623609896.40735793,0.00000000,0.00000000,0.00000000,0.00000000
1623609896.50735736,0.00000000,0.00000000,0.00000000,0.00000000
1623609896.60735750,0.00000000,0.00000000,0.00000000,0.00000000
1623609896.70735788,0.00000000,0.00000000,0.00000000,0.00000000
1623609896.80735707,0.00000000,0.00000000,0.00000000,0.00000000
1623609896.90736318,0.00000000,0.00000000,0.00000000,0.00000000
1623609897.00736332,0.00000000,0.00000000,0.00000000,0.00000000
1623609897.10736394,0.00000000,0.00000000,0.00000000,0.00000000
1623609897.20735598,0.00000000,0.00000000,0.00000000,0.00000000
1623609897.30735588,0.00000000,0.00000000,0.00000000,0.00000000
1623609897.40735626,0.00000000,0.00000000,0.00000000,0.00000000
1623609897.50735641,0.00000000,0.00000000,0.00000000,0.00000000
1623609897.60735703,0.00000000,0.00000000,0.00000000,0.00000000
1623609897.70736551,0.00000000,0.00000000,0.00000000,0.00000000
1623609897.80735803,0.00000000,0.00000000,0.00000000,0.00000000
1623609897.90735769,0.00000000,0.00000000,0.00000000,0.00000000
1623609898.00732589,0.00000000,0.00000000,0.00000000,0.00000000
1623609898.10733414,0.00000000,0.00000000,0.00000000,0.00000000
1623609898.20736003,0.00000000,0.00000000,0.00000000,0.00000000
1623609898.30736923,0.00000000,0.00000000,0.00000000,0.00000000
1623609898.40733314,0.00000000,0.00000000,0.00000000,0.00000000
1623609898.50736547,0.00000000,0.00000000,0.00000000,0.00000000
1623609898.60736942,0.00000000,0.00000000,0.00000000,0.00000000
1623609898.70736408,0.00000000,0.00000000,0.00000000,0.00000000
1623609898.80736876,0.00000000,0.00000000,0.00000000,0.00000000
1623609898.90736437,0.00000000,0.00000000,0.00000000,0.00000000
1623609899.00732493,0.00000000,0.00000000,0.00000000,0.00000000
1623609899.10736251,0.00000000,0.00000000,0.00000000,0.00000000
1623609899.20733666,0.00000000,0.00000000,0.00000000,0.00000000
1623609899.30736876,0.00000000,0.00000000,0.00000000,0.00000000
1623609899.40736485,0.00000000,0.00000000,0.00000000,0.00000000
1623609899.50733852,0.00000000,0.00000000,0.00000000,0.00000000
1623609899.60736537,0.00000000,0.00000000,0.00000000,0.00000000
1623609899.70735836,0.00000000,0.00000000,0.00000000,0.00000000
1623609899.80735731,0.00000000,0.00000000,0.00000000,0.00000000
1623609899.90735722,0.00000000,0.00000000,0.00000000,0.00000000
1623609900.00735950,0.00000000,0.00000000,0.00000000,0.00000000
1623609900.10735822,0.00000000,0.00000000,0.00000000,0.00000000
1623609900.20735908,0.00000000,0.00000000,0.00000000,0.00000000
1623609900.30735803,0.00000000,0.00000000,0.00000000,0.00000000
1623609900.40735912,0.00000000,0.00000000,0.00000000,0.00000000
1623609900.50736594,0.00000000,0.00000000,0.00000000,0.00000000
1623609900.60736227,0.00000000,0.00000000,0.00000000,0.00000000
1623609900.70735836,0.00000000,0.00000000,0.00000000,0.00000000
1623609900.80735874,0.00000000,0.00000000,0.00000000,0.00000000
1623609900.90735531,0.00000000,0.00000000,0.00000000,0.00000000
1623609901.00733972,0.00000000,0.00000000,0.00000000,0.00000000
1623609901.10735726,0.00000000,0.00000000,0.00000000,0.00000000
1623609901.20735908,0.00000000,0.00000000,0.00000000,0.00000000
1623609901.30735612,0.00000000,0.00000000,0.00000000,0.00000000
1623609901.40732741,0.00000000,0.00000000,0.00000000,0.00000000
1623609901.50735879,0.00000000,0.00000000,0.00000000,0.00000000
1623609901.60735583,0.00000000,0.00000000,0.00000000,0.00000000
1623609901.70735645,0.00000000,0.00000000,0.00000000,0.00000000
1623609901.80736375,0.00000000,0.00000000,0.00000000,0.00000000
1623609901.90736294,0.00000000,0.00000000,0.00000000,0.00000000
1623609902.00736022,0.00000000,0.00000000,0.00000000,0.00000000
1623609902.10735822,0.00000000,0.00000000,0.00000000,0.00000000
1623609902.20735621,0.00000000,0.00000000,0.00000000,0.00000000
1623609902.30735588,0.00000000,0.00000000,0.00000000,0.00000000
1623609902.40736246,0.00000000,0.00000000,0.00000000,0.00000000
1623609902.50735641,0.00000000,0.00000000,0.00000000,0.00000000
1623609902.60735679,0.00000000,0.00000000,0.00000000,0.00000000
1623609902.70735550,0.00000000,0.00000000,0.00000000,0.00000000
1623609902.80733490,0.00000000,0.00000000,0.00000000,0.00000000
1623609902.90733361,0.00000000,0.00000000,0.00000000,0.00000000
1623609903.00731969,0.00000000,0.00000000,0.00000000,0.00000000
1623609903.10736918,0.00000000,0.00000000,0.00000000,0.00000000
1623609903.20736170,0.00000000,0.00000000,0.00000000,0.00000000
1623609903.30735564,0.00000000,0.00000000,0.00000000,0.00000000
1623609903.40736294,0.00000000,0.00000000,0.00000000,0.00000000
1623609903.50736189,0.00000000,0.00000000,0.00000000,0.00000000
1623609903.60736322,0.00000000,0.00000000,0.00000000,0.00000000
1623609903.70735574,0.00000000,0.00000000,0.00000000,0.00000000
1623609903.80736113,0.00000000,0.00000000,0.00000000,0.00000000
1623609903.90734434,0.00000000,0.00000000,0.00000000,0.00000000
1623609904.00731874,0.00000000,0.00000000,0.00000000,0.00000000
1623609904.10736418,0.00000000,0.00000000,0.00000000,0.00000000
1623609904.20735836,0.00000000,0.00000000,0.00000000,0.00000000
1623609904.30736613,0.00000000,0.00000000,0.00000000,0.00000000
1623609904.40736723,0.00000000,0.00000000,0.00000000,0.00000000
1623609904.50735664,0.00000000,0.00000000,0.00000000,0.00000000
1623609904.60735703,0.00000000,0.00000000,0.00000000,0.00000000
1623609904.70734501,0.00000000,0.00000000,0.00000000,0.00000000
1623609904.80732107,0.00000000,0.00000000,0.00000000,0.00000000
1623609904.90736842,0.00000000,0.00000000,0.00000000,0.00000000
1623609905.00732112,0.00000000,0.00000000,0.00000000,0.00000000
1623609905.10736442,0.00000000,0.00000000,0.00000000,0.00000000
1623609905.20736408,0.00000000,0.00000000,0.00000000,0.00000000
1623609905.30736732,0.00000000,0.00000000,0.00000000,0.00000000
1623609905.40735674,0.00000000,0.00000000,0.00000000,0.00000000
1623609905.50735807,0.00000000,0.00000000,0.00000000,0.00000000
1623609905.60735703,0.00000000,0.00000000,0.00000000,0.00000000
1623609905.70735645,0.00000000,0.00000000,0.00000000,0.00000000
1623609905.80735707,0.00000000,0.00000000,0.00000000,0.00000000
1623609905.90736651,0.00000000,0.00000000,0.00000000,0.00000000
1623609906.00736475,0.00000000,0.00000000,0.00000000,0.00000000
1623609906.10736489,0.00000000,0.00000000,0.00000000,0.00000000
1623609906.20735645,0.00000000,0.00000000,0.00000000,0.00000000
1623609906.30735707,0.00000000,0.00000000,0.00000000,0.00000000
1623609906.40736389,0.00000000,0.00000000,0.00000000,0.00000000
1623609906.50735831,0.00000000,0.00000000,0.00000000,0.00000000
1623609906.60735559,0.00000000,0.00000000,0.00000000,0.00000000
1623609906.70734119,0.00000000,0.00000000,0.00000000,0.00000000
1623609906.80731726,0.00000000,0.00000000,0.00000000,0.00000000
1623609906.90736270,0.00000000,0.00000000,0.00000000,0.00000000
1623609907.00735831,0.00000000,0.00000000,0.00000000,0.00000000
1623609907.10735703,0.00000000,0.00000000,0.00000000,0.00000000
1623609907.20736361,0.00000000,0.00000000,0.00000000,0.00000000
1623609907.30735874,0.00000000,0.00000000,0.00000000,0.00000000
1623609907.40734243,0.00000000,0.00000000,0.00000000,0.00000000
1623609907.50735760,0.00000000,0.00000000,0.00000000,0.00000000
1623609907.60736394,0.00000000,0.00000000,0.00000000,0.00000000
1623609907.70735979,0.00000000,0.00000000,0.00000000,0.00000000
1623609907.80735874,0.00000000,0.00000000,0.00000000,0.00000000
1623609907.90733194,0.00000000,0.00000000,0.00000000,0.00000000
1623609908.00735664,0.00000000,0.00000000,0.00000000,0.00000000
1623609908.10735846,0.00000000,0.00000000,0.00000000,0.00000000
1623609908.20735693,0.00000000,0.00000000,0.00000000,0.00000000
1623609908.30735946,0.00000000,0.00000000,0.00000000,0.00000000
1623609908.40739512,0.00000000,0.00000000,0.00000000,0.00000000
1623609908.50739837,0.00000000,0.00000000,0.00000000,0.00000000
1623609908.60736299,0.00000000,0.00000000,0.00000000,0.00000000
1623609908.70735788,0.00000000,0.00000000,0.00000000,0.00000000
1623609908.80736375,0.00000000,0.00000000,0.00000000,0.00000000
1623609908.90735626,0.00000000,0.00000000,0.00000000,0.00000000
1623609909.00732422,0.00000000,0.00000000,0.00000000,0.00000000
1623609909.10733175,0.00000000,0.00000000,0.00000000,0.00000000
1623609909.20736241,0.00000000,0.00000000,0.00000000,0.00000000
1623609909.30732346,0.00000000,0.00000000,0.00000000,0.00000000
1623609909.40735865,0.00000000,0.00000000,0.00000000,0.00000000
1623609909.50735688,0.00000000,0.00000000,0.00000000,0.00000000
1623609909.60730577,0.00000000,0.00000000,0.00000000,0.00000000
1623609909.70735335,0.00000000,0.00000000,0.00000000,0.00000000
1623609909.80736327,0.00000000,0.00000000,0.00000000,0.00000000
1623609909.90736866,0.00000000,0.00000000,0.00000000,0.00000000
1623609910.00732398,0.00000000,0.00000000,0.00000000,0.00000000
1623609910.10731936,0.00000000,0.00000000,0.00000000,0.00000000
1623609910.20731831,0.00000000,0.00000000,0.00000000,0.00000000
1623609910.30735660,0.00000000,0.00000000,0.00000000,0.00000000
1623609910.40735435,0.00000000,0.00000000,0.00000000,0.00000000
1623609910.50736189,0.00000000,0.00000000,0.00000000,0.00000000
1623609910.60731816,0.00000000,0.00000000,0.00000000,0.00000000
1623609910.70735526,0.00000000,0.00000000,0.00000000,0.00000000
1623609910.80735445,0.00000000,0.00000000,0.00000000,0.00000000
1623609910.90733528,0.00000000,0.00000000,0.00000000,0.00000000
1623609911.00737071,0.00000000,0.00000000,0.00000000,0.00000000
1623609911.10737038,0.00000000,0.00000000,0.00000000,0.00000000
1623609911.20736551,0.00000000,0.00000000,0.00000000,0.00000000
1623609911.30735564,0.00000000,0.00000000,0.00000000,0.00000000
1623609911.40730190,0.00000000,0.00000000,0.00000000,0.00000000
1623609911.50733876,0.00000000,0.00000000,0.00000000,0.00000000
1623609911.60737991,0.00000000,0.00000000,0.00000000,0.00000000
1623609911.70736265,0.00000000,0.00000000,0.00000000,0.00000000
1623609911.80736256,0.00000000,0.00000000,0.00000000,0.00000000
1623609911.90737009,0.00000000,0.00000000,0.00000000,0.00000000
1623609912.00734425,0.00000000,0.00000000,0.00000000,0.00000000
1623609912.10733247,0.00000000,0.00000000,0.00000000,0.00000000
1623609912.20735550,0.00000000,0.00000000,0.00000000,0.00000000
1623609912.30736470,0.00000000,0.00000000,0.00000000,0.00000000
1623609912.40732074,0.00000000,0.00000000,0.00000000,0.00000000
1623609912.50736594,0.00000000,0.00000000,0.00000000,0.00000000
1623609912.60738134,0.00000000,0.00000000,0.00000000,0.00000000
1623609912.70736647,0.00000000,0.00000000,0.00000000,0.00000000
1623609912.80737162,0.00000000,0.00000000,0.00000000,0.00000000
1623609912.90732384,0.00000000,0.00000000,0.00000000,0.00000000
1623609913.00732970,0.00000000,0.00000000,0.00000000,0.00000000
1623609913.10736370,0.00000000,0.00000000,0.00000000,0.00000000
1623609913.20736384,0.00000000,0.00000000,0.00000000,0.00000000
1623609913.30737829,0.00000000,0.00000000,0.00000000,0.00000000
1623609913.40736294,0.00000000,0.00000000,0.00000000,0.00000000
1623609913.50736427,0.00000000,0.00000000,0.00000000,0.00000000
1623609913.60736012,0.00000000,0.00000000,0.00000000,0.00000000
1623609913.70736098,0.00000000,0.00000000,0.00000000,0.00000000
1623609913.80732822,0.00000000,0.00000000,0.00000000,0.00000000
1623609913.90736771,0.00000000,0.00000000,0.00000000,0.00000000
1623609914.00733614,0.00000000,0.00000000,0.00000000,0.00000000
1623609914.10737562,0.00000000,0.00000000,0.00000000,0.00000000
1623609914.20736265,0.00000000,0.00000000,0.00000000,0.00000000
1623609914.30736375,0.00000000,0.00000000,0.00000000,0.00000000
1623609914.40736246,0.00000000,0.00000000,0.00000000,0.00000000
1623609914.50731468,0.00000000,0.00000000,0.00000000,0.00000000
1623609914.60736370,0.00000000,0.00000000,0.00000000,0.00000000
1623609914.70736480,0.00000000,0.00000000,0.00000000,0.00000000
1623609914.80736017,0.00000000,0.00000000,0.00000000,0.00000000
1623609914.90736270,0.00000000,0.00000000,0.00000000,0.00000000
1623609915.00733972,0.00000000,0.00000000,0.00000000,0.00000000
1623609915.10737443,0.00000000,0.00000000,0.00000000,0.00000000
1623609915.20737219,0.00000000,0.00000000,0.00000000,0.00000000
1623609915.30740356,0.00000000,0.00000000,0.00000000,0.00000000
1623609915.40732050,0.00000000,0.00000000,0.00000000,0.00000000
1623609915.50739765,0.00000000,0.00000000,0.00000000,0.00000000
1623609915.60735774,0.00000000,0.00000000,0.00000000,0.00000000
1623609915.70736361,0.00000000,0.00000000,0.00000000,0.00000000
1623609915.80735755,0.00000000,0.00000000,0.00000000,0.00000000
1623609915.90736890,0.00000000,0.00000000,0.00000000,0.00000000
1623609916.00732088,0.00000000,0.00000000,0.00000000,0.00000000
1623609916.10731983,0.00000000,0.00000000,0.00000000,0.00000000
1623609916.20737052,0.00000000,0.00000000,0.00000000,0.00000000
1623609916.30736327,0.00000000,0.00000000,0.00000000,0.00000000
1623609916.40736437,0.00000000,0.00000000,0.00000000,0.00000000
1623609916.50733829,0.00000000,0.00000000,0.00000000,0.00000000
1623609916.60736275,0.00000000,0.00000000,0.00000000,0.00000000
1623609916.70735645,0.00000000,0.00000000,0.00000000,0.00000000
1623609916.80731845,0.00000000,0.00000000,0.00000000,0.00000000
1623609916.90736508,0.00000000,0.00000000,0.00000000,0.00000000
1623609917.00733280,0.00000000,0.00000000,0.00000000,0.00000000
1623609917.10735989,0.00000000,0.00000000,0.00000000,0.00000000
1623609917.20735955,0.00000000,0.00000000,0.00000000,0.00000000
1623609917.30736375,0.00000000,0.00000000,0.00000000,0.00000000
1623609917.40735698,0.00000000,0.00000000,0.00000000,0.00000000
1623609917.50735736,0.00000000,0.00000000,0.00000000,0.00000000
1623609917.60736346,0.00000000,0.00000000,0.00000000,0.00000000
1623609917.70734406,0.00000000,0.00000000,0.00000000,0.00000000
1623609917.80736518,0.00000000,0.00000000,0.00000000,0.00000000
1623609917.90736580,0.00000000,0.00000000,0.00000000,0.00000000
1623609918.00733209,0.00000000,0.00000000,0.00000000,0.00000000
1623609918.10736871,0.00000000,0.00000000,0.00000000,0.00000000
1623609918.20736337,0.00000000,0.00000000,0.00000000,0.00000000
1623609918.30735898,0.00000000,0.00000000,0.00000000,0.00000000
1623609918.40736103,0.00000000,0.00000000,0.00000000,0.00000000
1623609918.50736046,0.00000000,0.00000000,0.00000000,0.00000000
1623609918.60735822,0.00000000,0.00000000,0.00000000,0.00000000
1623609918.70735836,0.00000000,0.00000000,0.00000000,0.00000000
1623609918.80736113,0.00000000,0.00000000,0.00000000,0.00000000
1623609918.90735936,0.00000000,0.00000000,0.00000000,0.00000000
1623609919.00732851,0.00000000,0.00000000,0.00000000,0.00000000
1623609919.10735989,0.00000000,0.00000000,0.00000000,0.00000000
1623609919.20736170,0.00000000,0.00000000,0.00000000,0.00000000
1623609919.30734229,0.00000000,0.00000000,0.00000000,0.00000000
1623609919.40735698,0.00000000,0.00000000,0.00000000,0.00000000
1623609919.50737000,0.00000000,0.00000000,0.00000000,0.00000000
1623609919.60736036,0.00000000,0.00000000,0.00000000,0.00000000
1623609919.70735884,0.00000000,0.00000000,0.00000000,0.00000000
1623609919.80731535,0.00000000,0.00000000,0.00000000,0.00000000
1623609919.90736604,0.00000000,0.00000000,0.00000000,0.00000000
1623609920.00732756,0.00000000,0.00000000,0.00000000,0.00000000
1623609920.10735941,0.00000000,0.00000000,0.00000000,0.00000000
1623609920.20737338,0.00000000,0.00000000,0.00000000,0.00000000
1623609920.30735922,0.00000000,0.00000000,0.00000000,0.00000000
1623609920.40733886,0.00000000,0.00000000,0.00000000,0.00000000
1623609920.50735760,0.00000000,0.00000000,0.00000000,0.00000000
1623609920.60735607,0.00000000,0.00000000,0.00000000,0.00000000
1623609920.70735526,0.00000000,0.00000000,0.00000000,0.00000000
1623609920.80735779,0.00000000,0.00000000,0.00000000,0.00000000
1623609920.90735698,0.00000000,0.00000000,0.00000000,0.00000000
1623609921.00735760,0.00000000,0.00000000,0.00000000,0.00000000
1623609921.10733151,0.00000000,0.00000000,0.00000000,0.00000000
1623609921.20736241,0.00000000,0.00000000,0.00000000,0.00000000
1623609921.30736470,0.00000000,0.00000000,0.00000000,0.00000000
1623609921.40732145,0.00000000,0.00000000,0.00000000,0.00000000
1623609921.50735474,0.00000000,0.00000000,0.00000000,0.00000000
1623609921.60735750,0.00000000,0.00000000,0.00000000,0.00000000
1623609921.70735765,0.00000000,0.00000000,0.00000000,0.00000000
1623609921.80735946,0.00000000,0.00000000,0.00000000,0.00000000
1623609921.90735841,0.00000000,0.00000000,0.00000000,0.00000000
1623609922.00736737,0.00000000,0.00000000,0.00000000,0.00000000
1623609922.10735917,0.00000000,0.00000000,0.00000000,0.00000000
1623609922.20736837,0.00000000,0.00000000,0.00000000,0.00000000
1623609922.30736375,0.00000000,0.00000000,0.00000000,0.00000000
1623609922.40736580,0.00000000,0.00000000,0.00000000,0.00000000
1623609922.50735903,0.00000000,0.00000000,0.00000000,0.00000000
1623609922.60735798,0.00000000,0.00000000,0.00000000,0.00000000
1623609922.70736480,0.00000000,0.00000000,0.00000000,0.00000000
1623609922.80735707,0.00000000,0.00000000,0.00000000,0.00000000
1623609922.90736151,0.00000000,0.00000000,0.00000000,0.00000000
1623609923.00733471,0.00000000,0.00000000,0.00000000,0.00000000
1623609923.10736394,0.00000000,0.00000000,0.00000000,0.00000000
1623609923.20736933,0.00000000,0.00000000,0.00000000,0.00000000
1623609923.30736566,0.00000000,0.00000000,0.00000000,0.00000000
1623609923.40735912,0.00000000,0.00000000,0.00000000,0.00000000
1623609923.50736690,0.00000000,0.00000000,0.00000000,0.00000000
1623609923.60735846,0.00000000,0.00000000,0.00000000,0.00000000
1623609923.70735765,0.00000000,0.00000000,0.00000000,0.00000000
1623609923.80735755,0.00000000,0.00000000,0.00000000,0.00000000
1623609923.90735745,0.00000000,0.00000000,0.00000000,0.00000000
1623609924.00734162,0.00000000,0.00000000,0.00000000,0.00000000
1623609924.10735703,0.00000000,0.00000000,0.00000000,0.00000000
1623609924.20739079,0.00000000,0.00000000,0.00000000,0.00000000
1623609924.30735755,0.00000000,0.00000000,0.00000000,0.00000000
1623609924.40737557,0.00000000,0.00000000,0.00000000,0.00000000
1623609924.50736403,0.00000000,0.00000000,0.00000000,0.00000000
1623609924.60735846,0.00000000,0.00000000,0.00000000,0.00000000
1623609924.70732403,0.00000000,0.00000000,0.00000000,0.00000000
1623609924.80735922,0.00000000,0.00000000,0.00000000,0.00000000
1623609924.90732169,0.00000000,0.00000000,0.00000000,0.00000000
1623609925.00734019,0.00000000,0.00000000,0.00000000,0.00000000
1623609925.10735893,0.00000000,0.00000000,0.00000000,0.00000000
1623609925.20736027,0.00000000,0.00000000,0.00000000,0.00000000
1623609925.30740166,0.00000000,0.00000000,0.00000000,0.00000000
1623609925.40735722,0.00000000,0.00000000,0.00000000,0.00000000
1623609925.50735831,0.00000000,0.00000000,0.00000000,0.00000000
1623609925.60735822,0.00000000,0.00000000,0.00000000,0.00000000
1623609925.70735931,0.00000000,0.00000000,0.00000000,0.00000000
1623609925.80735779,0.00000000,0.00000000,0.00000000,0.00000000
1623609925.90735936,0.00000000,0.00000000,0.00000000,0.00000000
1623609926.00732112,0.00000000,0.00000000,0.00000000,0.00000000
1623609926.10736585,0.00000000,0.00000000,0.00000000,0.00000000
1623609926.20735908,0.00000000,0.00000000,0.00000000,0.00000000
1623609926.30737042,0.00000000,0.00000000,0.00000000,0.00000000
1623609926.40735912,0.00000000,0.00000000,0.00000000,0.00000000
1623609926.50737309,0.00000000,0.00000000,0.00000000,0.00000000
1623609926.60731840,0.00000000,0.00000000,0.00000000,0.00000000
1623609926.70736408,0.00000000,0.00000000,0.00000000,0.00000000
1623609926.80736160,0.00000000,0.00000000,0.00000000,0.00000000
1623609926.90735817,0.00000000,0.00000000,0.00000000,0.00000000
1623609927.00736356,0.00000000,0.00000000,0.00000000,0.00000000
1623609927.10735798,0.00000000,0.00000000,0.00000000,0.00000000
1623609927.20736790,0.00000000,0.00000000,0.00000000,0.00000000
1623609927.30734730,0.00000000,0.00000000,0.00000000,0.00000000
1623609927.40755105,0.00000000,0.00000000,0.00000000,0.00000000
1623609927.50736427,0.00000000,0.00000000,0.00000000,0.00000000
1623609927.60736609,0.00000000,0.00000000,0.00000000,0.00000000
1623609927.70736599,0.00000000,0.00000000,0.00000000,0.00000000
1623609927.80736065,0.00000000,0.00000000,0.00000000,0.00000000
1623609927.90735769,0.00000000,0.00000000,0.00000000,0.00000000
1623609928.00735641,0.00000000,0.00000000,0.00000000,0.00000000
1623609928.10735703,0.00000000,0.00000000,0.00000000,0.00000000
1623609928.20735836,0.00000000,0.00000000,0.00000000,0.00000000
1623609928.30735731,0.00000000,0.00000000,0.00000000,0.00000000
1623609928.40733767,0.00000000,0.00000000,0.00000000,0.00000000
1623609928.50737476,0.00000000,0.00000000,0.00000000,0.00000000
1623609928.60736370,0.00000000,0.00000000,0.00000000,0.00000000
1623609928.70735908,0.00000000,0.00000000,0.00000000,0.00000000
1623609928.80745196,0.00000000,0.00000000,0.00000000,0.00000000
1623609928.90740991,0.00000000,0.00000000,0.00000000,0.00000000
1623609929.00735831,0.00000000,0.00000000,0.00000000,0.00000000
1623609929.10736561,0.00000000,0.00000000,0.00000000,0.00000000
1623609929.20735860,0.00000000,0.00000000,0.00000000,0.00000000
1623609929.30735922,0.00000000,0.00000000,0.00000000,0.00000000
1623609929.40735602,0.00000000,0.00000000,0.00000000,0.00000000
1623609929.50735664,0.00000000,0.00000000,0.00000000,0.00000000
1623609929.60734439,0.00000000,0.00000000,0.00000000,0.00000000
1623609929.70736480,0.00000000,0.00000000,0.00000000,0.00000000
1623609929.80732465,0.00000000,0.00000000,0.00000000,0.00000000
1623609929.90736723,0.00000000,0.00000000,0.00000000,0.00000000
1623609930.00732183,0.00000000,0.00000000,0.00000000,0.00000000
1623609930.10733390,0.00000000,0.00000000,0.00000000,0.00000000
1623609930.20732975,0.00000000,0.00000000,0.00000000,0.00000000
1623609930.30731940,0.00000000,0.00000000,0.00000000,0.00000000
1623609930.40735745,0.00000000,0.00000000,0.00000000,0.00000000
1623609930.50731850,0.00000000,0.00000000,0.00000000,0.00000000
1623609930.60735703,0.00000000,0.00000000,0.00000000,0.00000000
1623609930.70735669,0.00000000,0.00000000,0.00000000,0.00000000
1623609930.80735636,0.00000000,0.00000000,0.00000000,0.00000000
1623609930.90735769,0.00000000,0.00000000,0.00000000,0.00000000
1623609931.00736451,0.00000000,0.00000000,0.00000000,0.00000000
1623609931.10735750,0.00000000,0.00000000,0.00000000,0.00000000
1623609931.20736146,0.00000000,0.00000000,0.00000000,0.00000000
1623609931.30736470,0.00000000,0.00000000,0.00000000,0.00000000
1623609931.40736532,0.00000000,0.00000000,0.00000000,0.00000000
1623609931.50735688,0.00000000,0.00000000,0.00000000,0.00000000
1623609931.60735655,0.00000000,0.00000000,0.00000000,0.00000000
1623609931.70735621,0.00000000,0.00000000,0.00000000,0.00000000
1623609931.80736375,0.00000000,0.00000000,0.00000000,0.00000000
1623609931.90735865,0.00000000,0.00000000,0.00000000,0.00000000
1623609932.00733018,0.00000000,0.00000000,0.00000000,0.00000000
1623609932.10736704,0.00000000,0.00000000,0.00000000,0.00000000
1623609932.20732307,0.00000000,0.00000000,0.00000000,0.00000000
1623609932.30735564,0.00000000,0.00000000,0.00000000,0.00000000
1623609932.40735531,0.00000000,0.00000000,0.00000000,0.00000000
1623609932.50735688,0.00000000,0.00000000,0.00000000,0.00000000
1623609932.60735583,0.00000000,0.00000000,0.00000000,0.00000000
1623609932.70736027,0.00000000,0.00000000,0.00000000,0.00000000
1623609932.80731773,0.00000000,0.00000000,0.00000000,0.00000000
1623609932.90733671,0.00000000,0.00000000,0.00000000,0.00000000
1623609933.00737143,0.00000000,0.00000000,0.00000000,0.00000000
1623609933.10736394,0.00000000,0.00000000,0.00000000,0.00000000
1623609933.20735574,0.00000000,0.00000000,0.00000000,0.00000000
1623609933.30735922,0.00000000,0.00000000,0.00000000,0.00000000
1623609933.40736103,0.00000000,0.00000000,0.00000000,0.00000000
1623609933.50735736,0.00000000,0.00000000,0.00000000,0.00000000
1623609933.60736156,0.00000000,0.00000000,0.00000000,0.00000000
1623609933.70736051,0.00000000,0.00000000,0.00000000,0.00000000
1623609933.80732036,0.00000000,0.00000000,0.00000000,0.00000000
1623609933.90736985,0.00000000,0.00000000,0.00000000,0.00000000
1623609934.00734234,0.00000000,0.00000000,0.00000000,0.00000000
1623609934.10739279,0.00000000,0.00000000,0.00000000,0.00000000
1623609934.20735550,0.00000000,0.00000000,0.00000000,0.00000000
1623609934.30735517,0.00000000,0.00000000,0.00000000,0.00000000
1623609934.40735841,0.00000000,0.00000000,0.00000000,0.00000000
1623609934.50735521,0.00000000,0.00000000,0.00000000,0.00000000
1623609934.60735559,0.00000000,0.00000000,0.00000000,0.00000000
1623609934.70735598,0.00000000,0.00000000,0.00000000,0.00000000
1623609934.80736279,0.00000000,0.00000000,0.00000000,0.00000000
1623609934.90737104,0.00000000,0.00000000,0.00000000,0.00000000
1623609935.00731730,0.00000000,0.00000000,0.00000000,0.00000000
1623609935.10735774,0.00000000,0.00000000,0.00000000,0.00000000
1623609935.20735431,0.00000000,0.00000000,0.00000000,0.00000000
1623609935.30735564,0.00000000,0.00000000,0.00000000,0.00000000
1623609935.40731668,0.00000000,0.00000000,0.00000000,0.00000000
1623609935.50732899,0.00000000,0.00000000,0.00000000,0.00000000
1623609935.60736251,0.00000000,0.00000000,0.00000000,0.00000000
1623609935.70735526,0.00000000,0.00000000,0.00000000,0.00000000
1623609935.80738211,0.00000000,0.00000000,0.00000000,0.00000000
1623609935.90736508,0.00000000,0.00000000,0.00000000,0.00000000
1623609936.00732827,0.00000000,0.00000000,0.00000000,0.00000000
1623609936.10735703,0.00000000,0.00000000,0.00000000,0.00000000
1623609936.20735598,0.00000000,0.00000000,0.00000000,0.00000000
1623609936.30735540,0.00000000,0.00000000,0.00000000,0.00000000
1623609936.40735674,0.00000000,0.00000000,0.00000000,0.00000000
1623609936.50735760,0.00000000,0.00000000,0.00000000,0.00000000
1623609936.60735679,0.00000000,0.00000000,0.00000000,0.00000000
1623609936.70737076,0.00000000,0.00000000,0.00000000,0.00000000
1623609936.80742526,0.00000000,0.00000000,0.00000000,0.00000000
1623609936.90731597,0.00000000,0.00000000,0.00000000,0.00000000
1623609937.00733328,0.00000000,0.00000000,0.00000000,0.00000000
1623609937.10735679,0.00000000,0.00000000,0.00000000,0.00000000
1623609937.20735645,0.00000000,0.00000000,0.00000000,0.00000000
1623609937.30735755,0.00000000,0.00000000,0.00000000,0.00000000
1623609937.40735364,0.00000000,0.00000000,0.00000000,0.00000000
1623609937.50735354,0.00000000,0.00000000,0.00000000,0.00000000
1623609937.60735631,0.00000000,0.00000000,0.00000000,0.00000000
1623609937.70733643,0.00000000,0.00000000,0.00000000,0.00000000
1623609937.80737424,0.00000000,0.00000000,0.00000000,0.00000000
1623609937.90736580,0.00000000,0.00000000,0.00000000,0.00000000
1623609938.00735807,0.00000000,0.00000000,0.00000000,0.00000000
1623609938.10735035,0.00000000,0.00000000,0.00000000,0.00000000
1623609938.20735979,0.00000000,0.00000000,0.00000000,0.00000000
1623609938.30735517,0.00000000,0.00000000,0.00000000,0.00000000
1623609938.40735626,0.00000000,0.00000000,0.00000000,0.00000000
1623609938.50735593,0.00000000,0.00000000,0.00000000,0.00000000
1623609938.60735679,0.00000000,0.00000000,0.00000000,0.00000000
1623609938.70734620,0.00000000,0.00000000,0.00000000,0.00000000
1623609938.80733705,0.00000000,0.00000000,0.00000000,0.00000000
1623609938.90735435,0.00000000,0.00000000,0.00000000,0.00000000
1623609939.00734115,0.00000000,0.00000000,0.00000000,0.00000000
1623609939.10737753,0.00000000,0.00000000,0.00000000,0.00000000
1623609939.20735884,0.00000000,0.00000000,0.00000000,0.00000000
1623609939.30735683,0.00000000,0.00000000,0.00000000,0.00000000
1623609939.40735674,0.00000000,0.00000000,0.00000000,0.00000000
1623609939.50732040,0.00000000,0.00000000,0.00000000,0.00000000
1623609939.60735869,0.00000000,0.00000000,0.00000000,0.00000000
1623609939.70731497,0.00000000,0.00000000,0.00000000,0.00000000
1623609939.80731845,0.00000000,0.00000000,0.00000000,0.00000000
1623609939.90738392,0.00000000,0.00000000,0.00000000,0.00000000
1623609940.00733280,0.00000000,0.00000000,0.00000000,0.00000000
1623609940.10732579,0.00000000,0.00000000,0.00000000,0.00000000
1623609940.20731807,0.00000000,0.00000000,0.00000000,0.00000000
1623609940.30736327,0.00000000,0.00000000,0.00000000,0.00000000
1623609940.40735793,0.00000000,0.00000000,0.00000000,0.00000000
1623609940.50735855,0.00000000,0.00000000,0.00000000,0.00000000
1623609940.60736203,0.00000000,0.00000000,0.00000000,0.00000000
1623609940.70735979,0.00000000,0.00000000,0.00000000,0.00000000
1623609940.80735755,0.00000000,0.00000000,0.00000000,0.00000000
1623609940.90735626,0.00000000,0.00000000,0.00000000,0.00000000
1623609941.00732350,0.00000000,0.00000000,0.00000000,0.00000000
1623609941.10732532,0.00000000,0.00000000,0.00000000,0.00000000
1623609941.20737696,0.00000000,0.00000000,0.00000000,0.00000000
1623609941.30735922,0.00000000,0.00000000,0.00000000,0.00000000
1623609941.40736938,0.00000000,0.00000000,0.00000000,0.00000000
1623609941.50735545,0.00000000,0.00000000,0.00000000,0.00000000
1623609941.60736227,0.00000000,0.00000000,0.00000000,0.00000000
1623609941.70736408,0.00000000,0.00000000,0.00000000,0.00000000
1623609941.80733180,0.00000000,0.00000000,0.00000000,0.00000000
1623609941.90734363,0.00000000,0.00000000,0.00000000,0.00000000
1623609942.00735807,0.00000000,0.00000000,0.00000000,0.00000000
1623609942.10738063,0.00000000,0.00000000,0.00000000,0.00000000
1623609942.20736051,0.00000000,0.00000000,0.00000000,0.00000000
1623609942.30736136,0.00000000,0.00000000,0.00000000,0.00000000
1623609942.40735960,0.00000000,0.00000000,0.00000000,0.00000000
1623609942.50736165,0.00000000,0.00000000,0.00000000,0.00000000
1623609942.60735989,0.00000000,0.00000000,0.00000000,0.00000000
1623609942.70736575,0.00000000,0.00000000,0.00000000,0.00000000
1623609942.80734396,0.00000000,0.00000000,0.00000000,0.00000000
1623609942.90736699,0.00000000,0.00000000,0.00000000,0.00000000
1623609943.00733328,0.00000000,0.00000000,0.00000000,0.00000000
1623609943.10735989,0.00000000,0.00000000,0.00000000,0.00000000
1623609943.20735788,0.00000000,0.00000000,0.00000000,0.00000000
1623609943.30735803,0.00000000,0.00000000,0.00000000,0.00000000
1623609943.40735793,0.00000000,0.00000000,0.00000000,0.00000000
1623609943.50733113,0.00000000,0.00000000,0.00000000,0.00000000
1623609943.60735798,0.00000000,0.00000000,0.00000000,0.00000000
1623609943.70735717,0.00000000,0.00000000,0.00000000,0.00000000
1623609943.80737329,0.00000000,0.00000000,0.00000000,0.00000000
1623609943.90733361,0.00000000,0.00000000,0.00000000,0.00000000
1623609944.00732374,0.00000000,0.00000000,0.00000000,0.00000000
1623609944.10735869,0.00000000,0.00000000,0.00000000,0.00000000
1623609944.20736289,0.00000000,0.00000000,0.00000000,0.00000000
1623609944.30735755,0.00000000,0.00000000,0.00000000,0.00000000
1623609944.40736103,0.00000000,0.00000000,0.00000000,0.00000000
1623609944.50735855,0.00000000,0.00000000,0.00000000,0.00000000
1623609944.60735655,0.00000000,0.00000000,0.00000000,0.00000000
1623609944.70737243,0.00000000,0.00000000,0.00000000,0.00000000
1623609944.80732298,0.00000000,0.00000000,0.00000000,0.00000000
1623609944.90737128,0.00000000,0.00000000,0.00000000,0.00000000
1623609945.00733304,0.00000000,0.00000000,0.00000000,0.00000000
1623609945.10736251,0.00000000,0.00000000,0.00000000,0.00000000
1623609945.20735717,0.00000000,0.00000000,0.00000000,0.00000000
1623609945.30735660,0.00000000,0.00000000,0.00000000,0.00000000
1623609945.40735674,0.00000000,0.00000000,0.00000000,0.00000000
1623609945.50736380,0.00000000,0.00000000,0.00000000,0.00000000
1623609945.60735822,0.00000000,0.00000000,0.00000000,0.00000000
1623609945.70734882,0.00000000,0.00000000,0.00000000,0.00000000
1623609945.80736542,0.00000000,0.00000000,0.00000000,0.00000000
1623609945.90736580,0.00000000,0.00000000,0.00000000,0.00000000
1623609946.00736856,0.00000000,0.00000000,0.00000000,0.00000000
1623609946.10734582,0.00000000,0.00000000,0.00000000,0.00000000
1623609946.20736408,0.00000000,0.00000000,0.00000000,0.00000000
1623609946.30736399,0.00000000,0.00000000,0.00000000,0.00000000
1623609946.40736437,0.00000000,0.00000000,0.00000000,0.00000000
1623609946.50738096,0.00000000,0.00000000,0.00000000,0.00000000
1623609946.60737348,0.00000000,0.00000000,0.00000000,0.00000000
1623609946.70736265,0.00000000,0.00000000,0.00000000,0.00000000
1623609946.80736351,0.00000000,0.00000000,0.00000000,0.00000000
1623609946.90736127,0.00000000,0.00000000,0.00000000,0.00000000
1623609947.00749183,0.00000000,0.00000000,0.00000000,0.00000000
1623609947.10736394,0.00000000,0.00000000,0.00000000,0.00000000
1623609947.20735788,0.00000000,0.00000000,0.00000000,0.00000000
1623609947.30738330,0.00000000,0.00000000,0.00000000,0.00000000
1623609947.40732980,0.00000000,0.00000000,0.00000000,0.00000000
1623609947.50732517,0.00000000,0.00000000,0.00000000,0.00000000
1623609947.60735703,0.00000000,0.00000000,0.00000000,0.00000000
1623609947.70735598,0.00000000,0.00000000,0.00000000,0.00000000
1623609947.80735755,0.00000000,0.00000000,0.00000000,0.00000000
1623609947.90733480,0.00000000,0.00000000,0.00000000,0.00000000
1623609948.00735521,0.00000000,0.00000000,0.00000000,0.00000000
1623609948.10736084,0.00000000,0.00000000,0.00000000,0.00000000
1623609948.20732689,0.00000000,0.00000000,0.00000000,0.00000000
1623609948.30735564,0.00000000,0.00000000,0.00000000,0.00000000
1623609948.40741062,0.00000000,0.00000000,0.00000000,0.00000000
1623609948.50737047,0.00000000,0.00000000,0.00000000,0.00000000
1623609948.60732460,0.00000000,0.00000000,0.00000000,0.00000000
1623609948.70736408,0.00000000,0.00000000,0.00000000,0.00000000
1623609948.80735779,0.00000000,0.00000000,0.00000000,0.00000000
1623609948.90732026,0.00000000,0.00000000,0.00000000,0.00000000
1623609949.00733852,0.00000000,0.00000000,0.00000000,0.00000000
1623609949.10735893,0.00000000,0.00000000,0.00000000,0.00000000
1623609949.20735693,0.00000000,0.00000000,0.00000000,0.00000000
1623609949.30735707,0.00000000,0.00000000,0.00000000,0.00000000
1623609949.40739942,0.00000000,0.00000000,0.00000000,0.00000000
1623609949.50735688,0.00000000,0.00000000,0.00000000,0.00000000
1623609949.60735464,0.00000000,0.00000000,0.00000000,0.00000000
1623609949.70733857,0.00000000,0.00000000,0.00000000,0.00000000
1623609949.80735993,0.00000000,0.00000000,0.00000000,0.00000000
1623609949.90736270,0.00000000,0.00000000,0.00000000,0.00000000
1623609950.00731826,0.00000000,0.00000000,0.00000000,0.00000000
1623609950.10736442,0.00000000,0.00000000,0.00000000,0.00000000
1623609950.20733523,0.00000000,0.00000000,0.00000000,0.00000000
1623609950.30735898,0.00000000,0.00000000,0.00000000,0.00000000
1623609950.40735435,0.00000000,0.00000000,0.00000000,0.00000000
1623609950.50736475,0.00000000,0.00000000,0.00000000,0.00000000
1623609950.60735679,0.00000000,0.00000000,0.00000000,0.00000000
1623609950.70736504,0.00000000,0.00000000,0.00000000,0.00000000
1623609950.80736709,0.00000000,0.00000000,0.00000000,0.00000000
1623609950.90735841,0.00000000,0.00000000,0.00000000,0.00000000
1623609951.00732803,0.00000000,0.00000000,0.00000000,0.00000000
1623609951.10735798,0.00000000,0.00000000,0.00000000,0.00000000
1623609951.20735741,0.00000000,0.00000000,0.00000000,0.00000000
1623609951.30736065,0.00000000,0.00000000,0.00000000,0.00000000
1623609951.40737081,0.00000000,0.00000000,0.00000000,0.00000000
1623609951.50733924,0.00000000,0.00000000,0.00000000,0.00000000
1623609951.60735655,0.00000000,0.00000000,0.00000000,0.00000000
1623609951.70736146,0.00000000,0.00000000,0.00000000,0.00000000
1623609951.80735850,0.00000000,0.00000000,0.00000000,0.00000000
1623609951.90735602,0.00000000,0.00000000,0.00000000,0.00000000
1623609952.00735664,0.00000000,0.00000000,0.00000000,0.00000000
1623609952.10735703,0.00000000,0.00000000,0.00000000,0.00000000
1623609952.20735502,0.00000000,0.00000000,0.00000000,0.00000000
1623609952.30735731,0.00000000,0.00000000,0.00000000,0.00000000
1623609952.40737557,0.00000000,0.00000000,0.00000000,0.00000000
1623609952.50735545,0.00000000,0.00000000,0.00000000,0.00000000
1623609952.60736346,0.00000000,0.00000000,0.00000000,0.00000000
1623609952.70735765,0.00000000,0.00000000,0.00000000,0.00000000
1623609952.80735779,0.00000000,0.00000000,0.00000000,0.00000000
1623609952.90737820,0.00000000,0.00000000,0.00000000,0.00000000
1623609953.00732350,0.00000000,0.00000000,0.00000000,0.00000000
1623609953.10735917,0.00000000,0.00000000,0.00000000,0.00000000
1623609953.20735550,0.00000000,0.00000000,0.00000000,0.00000000
1623609953.30735755,0.00000000,0.00000000,0.00000000,0.00000000
1623609953.40735650,0.00000000,0.00000000,0.00000000,0.00000000
1623609953.50733924,0.00000000,0.00000000,0.00000000,0.00000000
1623609953.60735750,0.00000000,0.00000000,0.00000000,0.00000000
1623609953.70735645,0.00000000,0.00000000,0.00000000,0.00000000
1623609953.80735970,0.00000000,0.00000000,0.00000000,0.00000000
1623609953.90735650,0.00000000,0.00000000,0.00000000,0.00000000
1623609954.00735569,0.00000000,0.00000000,0.00000000,0.00000000
1623609954.10735726,0.00000000,0.00000000,0.00000000,0.00000000
1623609954.20735574,0.00000000,0.00000000,0.00000000,0.00000000
1623609954.30735636,0.00000000,0.00000000,0.00000000,0.00000000
1623609954.40732431,0.00000000,0.00000000,0.00000000,0.00000000
1623609954.50732279,0.00000000,0.00000000,0.00000000,0.00000000
1623609954.60735607,0.00000000,0.00000000,0.00000000,0.00000000
1623609954.70735765,0.00000000,0.00000000,0.00000000,0.00000000
1623609954.80735731,0.00000000,0.00000000,0.00000000,0.00000000
1623609954.90735722,0.00000000,0.00000000,0.00000000,0.00000000
1623609955.00733781,0.00000000,0.00000000,0.00000000,0.00000000
1623609955.10735869,0.00000000,0.00000000,0.00000000,0.00000000
1623609955.20735788,0.00000000,0.00000000,0.00000000,0.00000000
1623609955.30735946,0.00000000,0.00000000,0.00000000,0.00000000
1623609955.40734649,0.00000000,0.00000000,0.00000000,0.00000000
1623609955.50731897,0.00000000,0.00000000,0.00000000,0.00000000
1623609955.60736394,0.00000000,0.00000000,0.00000000,0.00000000
1623609955.70734906,0.00000000,0.00000000,0.00000000,0.00000000
1623609955.80736303,0.00000000,0.00000000,0.00000000,0.00000000
1623609955.90736365,0.00000000,0.00000000,0.00000000,0.00000000
1623609956.00732255,0.00000000,0.00000000,0.00000000,0.00000000
1623609956.10732484,0.00000000,0.00000000,0.00000000,0.00000000
1623609956.20733428,0.00000000,0.00000000,0.00000000,0.00000000
1623609956.30735636,0.00000000,0.00000000,0.00000000,0.00000000
1623609956.40736437,0.00000000,0.00000000,0.00000000,0.00000000
1623609956.50738311,0.00000000,0.00000000,0.00000000,0.00000000
1623609956.60736108,0.00000000,0.00000000,0.00000000,0.00000000
1623609956.70735669,0.00000000,0.00000000,0.00000000,0.00000000
1623609956.80736494,0.00000000,0.00000000,0.00000000,0.00000000
1623609956.90736175,0.00000000,0.00000000,0.00000000,0.00000000
1623609957.00736213,0.00000000,0.00000000,0.00000000,0.00000000
1623609957.10735822,0.00000000,0.00000000,0.00000000,0.00000000
1623609957.20736194,0.00000000,0.00000000,0.00000000,0.00000000
1623609957.30732203,0.00000000,0.00000000,0.00000000,0.00000000
1623609957.40733314,0.00000000,0.00000000,0.00000000,0.00000000
1623609957.50733328,0.00000000,0.00000000,0.00000000,0.00000000
1623609957.60733247,0.00000000,0.00000000,0.00000000,0.00000000
1623609957.70736837,0.00000000,0.00000000,0.00000000,0.00000000
1623609957.80732369,0.00000000,0.00000000,0.00000000,0.00000000
1623609957.90736389,0.00000000,0.00000000,0.00000000,0.00000000
1623609958.00733185,0.00000000,0.00000000,0.00000000,0.00000000
1623609958.10735393,0.00000000,0.00000000,0.00000000,0.00000000
1623609958.20735645,0.00000000,0.00000000,0.00000000,0.00000000
1623609958.30735803,0.00000000,0.00000000,0.00000000,0.00000000
1623609958.40732884,0.00000000,0.00000000,0.00000000,0.00000000
1623609958.50731850,0.00000000,0.00000000,0.00000000,0.00000000
1623609958.60732722,0.00000000,0.00000000,0.00000000,0.00000000
1623609958.70732403,0.00000000,0.00000000,0.00000000,0.00000000
1623609958.80733347,0.00000000,0.00000000,0.00000000,0.00000000
1623609958.90732908,0.00000000,0.00000000,0.00000000,0.00000000
1623609959.00733042,0.00000000,0.00000000,0.00000000,0.00000000
1623609959.10735869,0.00000000,0.00000000,0.00000000,0.00000000
1623609959.20736074,0.00000000,0.00000000,0.00000000,0.00000000
1623609959.30733013,0.00000000,0.00000000,0.00000000,0.00000000
1623609959.40736103,0.00000000,0.00000000,0.00000000,0.00000000
1623609959.50737810,0.00000000,0.00000000,0.00000000,0.00000000
1623609959.60735726,0.00000000,0.00000000,0.00000000,0.00000000
1623609959.70733595,0.00000000,0.00000000,0.00000000,0.00000000
1623609959.80735779,0.00000000,0.00000000,0.00000000,0.00000000
1623609959.90731716,0.00000000,0.00000000,0.00000000,0.00000000
1623609960.00733471,0.00000000,0.00000000,0.00000000,0.00000000
1623609960.10732818,0.00000000,0.00000000,0.00000000,0.00000000
1623609960.20736527,0.00000000,0.00000000,0.00000000,0.00000000
1623609960.30732203,0.00000000,0.00000000,0.00000000,0.00000000
1623609960.40733075,0.00000000,0.00000000,0.00000000,0.00000000
1623609960.50735784,0.00000000,0.00000000,0.00000000,0.00000000
1623609960.60733390,0.00000000,0.00000000,0.00000000,0.00000000
1623609960.70735788,0.00000000,0.00000000,0.00000000,0.00000000
1623609960.80732799,0.00000000,0.00000000,0.00000000,0.00000000
1623609960.90735745,0.00000000,0.00000000,0.00000000,0.00000000
1623609961.00732946,0.00000000,0.00000000,0.00000000,0.00000000
1623609961.10735774,0.00000000,0.00000000,0.00000000,0.00000000
1623609961.20731759,0.00000000,0.00000000,0.00000000,0.00000000
1623609961.30735826,0.00000000,0.00000000,0.00000000,0.00000000
1623609961.40736961,0.00000000,0.00000000,0.00000000,0.00000000
1623609961.50735641,0.00000000,0.00000000,0.00000000,0.00000000
1623609961.60733676,0.00000000,0.00000000,0.00000000,0.00000000
1623609961.70736241,0.00000000,0.00000000,0.00000000,0.00000000
1623609961.80735588,0.00000000,0.00000000,0.00000000,0.00000000
1623609961.90736318,0.00000000,0.00000000,0.00000000,0.00000000
1623609962.00732231,0.00000000,0.00000000,0.00000000,0.00000000
1623609962.10735703,0.00000000,0.00000000,0.00000000,0.00000000
1623609962.20735717,0.00000000,0.00000000,0.00000000,0.00000000
1623609962.30735707,0.00000000,0.00000000,0.00000000,0.00000000
1623609962.40735841,0.00000000,0.00000000,0.00000000,0.00000000
1623609962.50735831,0.00000000,0.00000000,0.00000000,0.00000000
1623609962.60736299,0.00000000,0.00000000,0.00000000,0.00000000
1623609962.70736408,0.00000000,0.00000000,0.00000000,0.00000000
1623609962.80736375,0.00000000,0.00000000,0.00000000,0.00000000
1623609962.90735650,0.00000000,0.00000000,0.00000000,0.00000000
1623609963.00732064,0.00000000,0.00000000,0.00000000,0.00000000
1623609963.10735846,0.00000000,0.00000000,0.00000000,0.00000000
1623609963.20735765,0.00000000,0.00000000,0.00000000,0.00000000
1623609963.30735779,0.00000000,0.00000000,0.00000000,0.00000000
1623609963.40735722,0.00000000,0.00000000,0.00000000,0.00000000
1623609963.50735784,0.00000000,0.00000000,0.00000000,0.00000000
1623609963.60736036,0.00000000,0.00000000,0.00000000,0.00000000
1623609963.70733047,0.00000000,0.00000000,0.00000000,0.00000000
1623609963.80734277,0.00000000,0.00000000,0.00000000,0.00000000
1623609963.90736222,0.00000000,0.00000000,0.00000000,0.00000000
1623609964.00736117,0.00000000,0.00000000,0.00000000,0.00000000
1623609964.10736990,0.00000000,0.00000000,0.00000000,0.00000000
1623609964.20731783,0.00000000,0.00000000,0.00000000,0.00000000
1623609964.30735826,0.00000000,0.00000000,0.00000000,0.00000000
1623609964.40735888,0.00000000,0.00000000,0.00000000,0.00000000
1623609964.50733066,0.00000000,0.00000000,0.00000000,0.00000000
1623609964.60732746,0.00000000,0.00000000,0.00000000,0.00000000
1623609964.70733404,0.00000000,0.00000000,0.00000000,0.00000000
1623609964.80735636,0.00000000,0.00000000,0.00000000,0.00000000
1623609964.90735793,0.00000000,0.00000000,0.00000000,0.00000000
1623609965.00736880,0.00000000,0.00000000,0.00000000,0.00000000
1623609965.10736370,0.00000000,0.00000000,0.00000000,0.00000000
1623609965.20736098,0.00000000,0.00000000,0.00000000,0.00000000
1623609965.30735683,0.00000000,0.00000000,0.00000000,0.00000000
1623609965.40736103,0.00000000,0.00000000,0.00000000,0.00000000
1623609965.50735712,0.00000000,0.00000000,0.00000000,0.00000000
1623609965.60735869,0.00000000,0.00000000,0.00000000,0.00000000
1623609965.70738101,0.00000000,0.00000000,0.00000000,0.00000000
1623609965.80736995,0.00000000,0.00000000,0.00000000,0.00000000
1623609965.90735745,0.00000000,0.00000000,0.00000000,0.00000000
1623609966.00736690,0.00000000,0.00000000,0.00000000,0.00000000
1623609966.10736012,0.00000000,0.00000000,0.00000000,0.00000000
1623609966.20736957,0.00000000,0.00000000,0.00000000,0.00000000
1623609966.30731964,0.00000000,0.00000000,0.00000000,0.00000000
1623609966.40735865,0.00000000,0.00000000,0.00000000,0.00000000
1623609966.50735974,0.00000000,0.00000000,0.00000000,0.00000000
1623609966.60735726,0.00000000,0.00000000,0.00000000,0.00000000
1623609966.70736670,0.00000000,0.00000000,0.00000000,0.00000000
1623609966.80736089,0.00000000,0.00000000,0.00000000,0.00000000
1623609966.90732718,0.00000000,0.00000000,0.00000000,0.00000000
1623609967.00732994,0.00000000,0.00000000,0.00000000,0.00000000
1623609967.10731673,0.00000000,0.00000000,0.00000000,0.00000000
1623609967.20736384,0.00000000,0.00000000,0.00000000,0.00000000
1623609967.30732274,0.00000000,0.00000000,0.00000000,0.00000000
1623609967.40733933,0.00000000,0.00000000,0.00000000,0.00000000
1623609967.50736141,0.00000000,0.00000000,0.00000000,0.00000000
1623609967.60735774,0.00000000,0.00000000,0.00000000,0.00000000
1623609967.70735788,0.00000000,0.00000000,0.00000000,0.00000000
1623609967.80735636,0.00000000,0.00000000,0.00000000,0.00000000
1623609967.90735507,0.00000000,0.00000000,0.00000000,0.00000000
1623609968.00729895,0.00000000,0.00000000,0.00000000,0.00000000
1623609968.10735726,0.00000000,0.00000000,0.00000000,0.00000000
1623609968.20735669,0.00000000,0.00000000,0.00000000,0.00000000
1623609968.30735660,0.00000000,0.00000000,0.00000000,0.00000000
1623609968.40736151,0.00000000,0.00000000,0.00000000,0.00000000
1623609968.50735736,0.00000000,0.00000000,0.00000000,0.00000000
1623609968.60735774,0.00000000,0.00000000,0.00000000,0.00000000
1623609968.70735741,0.00000000,0.00000000,0.00000000,0.00000000
1623609968.80735803,0.00000000,0.00000000,0.00000000,0.00000000
1623609968.90733218,0.00000000,0.00000000,0.00000000,0.00000000
1623609969.00735021,0.00000000,0.00000000,0.00000000,0.00000000
1623609969.10733271,0.00000000,0.00000000,0.00000000,0.00000000
1623609969.20736766,0.00000000,0.00000000,0.00000000,0.00000000
1623609969.30736566,0.00000000,0.00000000,0.00000000,0.00000000
1623609969.40732336,0.00000000,0.00000000,0.00000000,0.00000000
1623609969.50732422,0.00000000,0.00000000,0.00000000,0.00000000
1623609969.60736251,0.00000000,0.00000000,0.00000000,0.00000000
1623609969.70736051,0.00000000,0.00000000,0.00000000,0.00000000
1623609969.80730462,0.00000000,0.00000000,0.00000000,0.00000000
1623609969.90733314,0.00000000,0.00000000,0.00000000,0.00000000
1623609970.00734067,0.00000000,0.00000000,0.00000000,0.00000000
1623609970.10736275,0.00000000,0.00000000,0.00000000,0.00000000
1623609970.20735860,0.00000000,0.00000000,0.00000000,0.00000000
1623609970.30735517,0.00000000,0.00000000,0.00000000,0.00000000
1623609970.40732002,0.00000000,0.00000000,0.00000000,0.00000000
1623609970.50735807,0.00000000,0.00000000,0.00000000,0.00000000
1623609970.60735846,0.00000000,0.00000000,0.00000000,0.00000000
